/*--------------------------------*- C++ -*----------------------------------*\
| =========                 |                                                 |
| \\      /  F ield         | OpenFOAM: The Open Source CFD Toolbox           |
|  \\    /   O peration     | Version:  2306                                  |
|   \\  /    A nd           | Website:  www.openfoam.com                      |
|    \\/     M anipulation  |                                                 |
\*---------------------------------------------------------------------------*/
FoamFile
{
    version     2.0;
    format      ascii;
    arch        "LSB;label=32;scalar=64";
    class       volScalarField;
    location    "0.19";
    object      p;
}
// * * * * * * * * * * * * * * * * * * * * * * * * * * * * * * * * * * * * * //

dimensions      [1 -1 -2 0 0 0 0];

internalField   nonuniform List<scalar> 
6000
(
556770
556770
556770
556770
556770
556770
556770
556770
556770
556770
556770
556770
556770
556770
556770
556770
556770
556770
556770
556770
556770
556770
556770
556770
556770
556770
556770
556770
556770
556770
556770
556770
556770
556770
556770
556770
556770
556770
556770
556770
556770
556770
556770
556770
556770
556770
556770
556770
556770
556770
556770
556770
556770
556770
556770
556770
556770
556770
556770
556770
556770
556770
556770
556770
556770
556770
556770
556770
556770
556770
556770
556770
556770
556770
556770
556770
556770
556770
556770
556770
556770
556770
556770
556770
556770
556770
556770
556770
556770
556770
556770
556770
556771
556772
556775
556781
556793
556816
556859
556937
557065
557260
557501
557693
557751
557750
557733
557675
557553
557353
557071
556719
556312
555870
555409
554940
554471
554008
553555
553113
552679
552258
551851
551460
551079
550717
550377
550064
549775
549511
549278
549074
548900
548746
548614
548500
548399
548310
548224
548142
548061
547987
547925
547890
547881
547881
547882
547885
547892
547902
547916
547935
547960
547991
548026
548062
548098
548131
548153
548167
548177
548182
548187
548192
548198
548207
548213
548216
548217
548215
548212
548211
548209
548209
548209
548204
548197
548187
548173
548155
548139
548124
548108
548094
548081
548071
548065
548061
548058
548059
548060
548064
548069
548074
548079
548086
548094
548104
548114
548126
548138
548146
548151
548155
548157
548158
548161
548164
548169
548176
548183
548190
548197
548202
548203
548203
548203
548203
548200
548194
548185
548171
548157
548141
548126
548113
548103
548095
548088
548080
548073
548069
548066
548066
548067
548067
548069
548070
548072
548077
548084
548093
548104
548115
548125
548134
548140
548146
548150
548152
548156
548159
548161
548163
548164
548166
548170
548175
548182
548193
548201
548208
548211
548211
548209
548206
548203
548197
548188
548174
548158
548139
548119
548105
548095
548089
548086
548083
548080
548076
548069
548062
548060
548058
548059
548062
548064
548067
548072
548077
548086
548096
548109
548123
548138
548146
548151
548153
548153
548154
556770
556770
556770
556770
556770
556770
556770
556770
556770
556770
556770
556770
556770
556770
556770
556770
556770
556770
556770
556770
556770
556770
556770
556770
556770
556770
556770
556770
556770
556770
556770
556770
556770
556770
556770
556770
556770
556770
556770
556770
556770
556770
556770
556770
556770
556770
556770
556770
556770
556770
556770
556770
556770
556770
556770
556770
556770
556770
556770
556770
556770
556770
556770
556770
556770
556770
556770
556770
556770
556770
556770
556770
556770
556770
556770
556770
556770
556770
556770
556770
556770
556770
556770
556770
556770
556770
556770
556770
556770
556770
556770
556770
556771
556772
556775
556781
556793
556816
556859
556936
557065
557260
557501
557693
557751
557750
557733
557675
557553
557353
557071
556718
556311
555869
555408
554939
554471
554009
553556
553112
552678
552258
551851
551458
551078
550719
550381
550065
549774
549511
549279
549074
548898
548744
548615
548502
548401
548310
548223
548141
548061
547985
547924
547891
547882
547881
547882
547885
547892
547902
547915
547935
547960
547991
548026
548062
548098
548130
548152
548167
548177
548183
548188
548193
548198
548206
548212
548215
548216
548215
548213
548212
548210
548209
548208
548204
548197
548187
548173
548156
548140
548124
548108
548094
548081
548070
548065
548061
548059
548059
548061
548064
548068
548073
548079
548086
548094
548104
548115
548126
548138
548145
548151
548154
548156
548159
548161
548164
548170
548176
548183
548190
548197
548202
548203
548203
548204
548203
548200
548194
548185
548171
548156
548141
548126
548113
548103
548095
548088
548080
548073
548069
548066
548066
548067
548067
548069
548070
548072
548077
548084
548092
548104
548115
548125
548134
548140
548146
548150
548152
548155
548159
548161
548163
548165
548167
548170
548175
548182
548192
548201
548208
548211
548211
548209
548207
548203
548196
548187
548174
548158
548140
548120
548105
548095
548088
548085
548083
548079
548075
548070
548063
548060
548059
548059
548061
548064
548067
548072
548078
548086
548097
548109
548123
548137
548146
548151
548153
548153
548154
556770
556770
556770
556770
556770
556770
556770
556770
556770
556770
556770
556770
556770
556770
556770
556770
556770
556770
556770
556770
556770
556770
556770
556770
556770
556770
556770
556770
556770
556770
556770
556770
556770
556770
556770
556770
556770
556770
556770
556770
556770
556770
556770
556770
556770
556770
556770
556770
556770
556770
556770
556770
556770
556770
556770
556770
556770
556770
556770
556770
556770
556770
556770
556770
556770
556770
556770
556770
556770
556770
556770
556770
556770
556770
556770
556770
556770
556770
556770
556770
556770
556770
556770
556770
556770
556770
556770
556770
556770
556770
556770
556770
556771
556772
556775
556781
556793
556816
556859
556936
557065
557260
557501
557693
557751
557750
557733
557675
557553
557353
557071
556718
556311
555869
555408
554939
554471
554010
553557
553111
552678
552258
551851
551457
551078
550721
550381
550066
549773
549512
549278
549074
548897
548743
548616
548502
548402
548310
548223
548141
548060
547984
547924
547892
547883
547882
547883
547885
547891
547901
547914
547934
547960
547992
548028
548064
548098
548128
548151
548166
548177
548183
548189
548194
548199
548206
548211
548214
548215
548214
548213
548212
548211
548210
548208
548203
548196
548185
548172
548156
548141
548125
548109
548094
548080
548070
548064
548061
548060
548060
548062
548065
548068
548072
548078
548085
548094
548104
548115
548127
548138
548145
548150
548154
548156
548158
548161
548165
548170
548176
548183
548190
548197
548202
548203
548203
548204
548203
548200
548194
548185
548171
548156
548141
548126
548113
548103
548095
548088
548081
548073
548068
548066
548066
548067
548068
548069
548071
548072
548077
548083
548092
548103
548115
548125
548134
548141
548146
548150
548152
548155
548158
548161
548163
548165
548167
548171
548175
548182
548191
548201
548208
548211
548211
548209
548207
548203
548196
548187
548174
548158
548140
548122
548105
548095
548088
548085
548082
548079
548075
548070
548064
548060
548059
548059
548061
548064
548067
548072
548078
548087
548097
548110
548122
548135
548145
548150
548153
548154
548155
556770
556770
556770
556770
556770
556770
556770
556770
556770
556770
556770
556770
556770
556770
556770
556770
556770
556770
556770
556770
556770
556770
556770
556770
556770
556770
556770
556770
556770
556770
556770
556770
556770
556770
556770
556770
556770
556770
556770
556770
556770
556770
556770
556770
556770
556770
556770
556770
556770
556770
556770
556770
556770
556770
556770
556770
556770
556770
556770
556770
556770
556770
556770
556770
556770
556770
556770
556770
556770
556770
556770
556770
556770
556770
556770
556770
556770
556770
556770
556770
556770
556770
556770
556770
556770
556770
556770
556770
556770
556770
556770
556770
556771
556772
556775
556781
556793
556816
556859
556936
557065
557260
557501
557693
557751
557750
557733
557675
557553
557353
557071
556718
556311
555869
555408
554938
554472
554010
553557
553111
552679
552257
551851
551456
551078
550721
550382
550066
549773
549512
549277
549074
548896
548743
548616
548503
548403
548310
548223
548140
548058
547983
547923
547893
547885
547883
547883
547885
547890
547900
547914
547934
547960
547993
548029
548065
548098
548127
548149
548165
548176
548183
548190
548195
548201
548207
548211
548213
548214
548214
548214
548213
548213
548211
548208
548202
548194
548184
548171
548157
548142
548126
548110
548094
548080
548069
548062
548061
548060
548061
548063
548065
548068
548072
548078
548085
548094
548104
548115
548127
548138
548145
548150
548153
548156
548158
548161
548165
548171
548176
548183
548190
548197
548202
548203
548203
548204
548203
548200
548194
548185
548171
548156
548141
548126
548113
548103
548095
548088
548081
548073
548068
548066
548065
548067
548068
548069
548071
548073
548077
548083
548091
548102
548114
548125
548134
548142
548147
548150
548153
548154
548157
548161
548163
548165
548168
548171
548176
548182
548190
548201
548208
548211
548211
548210
548207
548203
548197
548187
548173
548157
548140
548122
548106
548095
548088
548084
548081
548078
548074
548069
548064
548061
548059
548059
548060
548063
548067
548072
548079
548087
548098
548110
548123
548134
548144
548150
548153
548154
548156
556770
556770
556770
556770
556770
556770
556770
556770
556770
556770
556770
556770
556770
556770
556770
556770
556770
556770
556770
556770
556770
556770
556770
556770
556770
556770
556770
556770
556770
556770
556770
556770
556770
556770
556770
556770
556770
556770
556770
556770
556770
556770
556770
556770
556770
556770
556770
556770
556770
556770
556770
556770
556770
556770
556770
556770
556770
556770
556770
556770
556770
556770
556770
556770
556770
556770
556770
556770
556770
556770
556770
556770
556770
556770
556770
556770
556770
556770
556770
556770
556770
556770
556770
556770
556770
556770
556770
556770
556770
556770
556770
556770
556771
556772
556775
556781
556793
556816
556859
556936
557065
557260
557501
557693
557751
557750
557733
557675
557554
557353
557071
556718
556311
555869
555407
554938
554472
554011
553556
553111
552680
552257
551851
551454
551079
550721
550382
550065
549773
549513
549277
549074
548894
548744
548616
548503
548404
548311
548224
548139
548057
547982
547923
547893
547886
547884
547884
547885
547890
547899
547913
547934
547961
547994
548030
548066
548099
548126
548147
548163
548175
548184
548191
548197
548202
548207
548210
548212
548213
548214
548215
548215
548214
548211
548207
548201
548193
548183
548171
548158
548143
548127
548111
548094
548079
548067
548062
548061
548061
548062
548063
548065
548068
548072
548077
548084
548094
548105
548116
548127
548138
548145
548150
548153
548156
548158
548161
548165
548171
548176
548183
548190
548197
548202
548204
548204
548203
548203
548200
548194
548185
548171
548156
548141
548126
548113
548103
548095
548088
548081
548074
548069
548066
548065
548066
548068
548069
548071
548073
548077
548083
548091
548102
548114
548125
548134
548142
548147
548150
548153
548154
548157
548160
548163
548166
548168
548171
548176
548182
548190
548200
548207
548211
548212
548210
548208
548204
548197
548187
548173
548157
548139
548122
548107
548096
548089
548084
548081
548077
548073
548069
548065
548061
548060
548060
548060
548063
548067
548072
548079
548088
548098
548110
548123
548134
548143
548149
548152
548154
548157
556770
556770
556770
556770
556770
556770
556770
556770
556770
556770
556770
556770
556770
556770
556770
556770
556770
556770
556770
556770
556770
556770
556770
556770
556770
556770
556770
556770
556770
556770
556770
556770
556770
556770
556770
556770
556770
556770
556770
556770
556770
556770
556770
556770
556770
556770
556770
556770
556770
556770
556770
556770
556770
556770
556770
556770
556770
556770
556770
556770
556770
556770
556770
556770
556770
556770
556770
556770
556770
556770
556770
556770
556770
556770
556770
556770
556770
556770
556770
556770
556770
556770
556770
556770
556770
556770
556770
556770
556770
556770
556770
556770
556771
556772
556775
556781
556793
556816
556859
556936
557065
557260
557501
557693
557750
557750
557733
557675
557554
557353
557071
556718
556311
555869
555407
554939
554472
554010
553555
553111
552680
552258
551850
551454
551080
550720
550383
550064
549775
549512
549278
549074
548894
548745
548615
548503
548403
548310
548224
548139
548057
547981
547923
547893
547887
547886
547884
547884
547889
547898
547913
547934
547962
547995
548030
548066
548098
548125
548146
548162
548176
548186
548192
548198
548202
548206
548209
548211
548213
548214
548216
548216
548214
548211
548206
548200
548192
548183
548172
548158
548143
548127
548110
548093
548078
548067
548063
548062
548062
548062
548063
548065
548067
548071
548077
548085
548094
548105
548117
548127
548137
548144
548149
548153
548156
548159
548162
548165
548170
548176
548182
548190
548197
548203
548204
548204
548204
548202
548199
548193
548184
548172
548156
548141
548126
548113
548103
548095
548088
548081
548074
548069
548066
548065
548066
548067
548069
548071
548073
548077
548084
548092
548101
548113
548125
548134
548142
548147
548151
548153
548155
548157
548160
548163
548165
548168
548171
548176
548182
548190
548199
548207
548210
548212
548211
548208
548204
548197
548187
548173
548157
548139
548122
548108
548096
548089
548084
548080
548076
548072
548068
548064
548062
548061
548060
548061
548063
548067
548072
548079
548088
548099
548111
548123
548134
548143
548149
548152
548155
548157
556770
556770
556770
556770
556770
556770
556770
556770
556770
556770
556770
556770
556770
556770
556770
556770
556770
556770
556770
556770
556770
556770
556770
556770
556770
556770
556770
556770
556770
556770
556770
556770
556770
556770
556770
556770
556770
556770
556770
556770
556770
556770
556770
556770
556770
556770
556770
556770
556770
556770
556770
556770
556770
556770
556770
556770
556770
556770
556770
556770
556770
556770
556770
556770
556770
556770
556770
556770
556770
556770
556770
556770
556770
556770
556770
556770
556770
556770
556770
556770
556770
556770
556770
556770
556770
556770
556770
556770
556770
556770
556770
556770
556771
556772
556775
556781
556793
556816
556859
556936
557065
557260
557501
557693
557750
557750
557733
557675
557554
557353
557071
556718
556312
555869
555406
554939
554472
554010
553554
553112
552680
552259
551849
551455
551080
550720
550382
550063
549776
549512
549279
549073
548894
548745
548614
548503
548402
548311
548225
548139
548057
547981
547922
547893
547887
547886
547884
547885
547889
547898
547913
547934
547962
547995
548030
548065
548098
548125
548146
548162
548177
548186
548193
548198
548202
548205
548208
548210
548213
548216
548217
548216
548214
548210
548205
548200
548193
548184
548173
548159
548144
548127
548109
548092
548078
548068
548063
548063
548063
548062
548062
548064
548066
548071
548077
548086
548095
548106
548117
548127
548136
548143
548149
548153
548157
548160
548163
548166
548170
548175
548182
548190
548198
548203
548205
548205
548204
548202
548198
548192
548183
548172
548157
548142
548126
548113
548102
548094
548087
548081
548075
548070
548067
548066
548066
548067
548068
548070
548073
548078
548084
548092
548102
548113
548124
548134
548142
548147
548152
548154
548155
548157
548159
548162
548165
548168
548172
548176
548182
548190
548199
548206
548210
548212
548211
548208
548204
548197
548187
548173
548157
548139
548122
548108
548097
548089
548084
548080
548076
548072
548068
548064
548062
548061
548061
548061
548063
548067
548071
548078
548088
548099
548111
548123
548134
548143
548149
548152
548155
548157
556770
556770
556770
556770
556770
556770
556770
556770
556770
556770
556770
556770
556770
556770
556770
556770
556770
556770
556770
556770
556770
556770
556770
556770
556770
556770
556770
556770
556770
556770
556770
556770
556770
556770
556770
556770
556770
556770
556770
556770
556770
556770
556770
556770
556770
556770
556770
556770
556770
556770
556770
556770
556770
556770
556770
556770
556770
556770
556770
556770
556770
556770
556770
556770
556770
556770
556770
556770
556770
556770
556770
556770
556770
556770
556770
556770
556770
556770
556770
556770
556770
556770
556770
556770
556770
556770
556770
556770
556770
556770
556770
556770
556771
556772
556775
556781
556793
556816
556859
556936
557065
557260
557501
557693
557751
557750
557733
557675
557554
557353
557071
556719
556312
555869
555406
554939
554472
554010
553554
553113
552680
552259
551848
551456
551079
550720
550381
550063
549776
549512
549279
549072
548896
548745
548613
548502
548401
548312
548226
548141
548058
547981
547922
547892
547886
547885
547884
547885
547890
547898
547913
547934
547962
547994
548029
548065
548098
548125
548146
548163
548178
548186
548193
548197
548200
548204
548208
548211
548214
548217
548217
548216
548213
548208
548204
548199
548193
548186
548174
548161
548144
548125
548107
548091
548078
548068
548064
548063
548063
548062
548061
548062
548065
548070
548078
548087
548096
548107
548117
548127
548135
548142
548148
548154
548158
548161
548163
548166
548169
548174
548181
548189
548198
548204
548206
548205
548204
548201
548197
548191
548183
548172
548158
548143
548127
548113
548102
548093
548086
548080
548075
548071
548068
548066
548065
548066
548067
548069
548073
548078
548085
548093
548102
548113
548123
548133
548141
548147
548152
548154
548156
548158
548160
548162
548164
548168
548172
548176
548183
548190
548199
548206
548210
548211
548211
548209
548205
548198
548187
548173
548157
548139
548122
548108
548097
548089
548084
548080
548076
548072
548068
548064
548062
548061
548061
548062
548064
548067
548071
548078
548087
548098
548110
548123
548134
548143
548149
548152
548155
548157
556770
556770
556770
556770
556770
556770
556770
556770
556770
556770
556770
556770
556770
556770
556770
556770
556770
556770
556770
556770
556770
556770
556770
556770
556770
556770
556770
556770
556770
556770
556770
556770
556770
556770
556770
556770
556770
556770
556770
556770
556770
556770
556770
556770
556770
556770
556770
556770
556770
556770
556770
556770
556770
556770
556770
556770
556770
556770
556770
556770
556770
556770
556770
556770
556770
556770
556770
556770
556770
556770
556770
556770
556770
556770
556770
556770
556770
556770
556770
556770
556770
556770
556770
556770
556770
556770
556770
556770
556770
556770
556770
556770
556771
556772
556775
556781
556793
556816
556859
556936
557065
557260
557501
557693
557751
557750
557733
557675
557553
557353
557071
556719
556312
555869
555407
554939
554472
554009
553554
553113
552680
552259
551848
551457
551078
550721
550379
550064
549776
549512
549279
549072
548897
548744
548614
548501
548401
548312
548226
548141
548059
547981
547922
547892
547885
547885
547884
547885
547890
547899
547913
547934
547961
547993
548029
548065
548098
548125
548147
548164
548178
548186
548192
548197
548200
548204
548208
548211
548215
548217
548217
548215
548211
548208
548204
548199
548194
548186
548175
548161
548144
548124
548107
548091
548078
548068
548065
548064
548063
548062
548060
548062
548065
548070
548079
548088
548097
548107
548117
548126
548134
548141
548148
548155
548158
548161
548163
548165
548169
548173
548180
548189
548199
548205
548206
548206
548204
548200
548197
548191
548183
548172
548159
548144
548128
548113
548101
548092
548086
548081
548076
548072
548069
548067
548065
548065
548066
548069
548073
548079
548086
548094
548103
548113
548122
548132
548141
548147
548152
548155
548157
548158
548160
548161
548163
548167
548171
548177
548183
548191
548199
548206
548209
548211
548210
548209
548205
548198
548188
548174
548157
548138
548121
548107
548097
548090
548085
548080
548076
548072
548067
548064
548062
548061
548061
548062
548064
548067
548071
548078
548086
548098
548110
548123
548134
548144
548150
548152
548154
548157
556770
556770
556770
556770
556770
556770
556770
556770
556770
556770
556770
556770
556770
556770
556770
556770
556770
556770
556770
556770
556770
556770
556770
556770
556770
556770
556770
556770
556770
556770
556770
556770
556770
556770
556770
556770
556770
556770
556770
556770
556770
556770
556770
556770
556770
556770
556770
556770
556770
556770
556770
556770
556770
556770
556770
556770
556770
556770
556770
556770
556770
556770
556770
556770
556770
556770
556770
556770
556770
556770
556770
556770
556770
556770
556770
556770
556770
556770
556770
556770
556770
556770
556770
556770
556770
556770
556770
556770
556770
556770
556770
556770
556771
556772
556775
556781
556793
556816
556859
556936
557065
557260
557501
557693
557751
557750
557733
557675
557553
557353
557071
556719
556312
555868
555408
554939
554472
554008
553556
553113
552680
552258
551848
551457
551078
550721
550379
550066
549775
549513
549279
549072
548897
548744
548614
548501
548401
548312
548225
548142
548059
547981
547922
547891
547885
547885
547885
547886
547891
547899
547913
547934
547960
547993
548029
548065
548098
548126
548148
548165
548178
548186
548192
548196
548200
548204
548208
548211
548215
548217
548217
548215
548211
548208
548204
548200
548195
548186
548175
548161
548144
548124
548107
548091
548078
548068
548065
548064
548063
548062
548060
548062
548064
548070
548079
548088
548097
548107
548117
548126
548134
548141
548149
548155
548159
548161
548163
548165
548168
548173
548180
548189
548199
548205
548206
548206
548203
548200
548197
548191
548184
548173
548159
548144
548127
548112
548100
548092
548086
548081
548076
548072
548069
548067
548064
548065
548066
548069
548073
548079
548086
548094
548103
548112
548122
548131
548140
548148
548152
548155
548157
548158
548159
548161
548163
548167
548171
548177
548183
548191
548199
548206
548209
548210
548210
548209
548205
548198
548188
548174
548157
548138
548120
548106
548097
548090
548085
548081
548076
548072
548067
548064
548062
548061
548061
548062
548064
548066
548071
548077
548086
548097
548110
548123
548135
548144
548150
548153
548154
548157
556770
556770
556770
556770
556770
556770
556770
556770
556770
556770
556770
556770
556770
556770
556770
556770
556770
556770
556770
556770
556770
556770
556770
556770
556770
556770
556770
556770
556770
556770
556770
556770
556770
556770
556770
556770
556770
556770
556770
556770
556770
556770
556770
556770
556770
556770
556770
556770
556770
556770
556770
556770
556770
556770
556770
556770
556770
556770
556770
556770
556770
556770
556770
556770
556770
556770
556770
556770
556770
556770
556770
556770
556770
556770
556770
556770
556770
556770
556770
556770
556770
556770
556770
556770
556770
556770
556770
556770
556770
556770
556770
556770
556771
556772
556775
556781
556793
556816
556859
556936
557065
557260
557501
557693
557751
557750
557733
557675
557553
557353
557071
556719
556312
555868
555408
554939
554471
554007
553556
553113
552681
552257
551850
551457
551079
550720
550378
550066
549775
549513
549277
549073
548897
548744
548614
548500
548402
548312
548225
548141
548058
547981
547922
547892
547886
547885
547884
547885
547890
547899
547913
547933
547960
547993
548029
548065
548098
548126
548148
548164
548177
548185
548192
548196
548200
548205
548208
548211
548214
548216
548216
548215
548212
548208
548205
548200
548194
548186
548174
548161
548144
548125
548107
548091
548078
548068
548064
548064
548063
548062
548061
548062
548064
548070
548078
548088
548097
548108
548117
548126
548134
548141
548148
548155
548158
548161
548163
548165
548168
548173
548180
548189
548199
548205
548206
548206
548203
548200
548197
548192
548184
548173
548160
548144
548126
548111
548100
548092
548086
548081
548076
548072
548069
548066
548065
548065
548066
548069
548074
548079
548086
548094
548103
548112
548122
548131
548140
548147
548152
548155
548157
548158
548159
548161
548163
548167
548171
548177
548184
548191
548199
548206
548209
548210
548210
548209
548205
548198
548188
548174
548157
548138
548120
548106
548096
548090
548085
548081
548077
548072
548068
548064
548062
548061
548061
548062
548064
548066
548071
548077
548086
548097
548110
548123
548135
548144
548150
548153
548154
548157
556770
556770
556770
556770
556770
556770
556770
556770
556770
556770
556770
556770
556770
556770
556770
556770
556770
556770
556770
556770
556770
556770
556770
556770
556770
556770
556770
556770
556770
556770
556770
556770
556770
556770
556770
556770
556770
556770
556770
556770
556770
556770
556770
556770
556770
556770
556770
556770
556770
556770
556770
556770
556770
556770
556770
556770
556770
556770
556770
556770
556770
556770
556770
556770
556770
556770
556770
556770
556770
556770
556770
556770
556770
556770
556770
556770
556770
556770
556770
556770
556770
556770
556770
556770
556770
556770
556770
556770
556770
556770
556770
556770
556771
556772
556775
556781
556793
556816
556859
556936
557065
557260
557501
557693
557751
557750
557732
557675
557553
557353
557072
556719
556312
555868
555408
554939
554471
554007
553557
553113
552680
552256
551851
551456
551079
550718
550379
550067
549775
549513
549276
549074
548896
548744
548614
548500
548403
548312
548225
548141
548057
547981
547922
547892
547886
547885
547885
547885
547890
547898
547912
547933
547961
547993
548029
548066
548099
548126
548147
548163
548176
548185
548192
548197
548201
548205
548209
548211
548213
548215
548216
548215
548213
548210
548206
548201
548194
548185
548174
548160
548144
548126
548108
548091
548078
548068
548063
548063
548063
548063
548062
548062
548065
548070
548077
548087
548097
548107
548118
548127
548135
548142
548148
548154
548158
548161
548163
548165
548168
548173
548180
548189
548199
548204
548206
548205
548203
548201
548198
548193
548184
548173
548159
548143
548126
548111
548101
548093
548086
548081
548076
548072
548069
548066
548065
548065
548067
548069
548074
548079
548086
548094
548103
548112
548122
548132
548141
548147
548152
548155
548157
548158
548160
548161
548163
548167
548171
548177
548183
548191
548200
548206
548209
548210
548210
548208
548205
548198
548188
548174
548157
548138
548120
548106
548096
548090
548085
548081
548077
548073
548068
548064
548062
548061
548061
548061
548063
548066
548071
548077
548086
548098
548110
548123
548134
548144
548150
548153
548154
548157
556770
556770
556770
556770
556770
556770
556770
556770
556770
556770
556770
556770
556770
556770
556770
556770
556770
556770
556770
556770
556770
556770
556770
556770
556770
556770
556770
556770
556770
556770
556770
556770
556770
556770
556770
556770
556770
556770
556770
556770
556770
556770
556770
556770
556770
556770
556770
556770
556770
556770
556770
556770
556770
556770
556770
556770
556770
556770
556770
556770
556770
556770
556770
556770
556770
556770
556770
556770
556770
556770
556770
556770
556770
556770
556770
556770
556770
556770
556770
556770
556770
556770
556770
556770
556770
556770
556770
556770
556770
556770
556770
556770
556771
556772
556775
556781
556793
556816
556859
556936
557065
557260
557501
557693
557751
557750
557732
557675
557553
557353
557072
556719
556311
555869
555408
554939
554470
554008
553557
553113
552679
552256
551851
551456
551079
550717
550381
550066
549776
549512
549276
549074
548895
548745
548613
548501
548404
548312
548226
548140
548057
547981
547922
547892
547886
547886
547886
547885
547889
547898
547912
547933
547961
547994
548031
548066
548099
548126
548147
548162
548176
548186
548192
548198
548202
548205
548208
548211
548212
548214
548216
548215
548214
548211
548206
548200
548193
548184
548173
548159
548144
548127
548109
548092
548078
548067
548063
548062
548062
548062
548063
548064
548066
548070
548077
548085
548096
548107
548118
548128
548136
548143
548149
548153
548157
548160
548162
548165
548169
548174
548181
548190
548198
548204
548205
548205
548204
548202
548199
548193
548185
548173
548158
548141
548125
548112
548101
548093
548087
548081
548076
548071
548068
548066
548065
548066
548068
548070
548074
548079
548085
548093
548102
548112
548123
548133
548141
548147
548152
548154
548156
548158
548160
548161
548164
548167
548171
548176
548183
548191
548200
548207
548210
548211
548210
548208
548204
548197
548187
548173
548157
548139
548121
548107
548096
548089
548084
548081
548077
548073
548069
548065
548062
548061
548060
548061
548063
548066
548071
548078
548087
548098
548110
548123
548134
548143
548149
548152
548155
548158
556770
556770
556770
556770
556770
556770
556770
556770
556770
556770
556770
556770
556770
556770
556770
556770
556770
556770
556770
556770
556770
556770
556770
556770
556770
556770
556770
556770
556770
556770
556770
556770
556770
556770
556770
556770
556770
556770
556770
556770
556770
556770
556770
556770
556770
556770
556770
556770
556770
556770
556770
556770
556770
556770
556770
556770
556770
556770
556770
556770
556770
556770
556770
556770
556770
556770
556770
556770
556770
556770
556770
556770
556770
556770
556770
556770
556770
556770
556770
556770
556770
556770
556770
556770
556770
556770
556770
556770
556770
556770
556770
556770
556771
556772
556775
556781
556793
556816
556859
556936
557065
557260
557501
557693
557750
557750
557732
557675
557553
557353
557072
556719
556311
555869
555408
554939
554469
554009
553557
553114
552678
552258
551851
551457
551079
550717
550382
550066
549777
549511
549278
549073
548896
548745
548613
548502
548403
548312
548226
548140
548057
547980
547921
547892
547887
547886
547886
547885
547889
547897
547911
547932
547961
547995
548031
548067
548099
548126
548146
548162
548175
548186
548193
548198
548202
548205
548208
548210
548212
548214
548216
548215
548214
548211
548206
548201
548193
548184
548173
548159
548144
548127
548110
548093
548078
548067
548062
548061
548061
548062
548063
548065
548067
548071
548077
548085
548094
548106
548118
548129
548137
548144
548149
548153
548156
548159
548162
548165
548170
548175
548182
548190
548197
548203
548204
548205
548204
548203
548200
548194
548185
548172
548156
548140
548125
548112
548102
548094
548088
548082
548076
548070
548067
548065
548066
548067
548069
548071
548074
548078
548084
548092
548101
548113
548124
548134
548142
548147
548151
548154
548155
548157
548160
548162
548165
548167
548171
548176
548182
548190
548200
548207
548211
548212
548211
548208
548204
548197
548186
548173
548157
548139
548122
548107
548096
548089
548084
548081
548077
548073
548069
548066
548063
548061
548060
548060
548062
548066
548071
548078
548087
548098
548110
548123
548134
548142
548149
548152
548155
548158
556770
556770
556770
556770
556770
556770
556770
556770
556770
556770
556770
556770
556770
556770
556770
556770
556770
556770
556770
556770
556770
556770
556770
556770
556770
556770
556770
556770
556770
556770
556770
556770
556770
556770
556770
556770
556770
556770
556770
556770
556770
556770
556770
556770
556770
556770
556770
556770
556770
556770
556770
556770
556770
556770
556770
556770
556770
556770
556770
556770
556770
556770
556770
556770
556770
556770
556770
556770
556770
556770
556770
556770
556770
556770
556770
556770
556770
556770
556770
556770
556770
556770
556770
556770
556770
556770
556770
556770
556770
556770
556770
556770
556771
556772
556775
556781
556793
556816
556859
556936
557065
557260
557501
557693
557750
557750
557733
557675
557553
557353
557072
556719
556311
555869
555408
554939
554470
554010
553557
553114
552677
552259
551849
551457
551077
550718
550382
550066
549776
549510
549279
549072
548896
548744
548613
548503
548403
548312
548226
548140
548058
547980
547921
547891
547887
547886
547886
547886
547889
547898
547911
547932
547960
547995
548031
548067
548099
548126
548146
548162
548175
548186
548192
548198
548202
548206
548209
548211
548213
548215
548215
548215
548213
548210
548206
548201
548194
548184
548173
548159
548143
548127
548109
548093
548079
548068
548062
548061
548061
548062
548063
548065
548068
548071
548077
548084
548094
548105
548118
548130
548138
548145
548149
548152
548155
548158
548161
548165
548171
548176
548182
548190
548197
548202
548204
548204
548205
548204
548200
548194
548185
548171
548155
548140
548125
548113
548103
548095
548088
548082
548075
548069
548066
548065
548066
548068
548069
548071
548074
548077
548083
548091
548101
548113
548125
548134
548142
548147
548151
548153
548155
548157
548160
548162
548165
548168
548171
548176
548182
548190
548200
548208
548211
548212
548211
548207
548203
548196
548186
548173
548157
548140
548123
548107
548095
548088
548083
548080
548077
548074
548070
548066
548063
548060
548059
548059
548062
548066
548071
548078
548088
548099
548110
548122
548133
548142
548149
548152
548155
548158
556770
556770
556770
556770
556770
556770
556770
556770
556770
556770
556770
556770
556770
556770
556770
556770
556770
556770
556770
556770
556770
556770
556770
556770
556770
556770
556770
556770
556770
556770
556770
556770
556770
556770
556770
556770
556770
556770
556770
556770
556770
556770
556770
556770
556770
556770
556770
556770
556770
556770
556770
556770
556770
556770
556770
556770
556770
556770
556770
556770
556770
556770
556770
556770
556770
556770
556770
556770
556770
556770
556770
556770
556770
556770
556770
556770
556770
556770
556770
556770
556770
556770
556770
556770
556770
556770
556770
556770
556770
556770
556770
556770
556771
556772
556775
556781
556793
556816
556859
556936
557065
557260
557501
557693
557750
557750
557733
557675
557554
557353
557072
556719
556311
555869
555408
554938
554471
554010
553557
553113
552678
552260
551849
551458
551077
550720
550381
550066
549776
549511
549280
549072
548896
548743
548613
548503
548402
548312
548225
548140
548059
547980
547921
547891
547886
547885
547885
547886
547890
547899
547912
547932
547960
547994
548030
548066
548099
548126
548147
548163
548176
548185
548192
548197
548201
548205
548209
548212
548214
548216
548215
548214
548212
548209
548206
548201
548194
548185
548173
548159
548143
548125
548109
548093
548079
548068
548063
548061
548061
548061
548063
548065
548068
548072
548077
548084
548094
548105
548117
548130
548138
548145
548149
548152
548155
548157
548161
548165
548171
548177
548183
548190
548196
548202
548204
548204
548205
548204
548201
548194
548184
548170
548155
548140
548125
548113
548103
548095
548089
548082
548074
548069
548066
548065
548067
548068
548069
548071
548073
548077
548083
548091
548101
548114
548125
548134
548142
548147
548151
548153
548155
548157
548160
548163
548165
548167
548171
548175
548181
548190
548201
548208
548212
548213
548211
548207
548203
548196
548186
548173
548157
548140
548123
548107
548095
548088
548083
548081
548078
548074
548070
548066
548063
548060
548059
548060
548062
548066
548071
548078
548088
548098
548110
548122
548133
548143
548149
548152
548155
548158
556770
556770
556770
556770
556770
556770
556770
556770
556770
556770
556770
556770
556770
556770
556770
556770
556770
556770
556770
556770
556770
556770
556770
556770
556770
556770
556770
556770
556770
556770
556770
556770
556770
556770
556770
556770
556770
556770
556770
556770
556770
556770
556770
556770
556770
556770
556770
556770
556770
556770
556770
556770
556770
556770
556770
556770
556770
556770
556770
556770
556770
556770
556770
556770
556770
556770
556770
556770
556770
556770
556770
556770
556770
556770
556770
556770
556770
556770
556770
556770
556770
556770
556770
556770
556770
556770
556770
556770
556770
556770
556770
556770
556771
556772
556775
556781
556793
556816
556859
556936
557065
557260
557501
557693
557750
557750
557733
557675
557554
557353
557072
556718
556311
555869
555408
554938
554472
554009
553556
553112
552679
552259
551848
551458
551077
550721
550380
550065
549776
549511
549279
549071
548897
548744
548614
548503
548401
548311
548224
548140
548059
547982
547922
547892
547885
547883
547884
547886
547891
547900
547914
547933
547960
547993
548029
548065
548099
548126
548148
548165
548177
548185
548191
548195
548200
548205
548209
548213
548216
548216
548216
548213
548211
548208
548205
548202
548195
548186
548174
548159
548142
548125
548108
548093
548079
548069
548064
548061
548060
548061
548062
548065
548068
548072
548077
548085
548094
548105
548116
548129
548138
548145
548150
548152
548155
548158
548161
548165
548171
548177
548183
548190
548197
548202
548204
548204
548204
548204
548200
548194
548184
548170
548155
548140
548126
548113
548103
548095
548089
548082
548074
548069
548066
548065
548067
548068
548069
548071
548073
548077
548083
548091
548102
548114
548125
548134
548142
548147
548151
548153
548155
548157
548161
548163
548165
548167
548170
548175
548181
548190
548201
548208
548212
548212
548210
548207
548203
548196
548186
548173
548157
548140
548122
548106
548095
548088
548084
548081
548078
548074
548070
548066
548062
548060
548059
548060
548063
548066
548071
548078
548087
548098
548110
548122
548134
548144
548149
548153
548155
548157
556770
556770
556770
556770
556770
556770
556770
556770
556770
556770
556770
556770
556770
556770
556770
556770
556770
556770
556770
556770
556770
556770
556770
556770
556770
556770
556770
556770
556770
556770
556770
556770
556770
556770
556770
556770
556770
556770
556770
556770
556770
556770
556770
556770
556770
556770
556770
556770
556770
556770
556770
556770
556770
556770
556770
556770
556770
556770
556770
556770
556770
556770
556770
556770
556770
556770
556770
556770
556770
556770
556770
556770
556770
556770
556770
556770
556770
556770
556770
556770
556770
556770
556770
556770
556770
556770
556770
556770
556770
556770
556770
556770
556771
556772
556775
556781
556793
556816
556859
556936
557065
557260
557501
557693
557750
557750
557733
557675
557554
557353
557071
556718
556312
555869
555407
554939
554472
554009
553555
553112
552679
552259
551848
551458
551078
550721
550381
550065
549776
549511
549279
549072
548897
548745
548615
548503
548400
548310
548223
548139
548060
547984
547924
547893
547884
547882
547882
547885
547892
547901
547915
547934
547960
547992
548027
548064
548097
548126
548150
548167
548177
548185
548190
548194
548199
548204
548210
548215
548216
548217
548215
548212
548210
548208
548205
548202
548196
548187
548174
548158
548140
548124
548108
548093
548080
548070
548065
548062
548060
548060
548061
548064
548068
548072
548078
548086
548095
548105
548116
548127
548137
548145
548150
548153
548156
548158
548161
548165
548170
548176
548183
548190
548198
548202
548204
548204
548203
548203
548200
548194
548185
548171
548156
548140
548126
548113
548103
548095
548088
548082
548074
548069
548066
548065
548066
548067
548069
548071
548073
548077
548083
548091
548102
548114
548125
548134
548141
548147
548151
548153
548155
548159
548161
548163
548165
548166
548170
548175
548181
548190
548201
548208
548211
548212
548210
548207
548203
548197
548187
548174
548158
548140
548121
548105
548094
548088
548084
548082
548078
548074
548070
548064
548061
548059
548059
548061
548064
548067
548072
548078
548086
548097
548109
548122
548135
548145
548150
548153
548154
548157
556770
556770
556770
556770
556770
556770
556770
556770
556770
556770
556770
556770
556770
556770
556770
556770
556770
556770
556770
556770
556770
556770
556770
556770
556770
556770
556770
556770
556770
556770
556770
556770
556770
556770
556770
556770
556770
556770
556770
556770
556770
556770
556770
556770
556770
556770
556770
556770
556770
556770
556770
556770
556770
556770
556770
556770
556770
556770
556770
556770
556770
556770
556770
556770
556770
556770
556770
556770
556770
556770
556770
556770
556770
556770
556770
556770
556770
556770
556770
556770
556770
556770
556770
556770
556770
556770
556770
556770
556770
556770
556770
556770
556771
556772
556775
556781
556793
556816
556859
556936
557065
557260
557501
557693
557751
557750
557733
557675
557554
557353
557071
556718
556312
555869
555407
554939
554473
554010
553554
553111
552679
552259
551848
551456
551079
550722
550381
550064
549775
549511
549279
549072
548897
548746
548616
548503
548400
548308
548222
548139
548060
547985
547926
547895
547883
547880
547881
547884
547892
547902
547916
547935
547961
547992
548026
548062
548096
548126
548152
548167
548178
548185
548189
548194
548199
548204
548211
548215
548217
548217
548214
548211
548210
548208
548206
548203
548197
548187
548174
548157
548140
548124
548108
548093
548080
548070
548065
548062
548059
548059
548060
548063
548068
548073
548079
548087
548095
548105
548115
548126
548136
548145
548150
548154
548157
548159
548161
548164
548169
548176
548183
548191
548198
548203
548204
548204
548203
548202
548199
548194
548185
548172
548157
548141
548126
548113
548102
548094
548088
548082
548075
548070
548066
548065
548066
548067
548068
548070
548073
548077
548084
548092
548103
548114
548124
548133
548141
548147
548151
548154
548157
548159
548161
548163
548164
548166
548170
548174
548181
548191
548201
548208
548211
548211
548209
548207
548204
548198
548188
548175
548158
548140
548120
548104
548094
548088
548085
548082
548079
548075
548069
548063
548060
548059
548059
548062
548065
548068
548072
548077
548085
548096
548109
548122
548136
548146
548151
548154
548154
548156
556770
556770
556770
556770
556770
556770
556770
556770
556770
556770
556770
556770
556770
556770
556770
556770
556770
556770
556770
556770
556770
556770
556770
556770
556770
556770
556770
556770
556770
556770
556770
556770
556770
556770
556770
556770
556770
556770
556770
556770
556770
556770
556770
556770
556770
556770
556770
556770
556770
556770
556770
556770
556770
556770
556770
556770
556770
556770
556770
556770
556770
556770
556770
556770
556770
556770
556770
556770
556770
556770
556770
556770
556770
556770
556770
556770
556770
556770
556770
556770
556770
556770
556770
556770
556770
556770
556770
556770
556770
556770
556770
556770
556771
556772
556775
556781
556793
556816
556859
556936
557065
557260
557500
557693
557751
557750
557733
557675
557553
557353
557071
556718
556312
555870
555407
554938
554473
554011
553554
553109
552678
552260
551850
551455
551077
550722
550383
550064
549773
549509
549279
549074
548897
548745
548616
548504
548400
548307
548221
548138
548060
547986
547927
547895
547883
547880
547880
547884
547892
547903
547917
547936
547961
547991
548026
548061
548096
548127
548152
548168
548178
548184
548188
548193
548198
548205
548212
548216
548217
548216
548213
548211
548210
548208
548207
548204
548197
548187
548174
548156
548140
548124
548108
548094
548081
548071
548066
548062
548058
548059
548060
548063
548068
548074
548080
548087
548095
548104
548115
548125
548136
548145
548151
548155
548157
548159
548161
548164
548168
548175
548183
548191
548199
548203
548204
548203
548202
548201
548199
548194
548185
548173
548157
548141
548126
548112
548102
548094
548088
548082
548076
548070
548067
548065
548066
548066
548068
548070
548073
548078
548084
548092
548103
548114
548124
548133
548140
548147
548151
548154
548158
548160
548162
548163
548164
548166
548169
548174
548181
548192
548201
548208
548211
548210
548209
548207
548204
548198
548189
548175
548159
548139
548118
548104
548094
548088
548086
548083
548079
548075
548068
548062
548060
548058
548060
548063
548065
548068
548072
548077
548085
548096
548108
548122
548138
548146
548151
548154
548153
548155
)
;

boundaryField
{
    sides
    {
        type            zeroGradient;
    }
    inlet
    {
        type            zeroGradient;
    }
    outlet
    {
        type            zeroGradient;
    }
    empty
    {
        type            empty;
    }
}


// ************************************************************************* //
