/*--------------------------------*- C++ -*----------------------------------*\
| =========                 |                                                 |
| \\      /  F ield         | OpenFOAM: The Open Source CFD Toolbox           |
|  \\    /   O peration     | Version:  2306                                  |
|   \\  /    A nd           | Website:  www.openfoam.com                      |
|    \\/     M anipulation  |                                                 |
\*---------------------------------------------------------------------------*/
FoamFile
{
    version     2.0;
    format      ascii;
    arch        "LSB;label=32;scalar=64";
    class       volScalarField;
    location    "0.19";
    object      rho;
}
// * * * * * * * * * * * * * * * * * * * * * * * * * * * * * * * * * * * * * //

dimensions      [1 -3 0 0 0 0 0];

internalField   nonuniform List<scalar> 
6000
(
56.6645
2.01332
0.219588
0.196037
0.159042
0.144685
0.146491
0.156511
0.171895
0.188627
0.204129
0.218629
0.23374
0.250486
0.267037
0.27997
0.283681
0.287741
0.290395
0.291118
0.284714
0.261218
0.198741
0.166187
0.164202
0.168577
0.17685
0.186163
0.195101
0.202871
0.209477
0.215499
0.220906
0.225311
0.228598
0.231324
0.234268
0.238106
0.244824
0.258093
0.271463
0.280548
0.276865
0.24251
0.192516
0.178786
0.175984
0.178038
0.182114
0.187942
0.19508
0.20183
0.205626
0.206614
0.2067
0.207065
0.208618
0.211553
0.214722
0.21718
0.218682
0.220071
0.223333
0.230416
0.237617
0.241359
0.241574
0.220402
0.193794
0.188807
0.186945
0.187724
0.188671
0.189118
0.190347
0.193556
0.198408
0.203657
0.207382
0.209164
0.209394
0.208318
0.206722
0.206038
0.206806
0.209621
0.215066
0.222928
0.226998
0.226995
0.219901
0.201177
0.191689
0.191239
0.19144
0.193106
0.194628
0.195449
0.195973
0.196175
0.196192
0.196566
0.197703
0.199531
0.201733
0.204036
0.206451
0.208452
0.210587
0.212388
0.213762
0.213943
0.211347
0.206252
0.193658
0.184006
0.183255
0.185545
0.188502
0.191698
0.193791
0.194527
0.1947
0.194765
0.194879
0.195282
0.196243
0.197732
0.199315
0.200741
0.20237
0.20511
0.209847
0.215033
0.21873
0.221092
0.218299
0.207566
0.192294
0.186716
0.185265
0.185377
0.186445
0.187397
0.187593
0.187386
0.187122
0.187182
0.18802
0.189706
0.1921
0.194045
0.194756
0.194247
0.192922
0.191482
0.190654
0.191309
0.193208
0.193772
0.193811
0.190564
0.181892
0.175602
0.174758
0.17478
0.176372
0.179078
0.180845
0.181437
0.181686
0.18195
0.182324
0.182863
0.183704
0.184812
0.185247
0.185981
0.18654
0.186604
0.18715
0.187929
0.189742
0.191336
0.190669
0.188481
0.183523
0.176069
0.173091
0.173239
0.174939
0.178086
0.180352
0.181214
0.181027
0.180393
0.179344
0.178631
0.178488
0.178615
0.177809
0.177068
0.175868
0.17485
0.174568
0.17499
0.176154
0.177541
0.17822
0.177284
0.173765
0.167682
0.16439
0.163433
0.16338
0.164289
0.165982
0.167514
0.168478
0.169269
0.170249
0.171729
0.174051
0.176959
0.178734
0.179045
0.178912
0.178294
0.177545
0.176764
0.176094
0.175512
0.174429
0.173078
0.170002
0.163929
0.160212
0.159769
0.160024
0.160495
0.161544
0.162484
0.162778
0.162798
0.162832
0.163081
0.163631
0.164664
0.166363
0.168652
0.169752
0.169605
0.169048
0.16864
0.16879
0.169715
0.171009
0.17123
0.17055
0.16752
0.160652
0.156187
0.155673
0.155825
0.15679
0.158587
0.159821
0.160043
0.159971
0.159749
0.159495
0.15935
0.159432
0.159904
0.161154
0.163028
0.163908
0.163872
0.163649
0.163496
0.163696
0.164493
0.165498
0.165637
0.165015
0.162486
0.156223
0.151169
0.150335
0.15051
0.150971
0.151367
0.151339
0.150706
0.149661
0.14853
0.147663
0.146843
0.146208
0.147039
56.6402
2.00157
0.214392
0.192874
0.159215
0.147293
0.14932
0.158293
0.172548
0.188492
0.203967
0.218711
0.233843
0.250675
0.267567
0.280692
0.284372
0.28842
0.291215
0.292077
0.285272
0.260973
0.197948
0.166536
0.165232
0.170196
0.178723
0.187448
0.195036
0.201753
0.208002
0.213904
0.219281
0.22356
0.226685
0.229463
0.232894
0.237697
0.245167
0.258034
0.270322
0.27755
0.274334
0.242382
0.192315
0.178981
0.176839
0.179289
0.183655
0.189612
0.196046
0.201953
0.204985
0.205981
0.206415
0.207248
0.20926
0.212546
0.216037
0.218665
0.22016
0.22144
0.224686
0.231963
0.23899
0.242004
0.240654
0.21816
0.192004
0.187795
0.186463
0.187633
0.188929
0.1899
0.191597
0.194511
0.198444
0.202456
0.205768
0.207763
0.208476
0.208019
0.207265
0.2072
0.208363
0.211157
0.216202
0.223271
0.226181
0.225885
0.218533
0.200116
0.191279
0.190974
0.191249
0.192868
0.194257
0.19498
0.195436
0.195737
0.196099
0.196891
0.198377
0.2005
0.202614
0.204573
0.206266
0.207754
0.209555
0.211817
0.213815
0.213949
0.211718
0.206814
0.193995
0.184204
0.183319
0.1852
0.187621
0.190507
0.192498
0.19326
0.193536
0.193755
0.194134
0.194955
0.196369
0.198171
0.199837
0.201173
0.202483
0.204689
0.208829
0.213546
0.216911
0.21885
0.215983
0.205577
0.19061
0.185137
0.183826
0.184109
0.185456
0.186799
0.187257
0.187147
0.186889
0.186868
0.187547
0.18906
0.191321
0.193469
0.194426
0.194246
0.19343
0.192556
0.192152
0.193046
0.194866
0.195262
0.194967
0.19134
0.182105
0.175593
0.174696
0.174732
0.176255
0.178917
0.180646
0.181179
0.181422
0.18159
0.181813
0.182289
0.183272
0.184914
0.186066
0.186856
0.187276
0.187244
0.18747
0.188114
0.189927
0.191577
0.190973
0.188847
0.183627
0.17593
0.172961
0.173042
0.174428
0.177099
0.179163
0.179835
0.179615
0.179021
0.178187
0.177723
0.178136
0.179018
0.179218
0.179098
0.178424
0.17734
0.176867
0.176876
0.177618
0.178446
0.178697
0.177668
0.174006
0.1678
0.164637
0.163756
0.163708
0.164593
0.166273
0.167768
0.168684
0.169403
0.170242
0.171479
0.173559
0.176315
0.178079
0.178333
0.178123
0.177506
0.176889
0.17625
0.175795
0.175441
0.17449
0.17325
0.170287
0.164228
0.160412
0.159947
0.160145
0.16061
0.161723
0.162797
0.163189
0.163243
0.16331
0.163523
0.163998
0.164922
0.166508
0.168735
0.170043
0.170061
0.169685
0.169381
0.16964
0.170678
0.171869
0.172029
0.171317
0.168161
0.161207
0.156767
0.156239
0.156342
0.157211
0.158887
0.159991
0.160073
0.159914
0.159746
0.159696
0.159729
0.159962
0.160626
0.16207
0.164085
0.164978
0.164914
0.164621
0.164375
0.164438
0.165053
0.165785
0.165682
0.165055
0.162497
0.156353
0.151387
0.150494
0.150569
0.151077
0.151719
0.151815
0.151286
0.150225
0.149055
0.148254
0.147508
0.146898
0.147751
56.6008
1.97639
0.209429
0.190104
0.159919
0.150549
0.152208
0.159916
0.172674
0.188206
0.204079
0.219392
0.234421
0.251095
0.268448
0.281494
0.285154
0.289129
0.29186
0.292663
0.285242
0.259851
0.196116
0.166783
0.166935
0.172786
0.181207
0.188484
0.193982
0.19945
0.20544
0.211673
0.217285
0.221436
0.224564
0.227662
0.231827
0.237707
0.245741
0.257129
0.267683
0.271564
0.270129
0.242841
0.193255
0.180232
0.178931
0.181861
0.186673
0.191748
0.196685
0.200479
0.203091
0.204601
0.205723
0.207328
0.210085
0.214016
0.218089
0.221086
0.222647
0.223729
0.226859
0.234135
0.240392
0.241871
0.238442
0.214254
0.189909
0.18719
0.186406
0.1881
0.190072
0.191658
0.193313
0.195282
0.197655
0.200242
0.202874
0.205166
0.207011
0.208177
0.208694
0.209338
0.21064
0.212742
0.217238
0.223411
0.22495
0.2247
0.216808
0.198448
0.190555
0.190238
0.190638
0.192226
0.193436
0.194051
0.194624
0.195443
0.196525
0.197958
0.199812
0.201898
0.203666
0.204733
0.205253
0.205977
0.207495
0.210358
0.213557
0.214239
0.212663
0.20797
0.194711
0.184363
0.183304
0.184395
0.186173
0.188591
0.190347
0.191162
0.191675
0.192326
0.193309
0.194753
0.19673
0.198985
0.200821
0.201863
0.20268
0.204334
0.20766
0.211719
0.214468
0.215669
0.212954
0.203088
0.188506
0.183062
0.182038
0.18265
0.184396
0.186274
0.187033
0.18687
0.18647
0.186322
0.186834
0.188161
0.190283
0.192656
0.194061
0.194304
0.194016
0.193648
0.193928
0.195496
0.197413
0.197628
0.196817
0.192567
0.182439
0.175594
0.174648
0.174859
0.17649
0.179121
0.180774
0.181258
0.181189
0.181012
0.180996
0.181411
0.18263
0.184798
0.186925
0.187656
0.187746
0.187474
0.187419
0.188327
0.190564
0.192284
0.191981
0.189924
0.18438
0.175938
0.172926
0.17287
0.173831
0.175916
0.177537
0.17783
0.177564
0.177116
0.17668
0.176696
0.177762
0.179663
0.180673
0.181001
0.180872
0.180093
0.179625
0.179403
0.179878
0.18025
0.180012
0.178655
0.1745
0.167977
0.165062
0.164249
0.1642
0.16508
0.166784
0.16829
0.169137
0.169757
0.170374
0.171235
0.172877
0.175381
0.177139
0.177405
0.177128
0.176565
0.176057
0.175575
0.17531
0.175237
0.174538
0.173453
0.170703
0.164742
0.160722
0.160205
0.160374
0.160894
0.162144
0.163398
0.163782
0.163863
0.16392
0.164064
0.164425
0.16519
0.166618
0.168787
0.170303
0.170463
0.170272
0.170156
0.17064
0.171998
0.173079
0.173208
0.172446
0.169068
0.161903
0.157589
0.157055
0.157087
0.157826
0.159291
0.160193
0.160177
0.159916
0.159662
0.159546
0.159708
0.160262
0.161416
0.163392
0.165697
0.166652
0.166572
0.166176
0.165785
0.165572
0.165799
0.166221
0.166107
0.165318
0.162545
0.156536
0.151707
0.150684
0.150519
0.151025
0.152025
0.152347
0.152075
0.151247
0.150144
0.149341
0.14867
0.148061
0.148868
56.5718
1.97726
0.205647
0.189533
0.161979
0.154472
0.154893
0.161184
0.172565
0.187732
0.204175
0.220212
0.235621
0.252588
0.269991
0.2827
0.286638
0.290165
0.292241
0.292704
0.284729
0.258121
0.193963
0.167543
0.169456
0.175838
0.183456
0.188846
0.192689
0.196856
0.202154
0.208292
0.214148
0.21872
0.222364
0.226212
0.231267
0.237825
0.24586
0.256068
0.264992
0.265503
0.264261
0.241936
0.194289
0.181177
0.181039
0.184717
0.189934
0.194049
0.197055
0.199221
0.201259
0.203216
0.205146
0.207591
0.211163
0.215796
0.220536
0.223859
0.225467
0.226442
0.229445
0.23649
0.241805
0.241393
0.235604
0.209655
0.187618
0.185991
0.186579
0.189184
0.191866
0.193633
0.194807
0.195737
0.19675
0.198095
0.199934
0.202222
0.205051
0.208121
0.210532
0.212066
0.213413
0.214849
0.218279
0.223444
0.22411
0.223601
0.214548
0.196053
0.189366
0.189033
0.189582
0.191122
0.192087
0.19255
0.193473
0.195241
0.197385
0.19972
0.20186
0.20344
0.204429
0.204697
0.204584
0.204712
0.20567
0.208488
0.212686
0.21427
0.213712
0.20941
0.195682
0.184607
0.183445
0.183864
0.185083
0.186985
0.188307
0.188969
0.189662
0.190737
0.192405
0.194667
0.197434
0.200107
0.201759
0.202211
0.202404
0.203339
0.205694
0.208966
0.211014
0.211238
0.208613
0.199492
0.18564
0.180292
0.179736
0.180803
0.183057
0.185442
0.186474
0.186355
0.185925
0.185739
0.186226
0.187527
0.189674
0.192081
0.193775
0.194424
0.19466
0.194956
0.195992
0.198416
0.200634
0.200771
0.19942
0.194376
0.183129
0.175599
0.174429
0.174797
0.176611
0.179311
0.180873
0.181222
0.180865
0.18041
0.180325
0.180928
0.182582
0.185221
0.187633
0.188416
0.188099
0.187646
0.187705
0.189046
0.19165
0.193259
0.193201
0.191107
0.184512
0.17543
0.172649
0.172368
0.172817
0.174164
0.175285
0.1755
0.175498
0.175483
0.175574
0.176187
0.177865
0.180602
0.182429
0.183112
0.183204
0.18299
0.182621
0.182709
0.183321
0.183497
0.182875
0.180859
0.175623
0.168552
0.165831
0.165066
0.164958
0.165763
0.167379
0.168889
0.169594
0.170102
0.170488
0.171039
0.172253
0.174436
0.176127
0.176451
0.176097
0.175645
0.175266
0.174964
0.174946
0.175139
0.174732
0.173902
0.171388
0.165555
0.161293
0.160734
0.160898
0.161498
0.162913
0.16429
0.164712
0.164794
0.164746
0.16472
0.164875
0.165454
0.166811
0.169025
0.170913
0.171415
0.171434
0.171596
0.172323
0.173721
0.174582
0.174686
0.173889
0.170201
0.162669
0.158505
0.157915
0.15782
0.15839
0.1596
0.160363
0.16032
0.160088
0.15989
0.15984
0.160125
0.160946
0.16249
0.164922
0.167343
0.168142
0.168028
0.167544
0.166991
0.166635
0.166624
0.166684
0.16635
0.165192
0.162409
0.157026
0.152372
0.151116
0.150776
0.151203
0.152365
0.152982
0.152992
0.152517
0.151673
0.150921
0.150339
0.149802
0.150589
56.5986
1.94399
0.203547
0.191676
0.165817
0.158116
0.156779
0.161799
0.171897
0.18658
0.203567
0.220893
0.237928
0.255549
0.272552
0.284659
0.288348
0.290585
0.29176
0.291418
0.283243
0.255564
0.191612
0.169002
0.172016
0.178307
0.184673
0.188592
0.191248
0.194216
0.198504
0.204206
0.210397
0.216074
0.220954
0.22582
0.23148
0.238029
0.245357
0.253973
0.261617
0.261696
0.258784
0.239879
0.195504
0.180858
0.182778
0.187363
0.192765
0.196134
0.197694
0.198801
0.200108
0.201952
0.204427
0.207714
0.212076
0.217288
0.222385
0.22597
0.227804
0.228843
0.231724
0.238281
0.242647
0.240678
0.232896
0.205531
0.185552
0.18477
0.187016
0.190692
0.193858
0.195373
0.195814
0.195835
0.195905
0.19636
0.197549
0.199662
0.203064
0.207762
0.211881
0.214841
0.216223
0.217141
0.219612
0.223747
0.223733
0.22236
0.211538
0.192949
0.187588
0.187239
0.187952
0.189423
0.190169
0.190706
0.192391
0.195215
0.198678
0.201876
0.20386
0.204695
0.204807
0.204174
0.203423
0.203089
0.203975
0.206916
0.211663
0.214105
0.21466
0.210859
0.197029
0.184982
0.183572
0.183358
0.184203
0.185769
0.186741
0.187284
0.188108
0.189555
0.19192
0.195118
0.198646
0.201376
0.202291
0.201979
0.201609
0.201954
0.203479
0.20583
0.207393
0.206713
0.204187
0.196148
0.183024
0.177654
0.177678
0.17916
0.181763
0.184489
0.185727
0.185706
0.18525
0.184992
0.185507
0.186961
0.189303
0.191859
0.19372
0.194676
0.195307
0.19619
0.197907
0.200936
0.203525
0.203783
0.202054
0.196315
0.183911
0.17561
0.174261
0.174874
0.176882
0.179459
0.180988
0.18126
0.180744
0.18014
0.180056
0.180811
0.182688
0.185349
0.187658
0.188542
0.188371
0.187985
0.188233
0.189927
0.192713
0.194238
0.194575
0.192234
0.184267
0.174689
0.172094
0.171528
0.171626
0.172395
0.173319
0.173865
0.17419
0.174478
0.174951
0.175987
0.17805
0.181063
0.183482
0.184636
0.185166
0.185186
0.185211
0.185787
0.186734
0.187024
0.186482
0.184263
0.177799
0.169734
0.167088
0.166334
0.166128
0.166794
0.168209
0.169403
0.17001
0.170412
0.170694
0.17105
0.171903
0.173701
0.175288
0.175635
0.175345
0.174931
0.174666
0.17465
0.174951
0.175385
0.17522
0.174646
0.172315
0.166613
0.162148
0.161527
0.161723
0.162432
0.164007
0.165378
0.16575
0.165742
0.165562
0.165362
0.165338
0.165763
0.167072
0.169387
0.171575
0.172478
0.172826
0.173278
0.174159
0.175382
0.175994
0.176003
0.174931
0.170797
0.163178
0.159309
0.158675
0.158474
0.15895
0.159972
0.160617
0.160546
0.160321
0.160146
0.160206
0.160577
0.161479
0.163185
0.165888
0.168384
0.169133
0.169046
0.168572
0.167829
0.167213
0.166917
0.166599
0.165935
0.164585
0.162093
0.157617
0.153075
0.151587
0.151163
0.151508
0.152635
0.153527
0.153674
0.153507
0.153019
0.152542
0.152163
0.151767
0.152591
56.5946
1.95855
0.202267
0.194565
0.169336
0.15999
0.157532
0.161823
0.170891
0.184949
0.202261
0.221184
0.240426
0.259688
0.277148
0.28743
0.290004
0.290341
0.290613
0.289124
0.281436
0.252625
0.189657
0.170592
0.174156
0.179639
0.184761
0.187681
0.189675
0.191889
0.195162
0.200057
0.206347
0.213365
0.220211
0.22647
0.232555
0.238431
0.244295
0.251721
0.258996
0.259571
0.255815
0.238277
0.195236
0.179961
0.183231
0.188745
0.194322
0.197749
0.198941
0.199257
0.199932
0.201413
0.203923
0.207629
0.212467
0.218111
0.223539
0.227291
0.229246
0.230375
0.233202
0.239369
0.242969
0.240171
0.231116
0.20275
0.183876
0.183662
0.187128
0.19168
0.195391
0.196795
0.1967
0.196106
0.195633
0.195595
0.196258
0.19821
0.201843
0.207345
0.212718
0.21679
0.218367
0.219392
0.221614
0.224767
0.223841
0.221168
0.207682
0.189034
0.185105
0.184781
0.185695
0.1872
0.187954
0.189032
0.191292
0.195238
0.199768
0.203551
0.205182
0.205486
0.204915
0.203754
0.202681
0.202202
0.203105
0.205897
0.211026
0.214081
0.21503
0.211643
0.197993
0.185182
0.183491
0.183032
0.183771
0.185229
0.18609
0.186629
0.187555
0.189301
0.192228
0.196221
0.200008
0.202193
0.202129
0.201064
0.200143
0.199951
0.200839
0.202613
0.204097
0.203324
0.200919
0.193706
0.181121
0.175851
0.17615
0.178054
0.180831
0.18364
0.18492
0.184892
0.184427
0.184236
0.184922
0.186732
0.189411
0.192301
0.194402
0.195501
0.196267
0.197464
0.199581
0.202813
0.205683
0.206176
0.204166
0.197999
0.18477
0.175872
0.1743
0.174968
0.177052
0.179555
0.181172
0.181483
0.180993
0.180362
0.180242
0.180998
0.182873
0.185475
0.187664
0.188639
0.188764
0.188664
0.189161
0.190848
0.193295
0.194556
0.195541
0.192982
0.183133
0.173388
0.17116
0.170395
0.170313
0.171048
0.17226
0.173089
0.173589
0.174084
0.174786
0.176041
0.178295
0.181431
0.184264
0.185768
0.186521
0.186703
0.186976
0.18797
0.189238
0.189777
0.18933
0.187399
0.180602
0.17152
0.168548
0.167786
0.16749
0.167881
0.168896
0.169736
0.170354
0.170715
0.170971
0.171193
0.171838
0.173408
0.174959
0.175375
0.175148
0.174838
0.174731
0.174951
0.175534
0.176154
0.176293
0.175873
0.173588
0.167892
0.163389
0.162774
0.16301
0.163792
0.165376
0.16661
0.166814
0.166687
0.166418
0.166134
0.166009
0.166394
0.167862
0.170502
0.172836
0.173814
0.174283
0.174832
0.175639
0.176338
0.176643
0.17661
0.175395
0.170886
0.16331
0.15976
0.159087
0.158812
0.159256
0.160245
0.160928
0.160914
0.160718
0.160561
0.160617
0.160955
0.161835
0.163566
0.166342
0.16883
0.169481
0.169329
0.168746
0.167586
0.166635
0.166125
0.165675
0.164965
0.163918
0.162078
0.15822
0.153654
0.151978
0.151534
0.151819
0.152881
0.153942
0.154106
0.154066
0.153845
0.153665
0.153553
0.15341
0.154341
56.6272
1.93156
0.201223
0.195284
0.169971
0.159797
0.157231
0.161246
0.169821
0.183456
0.200966
0.221219
0.242986
0.264216
0.283117
0.291298
0.291823
0.290481
0.288805
0.286201
0.279501
0.249569
0.188068
0.171822
0.175436
0.179926
0.184155
0.186615
0.188365
0.190237
0.192804
0.196627
0.202414
0.210281
0.219467
0.227775
0.234303
0.239009
0.24368
0.249958
0.257184
0.258617
0.255479
0.23902
0.195383
0.178967
0.182367
0.18877
0.194899
0.198253
0.199319
0.199645
0.200158
0.201379
0.203808
0.207651
0.212722
0.218507
0.223768
0.227463
0.229514
0.23081
0.233683
0.239849
0.243061
0.240193
0.230536
0.201701
0.183598
0.183519
0.186846
0.191584
0.195598
0.197439
0.197279
0.196457
0.19578
0.195643
0.196197
0.197983
0.20152
0.206977
0.212634
0.217397
0.21945
0.221335
0.224048
0.226488
0.22464
0.22019
0.203045
0.184668
0.182111
0.181772
0.182945
0.184762
0.185963
0.187551
0.190446
0.195092
0.199988
0.204126
0.205737
0.205824
0.204954
0.203685
0.202599
0.202188
0.203164
0.205889
0.2109
0.214061
0.214703
0.211578
0.198194
0.185151
0.183332
0.183057
0.183824
0.185403
0.186365
0.186992
0.188086
0.190087
0.193335
0.197398
0.200852
0.202102
0.201225
0.199573
0.198273
0.197789
0.198484
0.200326
0.202055
0.201229
0.198855
0.192286
0.180091
0.175017
0.175413
0.177519
0.180293
0.182957
0.184068
0.183979
0.183579
0.183582
0.18454
0.186816
0.190045
0.19341
0.195679
0.196685
0.197229
0.198195
0.200113
0.203172
0.206146
0.206977
0.20507
0.199018
0.185587
0.176429
0.174757
0.175369
0.177411
0.180012
0.181649
0.182097
0.181618
0.180972
0.180799
0.181514
0.183326
0.185903
0.188097
0.189039
0.189151
0.189297
0.189979
0.191118
0.192994
0.194046
0.195312
0.192418
0.181543
0.172351
0.170525
0.169665
0.169576
0.170538
0.17191
0.172863
0.173469
0.174087
0.174917
0.176277
0.178541
0.181607
0.184597
0.186394
0.187415
0.187939
0.188435
0.18954
0.190841
0.191632
0.190942
0.189081
0.182446
0.173165
0.170223
0.169703
0.169544
0.169833
0.170414
0.17056
0.170844
0.170912
0.171259
0.171532
0.172262
0.173798
0.175358
0.175862
0.175703
0.175452
0.175399
0.175817
0.176681
0.177499
0.177851
0.177527
0.175256
0.16958
0.165122
0.164478
0.16469
0.165435
0.166925
0.167919
0.167934
0.167678
0.167322
0.167039
0.166984
0.16754
0.169392
0.172401
0.174604
0.175234
0.175417
0.175674
0.176077
0.176489
0.176736
0.176447
0.174787
0.170105
0.163074
0.159802
0.159118
0.15883
0.159282
0.160339
0.16112
0.161165
0.160963
0.16077
0.160779
0.161042
0.161773
0.163315
0.165932
0.16814
0.168589
0.168322
0.167456
0.166081
0.165127
0.164665
0.164469
0.164145
0.163638
0.162163
0.158535
0.153883
0.1521
0.151662
0.151908
0.152928
0.154061
0.154327
0.15426
0.154172
0.154203
0.15431
0.154439
0.155423
56.5823
1.95044
0.200726
0.194793
0.168462
0.158035
0.155706
0.160247
0.169114
0.182563
0.199996
0.221294
0.245461
0.270055
0.28989
0.295972
0.294101
0.290426
0.287155
0.283513
0.27789
0.246263
0.186068
0.17291
0.175484
0.179662
0.183451
0.185777
0.18756
0.189446
0.19177
0.194832
0.1996
0.207383
0.218035
0.228634
0.235863
0.240192
0.243841
0.2491
0.256416
0.258958
0.25749
0.242507
0.198023
0.178466
0.180637
0.1865
0.19343
0.197653
0.19924
0.199936
0.200763
0.202062
0.204299
0.207838
0.212596
0.217997
0.222881
0.226355
0.228382
0.229848
0.233115
0.240014
0.24326
0.241064
0.231155
0.201715
0.18405
0.183806
0.186234
0.190669
0.194758
0.196801
0.197061
0.196803
0.196607
0.196773
0.197462
0.199074
0.202127
0.20682
0.212084
0.216941
0.219902
0.223056
0.226683
0.228575
0.226011
0.219245
0.198052
0.180503
0.178846
0.178692
0.180358
0.182696
0.184469
0.186577
0.189802
0.194361
0.199226
0.203047
0.204798
0.205213
0.204678
0.203748
0.203065
0.203007
0.204023
0.206603
0.211415
0.214285
0.214012
0.210848
0.197633
0.184641
0.182904
0.183193
0.184445
0.186338
0.187535
0.188257
0.189485
0.19171
0.194874
0.198133
0.200473
0.20071
0.19937
0.197606
0.19638
0.196156
0.196912
0.198985
0.200933
0.200265
0.197983
0.19175
0.179758
0.174842
0.175311
0.177482
0.180069
0.182382
0.183292
0.183124
0.182793
0.183062
0.184486
0.187375
0.191219
0.194936
0.197187
0.197924
0.197915
0.198094
0.19945
0.202313
0.205267
0.206404
0.205092
0.199331
0.186141
0.177133
0.175564
0.176127
0.178164
0.180896
0.182577
0.182909
0.18254
0.181953
0.181797
0.182471
0.184299
0.186907
0.188982
0.189594
0.189318
0.189088
0.189414
0.190755
0.192486
0.193346
0.194239
0.190972
0.180629
0.172309
0.170766
0.169889
0.169975
0.170908
0.172178
0.173094
0.173684
0.174294
0.175121
0.176437
0.178569
0.181405
0.184221
0.186149
0.187401
0.188227
0.188903
0.190021
0.191222
0.191909
0.190955
0.188901
0.182522
0.173684
0.171172
0.17113
0.17146
0.17236
0.172871
0.172748
0.172511
0.17223
0.172266
0.172331
0.172936
0.174481
0.176267
0.176948
0.176823
0.176585
0.176714
0.177472
0.178736
0.179803
0.180227
0.179788
0.177341
0.171559
0.167117
0.16642
0.166528
0.167165
0.168497
0.169226
0.169137
0.168746
0.168361
0.168153
0.168275
0.16911
0.171275
0.17433
0.176055
0.176211
0.175951
0.175774
0.175893
0.176067
0.175961
0.175129
0.17302
0.168716
0.162672
0.159524
0.15887
0.158653
0.159192
0.160389
0.161221
0.16126
0.161019
0.160701
0.160547
0.160618
0.161089
0.162205
0.164336
0.166185
0.166438
0.166011
0.164948
0.163824
0.163326
0.163179
0.163402
0.163539
0.163153
0.161898
0.158354
0.153657
0.151877
0.151507
0.151796
0.152807
0.153983
0.154398
0.154318
0.154267
0.154297
0.154444
0.154594
0.155514
56.5558
1.9555
0.200433
0.193933
0.166545
0.155751
0.153557
0.158973
0.168667
0.182395
0.199668
0.221435
0.247927
0.276353
0.29631
0.300713
0.296802
0.291107
0.286132
0.281536
0.276912
0.242018
0.183546
0.17357
0.175393
0.179566
0.183086
0.185442
0.1874
0.18944
0.191746
0.194523
0.198622
0.205726
0.216255
0.228014
0.236418
0.241061
0.244623
0.249403
0.257445
0.260744
0.26139
0.247424
0.201054
0.178979
0.178599
0.183105
0.190289
0.195827
0.19877
0.200212
0.201528
0.203178
0.205441
0.208553
0.212534
0.217066
0.22143
0.224704
0.226651
0.228185
0.232115
0.239984
0.243662
0.242801
0.232646
0.202328
0.185017
0.183788
0.185124
0.188782
0.192632
0.19519
0.196736
0.197507
0.198218
0.199042
0.199974
0.20126
0.203465
0.207009
0.211459
0.216104
0.219913
0.22445
0.228935
0.230199
0.227086
0.218002
0.193624
0.177253
0.175656
0.176091
0.178443
0.181349
0.183854
0.186254
0.189357
0.193185
0.197122
0.200355
0.202636
0.203855
0.204147
0.20395
0.203966
0.204399
0.205531
0.207991
0.21225
0.214765
0.213488
0.209852
0.196506
0.183789
0.182277
0.183411
0.185492
0.187993
0.189558
0.190465
0.19167
0.193527
0.195925
0.197865
0.198674
0.198341
0.197182
0.195815
0.195084
0.195206
0.196081
0.19843
0.200754
0.200293
0.198196
0.19209
0.180059
0.175187
0.175649
0.177682
0.18003
0.182055
0.182789
0.182593
0.182354
0.18289
0.184767
0.188192
0.192555
0.196389
0.198233
0.198344
0.197765
0.197442
0.198148
0.200557
0.203396
0.204827
0.204279
0.198978
0.186781
0.178115
0.176633
0.177002
0.178934
0.181783
0.183484
0.183892
0.183622
0.183221
0.183203
0.183883
0.185676
0.188231
0.189845
0.190023
0.189587
0.189131
0.189034
0.189997
0.19138
0.192129
0.192365
0.18927
0.180448
0.172765
0.171338
0.170495
0.170812
0.171915
0.17313
0.173834
0.174256
0.174725
0.175359
0.176462
0.17837
0.181069
0.183715
0.185434
0.186646
0.187518
0.188242
0.189413
0.190621
0.19094
0.189933
0.187871
0.181644
0.17351
0.171484
0.171907
0.172783
0.174521
0.175585
0.175527
0.175191
0.174706
0.17441
0.174274
0.174517
0.175632
0.177328
0.178157
0.178159
0.178125
0.178461
0.179385
0.180879
0.182059
0.182298
0.181707
0.179182
0.173276
0.168814
0.168085
0.168141
0.168733
0.169886
0.170382
0.170212
0.169722
0.169365
0.169288
0.169579
0.170574
0.172654
0.175251
0.176561
0.176583
0.176202
0.175775
0.175355
0.174867
0.174104
0.172778
0.170786
0.167515
0.16244
0.159078
0.158484
0.158375
0.158995
0.160269
0.161028
0.161023
0.160645
0.160124
0.159676
0.159435
0.159584
0.16019
0.161656
0.163312
0.163605
0.163295
0.162666
0.162146
0.16188
0.161835
0.162192
0.162471
0.162157
0.161024
0.157653
0.153066
0.151371
0.151131
0.151448
0.152489
0.153785
0.154347
0.154375
0.154199
0.153981
0.15394
0.153943
0.154715
56.5763
1.95807
0.199988
0.193374
0.165239
0.153951
0.151794
0.158083
0.168628
0.182998
0.20035
0.222036
0.249594
0.280518
0.300232
0.303969
0.2993
0.292053
0.285641
0.281544
0.276556
0.236449
0.18065
0.173624
0.175303
0.179525
0.183135
0.185725
0.187961
0.190224
0.19258
0.195288
0.199181
0.205399
0.21476
0.225835
0.235017
0.240835
0.245117
0.250896
0.26052
0.264858
0.266978
0.251269
0.202959
0.179448
0.177096
0.180292
0.186448
0.192569
0.19732
0.200135
0.202331
0.204486
0.206723
0.209339
0.21264
0.216532
0.220358
0.223221
0.225108
0.22691
0.23136
0.240123
0.244013
0.244719
0.23423
0.202853
0.186013
0.183609
0.184313
0.186873
0.190036
0.192933
0.195693
0.198218
0.200292
0.201914
0.20305
0.203976
0.205279
0.207588
0.211225
0.215513
0.22
0.225322
0.230218
0.231206
0.227615
0.216858
0.190806
0.17517
0.173475
0.174444
0.177331
0.180881
0.183913
0.186427
0.188945
0.19153
0.194032
0.196782
0.199634
0.202096
0.203676
0.204398
0.205137
0.205972
0.207165
0.209521
0.21324
0.215369
0.213432
0.209112
0.195541
0.183037
0.181671
0.183653
0.186643
0.190024
0.191929
0.192779
0.19363
0.194881
0.196064
0.196525
0.196417
0.195977
0.195342
0.194659
0.19422
0.194648
0.19576
0.198481
0.201284
0.201079
0.199268
0.19321
0.180946
0.175863
0.176215
0.177845
0.180012
0.181971
0.182661
0.182541
0.182493
0.183258
0.185435
0.189093
0.193469
0.19698
0.198504
0.198225
0.19702
0.196229
0.19633
0.197993
0.200587
0.202183
0.20258
0.198426
0.187856
0.179393
0.17792
0.178016
0.179673
0.182396
0.184233
0.184785
0.184816
0.184751
0.184965
0.185726
0.187349
0.189521
0.190621
0.19057
0.189812
0.18897
0.188564
0.189046
0.189887
0.190336
0.190288
0.187949
0.180878
0.173621
0.172087
0.171368
0.171895
0.173318
0.174591
0.175063
0.175254
0.17547
0.175768
0.176486
0.17808
0.18065
0.183127
0.184495
0.185367
0.186154
0.186771
0.187877
0.189208
0.189404
0.188347
0.186128
0.180103
0.173092
0.171547
0.172207
0.173405
0.175583
0.177213
0.177422
0.1773
0.176992
0.176753
0.176635
0.176754
0.177469
0.178782
0.179497
0.179515
0.179541
0.179754
0.180502
0.181952
0.183262
0.183287
0.182667
0.180273
0.174446
0.16999
0.169294
0.1693
0.169821
0.170827
0.171257
0.170998
0.170445
0.170115
0.170122
0.170497
0.171438
0.173245
0.175589
0.176749
0.176615
0.175985
0.174861
0.173685
0.172698
0.17168
0.170595
0.169372
0.166988
0.162241
0.15859
0.158025
0.158006
0.158643
0.159838
0.16039
0.160258
0.159672
0.158841
0.158047
0.157564
0.15738
0.157677
0.158922
0.160861
0.161602
0.161396
0.16096
0.160488
0.160233
0.160294
0.160806
0.161136
0.160902
0.159939
0.15681
0.152362
0.150756
0.150647
0.150975
0.152097
0.153533
0.154078
0.154027
0.153761
0.153384
0.153044
0.152754
0.153317
56.6073
1.94121
0.199248
0.19329
0.165402
0.153565
0.151266
0.158099
0.169292
0.184656
0.202775
0.224179
0.25075
0.281088
0.300303
0.30436
0.30013
0.292932
0.287192
0.283734
0.276501
0.229536
0.17729
0.173294
0.174932
0.179605
0.183668
0.186596
0.1891
0.191572
0.194125
0.196956
0.200635
0.206075
0.213739
0.222978
0.231986
0.239164
0.245286
0.253989
0.265497
0.27105
0.272163
0.2531
0.203125
0.179577
0.176301
0.178419
0.183321
0.189383
0.195217
0.200073
0.203356
0.205791
0.207754
0.209816
0.212547
0.21604
0.219667
0.222511
0.224451
0.226455
0.231241
0.240452
0.244624
0.246349
0.235172
0.202915
0.186727
0.183573
0.183614
0.185412
0.187632
0.190483
0.194223
0.198558
0.202109
0.204543
0.205851
0.206541
0.207189
0.208465
0.211181
0.215124
0.219944
0.225569
0.23066
0.231593
0.227681
0.216223
0.189841
0.174292
0.172616
0.173853
0.177105
0.181145
0.184393
0.186692
0.188235
0.189336
0.190821
0.193074
0.196088
0.199456
0.20255
0.20477
0.20604
0.207305
0.208556
0.210753
0.214085
0.216095
0.213772
0.209071
0.195396
0.182461
0.181227
0.18383
0.187377
0.191132
0.193234
0.194242
0.194885
0.195258
0.195261
0.194889
0.194594
0.194575
0.194375
0.193869
0.193695
0.194416
0.196004
0.199228
0.202456
0.202523
0.20102
0.194825
0.182016
0.176478
0.176675
0.177896
0.180064
0.182168
0.183013
0.183092
0.183252
0.184143
0.186319
0.189819
0.193802
0.196816
0.197938
0.19727
0.195771
0.194583
0.194043
0.19509
0.197572
0.199293
0.20061
0.197724
0.188774
0.180422
0.178919
0.178755
0.180156
0.182702
0.184656
0.185324
0.185644
0.185992
0.186568
0.187519
0.189074
0.190786
0.191386
0.190848
0.189746
0.188607
0.187867
0.187862
0.188538
0.188934
0.188969
0.187136
0.18118
0.174302
0.172772
0.172295
0.173039
0.174765
0.176102
0.176485
0.176533
0.176533
0.176502
0.176797
0.178022
0.180356
0.182348
0.18307
0.183616
0.184178
0.184662
0.185597
0.186905
0.187134
0.186292
0.184259
0.17887
0.172917
0.171582
0.172219
0.173445
0.175732
0.177649
0.178124
0.178144
0.178054
0.177973
0.178099
0.178521
0.179347
0.180375
0.180708
0.180692
0.180538
0.180529
0.180916
0.182106
0.183519
0.183509
0.182792
0.180523
0.174893
0.170511
0.169842
0.169876
0.17046
0.171483
0.171852
0.171519
0.170911
0.170489
0.170356
0.17067
0.17155
0.173322
0.175307
0.175995
0.17555
0.174328
0.172579
0.171336
0.170886
0.170598
0.170252
0.169337
0.166968
0.162117
0.158125
0.15748
0.157536
0.158157
0.159118
0.159403
0.159036
0.158184
0.1571
0.156177
0.155671
0.155497
0.155847
0.157206
0.159298
0.160155
0.159963
0.15957
0.15916
0.158929
0.159095
0.159718
0.160036
0.159885
0.159046
0.15615
0.151819
0.150205
0.150186
0.150526
0.151716
0.153063
0.153471
0.153299
0.152945
0.152355
0.1518
0.151394
0.151928
56.6343
1.91573
0.199154
0.192246
0.165392
0.154057
0.151654
0.158777
0.170754
0.187123
0.205947
0.227171
0.251522
0.278798
0.297078
0.301031
0.29847
0.29341
0.289771
0.287582
0.276129
0.222041
0.173666
0.171522
0.17413
0.179794
0.184546
0.187843
0.190595
0.193308
0.196121
0.199234
0.202935
0.207645
0.213742
0.220843
0.22857
0.236542
0.245426
0.257807
0.271004
0.277295
0.275542
0.253388
0.201638
0.179087
0.175488
0.177137
0.181275
0.187118
0.193534
0.200158
0.204556
0.206788
0.208279
0.209923
0.212326
0.215608
0.219208
0.22227
0.22445
0.22666
0.231538
0.240768
0.245036
0.247247
0.235265
0.202368
0.187065
0.183641
0.183435
0.184759
0.186354
0.188688
0.192656
0.198142
0.203375
0.206217
0.207771
0.208494
0.208817
0.209528
0.211466
0.214912
0.219336
0.224892
0.230081
0.231376
0.227625
0.217029
0.19097
0.174608
0.172985
0.174366
0.17787
0.182152
0.185095
0.186627
0.187123
0.187478
0.188395
0.190168
0.19294
0.196613
0.200766
0.204153
0.206395
0.208261
0.209514
0.211498
0.214717
0.216903
0.214595
0.209715
0.195646
0.182209
0.18093
0.183542
0.187578
0.19164
0.193683
0.194376
0.194527
0.194358
0.193973
0.193752
0.193859
0.193989
0.193877
0.193515
0.193548
0.194542
0.196753
0.200439
0.204091
0.204606
0.203305
0.196701
0.183215
0.177121
0.176946
0.177899
0.180251
0.182674
0.183829
0.184125
0.184471
0.185439
0.18739
0.190266
0.193371
0.195691
0.196307
0.195356
0.193804
0.19255
0.191997
0.192954
0.195585
0.197343
0.198922
0.196987
0.18901
0.180771
0.179279
0.179184
0.180603
0.1831
0.184908
0.185638
0.186027
0.18654
0.187327
0.188535
0.190356
0.191805
0.192061
0.191148
0.189731
0.188162
0.187193
0.18711
0.187993
0.188447
0.188395
0.186801
0.1813
0.174629
0.173199
0.173023
0.173897
0.175868
0.177302
0.177685
0.1777
0.177602
0.17746
0.177591
0.17852
0.180405
0.18169
0.181994
0.182131
0.182075
0.182254
0.182796
0.184105
0.184674
0.18431
0.182935
0.178415
0.172951
0.171565
0.171919
0.173043
0.175213
0.177049
0.177573
0.177685
0.177677
0.177618
0.177886
0.178672
0.180041
0.181195
0.181529
0.181453
0.180954
0.180733
0.180638
0.181403
0.182839
0.182979
0.182247
0.180039
0.17455
0.170269
0.169695
0.169764
0.170465
0.171531
0.171847
0.171463
0.170775
0.170204
0.169947
0.170186
0.170948
0.172267
0.173396
0.17362
0.172867
0.171434
0.170287
0.169991
0.170196
0.170663
0.170614
0.169807
0.167508
0.162413
0.157954
0.157127
0.157149
0.157626
0.158288
0.158333
0.157728
0.156692
0.155596
0.154804
0.15438
0.154279
0.154685
0.15611
0.158241
0.159183
0.158995
0.158572
0.15819
0.158007
0.158276
0.159039
0.159403
0.159359
0.15861
0.155824
0.151503
0.149795
0.149778
0.150118
0.151331
0.152502
0.152736
0.152477
0.151955
0.151187
0.150556
0.150076
0.150673
56.6351
1.91554
0.1993
0.189463
0.164114
0.154298
0.152683
0.160172
0.172991
0.189938
0.208807
0.229218
0.25179
0.275737
0.292315
0.295574
0.295238
0.293113
0.292536
0.2914
0.275691
0.215087
0.170536
0.168731
0.172746
0.179573
0.185271
0.189297
0.192377
0.195257
0.198287
0.201681
0.205462
0.209657
0.214511
0.220212
0.226755
0.234954
0.246386
0.261581
0.275625
0.281805
0.277256
0.251923
0.198876
0.178283
0.174785
0.176346
0.180335
0.186114
0.193034
0.20034
0.205407
0.207242
0.208398
0.209806
0.211983
0.215146
0.218808
0.222073
0.224608
0.227133
0.232151
0.241089
0.245065
0.247371
0.234517
0.201183
0.18656
0.183303
0.183363
0.184788
0.186284
0.188289
0.191879
0.19741
0.203432
0.206925
0.208503
0.209227
0.209665
0.21021
0.211827
0.214612
0.218301
0.223087
0.228254
0.230446
0.227211
0.21858
0.194472
0.176284
0.174637
0.176212
0.179684
0.183482
0.185638
0.186276
0.186317
0.186463
0.187151
0.188593
0.190894
0.194342
0.198731
0.202791
0.206112
0.208391
0.209835
0.211927
0.215333
0.217789
0.215551
0.210598
0.196069
0.182127
0.180817
0.183331
0.18717
0.190747
0.1923
0.19277
0.192931
0.19303
0.193145
0.193311
0.193723
0.1941
0.194075
0.193692
0.19378
0.195038
0.197874
0.201945
0.206043
0.207301
0.205778
0.198503
0.184402
0.177798
0.177006
0.178012
0.180525
0.183173
0.184753
0.185473
0.185971
0.186749
0.188105
0.190105
0.192216
0.193753
0.193936
0.193121
0.19188
0.190981
0.190875
0.192156
0.195064
0.196675
0.197824
0.196007
0.188417
0.180389
0.178982
0.179132
0.180676
0.183229
0.185026
0.18569
0.185859
0.186191
0.186987
0.188499
0.19083
0.192451
0.192382
0.191434
0.189824
0.188176
0.18728
0.187251
0.188215
0.188686
0.188457
0.186843
0.181396
0.174764
0.17337
0.173432
0.174337
0.176388
0.178034
0.178498
0.178503
0.178404
0.178337
0.178593
0.179487
0.18083
0.181238
0.181192
0.180727
0.1801
0.179927
0.180215
0.181691
0.182933
0.183348
0.182632
0.178682
0.173275
0.171671
0.171582
0.172397
0.174379
0.176005
0.176394
0.176512
0.176522
0.17636
0.176496
0.177207
0.178883
0.180665
0.181366
0.181495
0.180914
0.180314
0.179913
0.180352
0.181445
0.181589
0.180845
0.178696
0.173342
0.169169
0.168697
0.16886
0.169789
0.170991
0.171272
0.17081
0.169991
0.169238
0.168806
0.168714
0.168894
0.169295
0.169857
0.170338
0.17006
0.169586
0.169381
0.169487
0.170136
0.17099
0.171104
0.170483
0.168353
0.163039
0.158011
0.156958
0.156907
0.157211
0.157633
0.157563
0.156913
0.155916
0.154867
0.154139
0.153716
0.153651
0.154076
0.155496
0.157664
0.15871
0.158546
0.158101
0.157752
0.157668
0.158059
0.158942
0.159357
0.159427
0.158742
0.155953
0.151431
0.149551
0.149494
0.149819
0.151003
0.151949
0.151986
0.151609
0.150912
0.150132
0.149546
0.149063
0.149764
56.65
1.83723
0.196843
0.184566
0.162541
0.154709
0.15418
0.162143
0.17557
0.19247
0.210712
0.229801
0.250502
0.271964
0.287433
0.290642
0.29177
0.292185
0.294414
0.294022
0.275369
0.209904
0.167751
0.165737
0.170635
0.178563
0.185456
0.190441
0.194079
0.197189
0.200345
0.203889
0.207774
0.21182
0.216159
0.221162
0.227292
0.23582
0.248531
0.264186
0.278031
0.283638
0.27687
0.248017
0.194606
0.177166
0.174241
0.176057
0.180132
0.186068
0.19347
0.200622
0.205407
0.207179
0.208092
0.209341
0.211492
0.214694
0.218423
0.221847
0.224601
0.227395
0.232763
0.241633
0.245148
0.247102
0.233694
0.199738
0.185676
0.182932
0.183337
0.185095
0.186915
0.18896
0.19225
0.196913
0.201952
0.205805
0.207829
0.20898
0.209862
0.210633
0.211965
0.213857
0.21642
0.220172
0.225502
0.228896
0.22658
0.220242
0.19949
0.17998
0.17796
0.179486
0.182085
0.184794
0.186098
0.186292
0.186157
0.18626
0.186886
0.188177
0.190286
0.193236
0.196989
0.201079
0.205057
0.208018
0.209759
0.212306
0.216091
0.218569
0.216297
0.211204
0.196147
0.182582
0.181092
0.182945
0.18582
0.188319
0.189547
0.190158
0.190861
0.191846
0.192731
0.193509
0.194383
0.195006
0.195003
0.194543
0.19454
0.195954
0.199211
0.203699
0.208296
0.210113
0.208175
0.199969
0.185182
0.178311
0.177163
0.178264
0.180924
0.18389
0.185811
0.186755
0.187143
0.187509
0.188191
0.189345
0.190701
0.191871
0.192092
0.191626
0.190839
0.190338
0.190709
0.192419
0.195459
0.196714
0.197117
0.194966
0.18724
0.179514
0.178322
0.178896
0.180516
0.183015
0.184734
0.185197
0.185147
0.185146
0.185833
0.187498
0.190032
0.191893
0.19205
0.191589
0.190321
0.188909
0.188107
0.187995
0.188944
0.189461
0.189027
0.18719
0.181613
0.174784
0.173299
0.173481
0.174426
0.176531
0.178342
0.178961
0.178992
0.178817
0.17878
0.179252
0.180334
0.181422
0.181294
0.181046
0.180272
0.179431
0.179177
0.17939
0.181088
0.182748
0.183488
0.18309
0.179462
0.173664
0.171603
0.171012
0.171421
0.173063
0.17442
0.17462
0.174677
0.174596
0.174366
0.174434
0.175151
0.176977
0.179242
0.180171
0.180603
0.180296
0.179625
0.179215
0.179253
0.179997
0.179811
0.178965
0.176746
0.17146
0.167544
0.167216
0.167498
0.168575
0.169787
0.17006
0.169635
0.168651
0.167628
0.166709
0.166034
0.165697
0.165874
0.166884
0.168385
0.169027
0.169034
0.169026
0.169307
0.170233
0.171355
0.171576
0.171036
0.16902
0.163596
0.158157
0.156936
0.15681
0.157055
0.157427
0.157334
0.156793
0.155865
0.154812
0.154082
0.153644
0.153579
0.154001
0.15537
0.15757
0.158689
0.158616
0.158256
0.157998
0.158047
0.158585
0.159503
0.159932
0.160084
0.159363
0.156398
0.151514
0.149462
0.149313
0.149651
0.15076
0.151442
0.151376
0.150892
0.150114
0.149449
0.148907
0.148379
0.149172
56.5025
1.88835
0.192074
0.179005
0.161134
0.154582
0.155936
0.164532
0.177998
0.194549
0.211956
0.229598
0.248746
0.268863
0.282981
0.287481
0.288595
0.291542
0.294974
0.294872
0.274355
0.206177
0.165676
0.16367
0.168693
0.176996
0.184781
0.190796
0.195209
0.198765
0.202093
0.205763
0.209911
0.214339
0.218987
0.224163
0.230607
0.239145
0.251209
0.265964
0.278196
0.282228
0.274719
0.241345
0.189199
0.175795
0.174123
0.176577
0.181063
0.187078
0.193963
0.200451
0.204286
0.206012
0.207045
0.208432
0.210845
0.214255
0.218015
0.221408
0.22411
0.227033
0.232816
0.242153
0.245445
0.246457
0.232846
0.198513
0.184726
0.182564
0.183334
0.185702
0.188147
0.190409
0.193094
0.19619
0.199669
0.203087
0.205806
0.207791
0.209374
0.210629
0.211744
0.212715
0.214171
0.217021
0.22258
0.227215
0.226038
0.221956
0.205129
0.185111
0.181901
0.183
0.184732
0.186675
0.18737
0.187253
0.18707
0.18719
0.187892
0.189284
0.191259
0.19363
0.196432
0.199963
0.20361
0.207063
0.209398
0.212657
0.216795
0.218815
0.216799
0.211859
0.196222
0.182947
0.181254
0.182598
0.184301
0.186008
0.187021
0.187926
0.189129
0.190638
0.192264
0.193814
0.195473
0.196479
0.196438
0.19597
0.195922
0.197388
0.200788
0.205522
0.21035
0.212431
0.21016
0.201027
0.185633
0.178826
0.177584
0.178854
0.181768
0.184879
0.186671
0.187425
0.187496
0.187463
0.187698
0.188386
0.189487
0.190899
0.191437
0.191188
0.190795
0.190621
0.191229
0.193246
0.196237
0.197147
0.196828
0.194264
0.186114
0.178217
0.177193
0.178062
0.179887
0.182532
0.184219
0.184472
0.184125
0.183847
0.18424
0.185632
0.188027
0.190577
0.19167
0.191919
0.191191
0.190145
0.189219
0.189158
0.190183
0.190656
0.190163
0.188085
0.182129
0.174904
0.173215
0.173394
0.174336
0.176417
0.178301
0.178947
0.179049
0.179006
0.17898
0.179491
0.180791
0.182267
0.182395
0.182454
0.181853
0.180829
0.180402
0.180378
0.181934
0.183569
0.184348
0.183868
0.179971
0.173599
0.171028
0.170098
0.170322
0.17157
0.172583
0.172627
0.172587
0.172462
0.172325
0.172523
0.173447
0.175437
0.177713
0.178614
0.178951
0.178888
0.17852
0.178272
0.178322
0.178679
0.17815
0.177078
0.174481
0.168962
0.16537
0.165216
0.165587
0.166764
0.16802
0.168286
0.167701
0.166578
0.165274
0.16414
0.163499
0.163421
0.164021
0.165663
0.167446
0.168186
0.168346
0.168575
0.169161
0.170424
0.171661
0.171923
0.171424
0.169341
0.163757
0.158127
0.15682
0.156641
0.157016
0.157713
0.157763
0.157252
0.156309
0.155368
0.154665
0.154254
0.154197
0.154611
0.155926
0.158159
0.159383
0.159377
0.159149
0.159027
0.159198
0.159785
0.160591
0.160941
0.161041
0.160209
0.156922
0.151653
0.149491
0.149265
0.149599
0.150596
0.151057
0.150957
0.150476
0.149793
0.149296
0.148806
0.148248
0.149092
56.6281
1.70287
0.18899
0.176229
0.160175
0.155379
0.157959
0.166926
0.180457
0.196461
0.212836
0.229166
0.246953
0.26612
0.280434
0.286252
0.28709
0.291036
0.294865
0.294423
0.272776
0.203585
0.164353
0.162716
0.16772
0.175727
0.183536
0.190352
0.195512
0.199727
0.203573
0.207619
0.212302
0.217513
0.223101
0.229095
0.235675
0.243234
0.25379
0.267254
0.276924
0.279415
0.271011
0.232757
0.183958
0.174715
0.17444
0.177801
0.182762
0.188227
0.193887
0.198869
0.202001
0.203943
0.205487
0.207402
0.210166
0.213722
0.217415
0.220561
0.223143
0.226203
0.232384
0.242379
0.245904
0.245946
0.232486
0.19776
0.183721
0.182353
0.183539
0.186539
0.189599
0.192036
0.194023
0.195705
0.197501
0.199772
0.20244
0.205125
0.207606
0.209561
0.210803
0.211576
0.212475
0.214677
0.22011
0.225908
0.225924
0.223815
0.210565
0.190006
0.18508
0.185409
0.186505
0.188295
0.189252
0.189468
0.189688
0.190203
0.191191
0.192549
0.193991
0.19542
0.197089
0.199474
0.202288
0.205587
0.208726
0.212772
0.21705
0.219065
0.217138
0.212004
0.195619
0.182873
0.181461
0.182456
0.183639
0.185009
0.185873
0.18651
0.187624
0.189513
0.191853
0.19408
0.196227
0.197714
0.197994
0.197765
0.197839
0.199155
0.202606
0.207432
0.211962
0.213829
0.211187
0.201439
0.185731
0.17937
0.178334
0.179803
0.182773
0.185629
0.186935
0.187176
0.186947
0.186758
0.186903
0.187757
0.189383
0.191128
0.191935
0.191894
0.191701
0.191717
0.192389
0.194415
0.197249
0.197967
0.197013
0.19406
0.185542
0.176992
0.175741
0.176623
0.178538
0.18133
0.183092
0.183376
0.182931
0.182437
0.182498
0.18358
0.186038
0.189322
0.191238
0.191877
0.191548
0.190809
0.190133
0.190488
0.191846
0.192338
0.19198
0.189655
0.182991
0.1753
0.173455
0.173438
0.17433
0.176352
0.178211
0.178824
0.178958
0.178945
0.17897
0.179553
0.18111
0.183238
0.184099
0.184506
0.184288
0.18337
0.182822
0.182665
0.183965
0.185025
0.185432
0.184507
0.179852
0.172698
0.170001
0.16908
0.169211
0.170189
0.170971
0.171
0.170954
0.170848
0.170859
0.17109
0.171943
0.173827
0.176049
0.177291
0.177461
0.177429
0.177356
0.177499
0.177858
0.178063
0.177354
0.17586
0.172472
0.166277
0.162905
0.162828
0.163271
0.164574
0.165725
0.165809
0.165202
0.164171
0.163137
0.162519
0.162346
0.16258
0.163462
0.165182
0.166996
0.167784
0.168014
0.168306
0.168942
0.170059
0.171139
0.171424
0.171051
0.169113
0.163575
0.157912
0.156603
0.156409
0.156921
0.158006
0.158347
0.158094
0.157412
0.156632
0.156009
0.155663
0.15565
0.156107
0.157484
0.159818
0.16113
0.161152
0.160953
0.160869
0.161041
0.161469
0.162051
0.162285
0.162235
0.16118
0.157456
0.151926
0.149755
0.149477
0.14968
0.150377
0.150848
0.150812
0.150472
0.149948
0.149573
0.149157
0.148646
0.149529
56.5764
1.75999
0.190546
0.177862
0.160699
0.15736
0.160563
0.169882
0.183197
0.198205
0.213453
0.22884
0.245658
0.26392
0.278561
0.286088
0.287282
0.291554
0.29518
0.293669
0.271665
0.202585
0.164029
0.162734
0.167537
0.175164
0.182449
0.189209
0.195029
0.200041
0.204702
0.209578
0.215144
0.221459
0.228178
0.234895
0.241302
0.24779
0.256328
0.268386
0.275195
0.275609
0.266156
0.222889
0.179798
0.174298
0.175276
0.179507
0.184473
0.188893
0.192892
0.196252
0.199086
0.201501
0.203784
0.206464
0.209746
0.213438
0.216957
0.219754
0.222033
0.225072
0.231581
0.242232
0.246447
0.245788
0.232714
0.197619
0.182743
0.182233
0.183898
0.187592
0.19112
0.193481
0.1946
0.195203
0.195933
0.196925
0.198615
0.201152
0.204213
0.207153
0.209397
0.210681
0.2116
0.213443
0.218325
0.224812
0.226104
0.22562
0.214722
0.193688
0.187073
0.186585
0.187284
0.189067
0.190464
0.191446
0.192686
0.194291
0.195993
0.19731
0.198029
0.19856
0.199091
0.199955
0.201587
0.2041
0.207696
0.212201
0.216798
0.218501
0.216838
0.211104
0.194691
0.183026
0.181859
0.182759
0.183813
0.18513
0.18571
0.185856
0.18654
0.1883
0.191112
0.194248
0.196966
0.198894
0.199756
0.199836
0.200042
0.201448
0.204539
0.209095
0.213038
0.214441
0.211619
0.201438
0.185604
0.179965
0.179373
0.18081
0.183581
0.185793
0.186464
0.186208
0.185741
0.185552
0.18599
0.187455
0.189885
0.192307
0.193492
0.193723
0.193618
0.193497
0.193952
0.195791
0.19841
0.199026
0.197721
0.194301
0.185188
0.176015
0.174253
0.17488
0.176806
0.179689
0.181512
0.182014
0.181748
0.181273
0.181273
0.182288
0.184796
0.188218
0.190487
0.191282
0.191241
0.190841
0.190609
0.191555
0.19357
0.19438
0.194283
0.191765
0.184207
0.175916
0.17381
0.17343
0.174154
0.175981
0.177886
0.178632
0.178884
0.178911
0.178921
0.17953
0.181303
0.183957
0.185514
0.186145
0.186336
0.18616
0.185842
0.186045
0.187138
0.187403
0.186999
0.184858
0.178675
0.171085
0.168776
0.167967
0.168094
0.168997
0.169792
0.169917
0.17001
0.170026
0.170269
0.170502
0.171169
0.172723
0.174664
0.175666
0.175853
0.175986
0.17629
0.176899
0.177725
0.178041
0.177406
0.1756
0.171159
0.163985
0.160746
0.160621
0.160955
0.16211
0.163225
0.163328
0.16296
0.162397
0.161984
0.161835
0.161964
0.162393
0.163418
0.165297
0.167183
0.167914
0.168049
0.168216
0.16864
0.169367
0.170077
0.170334
0.169995
0.168047
0.162731
0.157555
0.156409
0.156184
0.156692
0.157908
0.158583
0.158569
0.158313
0.157991
0.1578
0.157788
0.158074
0.158881
0.160578
0.163035
0.164287
0.164231
0.163853
0.163557
0.163447
0.163555
0.163835
0.163863
0.163528
0.162046
0.157638
0.151892
0.149839
0.149539
0.149705
0.150346
0.151058
0.151199
0.151004
0.150671
0.150338
0.149992
0.149571
0.150505
56.6442
1.7747
0.193613
0.180822
0.161338
0.158109
0.162756
0.173014
0.185746
0.199705
0.213923
0.228653
0.24491
0.262488
0.277101
0.286157
0.288304
0.292725
0.295728
0.292738
0.271074
0.202736
0.164283
0.163462
0.168117
0.175233
0.181817
0.187932
0.193892
0.199663
0.205341
0.211422
0.2182
0.225688
0.233273
0.24012
0.245942
0.251382
0.258879
0.269041
0.273852
0.272434
0.260769
0.213382
0.176961
0.174446
0.176471
0.181185
0.185595
0.188853
0.191316
0.19364
0.196235
0.199085
0.20223
0.205772
0.209568
0.213296
0.216551
0.219005
0.221047
0.224043
0.230614
0.241854
0.246894
0.2458
0.233334
0.198034
0.181799
0.181935
0.184408
0.188771
0.192395
0.194351
0.194736
0.194682
0.194646
0.194906
0.19564
0.197338
0.200283
0.204173
0.207663
0.209929
0.211382
0.213037
0.217273
0.224228
0.226577
0.227136
0.217818
0.196588
0.188383
0.187181
0.187671
0.189422
0.191281
0.193075
0.195356
0.198112
0.200663
0.202225
0.202801
0.202689
0.202121
0.201593
0.201778
0.203167
0.206485
0.211019
0.215854
0.217595
0.215531
0.20959
0.194081
0.183567
0.182691
0.183654
0.184672
0.185861
0.186256
0.186076
0.186172
0.187281
0.189868
0.193478
0.197051
0.199838
0.20144
0.202146
0.202634
0.203647
0.205981
0.210221
0.213557
0.214391
0.211903
0.20148
0.185533
0.180651
0.180478
0.181693
0.184014
0.185524
0.18569
0.185176
0.184696
0.184685
0.185467
0.18755
0.190899
0.193936
0.195561
0.196062
0.195909
0.19553
0.195687
0.197195
0.199566
0.200086
0.198667
0.194775
0.184746
0.175095
0.172956
0.173131
0.174923
0.177742
0.179778
0.180768
0.180933
0.180663
0.180721
0.181719
0.184111
0.187228
0.189489
0.190273
0.190551
0.190511
0.19075
0.192317
0.195008
0.196218
0.196597
0.194004
0.185426
0.176471
0.174185
0.173493
0.174047
0.175683
0.177537
0.178421
0.178873
0.179049
0.179095
0.179662
0.181433
0.184304
0.186689
0.187676
0.188281
0.188688
0.188944
0.189737
0.190683
0.190324
0.188966
0.185232
0.176624
0.169156
0.167454
0.1668
0.167012
0.168036
0.169029
0.169243
0.169572
0.16973
0.170165
0.17038
0.170926
0.172197
0.173771
0.174562
0.174695
0.174776
0.17527
0.1763
0.177629
0.17822
0.177808
0.175951
0.170327
0.162093
0.158969
0.158738
0.158917
0.159862
0.161122
0.161466
0.161401
0.161289
0.161255
0.161357
0.161664
0.162324
0.163629
0.165756
0.167569
0.168162
0.168136
0.168078
0.168236
0.168623
0.168959
0.169157
0.168682
0.166534
0.161405
0.156843
0.155925
0.155781
0.156367
0.15777
0.158771
0.158959
0.159029
0.159161
0.159473
0.160034
0.160912
0.162259
0.164387
0.1669
0.167926
0.167755
0.167093
0.166236
0.165628
0.165301
0.165174
0.164983
0.164439
0.162676
0.15784
0.152181
0.150428
0.150151
0.150323
0.151018
0.151867
0.152021
0.151794
0.151448
0.15113
0.150852
0.1505
0.151393
56.5934
1.86332
0.196479
0.182623
0.160706
0.158142
0.163346
0.175821
0.187575
0.200674
0.21425
0.228613
0.244498
0.261353
0.275675
0.286062
0.289375
0.294022
0.296459
0.292132
0.270994
0.203727
0.164858
0.164445
0.168962
0.175679
0.181663
0.186977
0.192584
0.198879
0.205616
0.212877
0.22085
0.229209
0.237127
0.243744
0.248837
0.253895
0.261043
0.269524
0.273217
0.270345
0.256445
0.206155
0.174973
0.174852
0.177874
0.182839
0.186443
0.188541
0.18997
0.191626
0.193916
0.197026
0.200948
0.205366
0.209735
0.213481
0.21634
0.218409
0.220285
0.223312
0.229823
0.241338
0.247241
0.24597
0.234125
0.198793
0.181169
0.181471
0.184817
0.189736
0.193341
0.194778
0.194708
0.194275
0.193796
0.193486
0.193602
0.194644
0.19724
0.201572
0.205991
0.209409
0.211456
0.213177
0.217017
0.224217
0.2272
0.228349
0.219699
0.198376
0.188985
0.187265
0.187622
0.189468
0.191834
0.194343
0.197378
0.201002
0.20406
0.20588
0.206666
0.206221
0.204883
0.203552
0.202507
0.202818
0.205418
0.209818
0.214448
0.216566
0.214176
0.20864
0.194387
0.184127
0.183107
0.184176
0.185474
0.18697
0.187399
0.186911
0.186461
0.186797
0.188613
0.192048
0.196604
0.200901
0.203624
0.204723
0.205007
0.205295
0.206774
0.210499
0.213542
0.214043
0.211931
0.201483
0.185603
0.181236
0.181281
0.182187
0.18399
0.185174
0.185012
0.184242
0.183675
0.183792
0.185085
0.187862
0.192019
0.195489
0.197481
0.198093
0.197787
0.197153
0.196979
0.198175
0.200337
0.200847
0.199446
0.195215
0.184422
0.174435
0.171968
0.171704
0.173313
0.176168
0.178514
0.179968
0.180604
0.180548
0.18064
0.181522
0.183638
0.186352
0.188277
0.189104
0.189564
0.189871
0.190584
0.192765
0.196068
0.197685
0.198577
0.196088
0.186858
0.177068
0.174517
0.173549
0.173869
0.175305
0.177161
0.178218
0.178945
0.179313
0.179446
0.179941
0.181514
0.184205
0.186663
0.188169
0.189322
0.190318
0.191385
0.192644
0.193387
0.192666
0.190781
0.185325
0.174363
0.167486
0.166344
0.165904
0.166241
0.167448
0.168661
0.168989
0.169521
0.16985
0.170437
0.170679
0.171133
0.172177
0.173337
0.173857
0.173931
0.174035
0.174596
0.175854
0.177659
0.17861
0.17834
0.176465
0.169836
0.16072
0.157815
0.157537
0.157625
0.158485
0.159749
0.160316
0.16048
0.160591
0.16075
0.161001
0.16146
0.162351
0.164014
0.166357
0.167934
0.168324
0.168102
0.167825
0.167776
0.167939
0.168144
0.168239
0.167592
0.165234
0.160278
0.15621
0.155407
0.155302
0.155932
0.1575
0.158868
0.159302
0.159517
0.15989
0.160547
0.161559
0.162964
0.164881
0.167567
0.170408
0.171589
0.171579
0.171049
0.170081
0.169069
0.168326
0.167689
0.166908
0.165782
0.163288
0.157748
0.152473
0.151078
0.150882
0.151189
0.152103
0.153247
0.153546
0.153414
0.153139
0.152845
0.15254
0.152222
0.153024
56.6187
1.83982
0.196592
0.181924
0.158638
0.156553
0.162623
0.177338
0.188489
0.201499
0.214868
0.229115
0.244695
0.260954
0.275155
0.286517
0.290722
0.295703
0.297731
0.292571
0.271382
0.204325
0.164946
0.164781
0.169474
0.176064
0.181625
0.186414
0.191642
0.197847
0.20525
0.213438
0.22215
0.231142
0.239627
0.246441
0.251463
0.256295
0.262849
0.270173
0.272523
0.268196
0.252376
0.201198
0.17339
0.174454
0.178491
0.183718
0.187118
0.188544
0.189377
0.190565
0.192619
0.195742
0.199943
0.204778
0.209555
0.213528
0.216325
0.218208
0.219962
0.222986
0.229473
0.241025
0.247614
0.246447
0.234877
0.199308
0.180635
0.181053
0.184885
0.190014
0.193685
0.194903
0.194622
0.194002
0.193316
0.192729
0.192467
0.193017
0.195406
0.199721
0.204371
0.208526
0.210997
0.212913
0.21682
0.224396
0.228002
0.229419
0.220867
0.199259
0.189176
0.18723
0.187496
0.189387
0.192051
0.195135
0.198824
0.203052
0.206577
0.208772
0.209707
0.209064
0.207265
0.205292
0.203363
0.202481
0.204031
0.207998
0.212448
0.215372
0.213632
0.208257
0.194656
0.184561
0.183487
0.184701
0.186276
0.188038
0.188605
0.187982
0.187101
0.186773
0.187807
0.190863
0.195922
0.201251
0.204842
0.206273
0.206552
0.206547
0.207678
0.211062
0.213799
0.213905
0.211751
0.201228
0.185644
0.181465
0.18166
0.18248
0.184055
0.184966
0.184717
0.183835
0.183206
0.18345
0.184983
0.188229
0.192926
0.196599
0.198788
0.199438
0.199104
0.19831
0.197913
0.198887
0.200839
0.201347
0.199964
0.195525
0.184192
0.173846
0.171163
0.17064
0.172122
0.174999
0.177503
0.179215
0.180227
0.180392
0.180593
0.18145
0.183374
0.185804
0.187457
0.188285
0.188824
0.189389
0.190452
0.19306
0.196734
0.19856
0.199727
0.197248
0.187612
0.177387
0.174703
0.173585
0.173739
0.17506
0.176871
0.177924
0.178783
0.179316
0.179684
0.180208
0.181742
0.184358
0.186952
0.188773
0.19028
0.191724
0.193356
0.194832
0.195278
0.194022
0.191522
0.184918
0.172602
0.166276
0.165396
0.165127
0.165622
0.167028
0.16846
0.168909
0.169504
0.169837
0.170443
0.170706
0.171101
0.172004
0.172988
0.173407
0.173464
0.173637
0.174312
0.175833
0.177938
0.178822
0.178509
0.17652
0.169312
0.159805
0.15704
0.156763
0.156815
0.157609
0.158853
0.159573
0.159875
0.160119
0.160413
0.160771
0.161417
0.162541
0.164434
0.166742
0.167962
0.168153
0.167801
0.167414
0.167267
0.167288
0.167392
0.167383
0.166693
0.164337
0.15956
0.155769
0.15506
0.155006
0.155699
0.157312
0.158852
0.159653
0.160121
0.160654
0.161472
0.162665
0.164304
0.166556
0.169641
0.172699
0.17415
0.174355
0.173976
0.173121
0.171896
0.170782
0.169751
0.168555
0.1668
0.163461
0.157505
0.152703
0.15156
0.151473
0.151844
0.152974
0.154278
0.15465
0.154598
0.154359
0.154102
0.153816
0.153524
0.154182
)
;

boundaryField
{
    sides
    {
        type            calculated;
        value           nonuniform List<scalar> 
600
(
56.6645
2.01332
0.219588
0.196037
0.159042
0.144685
0.146491
0.156511
0.171895
0.188627
0.204129
0.218629
0.23374
0.250486
0.267037
0.27997
0.283681
0.287741
0.290395
0.291118
0.284714
0.261218
0.198741
0.166187
0.164202
0.168577
0.17685
0.186163
0.195101
0.202871
0.209477
0.215499
0.220906
0.225311
0.228598
0.231324
0.234268
0.238106
0.244824
0.258093
0.271463
0.280548
0.276865
0.24251
0.192516
0.178786
0.175984
0.178038
0.182114
0.187942
0.19508
0.20183
0.205626
0.206614
0.2067
0.207065
0.208618
0.211553
0.214722
0.21718
0.218682
0.220071
0.223333
0.230416
0.237617
0.241359
0.241574
0.220402
0.193794
0.188807
0.186945
0.187724
0.188671
0.189118
0.190347
0.193556
0.198408
0.203657
0.207382
0.209164
0.209394
0.208318
0.206722
0.206038
0.206806
0.209621
0.215066
0.222928
0.226998
0.226995
0.219901
0.201177
0.191689
0.191239
0.19144
0.193106
0.194628
0.195449
0.195973
0.196175
0.196192
0.196566
0.197703
0.199531
0.201733
0.204036
0.206451
0.208452
0.210587
0.212388
0.213762
0.213943
0.211347
0.206252
0.193658
0.184006
0.183255
0.185545
0.188502
0.191698
0.193791
0.194527
0.1947
0.194765
0.194879
0.195282
0.196243
0.197732
0.199315
0.200741
0.20237
0.20511
0.209847
0.215033
0.21873
0.221092
0.218299
0.207566
0.192294
0.186716
0.185265
0.185377
0.186445
0.187397
0.187593
0.187386
0.187122
0.187182
0.18802
0.189706
0.1921
0.194045
0.194756
0.194247
0.192922
0.191482
0.190654
0.191309
0.193208
0.193772
0.193811
0.190564
0.181892
0.175602
0.174758
0.17478
0.176372
0.179078
0.180845
0.181437
0.181686
0.18195
0.182324
0.182863
0.183704
0.184812
0.185247
0.185981
0.18654
0.186604
0.18715
0.187929
0.189742
0.191336
0.190669
0.188481
0.183523
0.176069
0.173091
0.173239
0.174939
0.178086
0.180352
0.181214
0.181027
0.180393
0.179344
0.178631
0.178488
0.178615
0.177809
0.177068
0.175868
0.17485
0.174568
0.17499
0.176154
0.177541
0.17822
0.177284
0.173765
0.167682
0.16439
0.163433
0.16338
0.164289
0.165982
0.167514
0.168478
0.169269
0.170249
0.171729
0.174051
0.176959
0.178734
0.179045
0.178912
0.178294
0.177545
0.176764
0.176094
0.175512
0.174429
0.173078
0.170002
0.163929
0.160212
0.159769
0.160024
0.160495
0.161544
0.162484
0.162778
0.162798
0.162832
0.163081
0.163631
0.164664
0.166363
0.168652
0.169752
0.169605
0.169048
0.16864
0.16879
0.169715
0.171009
0.17123
0.17055
0.16752
0.160652
0.156187
0.155673
0.155825
0.15679
0.158587
0.159821
0.160043
0.159971
0.159749
0.159495
0.15935
0.159432
0.159904
0.161154
0.163028
0.163908
0.163872
0.163649
0.163496
0.163696
0.164493
0.165498
0.165637
0.165015
0.162486
0.156223
0.151169
0.150335
0.15051
0.150971
0.151367
0.151339
0.150706
0.149661
0.14853
0.147663
0.146843
0.146208
0.147039
56.6187
1.83982
0.196592
0.181924
0.158638
0.156553
0.162623
0.177338
0.188489
0.201499
0.214868
0.229115
0.244695
0.260954
0.275155
0.286517
0.290722
0.295703
0.297731
0.292571
0.271382
0.204325
0.164946
0.164781
0.169474
0.176064
0.181625
0.186414
0.191642
0.197847
0.20525
0.213438
0.22215
0.231142
0.239627
0.246441
0.251463
0.256295
0.262849
0.270173
0.272523
0.268196
0.252376
0.201198
0.17339
0.174454
0.178491
0.183718
0.187118
0.188544
0.189377
0.190565
0.192619
0.195742
0.199943
0.204778
0.209555
0.213528
0.216325
0.218208
0.219962
0.222986
0.229473
0.241025
0.247614
0.246447
0.234877
0.199308
0.180635
0.181053
0.184885
0.190014
0.193685
0.194903
0.194622
0.194002
0.193316
0.192729
0.192467
0.193017
0.195406
0.199721
0.204371
0.208526
0.210997
0.212913
0.21682
0.224396
0.228002
0.229419
0.220867
0.199259
0.189176
0.18723
0.187496
0.189387
0.192051
0.195135
0.198824
0.203052
0.206577
0.208772
0.209707
0.209064
0.207265
0.205292
0.203363
0.202481
0.204031
0.207998
0.212448
0.215372
0.213632
0.208257
0.194656
0.184561
0.183487
0.184701
0.186276
0.188038
0.188605
0.187982
0.187101
0.186773
0.187807
0.190863
0.195922
0.201251
0.204842
0.206273
0.206552
0.206547
0.207678
0.211062
0.213799
0.213905
0.211751
0.201228
0.185644
0.181465
0.18166
0.18248
0.184055
0.184966
0.184717
0.183835
0.183206
0.18345
0.184983
0.188229
0.192926
0.196599
0.198788
0.199438
0.199104
0.19831
0.197913
0.198887
0.200839
0.201347
0.199964
0.195525
0.184192
0.173846
0.171163
0.17064
0.172122
0.174999
0.177503
0.179215
0.180227
0.180392
0.180593
0.18145
0.183374
0.185804
0.187457
0.188285
0.188824
0.189389
0.190452
0.19306
0.196734
0.19856
0.199727
0.197248
0.187612
0.177387
0.174703
0.173585
0.173739
0.17506
0.176871
0.177924
0.178783
0.179316
0.179684
0.180208
0.181742
0.184358
0.186952
0.188773
0.19028
0.191724
0.193356
0.194832
0.195278
0.194022
0.191522
0.184918
0.172602
0.166276
0.165396
0.165127
0.165622
0.167028
0.16846
0.168909
0.169504
0.169837
0.170443
0.170706
0.171101
0.172004
0.172988
0.173407
0.173464
0.173637
0.174312
0.175833
0.177938
0.178822
0.178509
0.17652
0.169312
0.159805
0.15704
0.156763
0.156815
0.157609
0.158853
0.159573
0.159875
0.160119
0.160413
0.160771
0.161417
0.162541
0.164434
0.166742
0.167962
0.168153
0.167801
0.167414
0.167267
0.167288
0.167392
0.167383
0.166693
0.164337
0.15956
0.155769
0.15506
0.155006
0.155699
0.157312
0.158852
0.159653
0.160121
0.160654
0.161472
0.162665
0.164304
0.166556
0.169641
0.172699
0.17415
0.174355
0.173976
0.173121
0.171896
0.170782
0.169751
0.168555
0.1668
0.163461
0.157505
0.152703
0.15156
0.151473
0.151844
0.152974
0.154278
0.15465
0.154598
0.154359
0.154102
0.153816
0.153524
0.154182
)
;
    }
    inlet
    {
        type            calculated;
        value           nonuniform List<scalar> 
20
(
0.112016
0.111997
0.111962
0.111926
0.111928
0.111948
0.11199
0.112024
0.112051
0.112059
0.11207
0.11207
0.112015
0.111931
0.111816
0.111765
0.111783
0.111858
0.111944
0.111979
)
;
    }
    outlet
    {
        type            calculated;
        value           nonuniform List<scalar> 
20
(
0.147039
0.147751
0.148868
0.150589
0.152591
0.154341
0.155423
0.155514
0.154715
0.153317
0.151928
0.150673
0.149764
0.149172
0.149092
0.149529
0.150505
0.151393
0.153024
0.154182
)
;
    }
    empty
    {
        type            empty;
    }
}


// ************************************************************************* //
