/*--------------------------------*- C++ -*----------------------------------*\
| =========                 |                                                 |
| \\      /  F ield         | OpenFOAM: The Open Source CFD Toolbox           |
|  \\    /   O peration     | Version:  2306                                  |
|   \\  /    A nd           | Website:  www.openfoam.com                      |
|    \\/     M anipulation  |                                                 |
\*---------------------------------------------------------------------------*/
FoamFile
{
    version     2.0;
    format      ascii;
    arch        "LSB;label=32;scalar=64";
    class       volScalarField;
    location    "0.19";
    object      T;
}
// * * * * * * * * * * * * * * * * * * * * * * * * * * * * * * * * * * * * * //

dimensions      [0 0 0 1 0 0 0];

internalField   nonuniform List<scalar> 
6000
(
3109.44
2702.46
2221.91
2051.52
1878.23
1819.98
1835.24
1884.92
1953.56
2026.02
2092.6
2155.08
2220.76
2291.98
2360.1
2415.99
2443.37
2473.75
2505.4
2528.68
2520.38
2457.31
2214.73
2043.24
2040.21
2072.25
2122.69
2178.42
2233
2281.96
2324.73
2364.24
2401.78
2437.04
2469.16
2498.36
2525.52
2552.47
2588.55
2651.5
2715.55
2759.33
2747.88
2610.52
2373.27
2300.98
2289.04
2303.14
2328.55
2362.96
2404.14
2444.14
2471
2485.13
2494.45
2504.85
2521.75
2545.93
2571.46
2593.54
2610.97
2627.78
2652.83
2694.56
2737.65
2766.8
2776.87
2686.04
2552.22
2532.75
2531.46
2543.74
2555.67
2565.05
2578.31
2602.49
2635.19
2669.24
2694.1
2708.61
2714.12
2711.76
2708.17
2707.75
2713.46
2730.73
2761.62
2805.21
2828.56
2830.82
2798.96
2704.57
2653.97
2655.15
2661.34
2675.21
2688.39
2697.94
2706.4
2713.4
2719.12
2726.05
2736.45
2750.78
2767.62
2784.57
2801.52
2816.34
2832.53
2846.73
2856.71
2858.94
2847.62
2823.17
2756.22
2700.91
2697.39
2712.78
2731.98
2752.65
2767.23
2774.11
2777.69
2780.83
2784.73
2791.09
2801.57
2815.38
2829.39
2841.97
2855.44
2875.6
2908.73
2945.57
2973.54
2991.74
2981.49
2929.95
2849.1
2822.56
2819.26
2825.7
2838.88
2850.39
2857.67
2863.11
2867.97
2874.42
2886.34
2902.15
2921.48
2938.67
2949.63
2953.49
2952.47
2949.87
2948.44
2955.44
2971.52
2980.5
2985.95
2970.87
2918.83
2880.38
2878.45
2882.81
2897.89
2919.56
2935.42
2943.66
2949.86
2956.89
2965.16
2974.78
2986.26
2999.2
3007.45
3017.95
3028.68
3037.25
3048.34
3059.77
3077.41
3091.83
3091.12
3084.6
3060.32
3016.37
2999.43
3003.91
3022.44
3051.19
3072.69
3083.66
3087.41
3088.11
3085.28
3083.85
3086.56
3092.32
3091.78
3091.32
3086.13
3081.31
3082.83
3091.45
3104.3
3117.56
3125.13
3121.53
3100.7
3060.58
3040.19
3035.89
3038.47
3049.52
3065.93
3081.25
3092.63
3103.04
3115.19
3131.11
3153.14
3179.67
3198.49
3206.65
3211.28
3213.25
3214.29
3213.55
3213.07
3214.24
3213.01
3209.83
3192.86
3151.62
3126
3125.96
3133.27
3142.24
3156.18
3169.73
3177.55
3182.65
3188.4
3196.81
3207.81
3222.48
3242.25
3267.63
3284.05
3289.57
3292.28
3295.64
3302.93
3316.99
3334.29
3342.01
3342.12
3325.64
3276.49
3244.94
3245.91
3254.55
3270.19
3292.43
3310.66
3320.29
3327.11
3333.17
3339.02
3346.13
3356.43
3370.51
3391.02
3417.72
3436.68
3447.18
3456.23
3466.54
3480.42
3499.53
3521.02
3534.81
3542.67
3535.36
3492.48
3455.84
3457.74
3472.76
3489.91
3505.57
3516.41
3520.41
3522.36
3523.47
3527.05
3533.32
3545.59
3566.85
3109.99
2702.24
2209.02
2038.22
1881.05
1835.39
1850.48
1893.62
1956.21
2024.84
2090.76
2153.99
2220.14
2292.6
2362.34
2418.86
2446.22
2476.83
2509.2
2532.86
2523.13
2456.59
2211.04
2044.86
2045.49
2080.69
2132.09
2184.92
2233.24
2277.42
2318.65
2357.71
2395.18
2429.77
2460.92
2490.1
2519.38
2550.54
2589.87
2651.59
2711.62
2748.16
2738.94
2611.49
2373.19
2301.88
2293.58
2310.08
2336.83
2371.73
2409.42
2445.37
2468.46
2482.33
2493.27
2506.08
2525.2
2551.03
2577.99
2600.83
2618.25
2634.61
2659.59
2701.95
2743.78
2769.74
2772.93
2675.34
2542.71
2526.7
2528.03
2542.99
2556.77
2568.91
2585.14
2607.81
2635.39
2662.73
2685.42
2700.96
2709.27
2710.68
2710.73
2713.41
2722.41
2739.5
2768.13
2807.39
2824.76
2825.86
2792.76
2699.25
2652.04
2653.96
2660.48
2674.17
2686.68
2695.68
2703.74
2711.15
2718.61
2727.92
2740.53
2756.56
2772.61
2787.52
2800.74
2812.96
2827.2
2843.76
2857.19
2859.27
2850.17
2826.83
2758.58
2702.39
2698.26
2711.35
2727.43
2746.29
2760.26
2767.28
2771.56
2775.76
2781.33
2790.12
2802.9
2818.3
2832.8
2845.04
2856.99
2874.21
2903.82
2937.89
2963.93
2979.87
2969.28
2919.16
2839.35
2812.89
2810.23
2817.68
2832.44
2846.45
2855.47
2861.21
2865.97
2872.04
2882.89
2897.67
2916.25
2934.45
2946.98
2953.11
2954.72
2955.32
2956.92
2965.96
2981.33
2989.22
2992.48
2975.36
2919.75
2880.09
2877.78
2881.93
2896.5
2917.95
2933.6
2941.54
2947.84
2954.18
2961.44
2970.7
2983.05
2999.49
3012.52
3023.43
3033.18
3040.78
3049.69
3060.43
3078.16
3093.13
3093.05
3087.1
3060.82
3015.2
2998.56
3002.67
3018.91
3044.04
3064.15
3073.97
3077.38
3078.38
3076.97
3077.32
3084.02
3094.74
3100.93
3104.69
3103.38
3098.57
3098.96
3104.29
3114.12
3123.29
3128.01
3124.06
3102.16
3061.07
3041.73
3038.05
3040.72
3051.57
3067.82
3082.87
3093.99
3103.98
3115.1
3129.23
3149.46
3174.81
3193.61
3201.48
3205.61
3207.52
3209.37
3209.94
3211.14
3213.71
3213.35
3211.28
3195.14
3154
3127.75
3127.62
3134.62
3143.67
3157.97
3172.36
3180.94
3186.51
3192.63
3200.63
3210.96
3224.78
3243.73
3268.44
3286.45
3293.54
3297.36
3301.62
3310.12
3325.03
3341.46
3348.65
3348.78
3331.53
3281.89
3250.81
3251.77
3259.93
3274.68
3295.88
3313.13
3321.67
3327.92
3334.53
3341.95
3350.54
3361.87
3377.13
3399.25
3427.27
3446.32
3456.46
3465.08
3474.51
3486.99
3504.75
3523.77
3535.35
3543.45
3535.45
3493.28
3457.74
3459.27
3473.17
3490.82
3508.56
3520.47
3525.48
3527.24
3527.95
3532.13
3539.34
3551.96
3573.41
3110.96
2700.4
2197.72
2025.25
1888.17
1856.45
1867.6
1901.69
1955.75
2021.89
2088.73
2153.8
2220.23
2293.61
2366.16
2422.81
2450.49
2481.68
2514.55
2538.19
2525.55
2453.41
2202.59
2046.48
2054.66
2094.27
2145.09
2191.25
2230.08
2268.68
2309
2349.89
2388.52
2422.11
2452.26
2481.96
2514.16
2550.23
2592.78
2649.27
2702.12
2725.17
2724.45
2615.96
2379.89
2308.82
2305.18
2324.42
2353.31
2383.67
2414.15
2439.91
2460.54
2476.39
2490.62
2507.48
2530.35
2559.11
2588.47
2612.83
2630.64
2646.21
2670.65
2712.54
2749.99
2768.79
2763.6
2657.19
2531.17
2522.37
2526.63
2544.42
2562.07
2577.62
2593.86
2611.49
2630.53
2650.21
2669.55
2686.59
2701
2711.51
2718.17
2725.13
2735.35
2749.15
2775.09
2809.24
2819.49
2821.65
2786.02
2691.32
2648.93
2650.72
2657.86
2671.52
2683.09
2691.38
2699.98
2710.14
2721.37
2734.15
2748.98
2764.85
2779
2789.37
2796.29
2804.3
2816.65
2836.01
2856.3
2862.03
2856.49
2834.64
2763.71
2704.33
2699.57
2708.14
2720.66
2736.82
2749.42
2756.78
2762.69
2769.83
2779.07
2791.17
2806.65
2824.23
2839.86
2850.99
2860.27
2874.78
2899.39
2929.17
2951.43
2963.37
2953.94
2906.28
2827.5
2800.21
2798.88
2808.24
2825.15
2842.52
2853.51
2858.6
2862.09
2867.09
2876.48
2890.14
2908.12
2927.94
2942.87
2951.14
2955.68
2959.44
2966.05
2979.4
2995.54
3002.14
3002.11
2981.26
2920.55
2879.23
2876.28
2881.06
2896.23
2917.48
2932.65
2940.64
2945.28
2949.09
2954.66
2963.76
2977.8
2997.67
3017.2
3028.2
3035.64
3040.77
3047.72
3060.28
3080.89
3097.19
3099.91
3094.39
3065.52
3014.7
2998.21
3001.64
3014.62
3034.88
3051.77
3059.12
3061.93
3063.62
3064.79
3068.78
3080.29
3098.03
3109.94
3116.36
3118.68
3116.95
3117.94
3121.04
3128.4
3134.06
3135.73
3130.8
3104.99
3061.27
3043.89
3040.9
3043.72
3054.55
3070.88
3086.04
3096.83
3106.26
3115.74
3127.01
3144.05
3167.77
3186.68
3194.71
3198.46
3200.46
3202.74
3205.03
3208.33
3212.72
3213.63
3213.11
3198.62
3158.23
3130.73
3130.46
3137.6
3147.43
3162.46
3177.81
3186.28
3192.18
3198.4
3205.84
3215.27
3227.9
3245.71
3269.77
3289.3
3297.84
3302.78
3308.76
3319.66
3337.2
3352.89
3359.78
3359.87
3341.29
3290.44
3260.95
3262.07
3269.46
3283.01
3302.36
3317.69
3325.21
3330.97
3336.98
3344.24
3354.24
3367.56
3386.52
3413.14
3443.53
3462.79
3472.64
3480.59
3488.56
3497.94
3512.13
3528.57
3539.8
3546.01
3535.89
3494.27
3460.79
3461.44
3472.35
3489.79
3510.49
3524.57
3532.18
3535.7
3536.99
3541.26
3549.45
3561.99
3582.6
3111.94
2703.16
2185.02
2019.57
1899.37
1878.68
1882.95
1907.71
1953.82
2017.75
2086.74
2154.29
2222.04
2297.74
2372.78
2429.68
2459
2489.82
2521.48
2543.11
2527.95
2449.59
2192.74
2050.77
2068.28
2110.53
2157.79
2195.84
2227.05
2259.76
2297.42
2338.66
2378.76
2413.52
2444.31
2475.75
2510.98
2550.5
2594.76
2647.48
2691.57
2699.34
2703.38
2615.84
2388.43
2314.64
2317.51
2341.1
2371.87
2397.59
2418.56
2436.08
2453.6
2471.03
2489.04
2510.25
2537.27
2569.21
2601.23
2626.75
2644.78
2660.02
2683.81
2724.51
2756.58
2765.48
2752.02
2635.44
2518.44
2514.99
2526.82
2548.67
2570.22
2586.82
2600.25
2612.06
2624.01
2637.36
2652.95
2670.32
2689.99
2710.55
2727.38
2739.5
2750.44
2761.62
2782.45
2810.89
2816.89
2818.78
2777.07
2680.03
2643.9
2645.41
2653.42
2666.98
2677.11
2684.26
2694.56
2709.92
2726.97
2744.56
2760.83
2774.15
2784.72
2791.08
2794.17
2798.48
2807.58
2826.28
2852.57
2864.18
2863.8
2844.27
2770.89
2707.52
2702.37
2707.27
2716.78
2730.01
2740.16
2746.69
2753.91
2764.02
2777.59
2793.87
2813.39
2833.15
2848.02
2855.69
2861.81
2872.81
2891.52
2916.15
2933.89
2940.23
2931.82
2887.47
2811.52
2783.22
2783.98
2796.42
2816.05
2836.44
2849.29
2854.55
2856.98
2861.04
2869.72
2883.11
2901.37
2921.61
2938.14
2948.45
2955.93
2963.34
2974.69
2994
3012.44
3017.92
3014.6
2989.26
2922.68
2877.25
2872.48
2877.79
2893.97
2915.64
2930.55
2938.21
2941.02
2942.9
2947.61
2958.1
2975.38
2998.54
3020.34
3031.92
3036.39
3040.23
3047.23
3062.32
3085.69
3102.83
3108.31
3102.17
3065.69
3009.79
2995.28
2997.78
3006.81
3021.25
3034.17
3040.72
3045.32
3049.61
3054.38
3062.63
3078.32
3101.64
3118.68
3127.49
3132.4
3135.3
3137.36
3141.79
3149.11
3153.74
3153.95
3144.96
3111.24
3063.53
3047.66
3045.29
3047.97
3058.51
3074.23
3089.45
3099.38
3108.08
3115.76
3124.55
3138.75
3160.7
3179.41
3187.89
3191.05
3193.49
3196.13
3200.08
3206.43
3213.2
3215.68
3216.71
3204.27
3165.03
3136.11
3135.94
3143.6
3154.38
3170.43
3186.23
3194.79
3200.92
3206.49
3212.7
3220.71
3232.07
3249.49
3273.84
3295.98
3307.13
3314.07
3322.55
3335.72
3354.32
3368.69
3375.56
3375.7
3354.86
3301.5
3274
3274.92
3281.02
3293.29
3310.33
3324.21
3331.46
3337.62
3344.32
3352.54
3363.84
3379.23
3401.26
3431.43
3462.29
3479.58
3488.61
3495.75
3502.63
3510.1
3520.99
3533.64
3542.79
3545.63
3534.89
3498.26
3467.24
3466.07
3474.23
3490.3
3512.24
3529.33
3539.95
3546.05
3549.61
3554.62
3563.51
3576.16
3595.93
3111.9
2693.51
2179.25
2025.84
1914.73
1894.83
1891.1
1909.37
1949.35
2011.38
2083.13
2155.54
2228.12
2306.6
2383.87
2441.43
2470.88
2498.31
2526.63
2543.55
2528.75
2445
2181.99
2058.42
2082.31
2124.55
2166.86
2198.53
2224.27
2251.49
2285.03
2325.22
2367.47
2406.59
2441.11
2474.82
2511.54
2551.45
2593.93
2640.29
2678.29
2683.79
2681.96
2609.14
2397.91
2315.17
2328.69
2356.92
2388.86
2411.16
2424.93
2436.63
2449.98
2466.58
2487.09
2512.46
2543.36
2577.91
2611.24
2637.64
2656.71
2672.37
2695.51
2733.81
2760.96
2761.99
2740.36
2614.94
2507.09
2507.82
2528.1
2554.96
2578.96
2594.25
2603.49
2610.16
2617.01
2626.11
2638.84
2655.53
2678.21
2707.36
2733.31
2753.4
2765.4
2774.7
2790.93
2813.98
2816.67
2815.26
2764.25
2664.93
2635.8
2637.28
2646.23
2659.4
2668.06
2675.34
2689.71
2710.82
2735.15
2757.33
2772.87
2783.33
2789.21
2789.65
2790.16
2791.45
2799.4
2818.88
2848.29
2865.25
2871.15
2853.81
2780.49
2711.92
2705.43
2706.79
2714.4
2726
2734.26
2740.06
2748.03
2759.97
2777.72
2800.09
2823.98
2844.35
2854.53
2857.4
2861.11
2868.1
2882.2
2901.73
2915.9
2916.14
2909.4
2869.93
2797.02
2767.2
2770.7
2785.74
2807.31
2829.81
2844.02
2849.6
2850.89
2853.84
2862.19
2876.52
2896.29
2917.58
2934.73
2946.22
2955.44
2965.9
2981.32
3004.98
3026.05
3031.76
3025.9
2997.11
2924.61
2874.47
2868.41
2875.05
2892.33
2913.18
2928.58
2936.43
2938.29
2938.79
2942.92
2954.42
2973.34
2997.03
3018.3
3030.62
3036.09
3040.17
3048.12
3065.29
3090.18
3108.05
3116.97
3108.63
3062.69
3002.46
2989.41
2990.55
2996.6
3006.86
3017.97
3026.38
3033.15
3039.57
3046.97
3058.02
3076.1
3100.59
3121.36
3133.51
3141.75
3146.74
3151.3
3158.67
3168.16
3173.96
3175.47
3165.89
3124.14
3069.39
3054.01
3052.03
3054.52
3064.56
3079.16
3092.2
3101.42
3109.28
3116.04
3123.35
3135.35
3155.22
3173.49
3182.17
3185.81
3188.21
3191.17
3197.28
3206.91
3216.54
3220.81
3222.68
3211.75
3173.99
3144.11
3143.98
3152.35
3164.16
3181.35
3196.93
3205.23
3210.91
3215.57
3220.62
3227.42
3237.95
3255.18
3280.31
3304.56
3318.64
3328.25
3339.24
3354.17
3372.16
3384.67
3391.23
3390.46
3366.22
3311.85
3287.33
3288.25
3293.56
3305.25
3320.85
3333.67
3340.68
3346.9
3353.85
3363.12
3374.85
3390.81
3413.96
3446.02
3476.9
3493.07
3501.61
3508.01
3512.54
3517.63
3525.63
3534.44
3540.38
3541.28
3532.68
3503.97
3474.24
3470.95
3477.15
3491.91
3513.37
3533.11
3545.41
3554.07
3560.44
3567.98
3578.44
3591.43
3610.66
3111.33
2701.43
2180.3
2035.46
1927.23
1901.63
1892.74
1907.81
1943.59
2003.78
2078.03
2157.2
2236.84
2320.33
2401.93
2457.57
2485.04
2506.43
2528.6
2539.63
2530.15
2440.76
2172.55
2066.97
2094.52
2133.79
2171.37
2198.64
2221.66
2245.62
2274.66
2311.56
2354.64
2399.57
2441.46
2479.27
2516.62
2553.79
2590.55
2631.38
2667.63
2675.2
2670.09
2603.64
2400.76
2313.19
2333.16
2366.07
2399.34
2422.16
2434.08
2441.45
2450.86
2465.55
2486.42
2513.81
2546.94
2583.28
2617.78
2644.75
2664.44
2680.67
2703.47
2739.47
2762.93
2760.43
2732.24
2600.71
2497.98
2501.29
2527.63
2558.94
2585.52
2600.12
2606.35
2609.41
2613.31
2619.66
2629.96
2646.09
2670.17
2703.81
2736.54
2762.7
2776.55
2786.99
2802.07
2820.32
2818.99
2811.56
2746.53
2645.02
2623.86
2625.43
2635.46
2648.69
2657.14
2667.4
2685.08
2712.38
2742.56
2767.87
2782.07
2789.6
2791.31
2789.54
2788.21
2788.55
2795.77
2814.49
2846.31
2867.12
2875.46
2860.28
2788.18
2715.07
2707.24
2707.4
2714.49
2725.56
2732.97
2738.65
2747.29
2761.11
2782.41
2810.24
2835.99
2852.4
2856.33
2855.85
2856.6
2859.3
2869.9
2886.3
2899.81
2899.31
2892.74
2857.3
2786.46
2756.5
2761.32
2778.47
2801.02
2824.05
2838.35
2843.44
2843.94
2846.82
2856.19
2872.67
2894.73
2917.92
2936.1
2947.97
2957.44
2969.36
2987.23
3012.45
3034.95
3041.9
3033.91
3003.07
2926.84
2873.93
2866.8
2873.8
2891.53
2911.86
2927.74
2935.87
2937.76
2937.52
2941.17
2952.73
2971.88
2995.58
3016.06
3028.96
3036.47
3042.19
3052.06
3069.38
3092.55
3109.16
3122.43
3111.96
3053.36
2991.26
2980.68
2980.45
2984.81
2994.79
3007.7
3017.89
3025.83
3033.81
3042.99
3055.51
3074.49
3099.39
3122.46
3136.95
3146.66
3152.69
3158.71
3168.73
3180.19
3187.35
3189.48
3182.84
3140.51
3079.2
3061.24
3059.42
3061.88
3070.64
3082.97
3093.67
3102.93
3110.35
3116.87
3123.48
3134.36
3153.05
3171.37
3180.53
3184.56
3187.5
3191.39
3199.42
3211.48
3223.92
3230.58
3232.41
3222.1
3185.08
3155.48
3155.87
3165.01
3177.46
3194.84
3209.75
3217
3221.83
3226.19
3230.82
3237.01
3247.39
3265.75
3293.21
3318.39
3333.01
3343.78
3355.93
3370.7
3384.67
3394.51
3400.54
3399.12
3372.91
3320.02
3298.87
3299.79
3304.48
3315.87
3331.17
3344.25
3351.67
3357.87
3364.72
3373.77
3384.95
3400
3422.29
3454.2
3484.81
3500.03
3507.74
3512.86
3513.41
3515.26
3521.15
3528.5
3533.56
3536.4
3533.14
3510.63
3480.27
3474.84
3480.02
3493.77
3514.54
3535.77
3548.52
3558.28
3566.62
3576.58
3589.04
3603.54
3623.04
3110.17
2694
2183.52
2037.62
1926.37
1897.51
1888.67
1903.61
1938.46
1997.91
2073.89
2158.89
2248.29
2337.48
2425.09
2479.21
2500.93
2513.8
2525.79
2534.21
2531.03
2435.25
2163.71
2074.2
2102.82
2138.47
2172.71
2198.61
2220.8
2243.35
2269.19
2300.85
2341.2
2389.84
2441.51
2487.07
2525.18
2557.19
2588.74
2624.22
2660.26
2671.74
2668.75
2608.3
2404.81
2309.62
2330.41
2367.97
2403.97
2426.47
2437.83
2445.27
2453.79
2466.88
2487.26
2515.42
2549.74
2586.46
2619.81
2646.29
2666.39
2683.45
2706.41
2742.36
2764.01
2761.16
2729.76
2595.15
2496.46
2500.24
2525.43
2557.6
2585.5
2602.38
2608.23
2609.73
2612.54
2618.11
2627.71
2643.26
2667.25
2700.96
2735.35
2765.27
2782.05
2797.37
2815.03
2829.91
2824.93
2808.79
2724.1
2621.84
2608.66
2610.42
2621.78
2636.56
2647.53
2660.86
2682.26
2713.37
2745.09
2772.21
2786.71
2792.62
2792.08
2790.64
2789.21
2789.87
2797.6
2816.07
2847.51
2868.89
2875.63
2862.1
2791.31
2716.58
2707.93
2709.51
2717.17
2728.99
2737.1
2743.43
2753.26
2769.09
2792.49
2820.4
2844.31
2854.8
2853.34
2850.46
2848.77
2849.76
2859
2875.64
2890.27
2889.53
2882.88
2850.52
2781.11
2751.8
2757.13
2775.15
2797.35
2819.34
2832.15
2836.45
2837.13
2840.91
2852.2
2871.68
2896.61
2922.08
2941.03
2952.39
2960.4
2971.33
2987.92
3011.67
3034.83
3044.01
3036.41
3005.83
2928.83
2875.1
2867.71
2874.45
2892.07
2913.02
2928.49
2937.1
2938.89
2938.5
2941.93
2953.39
2972.44
2996.2
3017.14
3030.12
3037.65
3044.95
3055.9
3070
3089.77
3104.95
3119.97
3107.12
3041.39
2982.77
2974.86
2973.88
2977.87
2989.08
3002.46
3013.21
3022.01
3031.16
3041.45
3054.73
3073.86
3098.33
3122.49
3138.93
3150.34
3158.15
3165.2
3175.69
3187.09
3195.45
3195.69
3189.73
3149.24
3087.25
3069.66
3069.92
3074.35
3082.97
3092.65
3098.78
3105.68
3110.92
3118.2
3125.48
3137.36
3156.05
3174.71
3184.49
3188.86
3192.18
3196.42
3206.06
3220.54
3234.96
3243.39
3245.86
3235.91
3199.71
3170.99
3171.56
3180.81
3193.09
3210.15
3223.83
3229.85
3233.87
3237.99
3242.92
3249.81
3261.32
3282.35
3312.47
3336.63
3348.71
3357.49
3367.47
3378.93
3390.34
3399.43
3403.94
3400.07
3372.26
3324.46
3306.04
3307.16
3311.95
3323.42
3339.18
3353.15
3361.08
3367.05
3373.12
3380.81
3390.77
3404.31
3424.99
3455.43
3483.47
3496.72
3503.27
3506.18
3505.15
3506.31
3512.07
3520.71
3528.49
3535
3534.11
3514.23
3482.89
3476.14
3480.97
3494.11
3514.32
3535.97
3549.55
3558.91
3568.08
3579.64
3594.04
3610.69
3630.3
3109.22
2701.24
2187.34
2033.56
1915.11
1885.1
1878.56
1898.12
1936.27
1995.76
2071.97
2161.95
2261.3
2362
2453.58
2504.12
2516.05
2518.87
2522.45
2527.48
2529.39
2425.71
2151.95
2080.78
2105.34
2140.33
2173.38
2199.36
2221.85
2244.19
2268.5
2296.2
2331.72
2379.69
2437.59
2492.29
2532.89
2563.09
2590.08
2620.98
2657.48
2673.77
2677.28
2624.82
2419.77
2308.31
2323.01
2358.34
2398.28
2425.04
2439.08
2448.82
2459.09
2472.36
2491.29
2517.68
2550.21
2585.08
2616.66
2641.96
2661.78
2679.55
2704.29
2743.8
2765.81
2765.81
2733.04
2594.88
2498.66
2501.59
2521.76
2551.85
2579.92
2597.49
2605.57
2610.25
2615.13
2622.3
2632.53
2647.36
2669.39
2699.59
2732.17
2762.76
2784.4
2806.67
2829.21
2841.64
2833.95
2806.24
2699.13
2599.39
2591.77
2594.69
2608.9
2626.56
2641.03
2657.71
2680.87
2711.09
2742.25
2767.58
2782.57
2790.63
2792.41
2792.45
2793.03
2795.44
2804.49
2822.18
2852.46
2871.65
2873.25
2860.49
2790.16
2715.38
2707.02
2711.9
2722.49
2736.67
2746.82
2754.14
2764.86
2781.7
2804.05
2826.58
2844.37
2849.94
2845.59
2841.92
2840.19
2842.71
2852.84
2870.17
2885.17
2885.25
2879.03
2848.29
2779.62
2750.97
2756.82
2775.07
2795.81
2815.36
2826.24
2829.5
2830.9
2836.34
2850.57
2873.66
2901.74
2928.74
2947.14
2956.93
2962.36
2968.68
2981.47
3002.98
3026.44
3037.97
3033.88
3004.72
2928.8
2875.84
2869.17
2875.91
2893.79
2915.67
2931.52
2939.47
2942.08
2942.37
2946.28
2957.48
2976.52
3000.63
3021.49
3032.64
3036.87
3041.64
3050.32
3065.95
3084.81
3098.83
3111.54
3096.46
3033.77
2981.19
2975.15
2973.83
2978.73
2989.41
3001.73
3011.95
3020.55
3029.75
3040.04
3053
3071.2
3094.21
3117.25
3134.35
3147.04
3156.62
3164.78
3175.24
3185.76
3193.33
3192.02
3184.95
3146.6
3088.18
3072.86
3076.92
3086.39
3099.64
3109.18
3113.48
3116.84
3119.73
3125.12
3131.44
3142.73
3161.51
3181.94
3193.12
3197.55
3201.06
3206.97
3219.18
3236.43
3252.78
3261.84
3263.51
3252.96
3216.7
3188.66
3189.09
3197.65
3209.37
3225.97
3238
3243.23
3246.86
3250.94
3256.61
3265.12
3278.64
3302.21
3332.96
3353.46
3361.88
3367.76
3374.35
3383.13
3392.85
3399.41
3401.16
3394.2
3367.68
3326.71
3308.82
3310.16
3315.82
3328.26
3345.47
3360.1
3367.91
3373.1
3377.5
3383.48
3392.12
3404.47
3422.16
3448.66
3473.28
3484.29
3489.42
3490.34
3490.42
3495.32
3503.54
3515.3
3526.21
3532.58
3533.24
3514.01
3481.76
3474.58
3479.84
3493.3
3512.98
3534.58
3549.13
3558.14
3567.73
3578.99
3593.62
3610.37
3629.22
3108.49
2701.93
2189
2026.63
1902.67
1872.01
1867.83
1893.65
1936.52
1998.18
2074.35
2166.92
2275.47
2389.99
2482.07
2525.65
2527.3
2525.12
2521.46
2520.93
2524.98
2408.54
2137.17
2085.14
2106.74
2142.07
2174.5
2201.02
2224.75
2248.08
2272.14
2298.16
2329.95
2374.12
2431.19
2490.6
2535.8
2567.2
2594.01
2622.57
2661.98
2682.62
2694.92
2645.73
2436.18
2312.53
2313.83
2342.6
2384.39
2418.02
2439.05
2452.73
2465.81
2480.89
2499.65
2523.28
2551.31
2581.9
2611.11
2635.47
2654.68
2672.49
2700
2744.02
2768.87
2774.62
2739.74
2596.74
2503.25
2501.3
2514.94
2540.81
2567.31
2587.16
2601.67
2611.95
2621.76
2632.29
2643.7
2657.17
2675.38
2700.21
2729.08
2758.6
2784.6
2814.46
2842.03
2851.67
2841.84
2802.31
2676.67
2582.16
2575.09
2581.22
2599.51
2620.68
2639.47
2657.78
2680.04
2706.03
2732.3
2754.56
2772.12
2785.16
2792.26
2794.86
2799.09
2805.12
2814.83
2831.85
2858.8
2875.5
2872.07
2857.11
2785.96
2712.16
2704.92
2714.66
2730.16
2748.06
2760.64
2769.31
2779.88
2794.36
2811.89
2826.98
2836.4
2838.59
2836.27
2834.11
2834.62
2839.56
2850.35
2868.89
2885.75
2886.69
2881.08
2850.9
2781.91
2753.36
2759.29
2776.57
2795.49
2812.85
2821.99
2824.44
2826.76
2834.3
2851.02
2876.65
2907.42
2934.63
2951.15
2957.43
2958.57
2961.43
2969.57
2988.23
3010.9
3024.51
3025.11
2999.02
2928.76
2877.88
2872.1
2878.01
2895.46
2918.14
2934.07
2942.28
2945.8
2948.14
2953.52
2964.37
2982.75
3006.57
3024.49
3032.28
3035.34
3038.37
3043.6
3057.28
3074.53
3088.05
3096.85
3083.23
3029.84
2981.34
2975.82
2974.7
2981.15
2992.83
3004.8
3013.41
3020.68
3028.69
3037.5
3048.76
3064.99
3086.55
3107.87
3123.11
3135.14
3145.14
3153.98
3165.15
3175.98
3181.44
3180.37
3174.09
3137.35
3083.85
3071.97
3080.05
3093.86
3113.35
3127.22
3132.22
3135.18
3137.08
3140.54
3146.3
3155.52
3170.83
3190.19
3202.62
3208.06
3213.41
3221.85
3235.09
3253.39
3269.92
3277.45
3278.6
3268.46
3232
3204.19
3204.43
3212.54
3224.16
3239.89
3250.45
3255.46
3259.07
3263.44
3270.07
3280.03
3294.86
3318.15
3345.76
3363.1
3370.51
3375.91
3381.35
3386.45
3390.54
3392.34
3390.82
3383.65
3364.68
3330.97
3310.25
3311.49
3318
3331
3349.07
3363.12
3370.42
3374.76
3378.14
3382.26
3388.4
3398.28
3411.83
3432.36
3455.09
3466.31
3472.15
3476.24
3481.15
3488.27
3497.01
3509.13
3520.66
3527.33
3528.7
3510.48
3478.33
3471.18
3477.57
3491.21
3510.5
3532.56
3547.97
3557.71
3566.15
3574.81
3586.72
3601.99
3619.48
3108.25
2702.84
2188.96
2021.55
1894.68
1863.21
1861.16
1891.98
1939.76
2004.93
2081.58
2173.65
2286.39
2410.29
2499.9
2538.66
2535.89
2529.25
2520.63
2520.71
2521.93
2384.76
2120.3
2085.99
2107.37
2143.11
2176.32
2204.4
2230.04
2255
2279.61
2305.12
2335.04
2374.32
2425.65
2482.05
2530.08
2566.13
2596.28
2629.68
2676.1
2701.95
2719.39
2661.89
2445.61
2316.92
2307.78
2329.11
2366.6
2403.65
2434.13
2455.17
2473.19
2490.97
2509.37
2529.97
2554.14
2581.09
2607.61
2629.99
2648.48
2666.88
2696.32
2744.55
2771.47
2784.38
2745.4
2597.26
2507.74
2499.68
2508.75
2528.95
2551.69
2573.17
2594.15
2613.99
2631.22
2646.04
2658.56
2670.31
2684.08
2702.99
2728.36
2756.32
2785.43
2819.74
2850.19
2858.69
2846.84
2798.67
2662.76
2571.74
2564.07
2573.2
2594.61
2619.41
2641.26
2660.09
2678.89
2697.93
2716.37
2736.28
2757.07
2776.18
2790.31
2798.82
2807.17
2815.73
2825.86
2842.4
2865.98
2880.02
2873.16
2854.27
2781.85
2709.09
2702.53
2717.44
2738.44
2761.41
2775.89
2784.22
2792.64
2803.43
2813.9
2821.16
2825.6
2827.56
2828.44
2829.36
2830.94
2837.89
2849.91
2871
2890.93
2892.93
2888.32
2858.23
2787.94
2758.1
2763.4
2777.97
2795.32
2811.81
2820.35
2822.98
2826.48
2835.73
2853.59
2880.13
2910.66
2936.28
2950.79
2953.95
2951.11
2951.14
2954.53
2968.89
2989.78
3004.96
3012.01
2992.07
2931.8
2882.17
2876.78
2881.22
2896.92
2918.72
2935.19
2943.92
2949.52
2954.75
2962.2
2973.31
2990.2
3010.97
3024.79
3030.59
3032.41
3033.04
3035.33
3045.17
3059.6
3071.51
3078.62
3070.03
3027.72
2981.86
2975.51
2975.34
2983.63
2997.39
3009.66
3016.64
3022.17
3028.3
3034.43
3042.5
3056.09
3076.29
3095.99
3108.53
3118.11
3127.55
3135.94
3147.34
3159.59
3164.7
3164.27
3157.31
3121.78
3076.32
3069.28
3080.09
3096.17
3118.42
3136.76
3144.53
3149.44
3153.48
3158.25
3164.6
3173.2
3185.38
3201.4
3213.08
3219.06
3225.43
3233.9
3246.34
3263.73
3279.64
3285.31
3288.02
3279.79
3244.29
3216.39
3216.61
3224.02
3235.08
3249.76
3259.85
3264.81
3268.75
3273.67
3281.12
3291.86
3306.31
3327.29
3352.74
3369.3
3376.01
3380.23
3380.71
3379.76
3379.59
3379.12
3377.97
3377.24
3367.29
3336.48
3312.2
3313.05
3320.34
3333.45
3351.12
3363.41
3369.53
3372.81
3374.41
3375.56
3378.77
3385.47
3397.06
3415.85
3440.71
3455.44
3461.64
3466.9
3472.06
3479.11
3488.74
3501.99
3513.75
3520.51
3522.6
3505.91
3474.11
3467.13
3474.86
3488.57
3507.97
3530.74
3545.28
3553.62
3560.79
3567.68
3576.27
3588.42
3604.11
3107.96
2701.25
2186.3
2018.03
1893.83
1862.37
1861.2
1895.28
1946.22
2015.22
2094.4
2184.73
2293.63
2415.83
2502.5
2539.89
2538.99
2532.27
2525.34
2528.33
2521.69
2355.93
2101.52
2084.88
2106.34
2144.12
2179.68
2209.75
2237.01
2263.12
2288.68
2314.67
2343.46
2378.7
2421.73
2469.96
2517
2558.17
2596.2
2643.64
2699.27
2729.64
2741.53
2670.72
2447.35
2319.86
2305.83
2321.65
2353.05
2390.24
2426.68
2458.49
2482.03
2501.16
2517.97
2535.4
2556.32
2580.9
2606.13
2627.91
2646.02
2664.75
2695.39
2745.86
2774.5
2791.41
2748.19
2595.64
2510.04
2497.9
2503.33
2519.52
2536.86
2557.99
2584.63
2614.56
2639.82
2658.94
2672.24
2682.84
2693.48
2707.52
2728.96
2755.59
2786.07
2821.81
2853.61
2861.93
2848.57
2796.57
2658.42
2567.87
2560.29
2570.9
2594.34
2621.91
2645.13
2662.84
2675.91
2686.33
2698.99
2716.31
2738.16
2762.02
2784.23
2801.21
2812.57
2823.82
2834.85
2850.79
2871.84
2884.88
2875.84
2854.68
2781.89
2706.7
2700.73
2719.5
2743.71
2768.72
2784.18
2793.36
2800.45
2806.25
2810.3
2812.86
2816.69
2821.49
2824.52
2825.88
2828.46
2837.33
2852.13
2876.73
2899.45
2902.6
2899.09
2868.17
2795.04
2762.62
2766.82
2778.72
2795.73
2812.4
2821.62
2825.79
2830.44
2840.12
2857.58
2882.81
2910.93
2934.03
2945.34
2945.08
2941.51
2938.93
2938.62
2948.21
2968.46
2984.94
2997.96
2985.02
2934.8
2885.85
2880.18
2883.19
2897.18
2917.63
2934.5
2943.46
2950.72
2958.85
2968.68
2980.94
2997.24
3014.08
3023.25
3025.91
3026.81
3026
3025.67
3031.26
3044.6
3055.67
3062.69
3057.12
3022.78
2979.6
2973.1
2974.58
2984.44
3000.13
3013.25
3019.93
3024.29
3028.52
3032.19
3037.09
3047.63
3066
3082.43
3090.53
3097.75
3105.82
3113.9
3124.85
3137.71
3143.21
3143.87
3138.74
3107.98
3070.97
3066.55
3078.24
3094.57
3117.59
3138.18
3148.51
3155.27
3161.53
3168.31
3176.94
3187.5
3200.1
3213.87
3222.71
3228.82
3234.72
3242.27
3252.14
3267.32
3282.85
3287.99
3291.4
3284.9
3251.14
3223.39
3223.56
3231.11
3242.74
3257.46
3266.86
3271.39
3275.3
3279.6
3285.85
3296.57
3311.16
3332.23
3355.22
3368.06
3372.39
3373.05
3368.63
3366.19
3369.72
3375.44
3379.67
3381.6
3373.7
3342.52
3315.31
3315.37
3323.58
3336.99
3353.03
3362.82
3366.46
3367.57
3366.89
3366.47
3369.16
3376.07
3388.19
3407.73
3433.56
3448.81
3454.64
3459.91
3465.18
3472.12
3482.8
3497.18
3508.82
3515.52
3517.63
3502.33
3470.88
3463.49
3472.19
3485.91
3505.79
3527.37
3539.7
3546.27
3552.68
3557.31
3563.56
3574.4
3589.82
3107.96
2697.11
2178.71
2009.64
1894.03
1866.96
1865.8
1901.46
1954.77
2026.95
2107.98
2196.92
2297.47
2409.18
2491.54
2527
2534.94
2531.97
2533.5
2542.85
2522.33
2326.13
2082.3
2076.95
2103.23
2144.94
2183.2
2215.16
2243.91
2271.5
2298.43
2325.62
2354.2
2385.64
2421.29
2459.77
2501.19
2545.11
2594.75
2659.09
2724.13
2757.33
2756.1
2673.59
2441.43
2320.26
2305.03
2318.59
2346.32
2382.87
2422.66
2462.72
2491.58
2509.74
2524.12
2539.17
2557.99
2581.19
2605.86
2628.02
2646.53
2665.6
2696.38
2746.93
2775.98
2794.6
2747.05
2591.15
2510.72
2497.24
2501.42
2514.9
2528.48
2546.67
2574.98
2611.51
2645.9
2667.09
2681.62
2692.68
2702.07
2713.28
2731.05
2755.68
2784.32
2819.45
2851.89
2862.12
2849.28
2801.68
2665.78
2570.58
2563.23
2574.71
2599.56
2628.61
2649.9
2663.04
2669.98
2675.88
2685.22
2699.82
2720.33
2745.86
2773.83
2797.22
2813.95
2828.7
2840.43
2855.51
2875.69
2889.45
2880.45
2858.66
2784.06
2705.95
2699.5
2717.99
2745
2771.79
2787
2794.44
2798.66
2801.14
2802.99
2806.8
2813.26
2818.86
2822.5
2824.49
2827.82
2838.35
2856.87
2884.13
2909.94
2916
2912.4
2879.28
2802.82
2767.35
2768.99
2779.13
2797.05
2815.18
2825.9
2831.42
2837.28
2847.26
2863.17
2884.39
2906.9
2925.96
2934.54
2932.26
2928.33
2924.97
2924.33
2933.57
2954.87
2971.77
2986.41
2978.81
2934.61
2886.43
2880.9
2884.62
2898.57
2918.11
2933.62
2942.96
2950.73
2959.87
2970.78
2984.25
3001.33
3015.49
3021.34
3021.68
3020.79
3017.71
3017.01
3022.41
3035.88
3045.15
3050.22
3046.11
3015.5
2974.32
2968.58
2972.36
2983.24
3000.26
3014.03
3020.76
3024.77
3027.98
3030.62
3034.47
3042.92
3058.14
3070.28
3075.84
3079.95
3083.6
3090.29
3099.46
3113.3
3121.95
3124.92
3123.76
3100.79
3067.73
3063.4
3073.71
3089.98
3112.67
3133.05
3143.95
3151.81
3159.41
3167.01
3176.95
3189.8
3206.08
3220.7
3229.69
3235.96
3239.62
3245.66
3252.34
3264.31
3279.51
3285.85
3289.67
3284.19
3251.41
3223.76
3224.29
3232
3244.58
3259.78
3268.85
3273.23
3276.93
3280.61
3285.91
3295.76
3309.92
3328.07
3344.95
3354.13
3356.17
3355.27
3354.69
3360.03
3370.08
3381.63
3388.73
3391.63
3384.44
3351.44
3320.78
3319.75
3327.73
3340.58
3354.23
3361.58
3363.41
3362.86
3361.28
3361.38
3364.57
3371.91
3384.29
3404.18
3430.16
3445.67
3451.15
3455.66
3460.5
3467.33
3478.66
3494.1
3505.93
3513.08
3515.16
3500.57
3469.33
3461.13
3469.82
3483.55
3503.68
3523.3
3533.5
3539.1
3543.81
3546.53
3551.99
3562.06
3577.93
3109.47
2698.17
2164.13
1996.57
1893.2
1870.64
1872.44
1908.83
1964.8
2038.44
2118.73
2204.32
2298.82
2399.07
2473.49
2504.3
2521.84
2530.96
2545.89
2560.33
2524.39
2299.56
2067.14
2064.43
2096.81
2142.96
2184.74
2219.21
2249.69
2278.39
2306.66
2335.18
2363.83
2392.57
2422.67
2455.46
2492.03
2536.71
2596.75
2673.47
2743.71
2777.04
2764.29
2668.78
2429.26
2319.04
2304.9
2318.22
2345.25
2381.35
2423.56
2467.14
2499.93
2516.3
2528.59
2541.93
2559.24
2581.47
2606.04
2628.64
2648.1
2667.83
2698.86
2748.05
2775.75
2794.4
2742.33
2583.5
2506.9
2494.4
2499.96
2513.95
2527.16
2543.69
2570.13
2607.09
2645.75
2670.41
2685.26
2696.55
2706.8
2717.28
2733.5
2755.28
2780.56
2811.58
2844.1
2859.2
2848.23
2810.7
2686.36
2581.26
2573.52
2586.27
2610.83
2636.78
2653.34
2661.06
2665.07
2669.52
2677.44
2690.06
2707.88
2732.17
2761.51
2788.53
2811.32
2828.64
2841.76
2857.62
2878.81
2893.98
2885.49
2863.65
2786.82
2705.6
2698.67
2716.26
2742.08
2766.28
2778.9
2785.09
2789.24
2793.14
2797.88
2804.16
2812.36
2819.44
2823.81
2825.82
2829.38
2841.17
2863.22
2892.87
2921.7
2932.23
2926.65
2889.68
2810.16
2772.41
2770.32
2779.81
2798.87
2818.23
2831.34
2839.44
2846.32
2855.01
2867.1
2882.79
2899.02
2913.62
2919.83
2918.25
2915.98
2914.18
2916.21
2928.34
2951.3
2967.24
2978.99
2972.11
2930.12
2882.85
2877.83
2883.49
2898.06
2917.68
2932.87
2941.63
2947.89
2955.59
2966.06
2980.62
3000.55
3015.48
3018.73
3018.74
3016.71
3013.72
3014.43
3020.35
3032.48
3040.15
3043.22
3038.93
3008.93
2968.56
2963.18
2968.83
2980.3
2997.88
3012.58
3019.46
3023.24
3026.16
3029.02
3033.73
3042.4
3054.42
3061.12
3064.56
3064.56
3063.84
3067.83
3076.29
3091.78
3106.19
3115.15
3117.08
3098.73
3066.51
3061.39
3068.95
3083.96
3105.63
3124.74
3134.97
3143.35
3151.83
3159.22
3168.44
3180.87
3199.24
3218.25
3230.07
3238.09
3241.23
3245.14
3250.27
3259.79
3272.08
3278.41
3282.49
3277.64
3245.46
3217.94
3218.99
3227.45
3241.8
3258.37
3267.62
3271.75
3274.97
3278.01
3282.14
3288.16
3297.03
3308.29
3320.47
3332.43
3339.24
3345.03
3352.71
3362.2
3375.62
3390.24
3398.54
3402.52
3396.69
3362.38
3327.16
3324.21
3331.05
3343.1
3354.87
3361.22
3362.57
3361.83
3360.05
3360.26
3363.14
3370.57
3383.08
3403.11
3429.36
3445.46
3450.72
3454.57
3459.22
3466.69
3479.14
3495.59
3507.85
3515.6
3517.43
3502.64
3470
3460.55
3468.86
3482.5
3502.2
3519.36
3527.41
3532.11
3534.88
3537.23
3543.16
3553.18
3570.07
3111.8
2672.23
2136.01
1975.51
1891.68
1875.32
1880
1917.07
1975.1
2047.94
2125.32
2206.3
2295.06
2386.76
2455.52
2484.01
2506.93
2531.7
2562.3
2576.46
2527.89
2280.55
2055.43
2051.31
2086.65
2136.55
2182.71
2220.74
2252.78
2282.48
2311.34
2340.4
2369.43
2397.73
2426.13
2456.76
2491.91
2537.97
2603.32
2682.8
2753.37
2785.02
2764.01
2654.49
2408.79
2315.34
2304.65
2319.8
2347.46
2384.61
2429.48
2473.29
2503.97
2519.36
2530.01
2542.28
2559.41
2581.85
2606.44
2629.17
2648.94
2669.48
2701.8
2750.48
2775.98
2792.96
2738.46
2575.2
2500.84
2491.15
2498.58
2514.44
2529.81
2546.88
2571.62
2603.86
2637.65
2664.66
2682.02
2695.43
2708.09
2720.1
2734.94
2752.47
2772.34
2797.93
2831.26
2852.63
2845.69
2819.78
2714.63
2603.36
2593.05
2605.7
2624.94
2644.39
2655.92
2660.87
2663.58
2667.73
2675.22
2686.99
2703.77
2725.23
2750.77
2777.85
2804.14
2825.58
2840.67
2859.1
2882.41
2897.75
2889.17
2866.67
2786.99
2707.69
2699.78
2713.31
2733.58
2751.65
2762.33
2769.22
2776.57
2785.7
2794.77
2804.3
2815.53
2824.32
2828.42
2830.49
2833.97
2846.01
2870.38
2902.64
2934.57
2948.39
2940.32
2898.31
2815.27
2776.2
2771.83
2781.57
2801.47
2822.73
2837.84
2847.45
2853.79
2859.74
2867.46
2877.85
2889.68
2901.78
2908.13
2909.08
2908.93
2909.57
2915.22
2929.94
2953.87
2967.31
2974.17
2965.59
2922.51
2876.51
2872.41
2880.75
2895.48
2915.01
2929.93
2937.04
2940.92
2945.82
2955.48
2970.58
2991.66
3008.8
3014.48
3016.36
3015.87
3014.8
3016.12
3020.57
3031.53
3039.33
3041.5
3036.52
3005.58
2963.87
2957.45
2963.15
2974.54
2992.89
3009.39
3017.72
3021.42
3023.18
3026.07
3032.57
3043.31
3054.72
3058.22
3060.59
3058.47
3055.99
3059.42
3067.36
3084.45
3101.72
3112.75
3116.32
3099.57
3066.28
3058.86
3063.5
3075.89
3095.45
3112.69
3121.87
3130.27
3138.69
3146.23
3155.44
3168.12
3187.61
3210.51
3224.08
3234.12
3239.87
3244.01
3249.31
3255.95
3265.42
3268.88
3272.58
3267.03
3235.04
3209.25
3211.7
3221.78
3237.53
3254.27
3263.46
3267.66
3269.46
3270.23
3270.31
3271.14
3275.42
3285.32
3301.3
3321.44
3335.91
3345.14
3354.24
3365.52
3380.94
3397.8
3407.08
3411.44
3406.51
3371.53
3332.98
3328.39
3334
3345.09
3356.42
3363.01
3365.48
3365.18
3363.55
3363.81
3366.44
3373.63
3386.04
3405.8
3432.62
3449.46
3455.12
3459.05
3464.24
3472.89
3486.66
3503.8
3516.35
3524.46
3525.37
3508.55
3472.66
3461.81
3469.09
3482.62
3501.55
3516.16
3523.1
3526.93
3528.63
3531.82
3538.15
3547.49
3565.09
3115.01
2695.9
2100.27
1950.68
1888.4
1877.03
1888.55
1926.59
1984.18
2055.28
2129.69
2206.29
2290.55
2377.89
2441.28
2474.1
2499.12
2536.08
2574.03
2588.84
2530.9
2267.9
2047.94
2043.12
2077.44
2127.44
2175.97
2218.14
2253.18
2283.75
2312.37
2341.5
2371.71
2402.34
2433.11
2465.29
2502.29
2548.55
2611.93
2688.93
2753.8
2780.05
2757.51
2629.39
2382.05
2310.04
2306.53
2326.38
2356.61
2394.79
2437.51
2477.3
2502.74
2517.22
2528.05
2540.74
2558.87
2582.18
2606.79
2629.05
2648.2
2669.06
2703.25
2753.75
2777.69
2790.37
2735.6
2569.02
2495.07
2488.67
2498.26
2517.24
2536.12
2554.48
2575.77
2599.69
2625.62
2650.92
2672.31
2690.04
2706.19
2720.82
2734.47
2747.15
2761.66
2782.67
2816.87
2844.37
2842.68
2828.63
2745.23
2633.26
2615.92
2625.79
2639.77
2654.85
2662.78
2665.56
2667.95
2672.33
2680.33
2692.65
2708.57
2726.63
2746.66
2770.37
2794.86
2819.02
2837.68
2860.32
2885.59
2898.57
2891.29
2869.51
2786.62
2709.02
2700.24
2710.87
2724.09
2737.39
2746.65
2755.13
2765.54
2777.93
2791.26
2804.87
2820.7
2831.87
2835.35
2837.71
2841.51
2853.79
2878.81
2912.44
2945.84
2961.32
2951.54
2904.68
2818.31
2779.72
2774.76
2785.51
2806.95
2829.08
2843.5
2851.97
2856.35
2859.66
2864.53
2872.15
2882.52
2895.67
2903.81
2906.49
2908.38
2911.16
2918.81
2935.28
2959.25
2969.87
2971.8
2961.72
2915.69
2868.26
2864.61
2874.38
2890.14
2910.53
2925.45
2931.19
2932.79
2935.51
2942.69
2956.59
2976.56
2997.6
3009.64
3016.2
3016.67
3017.71
3018.49
3022.4
3033.58
3041.44
3043.84
3037.85
3004.36
2960.05
2951.88
2956.36
2967.07
2985.26
3002.7
3011.7
3016.16
3019.09
3022.18
3029.12
3041.42
3055.99
3062.01
3066.1
3064.94
3061.8
3064.18
3070.18
3086.31
3103.2
3113.98
3117.11
3099.91
3063.42
3053.31
3055.75
3066.61
3083.79
3098.85
3107.2
3115.37
3123.95
3132.58
3142.94
3157.27
3178.59
3202.45
3216.58
3226.09
3233.39
3239.47
3246.39
3253.8
3260.83
3261.99
3263.68
3254.57
3220.17
3197.07
3201.22
3212.38
3229.13
3246.09
3254.8
3257.43
3257.82
3255.83
3253.58
3254.84
3262.05
3275.21
3295.73
3318.39
3333.44
3343.29
3353.39
3366.26
3384.45
3402.62
3412.31
3416.95
3411.81
3375.94
3336.25
3331.32
3336.34
3348.04
3362.07
3370.36
3373.35
3373.27
3372.8
3373.43
3376.31
3383.3
3395.29
3414.45
3441.84
3460
3466.4
3470.92
3476.9
3486.34
3500.06
3516.39
3528.31
3536.04
3536.08
3516.2
3476.77
3464.72
3470.69
3483.77
3501.86
3514.65
3521.3
3524.5
3526.67
3531.31
3538.02
3546.95
3565.07
3116.45
2642.74
2086.63
1938.39
1884.58
1882.14
1898.75
1936.4
1993.35
2062.09
2133.43
2206.96
2287.98
2372.16
2436.03
2473.54
2498.99
2541.27
2582.33
2595.73
2532.96
2261.46
2044.18
2040.05
2073.08
2120.13
2167.14
2211.24
2249.32
2282.38
2312.18
2341.87
2374.04
2408.51
2444.52
2481.65
2520.53
2563.84
2621.6
2693.02
2747.68
2769.42
2745.79
2596.65
2355.91
2307.49
2312.01
2337.98
2370.95
2406.28
2442.39
2473.92
2496.17
2511.64
2524.64
2539.47
2558.84
2582.34
2606.54
2627.91
2646.54
2667.82
2703.82
2757.26
2781.22
2788.78
2735.48
2566.33
2489.53
2487.42
2499.94
2522.1
2544.37
2563.75
2581.2
2597.5
2614.55
2634.16
2655.76
2677.29
2697.87
2715.88
2729.98
2741.24
2752.93
2770.74
2803.93
2837.06
2841.27
2837.48
2773.66
2661.1
2633.85
2638.86
2649.02
2663.09
2672.33
2676.77
2681.46
2688.37
2698.05
2710
2722.6
2735.11
2748.87
2766.42
2786.53
2809.8
2832.57
2859.8
2886.18
2899.06
2892.34
2869.43
2782.23
2707.74
2700.93
2709.52
2719.5
2730.7
2738.85
2745.51
2755.64
2770.6
2788.15
2805.38
2822.73
2836.77
2843.3
2846.47
2851.37
2863.7
2888.88
2922.56
2954.26
2968.75
2957.31
2907.34
2819.08
2783.13
2779.5
2791.68
2813.48
2834.17
2845.86
2851.32
2853.57
2855.77
2860.09
2868.97
2882.49
2897.12
2906.69
2911.08
2914.08
2918.32
2926.53
2943.22
2965.88
2974.79
2973.11
2960.83
2912.26
2860.64
2855.18
2864.17
2880.5
2901.86
2917.19
2923.08
2924.07
2924.84
2929.18
2941.27
2961.53
2986.9
3003.6
3012.71
3016.12
3017.52
3018.88
3025.34
3038.2
3046.23
3049.3
3041.35
3003.33
2956.46
2947.28
2949.96
2960.18
2977.5
2994.11
3002.7
3007.89
3011.57
3015
3022.19
3036.06
3054.63
3065.43
3071.68
3073.21
3071.68
3073.92
3078.93
3093.5
3107.23
3116.74
3118.36
3096.7
3054.37
3044.2
3046.64
3056.99
3072.8
3086.75
3095.41
3104.02
3113.14
3122.79
3133.13
3147.44
3169.17
3193.61
3210.83
3219.48
3226.21
3233.61
3243.44
3253.8
3260.68
3261.56
3260.17
3243.23
3203.09
3182.03
3186.99
3198.79
3216.56
3232.71
3239.97
3242.27
3242.43
3241.72
3243.15
3248.87
3258.9
3273.51
3294.87
3317.92
3332.99
3343.01
3353.29
3366.27
3383.5
3400.87
3410.99
3416.1
3411.58
3376.33
3336.89
3332.68
3338.1
3351.21
3368.55
3379.39
3384.41
3386.23
3386.99
3388.41
3392.01
3399.24
3411.12
3430.66
3458.99
3478.34
3485.41
3490.21
3496.26
3505.24
3517.31
3531.78
3542.66
3549.4
3548.18
3523.96
3482.06
3469.95
3475.01
3486.47
3501.53
3514.26
3521.85
3526.09
3529.55
3535.19
3542.33
3551.74
3570.45
3115.93
2672.67
2101.04
1950.18
1883.85
1890.45
1912.13
1949.98
2004.83
2069.4
2137.55
2209.48
2288.76
2370.59
2436.12
2479.38
2506.72
2551.34
2591.86
2600.65
2537.52
2262.8
2045.4
2041.89
2072.71
2116.74
2159.82
2201.75
2240.68
2276.59
2309.71
2342.4
2377.99
2417.58
2459.65
2501.7
2542.1
2582.87
2632.03
2695.21
2737.52
2754.13
2731.12
2557.64
2334.15
2308.38
2321.01
2352.01
2385.28
2415.11
2442.01
2465.22
2485.25
2502.89
2519.6
2538.34
2560.26
2584.28
2607.67
2627.65
2645.18
2666.46
2703.81
2760.21
2786.21
2789.65
2738.09
2567.42
2484.57
2486.76
2502.65
2528.43
2553.4
2572.5
2585.3
2595.62
2606.91
2619.83
2636.49
2657.33
2680.65
2703.28
2722.2
2735.94
2747.69
2763.71
2793.67
2830.64
2842.14
2844.79
2794.21
2681.46
2644.47
2644.52
2652.19
2666.01
2677.5
2686.45
2697.16
2710.15
2723.69
2735.19
2743.72
2751.22
2758.49
2768.08
2782.1
2800.66
2825.29
2854.98
2883.79
2895.19
2889.74
2863.49
2775.85
2707.6
2702.36
2710.46
2719.47
2730.38
2736.91
2740.5
2747.9
2762.58
2783.05
2804.87
2824.5
2840.71
2851.4
2856.73
2863.01
2876.81
2899.62
2931.13
2959.2
2971.64
2959.93
2907.84
2818.47
2786.59
2785.67
2798.14
2818.77
2835.96
2844.15
2846.52
2846.97
2849.08
2855.48
2868.1
2886.51
2904.91
2916.22
2922.24
2926.17
2930
2937.29
2952.76
2973.05
2980.81
2977.86
2962.76
2910.04
2854.38
2845.44
2852.08
2868.43
2890.52
2905.98
2913.26
2915.34
2915.49
2919.07
2930.28
2950.77
2976.92
2995.48
3005.34
3010.81
3013.27
3016.56
3026.77
3043.4
3053.26
3057.44
3047.46
3003.71
2953
2942.61
2943.02
2951.93
2967.91
2984.43
2993.69
2999.52
3003.18
3006.38
3013.78
3029.26
3051.11
3065.72
3073.68
3079.09
3083.33
3087.94
3095.65
3108.69
3117.56
3123.4
3119.3
3085.91
3040.51
3033.21
3036.55
3047.36
3063.27
3078.02
3087.9
3098.03
3108.32
3119.33
3129.35
3142.76
3163.23
3186.79
3202.74
3211.15
3218.63
3228.23
3240.85
3255.24
3264.25
3266.05
3262.12
3236.18
3188.01
3168.2
3172.92
3183.96
3200.37
3216.22
3223.79
3227.54
3230.57
3234.34
3240.23
3248.82
3259.88
3275.89
3298.98
3322.36
3336.45
3345.47
3354.91
3366.77
3381.43
3396.33
3406.06
3410.53
3404.92
3370.82
3335.46
3333.05
3338.99
3352.27
3370.79
3384.47
3391.68
3396.75
3401.29
3406.48
3413.28
3423.06
3437.29
3459.57
3489.13
3508.02
3514.52
3518.46
3522.79
3528.75
3537.89
3549.46
3558.26
3563.4
3559.57
3528.68
3484.44
3473.22
3477.76
3488.56
3502.89
3517.54
3526.98
3533.04
3538.33
3544.2
3551.62
3561.78
3580.99
3113.83
2659.37
2115.52
1966.84
1882.75
1891.62
1923.22
1965.54
2017.33
2077.72
2142.8
2213.38
2291.43
2372.01
2439.27
2488.62
2519.39
2564.35
2601.55
2604.06
2542.86
2268.81
2049.77
2047.66
2076.2
2116.66
2155.28
2192.75
2230.24
2267.28
2304.03
2341.89
2383
2428.3
2475.27
2519.91
2560.35
2598.41
2642.76
2695.62
2727.65
2740.37
2714.16
2516.86
2317.96
2310.45
2330.93
2364.51
2395.15
2419.02
2437.75
2455.12
2473.39
2492.88
2514.04
2537.44
2562.32
2586.78
2608.98
2627.57
2644.39
2665.67
2703.17
2762.01
2790.98
2791.71
2742.24
2571.26
2480.23
2485.5
2505.73
2535.37
2561.03
2578.1
2587.04
2593.7
2600.87
2609.87
2621.34
2637.58
2659.98
2687.19
2712.18
2730.87
2745.44
2760.64
2787.57
2827.05
2843.69
2851.1
2808.44
2696.69
2651.07
2647.09
2653
2666.67
2680.76
2694.5
2711.11
2730.3
2748.2
2761.02
2769.48
2773.5
2774.35
2776.65
2782.08
2794.25
2816.92
2846.68
2877.63
2890.1
2881.63
2853.64
2771.05
2709.89
2706.4
2714.98
2723.63
2733.78
2739.22
2740.54
2744.24
2755.18
2774.78
2799.37
2823.48
2843.65
2858.17
2868.18
2877.15
2888.97
2907.41
2936.55
2960.92
2970.77
2961.89
2908.85
2818.18
2790.52
2792.12
2803.74
2821.72
2835.37
2840.57
2840.8
2841.38
2844.61
2853.34
2869.69
2893.74
2915.56
2929.05
2936.59
2940.62
2943.17
2948.94
2962.25
2980.02
2987.03
2983.88
2965.91
2907.19
2848.24
2836.67
2840.07
2855.51
2877.3
2894.11
2904.28
2908.73
2909.92
2913.56
2924.08
2943.91
2968.12
2986.51
2995.65
3001.91
3006.65
3013.06
3027.06
3048.07
3060.48
3067.22
3055.6
3005.47
2950.27
2939.1
2937.76
2945.24
2960.16
2976.15
2986.23
2993.41
2997.97
3001.4
3008.54
3024.22
3047.62
3067.65
3078.2
3086.63
3095.09
3103.86
3115.81
3127.55
3132.16
3133.87
3120.2
3069.69
3025.19
3021.59
3026.2
3038.32
3055.63
3072.43
3083.66
3095.83
3106.9
3119.04
3128.85
3141.76
3161.14
3183.01
3197.61
3205.25
3212.03
3222.79
3238.25
3257.14
3269.32
3272.49
3267.01
3231.77
3174.91
3156.15
3160.34
3170.18
3184.86
3201.55
3210.99
3216.86
3222.85
3229.96
3238.55
3248.84
3262.1
3280.77
3306.11
3328.9
3341.36
3348.35
3355.72
3365.6
3378.17
3390.47
3399.41
3402.29
3394.55
3361.04
3330.5
3330
3337.38
3351.62
3371.61
3388.19
3397.27
3405.04
3413.41
3423.05
3434.6
3448.95
3467.7
3493.79
3524.05
3541.04
3546.41
3548.55
3548.84
3550.54
3555.4
3562.79
3569.69
3574.06
3568.37
3533.54
3489.87
3480.87
3485.22
3495.8
3510.81
3527.04
3536.66
3542.08
3547.25
3553.08
3560.85
3571.55
3590.36
3111.45
2677.86
2129.52
1977.37
1875.65
1889.78
1927.11
1979.89
2027.54
2084.85
2147.96
2217.42
2293.87
2372.52
2440.51
2495.18
2529.38
2574.66
2609.54
2607.3
2547.6
2277.51
2054.9
2053.93
2080.88
2118.55
2153.66
2186.47
2221.2
2259.17
2299.22
2341.95
2388.57
2438.12
2487.35
2532.6
2571.81
2608.99
2651.17
2696.08
2722.81
2730.97
2698.1
2482.66
2306.56
2312.96
2339.77
2374.77
2401.66
2419.66
2432.99
2446.51
2462.86
2483.49
2508.69
2536.83
2564.81
2589.64
2610.14
2627.11
2643.38
2664.97
2702.17
2762.11
2794.55
2793.81
2746.64
2576.6
2477.45
2483.17
2508.09
2540.86
2566.48
2581.04
2587.73
2592.3
2597.12
2602.81
2610.56
2623.24
2643.68
2673.01
2702.51
2727.05
2744.78
2760.57
2785.84
2826.67
2846.15
2856.17
2816.55
2705.85
2653.85
2646.8
2651.78
2666.1
2683.12
2700.95
2721.7
2745.48
2766.16
2780.8
2789.49
2790.87
2789.03
2787.89
2786.71
2791.52
2809.69
2838.61
2869.33
2884.41
2873.63
2847.06
2771.53
2712.69
2708.36
2717.58
2727.93
2739.62
2744.73
2744.92
2746.01
2751.01
2766.18
2790.47
2820.33
2848.45
2868.62
2881.3
2889.96
2898.16
2911.96
2937.37
2959.78
2968.13
2962.53
2909.67
2818.43
2793.81
2797.06
2806.81
2821.93
2833.8
2836.77
2835.59
2835.63
2839.58
2851.6
2872.21
2901.16
2925.56
2941
2949.1
2952.4
2953.47
2957.24
2968.72
2984.74
2991.6
2988.6
2968.5
2904.99
2843.67
2829.9
2830.43
2844.57
2866.72
2885.55
2898.56
2905.78
2908.08
2911.55
2921.09
2939.27
2961.12
2977.4
2986.52
2993.32
2999.57
3008.78
3027.02
3052.44
3067.51
3077.01
3065.22
3010.92
2950.39
2937.76
2934.79
2940.54
2954.18
2970.05
2981.21
2990.37
2996.59
3000.55
3007.05
3021.47
3043.97
3064.61
3078.58
3090.6
3102.88
3116.99
3132.09
3142.39
3145.1
3144.53
3119.2
3053.25
3012.37
3011.83
3018.45
3032.01
3050.93
3069.8
3082.37
3096.13
3108.18
3121.26
3131.3
3143.78
3162.21
3181.57
3194.09
3201.21
3208.12
3219.05
3236.09
3259
3274.3
3278.36
3272.29
3229.24
3164.95
3148.01
3152.15
3161.26
3175.32
3191.71
3202.56
3210.15
3217.96
3226.83
3236.83
3248.65
3264.02
3285.65
3312.82
3333.69
3344.28
3349.63
3355.17
3362.95
3374.01
3385.54
3393.56
3395.05
3385.26
3352.34
3325.67
3326.26
3334.5
3349.2
3370.52
3390.32
3401.6
3410.53
3420.81
3433.17
3448.32
3466.97
3490.57
3521.45
3554.38
3573.01
3580.07
3582.94
3583.01
3582.06
3583.14
3586
3588.07
3588.01
3575.84
3534.6
3494.46
3488.13
3493.21
3505.17
3521.93
3541.03
3552.14
3558.41
3564.21
3570.17
3577.44
3588.32
3606.22
3110.48
2667.55
2135.45
1975.75
1864.28
1881.86
1924.5
1987.51
2032.74
2089.96
2152.35
2221.23
2296.06
2372.76
2441.08
2499.4
2536.28
2582.54
2616.09
2610.95
2551.08
2281.9
2056.08
2056.02
2083.58
2120.4
2153.19
2183.24
2215.86
2253.06
2295.66
2342.35
2392.17
2444.49
2496.34
2542.98
2582.55
2618.96
2658.26
2698.16
2719.27
2721.62
2681.24
2457.72
2297.91
2311.09
2343.18
2379.67
2405.71
2420.36
2430.51
2441.52
2456.55
2477.21
2503.91
2534.31
2564.43
2590.46
2610.83
2627
2642.75
2664.39
2701.48
2761.6
2796.99
2796.47
2750.42
2579.96
2474.86
2480.94
2508.48
2542.42
2568.44
2581.97
2587.56
2591.11
2594.8
2599.13
2604.66
2614.16
2633.75
2662.99
2693.62
2722
2741.99
2758.91
2784.7
2827.51
2849.87
2860.99
2821.98
2710.41
2654.71
2646.3
2650.7
2665.39
2684.11
2705.16
2729.47
2756.45
2779.74
2796.65
2805.61
2805.32
2801.61
2797.26
2792.09
2790.44
2801.28
2828.01
2858.27
2877.94
2870.45
2844.54
2772.62
2715.12
2710.47
2720.52
2732.55
2745.65
2751.38
2750.72
2749.96
2751.4
2760.67
2782.99
2816.35
2850.27
2874.9
2889.37
2898.4
2905.35
2917.36
2940.33
2960.32
2966.69
2962.01
2908.69
2818.53
2795
2799.41
2808.6
2822.49
2832.7
2834.95
2833.29
2832.97
2837.56
2851.11
2874.59
2906.85
2932.49
2949.01
2957.3
2960.44
2960.58
2963.09
2973.04
2987.81
2994.58
2991.66
2970.28
2903.45
2839.6
2824.58
2823.51
2836.49
2859
2878.87
2893.54
2903.1
2906.65
2910.68
2919.94
2936.95
2957.19
2971.88
2980.93
2988.04
2995.59
3006.72
3027.82
3055.95
3072.39
3083.41
3071.38
3014.5
2951.17
2937.87
2933.99
2938.56
2951.46
2966.94
2978.02
2988.15
2995.66
3001.15
3007.72
3021.92
3043.97
3065.54
3081.63
3095.95
3111.14
3128.99
3145.37
3153.65
3153.34
3148.92
3115.92
3040.84
3003.45
3004.3
3012.23
3027.22
3047.74
3068.48
3081.97
3096.24
3108.32
3121.52
3131.71
3143.88
3161.5
3179.59
3191.24
3198.27
3205.76
3217.31
3236.11
3261.32
3276.37
3280.19
3273.3
3225.76
3158
3142.08
3146.44
3155.3
3168.79
3184.88
3196.77
3205.46
3214.36
3224.39
3235.33
3248.71
3265.97
3289.5
3316.46
3334.4
3343.29
3347.77
3352.49
3359.46
3369.19
3379.94
3387.1
3388.42
3378.33
3346.6
3322.06
3323.49
3332.46
3347.65
3369.43
3390.61
3405.06
3416.14
3427.62
3441.24
3457.82
3478.37
3504.8
3539.03
3573.47
3594.53
3603.83
3607.3
3608.44
3606.49
3604.86
3604.48
3603.32
3597.65
3577.51
3533.12
3497.17
3492.83
3499.08
3511.77
3530.26
3550.84
3562.68
3569.75
3575.9
3582.23
3589.63
3600.61
3617.03
)
;

boundaryField
{
    sides
    {
        type            zeroGradient;
    }
    inlet
    {
        type            zeroGradient;
    }
    outlet
    {
        type            zeroGradient;
    }
    empty
    {
        type            empty;
    }
}


// ************************************************************************* //
