/*--------------------------------*- C++ -*----------------------------------*\
| =========                 |                                                 |
| \\      /  F ield         | OpenFOAM: The Open Source CFD Toolbox           |
|  \\    /   O peration     | Version:  2306                                  |
|   \\  /    A nd           | Website:  www.openfoam.com                      |
|    \\/     M anipulation  |                                                 |
\*---------------------------------------------------------------------------*/
FoamFile
{
    version     2.0;
    format      ascii;
    arch        "LSB;label=32;scalar=64";
    class       volScalarField;
    location    "0.17";
    object      p;
}
// * * * * * * * * * * * * * * * * * * * * * * * * * * * * * * * * * * * * * //

dimensions      [1 -1 -2 0 0 0 0];

internalField   nonuniform List<scalar> 
6000
(
556770
556770
556770
556770
556770
556770
556770
556770
556770
556770
556770
556770
556770
556770
556770
556770
556770
556770
556770
556770
556770
556770
556770
556770
556770
556770
556770
556770
556770
556770
556770
556770
556770
556770
556770
556770
556770
556770
556770
556770
556770
556770
556770
556770
556770
556770
556770
556770
556770
556770
556770
556770
556770
556770
556770
556770
556770
556770
556770
556770
556770
556770
556770
556770
556770
556770
556770
556770
556770
556770
556770
556770
556770
556770
556770
556770
556770
556770
556770
556770
556770
556771
556772
556774
556779
556790
556812
556854
556932
557065
557270
557527
557735
557795
557793
557771
557701
557555
557319
556993
556589
556130
555637
555126
554611
554101
553601
553110
552633
552173
551733
551308
550905
550526
550179
549861
549572
549319
549101
548918
548759
548625
548508
548406
548312
548222
548137
548055
547979
547922
547893
547885
547882
547881
547883
547889
547899
547915
547938
547967
548000
548036
548071
548102
548127
548147
548164
548177
548185
548192
548196
548199
548203
548207
548211
548216
548218
548218
548217
548214
548209
548204
548199
548192
548183
548172
548158
548142
548126
548106
548090
548076
548067
548063
548063
548063
548063
548063
548062
548065
548069
548077
548087
548099
548110
548120
548130
548137
548142
548147
548151
548156
548160
548164
548167
548171
548175
548181
548188
548196
548203
548207
548207
548206
548204
548199
548192
548182
548170
548155
548140
548125
548111
548100
548092
548086
548080
548075
548071
548068
548067
548066
548065
548067
548069
548073
548080
548087
548095
548104
548114
548123
548132
548140
548148
548153
548156
548157
548158
548159
548160
548162
548165
548171
548178
548185
548193
548201
548207
548209
548209
548209
548208
548205
548198
548188
548172
548154
548134
548117
548104
548096
548092
548088
548084
548077
548071
548065
548062
548060
548060
548061
548062
548064
548066
548070
548077
548087
548100
548115
548128
548138
548145
548148
548149
548151
548153
548157
548162
548165
548167
548169
548172
548177
548183
548193
548205
548219
548228
548229
556770
556770
556770
556770
556770
556770
556770
556770
556770
556770
556770
556770
556770
556770
556770
556770
556770
556770
556770
556770
556770
556770
556770
556770
556770
556770
556770
556770
556770
556770
556770
556770
556770
556770
556770
556770
556770
556770
556770
556770
556770
556770
556770
556770
556770
556770
556770
556770
556770
556770
556770
556770
556770
556770
556770
556770
556770
556770
556770
556770
556770
556770
556770
556770
556770
556770
556770
556770
556770
556770
556770
556770
556770
556770
556770
556770
556770
556770
556770
556770
556770
556771
556772
556774
556779
556790
556812
556854
556932
557065
557270
557528
557735
557795
557793
557771
557701
557555
557319
556992
556589
556130
555637
555126
554612
554102
553600
553109
552634
552174
551732
551306
550905
550529
550180
549859
549572
549321
549102
548917
548758
548624
548509
548406
548312
548222
548138
548056
547979
547921
547891
547885
547882
547881
547884
547889
547899
547915
547938
547967
548000
548036
548072
548103
548128
548147
548163
548177
548185
548191
548196
548200
548204
548208
548211
548215
548217
548217
548216
548214
548209
548205
548199
548192
548183
548172
548158
548142
548125
548107
548090
548077
548067
548063
548063
548063
548063
548063
548063
548065
548070
548077
548087
548099
548109
548120
548129
548137
548142
548147
548151
548156
548160
548163
548167
548171
548175
548181
548188
548197
548204
548207
548207
548206
548204
548199
548192
548182
548170
548155
548140
548125
548112
548100
548092
548086
548080
548075
548071
548068
548067
548066
548066
548067
548069
548073
548079
548087
548095
548105
548114
548124
548132
548140
548147
548153
548156
548157
548159
548159
548160
548162
548165
548170
548178
548185
548193
548201
548208
548210
548210
548210
548208
548205
548198
548187
548172
548154
548134
548117
548104
548096
548091
548088
548084
548078
548071
548065
548062
548060
548060
548061
548062
548064
548066
548070
548077
548087
548099
548114
548127
548138
548145
548149
548150
548151
548153
548156
548161
548165
548167
548170
548173
548177
548184
548193
548205
548218
548228
548229
556770
556770
556770
556770
556770
556770
556770
556770
556770
556770
556770
556770
556770
556770
556770
556770
556770
556770
556770
556770
556770
556770
556770
556770
556770
556770
556770
556770
556770
556770
556770
556770
556770
556770
556770
556770
556770
556770
556770
556770
556770
556770
556770
556770
556770
556770
556770
556770
556770
556770
556770
556770
556770
556770
556770
556770
556770
556770
556770
556770
556770
556770
556770
556770
556770
556770
556770
556770
556770
556770
556770
556770
556770
556770
556770
556770
556770
556770
556770
556770
556770
556771
556772
556774
556779
556790
556812
556854
556932
557065
557270
557528
557734
557795
557793
557771
557701
557556
557319
556992
556589
556130
555636
555125
554612
554102
553600
553109
552634
552174
551732
551306
550906
550528
550180
549858
549573
549321
549103
548917
548757
548625
548508
548406
548313
548223
548139
548055
547979
547920
547891
547884
547883
547882
547884
547889
547899
547915
547937
547966
548000
548036
548072
548104
548129
548148
548163
548175
548184
548191
548196
548201
548205
548209
548212
548214
548216
548216
548215
548213
548210
548205
548200
548193
548183
548171
548157
548141
548124
548107
548091
548078
548068
548063
548062
548062
548062
548062
548063
548066
548070
548078
548087
548098
548109
548120
548129
548136
548142
548147
548152
548157
548160
548163
548167
548170
548174
548181
548188
548197
548204
548207
548207
548206
548204
548198
548191
548182
548170
548155
548140
548126
548113
548101
548092
548085
548080
548074
548071
548069
548067
548067
548066
548066
548069
548072
548078
548087
548096
548105
548115
548124
548132
548140
548146
548152
548156
548158
548159
548160
548161
548163
548166
548170
548176
548185
548193
548201
548208
548210
548210
548210
548208
548205
548198
548187
548172
548154
548135
548117
548104
548095
548090
548087
548083
548078
548072
548066
548062
548060
548060
548060
548062
548064
548067
548071
548078
548088
548099
548113
548126
548137
548145
548149
548151
548152
548154
548156
548160
548164
548166
548169
548173
548178
548184
548194
548206
548218
548227
548229
556770
556770
556770
556770
556770
556770
556770
556770
556770
556770
556770
556770
556770
556770
556770
556770
556770
556770
556770
556770
556770
556770
556770
556770
556770
556770
556770
556770
556770
556770
556770
556770
556770
556770
556770
556770
556770
556770
556770
556770
556770
556770
556770
556770
556770
556770
556770
556770
556770
556770
556770
556770
556770
556770
556770
556770
556770
556770
556770
556770
556770
556770
556770
556770
556770
556770
556770
556770
556770
556770
556770
556770
556770
556770
556770
556770
556770
556770
556770
556770
556770
556771
556772
556774
556779
556790
556812
556854
556932
557065
557270
557528
557734
557794
557793
557771
557701
557556
557320
556992
556589
556130
555636
555126
554612
554102
553599
553110
552635
552175
551730
551306
550906
550528
550179
549857
549574
549321
549104
548916
548757
548624
548508
548407
548313
548224
548139
548055
547979
547919
547890
547883
547883
547883
547885
547890
547900
547915
547937
547965
547999
548036
548073
548104
548130
548149
548164
548174
548182
548189
548196
548201
548206
548210
548213
548214
548215
548215
548214
548213
548210
548207
548201
548193
548183
548171
548156
548140
548123
548107
548092
548079
548068
548064
548062
548062
548061
548061
548063
548066
548071
548078
548088
548098
548109
548119
548129
548136
548142
548147
548152
548157
548160
548163
548166
548170
548174
548181
548189
548197
548205
548207
548207
548206
548203
548198
548191
548182
548170
548155
548140
548126
548113
548101
548091
548085
548079
548074
548070
548069
548068
548067
548066
548066
548068
548072
548078
548086
548096
548106
548116
548125
548133
548139
548145
548150
548155
548158
548159
548161
548162
548163
548166
548170
548175
548183
548193
548202
548208
548211
548211
548210
548208
548204
548198
548187
548173
548155
548136
548118
548103
548095
548089
548086
548083
548078
548073
548067
548062
548060
548059
548060
548061
548064
548067
548072
548079
548088
548100
548112
548125
548136
548145
548149
548152
548153
548154
548157
548160
548162
548166
548169
548173
548178
548185
548194
548206
548218
548226
548228
556770
556770
556770
556770
556770
556770
556770
556770
556770
556770
556770
556770
556770
556770
556770
556770
556770
556770
556770
556770
556770
556770
556770
556770
556770
556770
556770
556770
556770
556770
556770
556770
556770
556770
556770
556770
556770
556770
556770
556770
556770
556770
556770
556770
556770
556770
556770
556770
556770
556770
556770
556770
556770
556770
556770
556770
556770
556770
556770
556770
556770
556770
556770
556770
556770
556770
556770
556770
556770
556770
556770
556770
556770
556770
556770
556770
556770
556770
556770
556770
556770
556771
556772
556774
556779
556790
556812
556854
556932
557065
557270
557528
557734
557794
557793
557771
557701
557556
557319
556993
556589
556130
555635
555126
554612
554102
553598
553111
552635
552175
551729
551307
550906
550529
550178
549857
549574
549321
549104
548915
548757
548624
548507
548407
548312
548225
548140
548056
547979
547918
547889
547883
547883
547884
547886
547890
547899
547914
547936
547964
547998
548036
548073
548105
548131
548150
548164
548173
548181
548188
548196
548202
548208
548212
548214
548214
548214
548213
548213
548213
548211
548207
548202
548194
548184
548170
548155
548139
548123
548107
548093
548079
548069
548064
548062
548061
548060
548061
548063
548066
548072
548078
548087
548098
548109
548119
548128
548136
548143
548148
548153
548157
548160
548163
548166
548170
548174
548181
548189
548197
548204
548207
548207
548206
548203
548198
548191
548182
548170
548155
548140
548125
548113
548102
548092
548085
548079
548074
548070
548069
548067
548067
548067
548066
548068
548072
548077
548086
548096
548106
548116
548125
548133
548139
548145
548149
548154
548158
548160
548161
548163
548164
548166
548170
548175
548182
548192
548202
548209
548211
548212
548210
548208
548204
548197
548187
548172
548155
548136
548119
548103
548094
548089
548085
548082
548078
548073
548068
548063
548060
548059
548059
548061
548064
548068
548073
548080
548089
548099
548112
548124
548135
548144
548150
548152
548154
548155
548157
548159
548162
548165
548168
548173
548179
548186
548195
548206
548218
548225
548227
556770
556770
556770
556770
556770
556770
556770
556770
556770
556770
556770
556770
556770
556770
556770
556770
556770
556770
556770
556770
556770
556770
556770
556770
556770
556770
556770
556770
556770
556770
556770
556770
556770
556770
556770
556770
556770
556770
556770
556770
556770
556770
556770
556770
556770
556770
556770
556770
556770
556770
556770
556770
556770
556770
556770
556770
556770
556770
556770
556770
556770
556770
556770
556770
556770
556770
556770
556770
556770
556770
556770
556770
556770
556770
556770
556770
556770
556770
556770
556770
556770
556771
556772
556774
556779
556790
556812
556854
556932
557065
557270
557528
557735
557794
557793
557771
557701
557556
557319
556993
556590
556130
555635
555126
554612
554101
553598
553111
552635
552175
551728
551308
550905
550529
550177
549859
549574
549321
549104
548914
548758
548623
548507
548406
548312
548226
548140
548057
547979
547917
547888
547883
547883
547884
547886
547890
547899
547914
547936
547964
547998
548036
548073
548106
548131
548150
548163
548173
548181
548188
548196
548203
548208
548212
548214
548213
548213
548213
548213
548213
548211
548208
548203
548194
548183
548170
548155
548139
548123
548108
548093
548080
548069
548063
548061
548060
548060
548062
548064
548067
548072
548078
548087
548097
548108
548119
548129
548137
548143
548149
548153
548156
548160
548163
548166
548170
548175
548181
548189
548198
548204
548206
548206
548205
548203
548199
548192
548182
548170
548155
548140
548125
548113
548102
548094
548086
548079
548074
548069
548068
548067
548067
548067
548067
548068
548072
548077
548085
548096
548106
548116
548126
548134
548140
548145
548149
548153
548158
548160
548161
548163
548164
548166
548170
548175
548182
548192
548202
548209
548212
548212
548210
548208
548204
548197
548187
548172
548155
548137
548119
548104
548094
548088
548084
548082
548078
548073
548068
548063
548060
548059
548059
548061
548064
548068
548073
548080
548089
548099
548111
548124
548134
548143
548150
548153
548155
548156
548156
548159
548161
548164
548168
548174
548179
548186
548196
548206
548218
548225
548227
556770
556770
556770
556770
556770
556770
556770
556770
556770
556770
556770
556770
556770
556770
556770
556770
556770
556770
556770
556770
556770
556770
556770
556770
556770
556770
556770
556770
556770
556770
556770
556770
556770
556770
556770
556770
556770
556770
556770
556770
556770
556770
556770
556770
556770
556770
556770
556770
556770
556770
556770
556770
556770
556770
556770
556770
556770
556770
556770
556770
556770
556770
556770
556770
556770
556770
556770
556770
556770
556770
556770
556770
556770
556770
556770
556770
556770
556770
556770
556770
556770
556771
556772
556774
556779
556790
556812
556854
556932
557065
557270
557528
557735
557794
557793
557771
557701
557556
557319
556993
556590
556130
555635
555126
554612
554100
553599
553111
552636
552174
551729
551308
550905
550529
550176
549860
549573
549322
549103
548914
548759
548622
548508
548406
548312
548226
548140
548057
547978
547917
547888
547883
547884
547885
547886
547890
547899
547914
547936
547964
547998
548036
548073
548105
548131
548150
548163
548173
548181
548188
548197
548203
548208
548212
548213
548213
548213
548213
548213
548213
548212
548208
548203
548194
548182
548169
548155
548140
548124
548109
548094
548080
548068
548062
548060
548060
548061
548063
548065
548068
548072
548077
548086
548096
548107
548119
548130
548138
548144
548149
548153
548156
548159
548162
548166
548170
548175
548182
548190
548198
548203
548205
548205
548205
548203
548199
548193
548183
548170
548154
548139
548124
548112
548102
548094
548087
548080
548074
548069
548067
548066
548066
548067
548068
548069
548072
548078
548085
548095
548106
548116
548126
548134
548140
548146
548150
548153
548156
548160
548161
548163
548165
548166
548170
548175
548181
548191
548202
548209
548212
548212
548211
548209
548204
548197
548187
548172
548155
548136
548119
548105
548094
548088
548084
548081
548077
548073
548068
548064
548061
548060
548060
548061
548064
548068
548073
548080
548089
548099
548112
548124
548135
548143
548150
548153
548155
548156
548156
548159
548161
548164
548168
548174
548179
548186
548196
548206
548218
548225
548227
556770
556770
556770
556770
556770
556770
556770
556770
556770
556770
556770
556770
556770
556770
556770
556770
556770
556770
556770
556770
556770
556770
556770
556770
556770
556770
556770
556770
556770
556770
556770
556770
556770
556770
556770
556770
556770
556770
556770
556770
556770
556770
556770
556770
556770
556770
556770
556770
556770
556770
556770
556770
556770
556770
556770
556770
556770
556770
556770
556770
556770
556770
556770
556770
556770
556770
556770
556770
556770
556770
556770
556770
556770
556770
556770
556770
556770
556770
556770
556770
556770
556771
556772
556774
556779
556790
556812
556854
556932
557065
557270
557528
557735
557794
557793
557771
557701
557555
557319
556993
556590
556129
555636
555126
554612
554099
553600
553111
552636
552173
551730
551308
550906
550528
550176
549861
549573
549322
549102
548916
548759
548622
548508
548405
548313
548226
548141
548057
547978
547917
547889
547883
547884
547885
547886
547890
547899
547914
547936
547964
547999
548037
548073
548105
548131
548149
548163
548173
548181
548189
548197
548203
548208
548211
548212
548213
548213
548213
548214
548214
548212
548208
548202
548192
548181
548169
548155
548140
548125
548110
548095
548080
548066
548061
548059
548059
548062
548064
548066
548068
548071
548077
548085
548095
548106
548120
548131
548139
548145
548149
548152
548155
548158
548161
548166
548171
548176
548183
548190
548197
548203
548204
548204
548204
548203
548200
548194
548184
548170
548154
548138
548124
548111
548102
548095
548088
548081
548074
548069
548066
548065
548066
548067
548068
548070
548073
548078
548085
548094
548105
548116
548126
548135
548141
548146
548150
548153
548155
548158
548161
548163
548165
548167
548171
548175
548182
548190
548201
548208
548212
548213
548211
548209
548205
548197
548186
548172
548154
548136
548119
548105
548095
548088
548084
548081
548077
548072
548067
548064
548061
548060
548060
548061
548063
548067
548072
548079
548089
548099
548112
548124
548135
548144
548150
548152
548154
548155
548157
548159
548161
548164
548168
548173
548179
548186
548196
548206
548218
548225
548227
556770
556770
556770
556770
556770
556770
556770
556770
556770
556770
556770
556770
556770
556770
556770
556770
556770
556770
556770
556770
556770
556770
556770
556770
556770
556770
556770
556770
556770
556770
556770
556770
556770
556770
556770
556770
556770
556770
556770
556770
556770
556770
556770
556770
556770
556770
556770
556770
556770
556770
556770
556770
556770
556770
556770
556770
556770
556770
556770
556770
556770
556770
556770
556770
556770
556770
556770
556770
556770
556770
556770
556770
556770
556770
556770
556770
556770
556770
556770
556770
556770
556771
556772
556774
556779
556790
556812
556854
556932
557065
557270
557528
557735
557794
557793
557771
557701
557555
557319
556993
556590
556129
555636
555126
554611
554099
553601
553111
552636
552172
551732
551307
550906
550527
550177
549860
549573
549322
549101
548917
548758
548623
548508
548404
548313
548226
548141
548057
547978
547917
547889
547883
547884
547884
547886
547890
547899
547914
547936
547965
547999
548037
548073
548104
548130
548149
548163
548173
548182
548190
548197
548203
548207
548210
548212
548213
548213
548214
548215
548215
548212
548209
548201
548191
548181
548169
548155
548141
548126
548110
548095
548079
548065
548060
548059
548060
548063
548065
548066
548069
548071
548076
548084
548094
548106
548121
548132
548140
548146
548149
548151
548154
548157
548160
548166
548172
548177
548184
548190
548197
548202
548203
548204
548205
548204
548201
548195
548184
548169
548153
548137
548123
548111
548102
548095
548089
548082
548074
548069
548065
548064
548066
548067
548069
548071
548074
548078
548085
548093
548103
548115
548126
548135
548142
548147
548151
548153
548155
548157
548160
548162
548165
548168
548171
548176
548182
548190
548200
548208
548212
548213
548212
548209
548205
548197
548186
548171
548154
548136
548119
548105
548096
548089
548084
548081
548077
548072
548067
548063
548061
548060
548061
548061
548063
548067
548072
548079
548088
548100
548112
548125
548136
548144
548149
548152
548154
548155
548157
548159
548162
548164
548168
548173
548179
548186
548195
548206
548218
548226
548227
556770
556770
556770
556770
556770
556770
556770
556770
556770
556770
556770
556770
556770
556770
556770
556770
556770
556770
556770
556770
556770
556770
556770
556770
556770
556770
556770
556770
556770
556770
556770
556770
556770
556770
556770
556770
556770
556770
556770
556770
556770
556770
556770
556770
556770
556770
556770
556770
556770
556770
556770
556770
556770
556770
556770
556770
556770
556770
556770
556770
556770
556770
556770
556770
556770
556770
556770
556770
556770
556770
556770
556770
556770
556770
556770
556770
556770
556770
556770
556770
556770
556771
556772
556774
556779
556790
556812
556854
556932
557065
557270
557528
557735
557794
557793
557771
557701
557555
557320
556993
556590
556130
555637
555126
554610
554100
553601
553111
552635
552172
551733
551307
550906
550526
550179
549860
549573
549321
549101
548918
548758
548624
548507
548404
548313
548225
548141
548057
547979
547918
547889
547883
547883
547884
547886
547890
547899
547914
547936
547965
547999
548036
548072
548104
548130
548149
548163
548173
548182
548190
548197
548202
548207
548210
548211
548213
548213
548214
548216
548215
548213
548208
548201
548191
548181
548169
548155
548141
548126
548110
548095
548078
548065
548060
548059
548060
548063
548065
548066
548069
548071
548076
548084
548094
548106
548121
548132
548140
548146
548149
548151
548154
548156
548160
548167
548172
548178
548184
548190
548196
548202
548203
548204
548205
548205
548201
548195
548184
548168
548153
548137
548123
548111
548102
548095
548089
548082
548074
548068
548065
548064
548066
548067
548069
548071
548074
548078
548084
548093
548103
548115
548126
548135
548143
548148
548151
548153
548155
548156
548159
548162
548165
548168
548172
548176
548182
548190
548199
548208
548212
548213
548212
548210
548205
548197
548186
548171
548153
548135
548119
548106
548096
548090
548085
548081
548077
548072
548067
548063
548061
548061
548061
548061
548063
548066
548071
548079
548088
548100
548113
548125
548136
548144
548149
548152
548154
548155
548157
548160
548162
548165
548168
548173
548178
548185
548195
548206
548218
548226
548228
556770
556770
556770
556770
556770
556770
556770
556770
556770
556770
556770
556770
556770
556770
556770
556770
556770
556770
556770
556770
556770
556770
556770
556770
556770
556770
556770
556770
556770
556770
556770
556770
556770
556770
556770
556770
556770
556770
556770
556770
556770
556770
556770
556770
556770
556770
556770
556770
556770
556770
556770
556770
556770
556770
556770
556770
556770
556770
556770
556770
556770
556770
556770
556770
556770
556770
556770
556770
556770
556770
556770
556770
556770
556770
556770
556770
556770
556770
556770
556770
556770
556771
556772
556774
556779
556790
556812
556854
556932
557065
557270
557528
557735
557794
557793
557771
557701
557555
557320
556993
556589
556130
555637
555126
554610
554101
553600
553111
552634
552173
551733
551308
550906
550525
550179
549859
549574
549320
549102
548918
548758
548624
548506
548405
548312
548225
548141
548056
547979
547918
547889
547882
547882
547883
547886
547891
547900
547914
547936
547965
547999
548036
548073
548105
548130
548149
548163
548173
548182
548190
548197
548202
548207
548210
548211
548213
548213
548214
548216
548215
548213
548209
548201
548191
548181
548169
548155
548141
548125
548110
548094
548079
548066
548061
548059
548060
548062
548064
548066
548069
548071
548076
548084
548094
548106
548121
548132
548140
548146
548149
548151
548154
548156
548160
548167
548172
548178
548184
548190
548196
548202
548203
548204
548206
548205
548201
548195
548183
548168
548153
548137
548123
548111
548102
548095
548089
548082
548074
548069
548065
548064
548066
548067
548069
548072
548074
548078
548084
548093
548103
548115
548126
548135
548143
548148
548151
548153
548154
548156
548159
548162
548165
548168
548172
548176
548182
548190
548199
548208
548211
548213
548212
548210
548205
548197
548186
548171
548153
548135
548118
548106
548096
548090
548085
548081
548077
548072
548067
548063
548061
548060
548060
548061
548062
548066
548071
548078
548088
548100
548113
548125
548136
548144
548149
548152
548154
548155
548158
548160
548162
548165
548168
548172
548178
548185
548194
548206
548218
548226
548228
556770
556770
556770
556770
556770
556770
556770
556770
556770
556770
556770
556770
556770
556770
556770
556770
556770
556770
556770
556770
556770
556770
556770
556770
556770
556770
556770
556770
556770
556770
556770
556770
556770
556770
556770
556770
556770
556770
556770
556770
556770
556770
556770
556770
556770
556770
556770
556770
556770
556770
556770
556770
556770
556770
556770
556770
556770
556770
556770
556770
556770
556770
556770
556770
556770
556770
556770
556770
556770
556770
556770
556770
556770
556770
556770
556770
556770
556770
556770
556770
556770
556771
556772
556774
556779
556790
556812
556854
556932
557065
557270
557528
557735
557794
557793
557771
557701
557555
557320
556993
556589
556130
555637
555126
554609
554102
553600
553111
552633
552175
551732
551308
550904
550526
550180
549859
549574
549319
549104
548917
548759
548624
548506
548405
548312
548225
548141
548056
547980
547918
547889
547882
547883
547884
547886
547891
547900
547914
547936
547964
547999
548036
548073
548105
548131
548149
548163
548173
548181
548189
548197
548202
548207
548210
548212
548213
548213
548214
548215
548215
548212
548208
548202
548192
548181
548169
548155
548140
548124
548109
548094
548079
548067
548061
548060
548060
548061
548064
548066
548068
548072
548077
548085
548095
548106
548119
548131
548140
548146
548149
548151
548154
548157
548160
548166
548172
548177
548183
548190
548197
548202
548204
548205
548206
548205
548201
548194
548183
548168
548153
548137
548123
548111
548102
548095
548089
548081
548074
548069
548066
548065
548066
548067
548069
548071
548074
548078
548085
548093
548103
548115
548126
548135
548142
548148
548151
548153
548155
548156
548159
548162
548165
548168
548172
548176
548183
548190
548200
548208
548211
548213
548212
548209
548205
548197
548186
548171
548153
548135
548118
548105
548096
548090
548085
548082
548078
548073
548068
548064
548061
548060
548060
548060
548062
548066
548071
548079
548088
548100
548113
548125
548136
548144
548149
548152
548154
548155
548158
548160
548162
548165
548168
548172
548177
548184
548194
548206
548218
548226
548228
556770
556770
556770
556770
556770
556770
556770
556770
556770
556770
556770
556770
556770
556770
556770
556770
556770
556770
556770
556770
556770
556770
556770
556770
556770
556770
556770
556770
556770
556770
556770
556770
556770
556770
556770
556770
556770
556770
556770
556770
556770
556770
556770
556770
556770
556770
556770
556770
556770
556770
556770
556770
556770
556770
556770
556770
556770
556770
556770
556770
556770
556770
556770
556770
556770
556770
556770
556770
556770
556770
556770
556770
556770
556770
556770
556770
556770
556770
556770
556770
556770
556771
556772
556774
556779
556790
556812
556854
556932
557065
557270
557528
557735
557794
557793
557771
557701
557555
557320
556993
556589
556131
555637
555125
554610
554102
553601
553110
552632
552175
551732
551308
550903
550528
550179
549860
549573
549319
549104
548916
548759
548622
548506
548406
548312
548226
548140
548056
547979
547917
547888
547882
547883
547884
547887
547891
547900
547914
547935
547964
547998
548036
548074
548106
548131
548150
548163
548173
548180
548188
548197
548202
548207
548211
548212
548213
548213
548214
548215
548214
548212
548208
548202
548193
548182
548169
548155
548140
548124
548108
548093
548079
548068
548062
548060
548060
548061
548063
548065
548068
548072
548078
548086
548096
548107
548119
548130
548139
548145
548149
548152
548155
548158
548161
548166
548171
548176
548183
548190
548197
548203
548205
548206
548206
548204
548200
548193
548182
548168
548154
548138
548124
548112
548102
548095
548087
548080
548074
548070
548067
548066
548067
548067
548069
548070
548073
548078
548085
548093
548104
548115
548126
548135
548142
548147
548151
548153
548155
548157
548159
548162
548164
548167
548171
548176
548183
548191
548201
548208
548212
548212
548211
548209
548205
548197
548186
548171
548154
548135
548118
548104
548095
548089
548085
548082
548078
548074
548069
548064
548061
548059
548059
548060
548062
548066
548072
548079
548089
548100
548112
548125
548135
548144
548149
548152
548154
548156
548158
548160
548162
548165
548168
548172
548177
548185
548194
548206
548218
548226
548228
556770
556770
556770
556770
556770
556770
556770
556770
556770
556770
556770
556770
556770
556770
556770
556770
556770
556770
556770
556770
556770
556770
556770
556770
556770
556770
556770
556770
556770
556770
556770
556770
556770
556770
556770
556770
556770
556770
556770
556770
556770
556770
556770
556770
556770
556770
556770
556770
556770
556770
556770
556770
556770
556770
556770
556770
556770
556770
556770
556770
556770
556770
556770
556770
556770
556770
556770
556770
556770
556770
556770
556770
556770
556770
556770
556770
556770
556770
556770
556770
556770
556771
556772
556774
556779
556790
556812
556854
556932
557065
557270
557528
557735
557794
557793
557771
557701
557556
557320
556993
556589
556131
555637
555124
554611
554102
553601
553109
552634
552175
551732
551307
550902
550529
550179
549861
549572
549321
549104
548916
548759
548622
548507
548406
548313
548226
548140
548057
547979
547917
547888
547882
547883
547884
547887
547891
547900
547914
547935
547964
547998
548036
548074
548106
548131
548150
548163
548172
548180
548188
548197
548203
548208
548211
548212
548213
548214
548214
548214
548214
548212
548208
548202
548194
548183
548169
548155
548139
548123
548107
548093
548080
548069
548063
548061
548060
548060
548062
548064
548068
548072
548079
548087
548096
548107
548118
548129
548138
548144
548149
548153
548156
548159
548162
548166
548170
548175
548182
548190
548198
548204
548206
548207
548206
548204
548199
548192
548181
548169
548154
548139
548124
548112
548102
548094
548086
548080
548074
548070
548068
548067
548067
548067
548068
548069
548072
548078
548085
548094
548105
548116
548126
548134
548141
548146
548150
548153
548156
548158
548160
548162
548164
548167
548171
548176
548183
548192
548202
548208
548212
548212
548210
548208
548204
548197
548186
548172
548155
548136
548118
548103
548094
548089
548085
548083
548079
548074
548069
548065
548060
548058
548058
548059
548062
548067
548072
548079
548089
548100
548112
548124
548135
548143
548150
548153
548155
548157
548158
548160
548162
548164
548167
548172
548177
548185
548194
548206
548218
548226
548228
556770
556770
556770
556770
556770
556770
556770
556770
556770
556770
556770
556770
556770
556770
556770
556770
556770
556770
556770
556770
556770
556770
556770
556770
556770
556770
556770
556770
556770
556770
556770
556770
556770
556770
556770
556770
556770
556770
556770
556770
556770
556770
556770
556770
556770
556770
556770
556770
556770
556770
556770
556770
556770
556770
556770
556770
556770
556770
556770
556770
556770
556770
556770
556770
556770
556770
556770
556770
556770
556770
556770
556770
556770
556770
556770
556770
556770
556770
556770
556770
556770
556771
556772
556774
556779
556790
556812
556854
556932
557065
557270
557528
557735
557794
557793
557771
557701
557556
557320
556993
556589
556130
555637
555124
554611
554102
553601
553108
552635
552175
551733
551306
550903
550529
550178
549861
549571
549322
549103
548917
548758
548621
548508
548405
548313
548226
548140
548057
547978
547917
547888
547882
547883
547884
547886
547891
547900
547915
547936
547964
547998
548036
548074
548106
548131
548150
548163
548172
548180
548188
548196
548202
548207
548211
548213
548214
548214
548214
548215
548213
548211
548207
548202
548194
548183
548170
548155
548139
548123
548107
548093
548079
548069
548064
548061
548060
548060
548062
548064
548067
548072
548079
548087
548097
548107
548118
548128
548137
548144
548149
548153
548156
548159
548162
548165
548169
548174
548181
548189
548198
548205
548207
548207
548206
548203
548198
548191
548182
548169
548155
548140
548125
548113
548102
548092
548085
548079
548074
548071
548069
548068
548068
548067
548066
548068
548072
548077
548085
548096
548106
548116
548126
548134
548140
548146
548150
548153
548157
548159
548160
548162
548163
548166
548170
548176
548184
548193
548202
548209
548212
548211
548210
548208
548203
548197
548187
548173
548155
548137
548118
548103
548094
548088
548085
548083
548079
548075
548070
548064
548059
548058
548058
548059
548063
548067
548072
548080
548089
548100
548112
548124
548135
548143
548150
548153
548155
548157
548158
548160
548162
548164
548167
548172
548177
548185
548194
548206
548218
548226
548228
556770
556770
556770
556770
556770
556770
556770
556770
556770
556770
556770
556770
556770
556770
556770
556770
556770
556770
556770
556770
556770
556770
556770
556770
556770
556770
556770
556770
556770
556770
556770
556770
556770
556770
556770
556770
556770
556770
556770
556770
556770
556770
556770
556770
556770
556770
556770
556770
556770
556770
556770
556770
556770
556770
556770
556770
556770
556770
556770
556770
556770
556770
556770
556770
556770
556770
556770
556770
556770
556770
556770
556770
556770
556770
556770
556770
556770
556770
556770
556770
556770
556771
556772
556774
556779
556790
556812
556854
556932
557065
557270
557528
557735
557794
557793
557771
557701
557556
557320
556993
556590
556130
555636
555125
554612
554101
553601
553109
552636
552174
551733
551305
550905
550528
550178
549860
549571
549323
549102
548917
548757
548622
548508
548405
548313
548226
548140
548057
547978
547917
547889
547883
547883
547884
547886
547890
547900
547915
547936
547964
547998
548036
548073
548106
548131
548150
548163
548173
548181
548189
548196
548202
548206
548210
548212
548214
548215
548215
548215
548213
548211
548207
548201
548194
548183
548171
548156
548140
548123
548107
548092
548079
548069
548063
548061
548061
548061
548062
548064
548067
548072
548078
548087
548097
548108
548119
548129
548137
548143
548148
548153
548157
548160
548163
548166
548169
548174
548181
548189
548198
548205
548207
548207
548205
548203
548197
548191
548182
548170
548156
548140
548126
548113
548101
548091
548085
548079
548075
548071
548070
548068
548068
548066
548065
548068
548072
548077
548086
548096
548106
548116
548125
548133
548140
548145
548150
548154
548157
548159
548160
548162
548163
548166
548170
548176
548184
548193
548202
548209
548212
548211
548209
548207
548203
548197
548187
548173
548155
548137
548117
548103
548094
548089
548086
548083
548079
548075
548069
548063
548060
548058
548058
548060
548063
548067
548072
548080
548088
548100
548112
548124
548135
548144
548150
548153
548155
548156
548158
548160
548162
548164
548167
548172
548177
548185
548195
548207
548219
548226
548228
556770
556770
556770
556770
556770
556770
556770
556770
556770
556770
556770
556770
556770
556770
556770
556770
556770
556770
556770
556770
556770
556770
556770
556770
556770
556770
556770
556770
556770
556770
556770
556770
556770
556770
556770
556770
556770
556770
556770
556770
556770
556770
556770
556770
556770
556770
556770
556770
556770
556770
556770
556770
556770
556770
556770
556770
556770
556770
556770
556770
556770
556770
556770
556770
556770
556770
556770
556770
556770
556770
556770
556770
556770
556770
556770
556770
556770
556770
556770
556770
556770
556771
556772
556774
556779
556790
556812
556854
556932
557065
557270
557528
557735
557794
557793
557771
557701
557556
557320
556993
556589
556130
555636
555126
554612
554101
553600
553110
552636
552173
551732
551305
550906
550527
550178
549860
549572
549323
549101
548917
548757
548623
548508
548404
548313
548225
548139
548057
547979
547918
547890
547883
547883
547883
547885
547890
547900
547915
547937
547965
547999
548036
548072
548104
548130
548149
548163
548174
548183
548191
548196
548201
548205
548209
548212
548214
548216
548216
548215
548214
548210
548206
548200
548193
548183
548171
548156
548141
548124
548108
548092
548078
548068
548063
548061
548061
548062
548063
548064
548067
548071
548078
548086
548097
548108
548119
548129
548137
548143
548148
548152
548156
548160
548163
548166
548170
548174
548181
548189
548198
548205
548207
548207
548206
548203
548197
548191
548182
548170
548156
548140
548126
548113
548101
548091
548085
548079
548074
548071
548069
548068
548067
548066
548065
548068
548072
548078
548086
548097
548106
548116
548125
548133
548140
548146
548150
548155
548157
548159
548160
548161
548163
548166
548170
548176
548185
548193
548202
548208
548212
548211
548210
548208
548204
548198
548187
548172
548155
548136
548117
548103
548095
548089
548087
548083
548079
548074
548068
548062
548060
548059
548059
548061
548064
548067
548072
548079
548088
548099
548112
548124
548136
548145
548150
548152
548154
548156
548158
548160
548162
548165
548168
548172
548177
548184
548194
548207
548219
548226
548228
556770
556770
556770
556770
556770
556770
556770
556770
556770
556770
556770
556770
556770
556770
556770
556770
556770
556770
556770
556770
556770
556770
556770
556770
556770
556770
556770
556770
556770
556770
556770
556770
556770
556770
556770
556770
556770
556770
556770
556770
556770
556770
556770
556770
556770
556770
556770
556770
556770
556770
556770
556770
556770
556770
556770
556770
556770
556770
556770
556770
556770
556770
556770
556770
556770
556770
556770
556770
556770
556770
556770
556770
556770
556770
556770
556770
556770
556770
556770
556770
556770
556771
556772
556774
556779
556790
556812
556854
556932
557065
557270
557528
557735
557794
557793
557771
557701
557556
557319
556993
556590
556130
555636
555126
554612
554100
553600
553110
552636
552172
551732
551306
550907
550528
550177
549860
549572
549322
549101
548917
548758
548623
548509
548405
548313
548224
548138
548056
547979
547920
547891
547884
547882
547882
547884
547890
547900
547915
547937
547966
548000
548036
548072
548103
548129
548148
548163
548175
548185
548191
548197
548201
548204
548208
548211
548214
548217
548217
548216
548214
548210
548205
548200
548192
548183
548171
548157
548141
548125
548109
548093
548077
548067
548062
548061
548061
548062
548063
548065
548066
548070
548077
548086
548097
548109
548120
548130
548137
548143
548147
548151
548155
548160
548164
548167
548171
548175
548181
548189
548197
548204
548207
548207
548206
548203
548198
548191
548182
548170
548155
548140
548125
548113
548102
548092
548085
548080
548074
548071
548069
548067
548067
548066
548066
548068
548072
548078
548086
548096
548106
548116
548125
548133
548140
548146
548151
548155
548157
548159
548160
548161
548163
548166
548170
548177
548185
548193
548201
548208
548211
548211
548210
548208
548205
548198
548187
548172
548154
548134
548116
548103
548095
548091
548087
548083
548079
548073
548066
548062
548060
548059
548060
548062
548064
548067
548072
548077
548087
548099
548112
548125
548137
548145
548149
548152
548153
548155
548158
548160
548163
548165
548168
548172
548177
548184
548194
548207
548219
548227
548229
556770
556770
556770
556770
556770
556770
556770
556770
556770
556770
556770
556770
556770
556770
556770
556770
556770
556770
556770
556770
556770
556770
556770
556770
556770
556770
556770
556770
556770
556770
556770
556770
556770
556770
556770
556770
556770
556770
556770
556770
556770
556770
556770
556770
556770
556770
556770
556770
556770
556770
556770
556770
556770
556770
556770
556770
556770
556770
556770
556770
556770
556770
556770
556770
556770
556770
556770
556770
556770
556770
556770
556770
556770
556770
556770
556770
556770
556770
556770
556770
556770
556771
556772
556774
556779
556790
556812
556854
556932
557065
557270
557528
557734
557795
557793
557771
557701
557555
557319
556993
556590
556129
555636
555127
554613
554100
553600
553111
552636
552173
551730
551307
550908
550529
550177
549859
549572
549322
549101
548916
548759
548624
548509
548405
548312
548224
548138
548056
547979
547921
547891
547884
547882
547881
547884
547889
547899
547915
547937
547966
548001
548037
548072
548103
548128
548147
548163
548177
548186
548192
548197
548200
548203
548207
548211
548215
548217
548217
548216
548214
548209
548205
548199
548192
548183
548171
548157
548142
548126
548109
548092
548076
548066
548062
548061
548062
548063
548064
548064
548065
548069
548076
548085
548098
548110
548121
548130
548137
548142
548147
548151
548155
548160
548164
548167
548171
548175
548181
548188
548196
548203
548207
548207
548206
548204
548198
548191
548182
548169
548155
548139
548125
548112
548102
548093
548086
548080
548075
548070
548068
548066
548066
548066
548066
548069
548073
548078
548086
548096
548105
548115
548125
548133
548141
548147
548152
548155
548157
548158
548159
548160
548163
548166
548171
548178
548185
548192
548201
548207
548210
548211
548210
548209
548206
548199
548187
548172
548153
548133
548116
548104
548096
548092
548088
548083
548078
548071
548065
548061
548060
548059
548062
548063
548065
548067
548071
548076
548087
548099
548112
548127
548138
548145
548149
548151
548152
548155
548157
548160
548163
548166
548169
548172
548177
548183
548194
548206
548219
548228
548229
556770
556770
556770
556770
556770
556770
556770
556770
556770
556770
556770
556770
556770
556770
556770
556770
556770
556770
556770
556770
556770
556770
556770
556770
556770
556770
556770
556770
556770
556770
556770
556770
556770
556770
556770
556770
556770
556770
556770
556770
556770
556770
556770
556770
556770
556770
556770
556770
556770
556770
556770
556770
556770
556770
556770
556770
556770
556770
556770
556770
556770
556770
556770
556770
556770
556770
556770
556770
556770
556770
556770
556770
556770
556770
556770
556770
556770
556770
556770
556770
556770
556771
556772
556774
556779
556790
556812
556854
556932
557065
557270
557529
557734
557795
557793
557771
557701
557555
557319
556992
556590
556130
555635
555127
554614
554101
553598
553110
552637
552174
551729
551306
550908
550531
550177
549857
549571
549323
549102
548915
548757
548624
548511
548407
548312
548222
548136
548056
547979
547921
547892
547884
547882
547881
547884
547889
547899
547915
547937
547967
548002
548037
548072
548102
548127
548147
548163
548178
548186
548192
548197
548199
548203
548207
548211
548216
548217
548217
548216
548213
548209
548204
548199
548192
548183
548172
548158
548143
548127
548110
548091
548076
548066
548062
548061
548063
548063
548064
548064
548064
548069
548076
548085
548099
548111
548121
548131
548137
548142
548146
548150
548155
548161
548165
548168
548172
548175
548180
548188
548196
548203
548207
548207
548206
548204
548199
548191
548181
548169
548155
548139
548125
548112
548103
548094
548086
548080
548074
548070
548067
548066
548066
548066
548067
548069
548073
548079
548086
548095
548105
548115
548125
548134
548141
548147
548152
548155
548157
548158
548159
548160
548163
548166
548172
548178
548184
548192
548200
548207
548210
548211
548211
548210
548206
548199
548188
548172
548152
548132
548116
548104
548097
548093
548088
548083
548077
548069
548065
548062
548060
548060
548063
548064
548065
548067
548069
548076
548086
548098
548113
548128
548139
548145
548149
548150
548151
548154
548157
548160
548164
548166
548169
548172
548176
548183
548194
548206
548219
548228
548229
)
;

boundaryField
{
    sides
    {
        type            zeroGradient;
    }
    inlet
    {
        type            zeroGradient;
    }
    outlet
    {
        type            zeroGradient;
    }
    empty
    {
        type            empty;
    }
}


// ************************************************************************* //
