/*--------------------------------*- C++ -*----------------------------------*\
| =========                 |                                                 |
| \\      /  F ield         | OpenFOAM: The Open Source CFD Toolbox           |
|  \\    /   O peration     | Version:  2306                                  |
|   \\  /    A nd           | Website:  www.openfoam.com                      |
|    \\/     M anipulation  |                                                 |
\*---------------------------------------------------------------------------*/
FoamFile
{
    version     2.0;
    format      ascii;
    arch        "LSB;label=32;scalar=64";
    class       volScalarField;
    location    "0.17";
    object      rho;
}
// * * * * * * * * * * * * * * * * * * * * * * * * * * * * * * * * * * * * * //

dimensions      [1 -3 0 0 0 0 0];

internalField   nonuniform List<scalar> 
6000
(
51.445
0.813535
0.163607
0.165379
0.167837
0.180926
0.197578
0.218943
0.243836
0.27593
0.306267
0.328477
0.332712
0.323181
0.307743
0.296075
0.270168
0.203773
0.165171
0.162744
0.166956
0.174603
0.183109
0.191345
0.198735
0.204453
0.208481
0.211408
0.21392
0.216801
0.221864
0.231294
0.246037
0.263056
0.277766
0.284511
0.277871
0.257864
0.207416
0.185761
0.186261
0.189376
0.193522
0.195848
0.197098
0.199363
0.203984
0.210347
0.216537
0.220216
0.221187
0.220909
0.220155
0.220188
0.222536
0.229454
0.242097
0.256088
0.261525
0.254147
0.224218
0.189683
0.182314
0.181438
0.184801
0.19037
0.196307
0.201634
0.205457
0.206332
0.20648
0.206576
0.206862
0.208075
0.211237
0.215641
0.220416
0.223485
0.226681
0.230517
0.229989
0.225867
0.211005
0.187023
0.180248
0.181061
0.182769
0.185516
0.187509
0.188685
0.189614
0.190489
0.191717
0.193704
0.196791
0.20101
0.20527
0.208381
0.210168
0.210766
0.210644
0.21144
0.213526
0.214589
0.212571
0.207446
0.192965
0.181543
0.180447
0.180574
0.18258
0.185504
0.187675
0.188999
0.189635
0.190046
0.190581
0.19145
0.192439
0.193335
0.194364
0.195793
0.197965
0.20075
0.203701
0.207332
0.209437
0.208498
0.204504
0.196765
0.183498
0.178468
0.179086
0.180836
0.182479
0.183503
0.183471
0.183088
0.183392
0.184827
0.187329
0.189719
0.191101
0.191333
0.190805
0.190184
0.190083
0.191576
0.194787
0.197605
0.199496
0.196768
0.187746
0.175895
0.171843
0.171774
0.17408
0.178168
0.181974
0.183717
0.183823
0.183067
0.182015
0.181349
0.181288
0.182064
0.183507
0.184991
0.186083
0.186745
0.186847
0.187016
0.187535
0.18789
0.18697
0.185262
0.179022
0.170609
0.167763
0.167002
0.166713
0.167285
0.168191
0.168717
0.169063
0.169799
0.170704
0.171756
0.172606
0.173865
0.175883
0.178135
0.17995
0.181361
0.182784
0.183823
0.184122
0.183571
0.181576
0.178214
0.170789
0.162274
0.159993
0.16013
0.160688
0.162248
0.164103
0.164968
0.165163
0.165446
0.165623
0.165776
0.165702
0.165543
0.165451
0.16552
0.165551
0.16546
0.165281
0.165279
0.165235
0.165063
0.164364
0.163025
0.160373
0.155386
0.151512
0.150726
0.151375
0.152167
0.153427
0.15453
0.1549
0.154798
0.154544
0.154311
0.154395
0.155185
0.156974
0.159591
0.161805
0.162489
0.162411
0.162307
0.162516
0.163026
0.163567
0.16398
0.163228
0.159635
0.152816
0.148455
0.14736
0.146774
0.147017
0.147622
0.148045
0.147717
0.146924
0.145844
0.144891
0.144255
0.144091
0.144584
0.145908
0.147877
0.149092
0.149317
0.149171
0.149093
0.149185
0.14934
0.149676
0.149928
0.149885
0.149349
0.146172
0.141394
0.139999
0.140354
0.14145
0.143799
0.147258
0.150373
0.15243
0.154112
0.155836
0.157705
0.159904
0.162797
0.166703
0.171227
0.174723
0.17628
0.177434
0.178734
0.180629
0.183591
0.186134
0.185709
51.7249
0.541125
0.163491
0.16532
0.167927
0.180924
0.197446
0.218866
0.244242
0.276382
0.305832
0.325685
0.329567
0.321075
0.307043
0.296265
0.270691
0.204564
0.165612
0.163174
0.167527
0.175409
0.183978
0.192005
0.19898
0.204363
0.208267
0.211228
0.21383
0.217122
0.223064
0.233623
0.248645
0.263779
0.275985
0.28091
0.2745
0.254961
0.20515
0.183854
0.184697
0.187895
0.192163
0.194682
0.19608
0.19837
0.202814
0.208867
0.214789
0.218542
0.219956
0.220167
0.219944
0.220497
0.223408
0.230727
0.242779
0.255509
0.259679
0.252303
0.223035
0.18923
0.18235
0.181998
0.185645
0.191357
0.196709
0.201546
0.204838
0.205906
0.206234
0.206438
0.206858
0.208159
0.2112
0.215239
0.219619
0.222533
0.22579
0.229873
0.22965
0.226154
0.211929
0.188119
0.181057
0.181295
0.18258
0.184995
0.186769
0.187787
0.188876
0.19054
0.19261
0.195177
0.198436
0.201972
0.205127
0.207526
0.208944
0.209672
0.210068
0.2115
0.214107
0.215237
0.213437
0.208071
0.193115
0.18162
0.180353
0.18041
0.182378
0.185306
0.187514
0.188796
0.189452
0.189979
0.190724
0.191732
0.192831
0.193712
0.194546
0.195786
0.197582
0.200158
0.203057
0.206681
0.208894
0.208079
0.204402
0.19672
0.183564
0.178672
0.179282
0.180858
0.182391
0.183338
0.183294
0.182942
0.183286
0.184709
0.187098
0.189423
0.190852
0.191151
0.19075
0.190379
0.190512
0.191901
0.19475
0.197035
0.198467
0.196018
0.187459
0.175674
0.171765
0.171803
0.173797
0.177322
0.180834
0.182417
0.182587
0.181923
0.181053
0.180542
0.180655
0.181535
0.183083
0.184611
0.185689
0.186349
0.186628
0.187017
0.187711
0.188069
0.18723
0.185434
0.179086
0.170689
0.168066
0.167362
0.167187
0.167884
0.16885
0.169355
0.169594
0.170129
0.170905
0.171805
0.172656
0.17394
0.175872
0.17786
0.179436
0.180656
0.18197
0.183005
0.18348
0.183146
0.181402
0.178502
0.171744
0.16335
0.160936
0.161043
0.161529
0.163052
0.16481
0.165482
0.165559
0.165636
0.165584
0.165693
0.165572
0.165421
0.165436
0.165661
0.165873
0.165952
0.165996
0.166252
0.166575
0.166681
0.166161
0.164778
0.161889
0.156519
0.152267
0.151321
0.151794
0.152456
0.153641
0.154735
0.155097
0.155042
0.154822
0.154581
0.154599
0.155245
0.156861
0.159311
0.161548
0.162284
0.16219
0.162012
0.162155
0.162504
0.162864
0.162924
0.16186
0.158288
0.1517
0.147265
0.146187
0.14566
0.145888
0.1466
0.147176
0.147016
0.146327
0.145381
0.14452
0.14401
0.143954
0.14446
0.145686
0.14748
0.148571
0.148706
0.148425
0.148182
0.148113
0.148188
0.148589
0.148889
0.14895
0.148492
0.145455
0.14097
0.139767
0.140253
0.141581
0.14419
0.147714
0.150717
0.152643
0.154227
0.155878
0.157736
0.159863
0.16256
0.166225
0.170515
0.173628
0.17512
0.176153
0.177263
0.17899
0.181851
0.184464
0.18414
51.7607
0.484299
0.163027
0.164755
0.166728
0.180175
0.197071
0.21902
0.245352
0.277937
0.30545
0.320797
0.324344
0.318133
0.306856
0.296634
0.271482
0.205726
0.166299
0.164253
0.16892
0.176984
0.185299
0.192631
0.198871
0.204002
0.208071
0.211291
0.2143
0.218534
0.22619
0.237489
0.251541
0.264122
0.2732
0.275977
0.270569
0.250652
0.201396
0.181297
0.182551
0.186155
0.190755
0.193521
0.195101
0.197274
0.201161
0.206555
0.212118
0.21622
0.218428
0.219463
0.220177
0.221666
0.225271
0.232509
0.243701
0.25465
0.256734
0.249545
0.221208
0.188716
0.182724
0.18312
0.18692
0.192186
0.196641
0.200701
0.203488
0.204974
0.205736
0.206241
0.206844
0.208112
0.210824
0.214443
0.218358
0.221236
0.224879
0.229453
0.229478
0.226625
0.213107
0.18945
0.181935
0.181428
0.182128
0.184004
0.185403
0.186425
0.188198
0.191001
0.194367
0.197762
0.200503
0.202546
0.204308
0.205768
0.20717
0.208352
0.209371
0.211646
0.215196
0.216401
0.215061
0.209277
0.193375
0.181635
0.180098
0.180189
0.182204
0.185169
0.187436
0.188705
0.189378
0.189949
0.190829
0.191986
0.193182
0.194069
0.194673
0.195558
0.196819
0.199067
0.2019
0.205703
0.208393
0.207823
0.204473
0.196878
0.183765
0.178904
0.179426
0.180726
0.182226
0.183177
0.183163
0.182867
0.183221
0.184571
0.186734
0.188951
0.190589
0.191206
0.191147
0.191098
0.191346
0.19229
0.194473
0.196083
0.196735
0.194823
0.187175
0.175778
0.172119
0.17231
0.173593
0.176212
0.179179
0.180623
0.180949
0.18075
0.180221
0.17988
0.180059
0.180941
0.182513
0.183995
0.184976
0.185657
0.186225
0.187002
0.187993
0.188358
0.187509
0.185448
0.17884
0.170522
0.168223
0.167687
0.167748
0.168737
0.169818
0.170234
0.170273
0.170494
0.171114
0.171915
0.172838
0.174184
0.176075
0.177845
0.178963
0.17964
0.180509
0.181478
0.182326
0.18238
0.181038
0.178649
0.172849
0.164608
0.161835
0.161899
0.162313
0.163794
0.165415
0.165979
0.165915
0.165791
0.165578
0.16551
0.165394
0.165233
0.165285
0.165673
0.166143
0.166373
0.166586
0.167115
0.167897
0.168402
0.168227
0.167132
0.164246
0.158343
0.153297
0.152123
0.152417
0.152901
0.154011
0.155047
0.155314
0.155183
0.154925
0.154737
0.154855
0.155472
0.15685
0.158917
0.161064
0.162028
0.162067
0.161951
0.162076
0.162236
0.162182
0.16168
0.160175
0.1568
0.15064
0.146044
0.144883
0.144383
0.144499
0.145237
0.145936
0.145974
0.145427
0.144704
0.14412
0.143846
0.144035
0.144593
0.145662
0.147193
0.14812
0.14814
0.147704
0.14716
0.146852
0.146778
0.147165
0.147497
0.147608
0.147185
0.144411
0.14039
0.139445
0.140054
0.141605
0.144443
0.14802
0.150926
0.152776
0.154321
0.155933
0.157803
0.159921
0.162374
0.165532
0.169485
0.172463
0.173949
0.174592
0.175058
0.176371
0.179156
0.182151
0.182155
51.4999
0.740312
0.163647
0.165058
0.165933
0.179052
0.196207
0.219083
0.247062
0.280338
0.305461
0.315517
0.317965
0.314213
0.306368
0.2963
0.271504
0.206179
0.167059
0.165827
0.171003
0.179242
0.1871
0.193524
0.198914
0.203607
0.207753
0.211464
0.215428
0.221459
0.230695
0.241754
0.253321
0.264115
0.270727
0.272011
0.26641
0.245373
0.196368
0.177828
0.179696
0.184006
0.189045
0.192142
0.193855
0.195798
0.199014
0.203572
0.208623
0.213097
0.216477
0.218808
0.220919
0.223667
0.227688
0.234143
0.244185
0.25329
0.253296
0.246142
0.21879
0.188082
0.183315
0.184366
0.188143
0.192755
0.196486
0.199461
0.201964
0.203862
0.205107
0.205979
0.206764
0.207924
0.210082
0.213046
0.216485
0.219727
0.224202
0.229414
0.229842
0.227526
0.214519
0.190715
0.182756
0.181646
0.181791
0.183015
0.184065
0.185302
0.187776
0.191716
0.196409
0.200493
0.2024
0.20323
0.203655
0.204074
0.205143
0.206597
0.208352
0.211528
0.216126
0.217744
0.216877
0.210742
0.193741
0.181668
0.179723
0.179786
0.181862
0.184959
0.187284
0.188781
0.189625
0.19023
0.191122
0.192335
0.193662
0.194628
0.195082
0.195518
0.196348
0.198014
0.200566
0.204431
0.207649
0.207377
0.204421
0.196885
0.183827
0.179025
0.179507
0.180587
0.182069
0.18307
0.183132
0.182919
0.183247
0.184458
0.186307
0.188407
0.190335
0.19144
0.191765
0.191912
0.192086
0.192511
0.194021
0.195325
0.19513
0.193469
0.186738
0.176131
0.172487
0.17271
0.173285
0.175007
0.177184
0.178377
0.17877
0.178943
0.178963
0.179011
0.179373
0.180315
0.181827
0.183192
0.18406
0.184742
0.185563
0.186721
0.188097
0.188539
0.187676
0.185392
0.178648
0.170377
0.168325
0.168104
0.168429
0.169777
0.171005
0.171283
0.171135
0.171075
0.171452
0.172102
0.172979
0.174304
0.176181
0.1777
0.178238
0.178429
0.178883
0.179689
0.180991
0.18172
0.180932
0.179091
0.174013
0.165821
0.162636
0.162565
0.162873
0.16422
0.165709
0.166218
0.166002
0.165774
0.165509
0.165316
0.165332
0.165208
0.16532
0.165876
0.166509
0.166833
0.167122
0.167778
0.168923
0.169956
0.170255
0.169531
0.166892
0.160811
0.154961
0.153482
0.153519
0.15378
0.154777
0.155658
0.155746
0.155462
0.155115
0.154909
0.155027
0.155587
0.156725
0.158522
0.160624
0.161586
0.16158
0.16136
0.161267
0.161146
0.160682
0.1598
0.158199
0.155179
0.149455
0.144638
0.143377
0.142992
0.143162
0.144056
0.144865
0.144951
0.144528
0.144015
0.143683
0.143592
0.143908
0.144515
0.14549
0.146811
0.147558
0.147417
0.146813
0.146026
0.145529
0.145333
0.145704
0.146048
0.146181
0.145754
0.143131
0.139568
0.138916
0.139732
0.141601
0.144726
0.148307
0.151061
0.152782
0.154242
0.155738
0.157452
0.159403
0.161703
0.164521
0.167997
0.170719
0.172
0.17235
0.1727
0.173903
0.176782
0.180528
0.180881
51.8305
0.412635
0.165071
0.165847
0.165726
0.178071
0.19523
0.219319
0.249121
0.28305
0.305828
0.311571
0.31166
0.309621
0.30499
0.295327
0.270272
0.205074
0.167654
0.167713
0.173662
0.182024
0.189232
0.194507
0.198939
0.203127
0.207417
0.211927
0.217534
0.225483
0.235406
0.245528
0.254439
0.26294
0.269036
0.26913
0.262484
0.240492
0.191989
0.174937
0.1773
0.182282
0.187685
0.190978
0.19276
0.194482
0.197062
0.200741
0.205235
0.209978
0.214503
0.218576
0.222406
0.226165
0.230069
0.235345
0.244173
0.251515
0.25011
0.242751
0.216251
0.187518
0.183845
0.185338
0.188795
0.192615
0.19542
0.197797
0.200133
0.202348
0.20404
0.205249
0.206215
0.207227
0.208856
0.211311
0.214608
0.21852
0.223959
0.229988
0.230994
0.228706
0.215922
0.191922
0.18314
0.181517
0.181408
0.182274
0.183193
0.18479
0.187632
0.19267
0.198004
0.202197
0.203561
0.203722
0.203312
0.202964
0.203344
0.204533
0.206744
0.210689
0.216241
0.218823
0.21876
0.212241
0.194126
0.181645
0.17923
0.179188
0.181339
0.184649
0.187025
0.188933
0.190164
0.190798
0.19158
0.192723
0.194051
0.194969
0.195265
0.195375
0.195796
0.196947
0.199129
0.20293
0.206495
0.206516
0.204108
0.196637
0.183753
0.179125
0.179603
0.180482
0.181927
0.183004
0.183165
0.183078
0.183385
0.184422
0.186003
0.188009
0.190143
0.191694
0.192413
0.192636
0.192435
0.192541
0.193604
0.194803
0.19408
0.192661
0.186601
0.176679
0.172841
0.172997
0.173092
0.174191
0.175623
0.176434
0.176599
0.176994
0.177544
0.177934
0.178522
0.179648
0.181194
0.182393
0.18307
0.183678
0.184661
0.18611
0.187933
0.188539
0.187645
0.185197
0.178451
0.170306
0.168313
0.168404
0.168962
0.170679
0.172056
0.172229
0.171955
0.171723
0.171849
0.172351
0.173123
0.174352
0.17612
0.177337
0.177492
0.17741
0.177595
0.178201
0.179676
0.180911
0.180529
0.179033
0.174441
0.166491
0.163018
0.162862
0.163191
0.164505
0.165866
0.166247
0.165865
0.165469
0.16514
0.164994
0.165137
0.165214
0.165532
0.166258
0.166958
0.167298
0.167585
0.168303
0.169728
0.171171
0.171768
0.171298
0.168812
0.16275
0.156503
0.154896
0.154825
0.155127
0.156146
0.156906
0.156782
0.15622
0.155618
0.155175
0.154961
0.155265
0.156186
0.157917
0.159972
0.160772
0.1606
0.160093
0.159716
0.159544
0.159228
0.158508
0.157333
0.154615
0.14897
0.143771
0.14238
0.142113
0.14232
0.14322
0.14408
0.144189
0.143853
0.143443
0.143268
0.143289
0.143611
0.144104
0.144938
0.146154
0.146882
0.146652
0.145985
0.145147
0.144611
0.144397
0.144763
0.145021
0.14513
0.144644
0.142012
0.138686
0.138291
0.139289
0.141424
0.144824
0.148386
0.150794
0.152332
0.15364
0.15498
0.156719
0.158702
0.160751
0.163062
0.165995
0.168813
0.170079
0.170529
0.171132
0.172253
0.174956
0.178913
0.179498
51.4853
0.753452
0.164342
0.16581
0.164623
0.177042
0.194692
0.220229
0.251564
0.285388
0.306268
0.309372
0.307185
0.304626
0.301625
0.293215
0.267726
0.202357
0.16823
0.16947
0.176744
0.185136
0.191445
0.195552
0.199054
0.202836
0.207365
0.212987
0.220273
0.229306
0.23905
0.248265
0.255159
0.261869
0.268015
0.267714
0.260507
0.237443
0.18896
0.17318
0.175858
0.181274
0.186889
0.190251
0.191977
0.193481
0.195618
0.198706
0.202777
0.207691
0.213229
0.218893
0.224065
0.228215
0.231666
0.235964
0.243445
0.249363
0.247359
0.240119
0.214247
0.187421
0.184312
0.185908
0.188991
0.192213
0.194328
0.196129
0.198288
0.200656
0.202686
0.204197
0.205297
0.206214
0.207544
0.209788
0.213269
0.21804
0.224293
0.231049
0.232591
0.229784
0.217325
0.193097
0.183246
0.181251
0.181105
0.181948
0.183035
0.185117
0.188332
0.193802
0.199096
0.202785
0.203887
0.203744
0.202974
0.20222
0.201992
0.202618
0.204629
0.209152
0.215656
0.219253
0.220102
0.213131
0.1943
0.181564
0.178769
0.178606
0.180804
0.184216
0.186809
0.189072
0.190788
0.191541
0.192238
0.193279
0.194525
0.195344
0.195549
0.195498
0.195576
0.196271
0.198034
0.201621
0.205022
0.205232
0.203414
0.195996
0.183397
0.178959
0.179455
0.180288
0.181803
0.183035
0.183348
0.18338
0.183668
0.184504
0.185888
0.187875
0.190197
0.192086
0.192919
0.192972
0.192532
0.192525
0.193434
0.194522
0.19373
0.192478
0.186928
0.177452
0.173335
0.173404
0.173151
0.173846
0.174716
0.175099
0.175027
0.175317
0.176032
0.176905
0.177843
0.179141
0.18067
0.181734
0.182249
0.182744
0.183709
0.185295
0.187388
0.188303
0.187501
0.185024
0.178423
0.170361
0.168328
0.168637
0.169373
0.171226
0.17267
0.172834
0.172535
0.172188
0.172117
0.172503
0.173173
0.174274
0.175842
0.176889
0.176989
0.176902
0.176943
0.177415
0.178827
0.180192
0.180043
0.178817
0.174578
0.166813
0.163023
0.162755
0.16303
0.164274
0.165594
0.165901
0.165453
0.164887
0.164549
0.164521
0.164821
0.165224
0.165889
0.166783
0.167459
0.167706
0.167893
0.168582
0.170181
0.171942
0.172739
0.172494
0.170154
0.164161
0.157791
0.156147
0.156087
0.156624
0.157859
0.158612
0.158395
0.157468
0.156307
0.155427
0.154935
0.154906
0.155527
0.156937
0.158592
0.159095
0.158756
0.158231
0.158057
0.158285
0.158583
0.158275
0.157184
0.154723
0.149273
0.143698
0.142061
0.14175
0.141987
0.142946
0.143883
0.144074
0.143791
0.143381
0.143169
0.143094
0.143284
0.143564
0.144234
0.14549
0.146472
0.146398
0.145786
0.144934
0.144351
0.144104
0.144443
0.144636
0.144715
0.144105
0.141259
0.137973
0.137746
0.138805
0.141065
0.144437
0.147678
0.149796
0.151131
0.152333
0.15367
0.155237
0.156929
0.158779
0.160945
0.163877
0.167007
0.168537
0.169297
0.169946
0.171054
0.173793
0.17791
0.178614
51.7895
0.443076
0.163564
0.16491
0.16356
0.176098
0.194595
0.221294
0.253807
0.287097
0.306101
0.308571
0.30518
0.300854
0.297147
0.289565
0.263594
0.198478
0.168765
0.171042
0.179936
0.188129
0.193459
0.196747
0.199636
0.20303
0.20774
0.21437
0.222691
0.232023
0.241413
0.249599
0.256013
0.26213
0.267816
0.267261
0.26003
0.235804
0.187252
0.172609
0.175439
0.180971
0.186609
0.189882
0.191519
0.192933
0.194895
0.197756
0.201631
0.206531
0.212544
0.219145
0.224894
0.22888
0.231679
0.235331
0.24189
0.247163
0.24515
0.238413
0.212966
0.187473
0.1846
0.186063
0.188832
0.191541
0.193204
0.194641
0.196603
0.19897
0.201199
0.202879
0.20409
0.205181
0.206778
0.209166
0.212923
0.218337
0.224986
0.232049
0.233891
0.230893
0.218634
0.194302
0.183277
0.180976
0.180912
0.182036
0.183709
0.186234
0.18987
0.19485
0.199468
0.202149
0.203131
0.20316
0.202545
0.201733
0.201247
0.201374
0.202789
0.207323
0.214371
0.218737
0.220771
0.2133
0.194163
0.181508
0.178561
0.178356
0.180505
0.183948
0.186698
0.18918
0.191267
0.192235
0.192966
0.19386
0.194971
0.195769
0.195995
0.195896
0.19579
0.196185
0.19759
0.200706
0.203589
0.203711
0.202219
0.194779
0.182566
0.178447
0.179008
0.180067
0.181761
0.18322
0.183718
0.183818
0.184063
0.184754
0.18607
0.188166
0.190677
0.192574
0.193208
0.192968
0.192497
0.192482
0.193334
0.194518
0.193822
0.192814
0.187733
0.178457
0.173997
0.173939
0.173509
0.174009
0.174574
0.174624
0.174322
0.174226
0.174734
0.175762
0.177079
0.178662
0.180291
0.181311
0.181697
0.182012
0.182794
0.184356
0.186574
0.187748
0.187161
0.18477
0.178409
0.170389
0.168354
0.168752
0.169589
0.171423
0.172877
0.173067
0.17275
0.17236
0.17223
0.172479
0.173051
0.174103
0.175615
0.176729
0.17688
0.17674
0.176718
0.177118
0.178376
0.17955
0.179418
0.17828
0.174102
0.166384
0.162492
0.162188
0.162389
0.163532
0.16489
0.165185
0.164784
0.164232
0.163959
0.164023
0.164507
0.165244
0.166276
0.167352
0.16803
0.168183
0.168255
0.168862
0.170449
0.172289
0.173095
0.172936
0.170644
0.164718
0.158417
0.156876
0.156859
0.157673
0.159181
0.16003
0.159829
0.158748
0.157117
0.155616
0.154802
0.154438
0.154778
0.155649
0.156725
0.15713
0.156949
0.156715
0.156782
0.157355
0.158079
0.158171
0.157331
0.155241
0.150145
0.144354
0.142484
0.142102
0.142369
0.143362
0.144277
0.14446
0.144213
0.143819
0.1434
0.143187
0.14315
0.143201
0.143692
0.145043
0.146333
0.146528
0.146053
0.145329
0.144848
0.144724
0.145076
0.145209
0.145072
0.144115
0.140785
0.137452
0.137295
0.13826
0.140362
0.143473
0.146331
0.147971
0.149077
0.150069
0.15118
0.152542
0.154143
0.156149
0.158559
0.161902
0.165499
0.16746
0.16816
0.168793
0.17007
0.172913
0.177006
0.177713
51.6942
0.538688
0.165755
0.165557
0.162978
0.175406
0.194554
0.222076
0.255264
0.287939
0.306133
0.307921
0.304343
0.298897
0.29351
0.285288
0.258274
0.19392
0.168941
0.172287
0.18245
0.190442
0.195196
0.197986
0.200493
0.203972
0.209124
0.216171
0.224743
0.233836
0.242363
0.250136
0.256879
0.263241
0.268704
0.26766
0.260454
0.235242
0.186729
0.173043
0.17598
0.181385
0.186814
0.18992
0.191513
0.192997
0.195074
0.197947
0.201821
0.206897
0.213068
0.219345
0.224442
0.22783
0.23013
0.233544
0.239897
0.245122
0.243508
0.237416
0.21231
0.187523
0.184762
0.185762
0.188172
0.190749
0.192379
0.193663
0.195319
0.197425
0.19959
0.201397
0.202977
0.204747
0.207016
0.209901
0.213938
0.219092
0.225326
0.232606
0.234694
0.231657
0.219958
0.195597
0.183382
0.180857
0.18106
0.182746
0.18511
0.188076
0.191748
0.195637
0.198892
0.200721
0.20177
0.202246
0.202119
0.201523
0.200981
0.200844
0.201822
0.205801
0.212661
0.217111
0.219869
0.21246
0.193459
0.181333
0.17852
0.178383
0.180485
0.183915
0.186612
0.189302
0.19138
0.192669
0.193432
0.194258
0.19536
0.196253
0.196579
0.196506
0.196391
0.196673
0.197873
0.20045
0.202691
0.202453
0.200738
0.192941
0.181132
0.177587
0.178314
0.179775
0.181782
0.183512
0.184182
0.184322
0.184516
0.185153
0.186532
0.188768
0.19138
0.19297
0.193302
0.192916
0.19231
0.192337
0.193341
0.194777
0.194265
0.193593
0.188782
0.179399
0.174604
0.17434
0.173902
0.174519
0.175146
0.175085
0.174596
0.174221
0.174411
0.175192
0.176425
0.178158
0.179976
0.181056
0.181352
0.181482
0.182015
0.183428
0.185784
0.18704
0.186679
0.184499
0.178365
0.170376
0.168316
0.168733
0.169563
0.171268
0.172697
0.172934
0.172653
0.172263
0.172093
0.17228
0.17278
0.173877
0.175552
0.176712
0.176846
0.176746
0.176718
0.177074
0.178122
0.178941
0.178722
0.177516
0.17323
0.165498
0.161635
0.161355
0.161547
0.162552
0.163924
0.164339
0.164006
0.163495
0.163207
0.163341
0.164023
0.165152
0.166572
0.167893
0.168633
0.16875
0.168745
0.169222
0.170631
0.172414
0.173204
0.173139
0.170957
0.16509
0.158864
0.157367
0.157294
0.15819
0.159785
0.160618
0.160396
0.159398
0.157897
0.156134
0.154806
0.154133
0.153888
0.154249
0.155145
0.155803
0.155831
0.155737
0.15584
0.156489
0.157595
0.15811
0.157525
0.155884
0.151256
0.145457
0.14344
0.143007
0.143336
0.14437
0.145181
0.145203
0.144957
0.14444
0.143849
0.143487
0.143299
0.143186
0.143521
0.144814
0.146404
0.146994
0.146699
0.146295
0.146013
0.14613
0.146602
0.146677
0.146317
0.144789
0.14053
0.136994
0.136918
0.137693
0.139497
0.142054
0.144132
0.145244
0.14596
0.146625
0.147661
0.149201
0.151237
0.15366
0.156516
0.160152
0.163917
0.166077
0.166886
0.167648
0.169068
0.171964
0.175864
0.176502
51.2409
0.98392
0.167187
0.166925
0.163272
0.175682
0.195204
0.222885
0.256179
0.288469
0.306517
0.307968
0.304236
0.298087
0.291843
0.282625
0.253266
0.189206
0.168662
0.172827
0.183386
0.191319
0.1963
0.199171
0.201859
0.205692
0.211124
0.218055
0.225903
0.234065
0.242295
0.250264
0.257765
0.264903
0.270414
0.268734
0.261602
0.235449
0.187121
0.174404
0.177247
0.182193
0.187252
0.190251
0.191979
0.193647
0.195935
0.199213
0.203598
0.208951
0.214571
0.219404
0.222974
0.225446
0.227464
0.230851
0.237291
0.242662
0.242064
0.236731
0.211917
0.18735
0.184668
0.185216
0.187612
0.190292
0.191948
0.193075
0.194322
0.195943
0.197841
0.199912
0.202319
0.205241
0.208619
0.212367
0.216072
0.21977
0.225194
0.232563
0.235
0.232266
0.221279
0.196992
0.183742
0.181157
0.181812
0.184155
0.187336
0.190419
0.193347
0.195896
0.197626
0.199
0.200223
0.20116
0.201514
0.201254
0.200865
0.200745
0.201669
0.205219
0.21126
0.214794
0.217237
0.210499
0.192296
0.181095
0.178688
0.178691
0.180743
0.184018
0.186657
0.189344
0.191439
0.192777
0.193607
0.194608
0.195833
0.196896
0.197375
0.197331
0.197233
0.197514
0.198655
0.200931
0.20252
0.201836
0.199399
0.190779
0.179289
0.176374
0.177231
0.179229
0.181754
0.183829
0.184682
0.184871
0.185065
0.185747
0.187253
0.189574
0.192054
0.193392
0.19337
0.192734
0.192139
0.192288
0.193477
0.195212
0.195013
0.194554
0.189766
0.180112
0.17502
0.174476
0.174179
0.175066
0.176053
0.17619
0.17578
0.175242
0.175021
0.175352
0.176352
0.178057
0.179955
0.181065
0.181328
0.181333
0.181632
0.18281
0.185045
0.18627
0.186063
0.184215
0.178289
0.170319
0.168126
0.168518
0.169253
0.170728
0.172087
0.17241
0.172219
0.171881
0.171717
0.171889
0.172443
0.173663
0.175427
0.176669
0.176878
0.17683
0.176815
0.17711
0.177843
0.178321
0.177997
0.176692
0.17232
0.164626
0.1609
0.160594
0.160855
0.161696
0.163015
0.163585
0.16333
0.162851
0.162572
0.162776
0.163631
0.16505
0.16678
0.168376
0.169213
0.169332
0.169302
0.169655
0.170765
0.172263
0.17288
0.172711
0.170596
0.164872
0.158804
0.157367
0.157268
0.158091
0.159508
0.160181
0.159962
0.159096
0.157783
0.156172
0.154735
0.153789
0.153311
0.153472
0.154493
0.155314
0.155333
0.155242
0.155283
0.155831
0.157084
0.157925
0.157563
0.156263
0.152239
0.146708
0.144669
0.144196
0.144589
0.145674
0.146381
0.146345
0.146025
0.145304
0.14447
0.144011
0.143761
0.143582
0.143854
0.14505
0.146762
0.147704
0.147813
0.147791
0.147855
0.148301
0.148912
0.148914
0.148296
0.146012
0.140378
0.136401
0.136145
0.136554
0.137904
0.139903
0.141303
0.142106
0.142636
0.143357
0.1446
0.146351
0.148457
0.15083
0.153717
0.15739
0.161487
0.164242
0.165346
0.166237
0.167738
0.170616
0.174276
0.174846
51.6059
0.612162
0.169463
0.168516
0.164804
0.177264
0.196697
0.224111
0.257305
0.289325
0.307271
0.308829
0.304876
0.298682
0.292052
0.282308
0.250289
0.185898
0.168152
0.17284
0.182813
0.190899
0.195967
0.199751
0.203696
0.208336
0.213958
0.220346
0.227076
0.234347
0.242237
0.250471
0.258738
0.26684
0.272502
0.270248
0.263345
0.236339
0.188305
0.176369
0.178601
0.182865
0.187529
0.190585
0.192656
0.194818
0.19784
0.201942
0.206823
0.211694
0.215831
0.218919
0.221051
0.22261
0.224371
0.227929
0.234932
0.240813
0.241454
0.236573
0.211594
0.186933
0.18427
0.184622
0.187164
0.189992
0.191702
0.192677
0.193503
0.194595
0.196163
0.198529
0.202222
0.206874
0.211743
0.215878
0.218306
0.220215
0.224494
0.232267
0.235202
0.232694
0.222409
0.198357
0.184457
0.182117
0.183222
0.186335
0.189982
0.192587
0.194317
0.1952
0.196175
0.197412
0.198791
0.20006
0.20077
0.20089
0.200754
0.200815
0.201964
0.205597
0.210998
0.21325
0.214313
0.208015
0.190782
0.18074
0.178972
0.179156
0.181264
0.184421
0.187046
0.189395
0.191391
0.192805
0.193856
0.194974
0.196375
0.197801
0.198509
0.198532
0.19839
0.198572
0.19969
0.201778
0.202793
0.201859
0.198608
0.188851
0.177357
0.175142
0.176192
0.178667
0.181646
0.184091
0.185172
0.18545
0.185677
0.186422
0.188026
0.190334
0.192508
0.193515
0.193348
0.192617
0.192064
0.192327
0.193722
0.195613
0.195772
0.195438
0.190601
0.180659
0.175223
0.174483
0.174384
0.17548
0.176823
0.177253
0.176966
0.17639
0.176012
0.176115
0.17692
0.178452
0.180352
0.181486
0.181726
0.181637
0.181689
0.182554
0.184475
0.185554
0.185338
0.183717
0.177862
0.169996
0.167732
0.168066
0.168675
0.169947
0.171264
0.171699
0.171593
0.171372
0.171271
0.171434
0.172065
0.173464
0.175355
0.176617
0.176902
0.176888
0.176877
0.176989
0.17731
0.177468
0.177006
0.175606
0.171289
0.163874
0.160386
0.160066
0.160487
0.161237
0.162458
0.163089
0.162906
0.162456
0.162206
0.162469
0.163422
0.164995
0.166924
0.16875
0.169692
0.169831
0.169783
0.169984
0.170731
0.171806
0.172147
0.171774
0.169658
0.163971
0.157893
0.156403
0.156217
0.156938
0.158294
0.159054
0.158824
0.157999
0.156758
0.155546
0.154736
0.154284
0.154045
0.15425
0.154904
0.155378
0.15535
0.155226
0.155231
0.155646
0.156761
0.157552
0.157339
0.156331
0.152829
0.147712
0.145787
0.145388
0.14581
0.146896
0.147604
0.147605
0.147241
0.146338
0.145348
0.144825
0.144537
0.144337
0.144642
0.145856
0.147628
0.148867
0.149438
0.149824
0.150293
0.151001
0.151658
0.151491
0.150572
0.147143
0.13987
0.13547
0.13496
0.135135
0.135992
0.137325
0.138602
0.139568
0.140314
0.141158
0.142339
0.143823
0.145604
0.147838
0.1507
0.154291
0.158341
0.16163
0.16329
0.164367
0.165885
0.168667
0.172205
0.172815
51.2921
0.928153
0.172002
0.170509
0.166704
0.178969
0.198165
0.225537
0.259304
0.291589
0.309003
0.310502
0.306323
0.300048
0.293303
0.283445
0.248871
0.184164
0.167862
0.172257
0.18055
0.188872
0.195251
0.200583
0.205915
0.211567
0.217348
0.223039
0.228595
0.234869
0.242203
0.250497
0.259515
0.268777
0.274689
0.27234
0.265992
0.237981
0.189687
0.178436
0.179487
0.183105
0.187444
0.190654
0.193309
0.19642
0.20061
0.205597
0.210403
0.214112
0.216707
0.218405
0.219487
0.220372
0.221895
0.22556
0.233206
0.239667
0.241329
0.236542
0.211079
0.186403
0.183843
0.184377
0.187215
0.190155
0.191821
0.192573
0.193042
0.19369
0.195059
0.198098
0.203351
0.209594
0.215391
0.218746
0.219741
0.220518
0.223943
0.231476
0.234929
0.232836
0.223137
0.199324
0.185352
0.183533
0.185205
0.188791
0.192215
0.194018
0.194368
0.194495
0.195003
0.196079
0.197551
0.199045
0.200035
0.200495
0.200652
0.201063
0.202528
0.206291
0.211195
0.2126
0.212367
0.205822
0.189126
0.180228
0.179289
0.179684
0.181998
0.185219
0.187864
0.18984
0.191471
0.192749
0.194051
0.195611
0.19744
0.199126
0.199972
0.20001
0.199811
0.199931
0.201058
0.203098
0.203675
0.202419
0.198512
0.187775
0.176036
0.174137
0.175243
0.178065
0.181494
0.184217
0.18555
0.186015
0.186307
0.187071
0.188663
0.190835
0.192715
0.193524
0.193295
0.192539
0.192011
0.192361
0.193972
0.195992
0.196504
0.196051
0.19118
0.180957
0.175219
0.174393
0.174402
0.175672
0.177485
0.178239
0.178023
0.177431
0.176953
0.176976
0.177734
0.17929
0.181183
0.182232
0.182417
0.182205
0.182018
0.182681
0.184271
0.185077
0.184695
0.183145
0.177319
0.169571
0.167183
0.16743
0.167898
0.169067
0.170438
0.171032
0.171027
0.170916
0.170889
0.171083
0.171835
0.17346
0.175413
0.176447
0.176716
0.176691
0.17658
0.17657
0.176758
0.17678
0.17619
0.174728
0.170545
0.163359
0.159935
0.159678
0.160284
0.161044
0.162194
0.162885
0.162804
0.162404
0.162201
0.162514
0.163484
0.165068
0.167043
0.16893
0.169897
0.170015
0.169936
0.170027
0.170576
0.171354
0.171464
0.17094
0.16875
0.163027
0.156819
0.155088
0.154703
0.155196
0.156384
0.157168
0.157028
0.156371
0.155548
0.154998
0.154758
0.154699
0.15493
0.155526
0.15621
0.156388
0.156176
0.155905
0.155849
0.156156
0.156951
0.157347
0.157077
0.156007
0.152457
0.147821
0.146312
0.146035
0.146606
0.147891
0.14864
0.148588
0.14822
0.147335
0.146339
0.145788
0.14553
0.145445
0.145893
0.147262
0.14915
0.15059
0.151419
0.151963
0.152492
0.153139
0.153792
0.153541
0.152472
0.148302
0.1396
0.134768
0.133891
0.133623
0.134157
0.135515
0.137132
0.138262
0.13904
0.139756
0.140615
0.141673
0.143081
0.145031
0.147701
0.15111
0.154893
0.158177
0.160314
0.161753
0.163433
0.166193
0.169826
0.170617
51.4734
0.736164
0.173326
0.171693
0.168276
0.180762
0.200297
0.228021
0.262447
0.294982
0.311326
0.312625
0.308378
0.301601
0.295127
0.28516
0.248415
0.183622
0.168455
0.171239
0.177781
0.186046
0.193886
0.20101
0.207946
0.214622
0.220532
0.225603
0.230288
0.235589
0.242188
0.250288
0.25976
0.270114
0.276752
0.275061
0.269625
0.240243
0.190812
0.179997
0.179965
0.182985
0.187114
0.19058
0.193999
0.198334
0.203575
0.208785
0.212818
0.215596
0.217371
0.218331
0.218814
0.219322
0.220654
0.224289
0.232425
0.239428
0.241717
0.236574
0.210202
0.185835
0.183474
0.184348
0.187429
0.190425
0.191965
0.192482
0.192719
0.193183
0.194601
0.198702
0.205086
0.212612
0.218043
0.220044
0.220364
0.220631
0.223479
0.23047
0.234047
0.232567
0.223346
0.199773
0.18628
0.185365
0.18725
0.190834
0.193657
0.194518
0.194349
0.194081
0.19426
0.195106
0.196557
0.198134
0.199359
0.200097
0.200681
0.201508
0.203337
0.207177
0.211597
0.212363
0.211517
0.204512
0.187936
0.17971
0.179409
0.180123
0.182787
0.186241
0.188853
0.190677
0.191847
0.192863
0.19417
0.196038
0.198336
0.200494
0.201683
0.201853
0.201658
0.201766
0.20288
0.204699
0.204853
0.203316
0.198924
0.187555
0.175793
0.173766
0.174749
0.17754
0.1812
0.184283
0.185873
0.186415
0.18678
0.187597
0.189077
0.190992
0.192681
0.193348
0.193074
0.192366
0.191899
0.192365
0.194194
0.196338
0.197018
0.196442
0.191606
0.181213
0.175134
0.174305
0.174397
0.175749
0.177756
0.178855
0.178819
0.178349
0.17793
0.177926
0.178652
0.180268
0.182191
0.183191
0.183363
0.183045
0.182758
0.183255
0.184458
0.184877
0.184366
0.182627
0.176665
0.16898
0.16659
0.166762
0.167129
0.168259
0.169786
0.170558
0.170688
0.170671
0.170703
0.170941
0.171748
0.173418
0.175239
0.176052
0.176133
0.175986
0.175873
0.175902
0.176033
0.176061
0.175476
0.174155
0.170237
0.163206
0.159702
0.159371
0.160082
0.160913
0.162096
0.162888
0.162906
0.162626
0.162526
0.162893
0.163788
0.165238
0.167131
0.168919
0.169755
0.169827
0.169788
0.169899
0.170312
0.170839
0.170792
0.170084
0.167784
0.161795
0.155398
0.153512
0.153001
0.153265
0.154277
0.15525
0.155346
0.155028
0.154689
0.15459
0.154674
0.155045
0.155718
0.156824
0.157878
0.158148
0.157915
0.157457
0.157212
0.157286
0.157639
0.157505
0.157008
0.155499
0.151552
0.147288
0.146224
0.146158
0.146899
0.148485
0.14951
0.149515
0.149032
0.14817
0.147278
0.146794
0.146648
0.146774
0.147484
0.149057
0.150993
0.152321
0.152918
0.153193
0.153449
0.154028
0.154707
0.154382
0.153103
0.148174
0.139056
0.134493
0.133587
0.133302
0.133883
0.135317
0.136818
0.137834
0.138417
0.138836
0.139314
0.140038
0.141089
0.142631
0.144925
0.148039
0.15153
0.154573
0.156678
0.158318
0.160302
0.1633
0.167394
0.168489
51.8629
0.343451
0.172271
0.171479
0.16955
0.183435
0.204306
0.23249
0.266915
0.298857
0.312903
0.314376
0.309877
0.302467
0.296599
0.287073
0.24876
0.183877
0.169903
0.170566
0.175618
0.183125
0.191649
0.200661
0.209377
0.216977
0.22299
0.227566
0.231546
0.23595
0.241852
0.249573
0.259288
0.270603
0.277978
0.278235
0.273877
0.242569
0.191654
0.18066
0.179955
0.182717
0.186886
0.190824
0.195237
0.200416
0.205853
0.210321
0.213608
0.216105
0.217755
0.218649
0.21907
0.219451
0.220669
0.224451
0.23313
0.240376
0.242978
0.236783
0.209005
0.185337
0.183306
0.184614
0.187871
0.190788
0.192117
0.192462
0.192622
0.193292
0.195528
0.200374
0.207189
0.214078
0.219012
0.220403
0.220204
0.220192
0.222998
0.229329
0.232751
0.231692
0.222946
0.199599
0.187016
0.186939
0.188751
0.19202
0.1943
0.19474
0.194349
0.193932
0.193918
0.19456
0.195865
0.197395
0.19876
0.199851
0.200876
0.202247
0.20441
0.208222
0.212249
0.212688
0.211411
0.204067
0.187524
0.179612
0.179456
0.180454
0.183441
0.187156
0.189737
0.191355
0.192224
0.192979
0.194149
0.196035
0.198574
0.201121
0.20272
0.20321
0.203213
0.203436
0.204577
0.206234
0.20623
0.20451
0.199904
0.18825
0.176514
0.17442
0.175198
0.177486
0.180938
0.184176
0.185963
0.186741
0.187212
0.187964
0.189228
0.190882
0.192436
0.193056
0.19278
0.192156
0.191809
0.192428
0.194457
0.19671
0.197347
0.196644
0.191923
0.181486
0.175031
0.174244
0.174426
0.175743
0.177773
0.17901
0.179127
0.178739
0.17837
0.178495
0.179488
0.181312
0.183263
0.1842
0.184347
0.183984
0.183692
0.184034
0.184875
0.185075
0.184504
0.18259
0.176353
0.168501
0.166103
0.16616
0.166482
0.167724
0.169376
0.170312
0.170546
0.17061
0.170694
0.170992
0.17177
0.1733
0.174881
0.17551
0.17541
0.1751
0.174928
0.174995
0.175235
0.175509
0.175103
0.174069
0.170456
0.163442
0.159655
0.159266
0.159834
0.160665
0.161992
0.162953
0.163095
0.162992
0.163019
0.163398
0.16412
0.165335
0.167113
0.168721
0.169396
0.169466
0.169469
0.169669
0.170017
0.170353
0.17013
0.169187
0.166621
0.16032
0.153943
0.152088
0.151572
0.151725
0.152688
0.153913
0.154288
0.154212
0.154093
0.154098
0.154294
0.15483
0.156044
0.157926
0.15952
0.160086
0.16006
0.159695
0.159211
0.158841
0.158573
0.15805
0.157249
0.155083
0.150555
0.146741
0.145983
0.146026
0.146812
0.14856
0.149782
0.149882
0.149362
0.148675
0.148035
0.14771
0.147759
0.148124
0.149055
0.150669
0.152437
0.153361
0.153565
0.153594
0.153768
0.154094
0.154168
0.153406
0.151438
0.146524
0.138982
0.135068
0.134458
0.134688
0.135692
0.137015
0.13785
0.138172
0.138234
0.138347
0.138533
0.138956
0.139659
0.140769
0.142622
0.145378
0.14857
0.151302
0.153256
0.154962
0.157146
0.160336
0.165046
0.166583
51.9028
0.293423
0.170316
0.171774
0.170719
0.186779
0.209469
0.238605
0.27246
0.30212
0.31372
0.315576
0.310817
0.303208
0.297827
0.288895
0.249528
0.184527
0.171195
0.170534
0.17455
0.181157
0.189504
0.199464
0.209868
0.218298
0.224331
0.228535
0.232133
0.236004
0.241276
0.24848
0.258106
0.270331
0.279151
0.281953
0.27746
0.244344
0.192226
0.180682
0.17974
0.182655
0.187203
0.191851
0.19689
0.202283
0.206986
0.210386
0.21334
0.215909
0.217988
0.219322
0.219955
0.22045
0.221862
0.226213
0.235593
0.242623
0.244978
0.237303
0.20781
0.185142
0.183581
0.185165
0.188427
0.191144
0.192273
0.192614
0.193146
0.194644
0.197791
0.202608
0.208421
0.214087
0.217997
0.21931
0.219016
0.219307
0.222415
0.228331
0.231269
0.230048
0.221396
0.198931
0.187369
0.187545
0.189358
0.192387
0.194454
0.194909
0.194544
0.19417
0.194143
0.194651
0.195722
0.197117
0.198558
0.200005
0.201613
0.203544
0.205873
0.209594
0.213344
0.213592
0.211854
0.204055
0.187354
0.179692
0.179455
0.180584
0.183813
0.18769
0.190273
0.191831
0.192558
0.193084
0.194013
0.195775
0.198324
0.200981
0.202868
0.203706
0.203965
0.204265
0.20549
0.20728
0.207405
0.205667
0.201217
0.189631
0.177879
0.175805
0.176444
0.178113
0.181035
0.183955
0.185686
0.186731
0.187445
0.188227
0.189303
0.190709
0.192151
0.192809
0.192572
0.192057
0.191864
0.192666
0.194872
0.197209
0.19768
0.196745
0.192166
0.181789
0.175052
0.174343
0.174624
0.17582
0.177752
0.179042
0.179256
0.178969
0.17872
0.179007
0.180154
0.182094
0.184158
0.185085
0.185138
0.184757
0.184463
0.184771
0.18562
0.185723
0.185194
0.183077
0.17652
0.168315
0.165891
0.165701
0.166044
0.167432
0.1693
0.170298
0.170595
0.170688
0.170831
0.171189
0.171876
0.173148
0.174528
0.17505
0.174828
0.174361
0.174089
0.174181
0.174651
0.17524
0.17506
0.174293
0.171022
0.16408
0.159761
0.159299
0.159671
0.160527
0.161989
0.163155
0.163434
0.163442
0.163545
0.163867
0.164409
0.165395
0.167069
0.168522
0.169053
0.169082
0.169118
0.169366
0.169572
0.169672
0.169242
0.168163
0.165369
0.158804
0.152656
0.151006
0.150617
0.150888
0.151973
0.153412
0.154002
0.154027
0.153955
0.153949
0.154184
0.154898
0.156418
0.158685
0.160685
0.161566
0.161741
0.161723
0.161431
0.160794
0.159839
0.158712
0.157296
0.15461
0.14969
0.146418
0.145844
0.145931
0.146675
0.148293
0.149679
0.149885
0.149466
0.148925
0.148525
0.148378
0.148628
0.149177
0.150163
0.151591
0.153098
0.153849
0.153832
0.153535
0.153244
0.152974
0.152196
0.150781
0.14858
0.145072
0.139797
0.136211
0.135828
0.136488
0.138063
0.139742
0.140259
0.139981
0.139233
0.13858
0.138351
0.138443
0.138789
0.139545
0.141056
0.143493
0.146409
0.148811
0.150551
0.152241
0.154526
0.157818
0.162941
0.164843
51.8799
0.308222
0.168083
0.171786
0.172553
0.190381
0.214821
0.245471
0.278639
0.304652
0.313436
0.315636
0.310562
0.303886
0.29905
0.290465
0.250066
0.185043
0.172026
0.17087
0.174437
0.180488
0.188367
0.198237
0.209136
0.218271
0.224453
0.228539
0.23198
0.235627
0.240515
0.247262
0.256643
0.269616
0.279882
0.284433
0.279645
0.245215
0.192644
0.180784
0.179781
0.183093
0.188254
0.193655
0.199004
0.203913
0.207268
0.20992
0.212577
0.215308
0.217954
0.219921
0.221
0.221879
0.223751
0.228913
0.238998
0.24568
0.247287
0.238218
0.207025
0.185202
0.184012
0.185679
0.188964
0.191585
0.192702
0.19336
0.194607
0.196964
0.200436
0.204547
0.208868
0.212989
0.215769
0.217066
0.21727
0.218219
0.22178
0.227466
0.229236
0.227746
0.218887
0.197245
0.186737
0.187011
0.188781
0.191813
0.19405
0.19479
0.194747
0.194601
0.194715
0.195247
0.196261
0.197647
0.199256
0.201153
0.203253
0.205472
0.207755
0.211276
0.214781
0.214793
0.212614
0.204137
0.187233
0.179851
0.179418
0.180646
0.183935
0.187764
0.19035
0.191928
0.192676
0.193223
0.194082
0.195607
0.197945
0.200512
0.202454
0.20349
0.203976
0.204327
0.20559
0.207603
0.208138
0.206444
0.202365
0.191077
0.17957
0.177389
0.17798
0.179142
0.181473
0.183787
0.185238
0.186359
0.187438
0.188313
0.189249
0.190503
0.191862
0.192558
0.192405
0.192084
0.192138
0.193139
0.195399
0.197758
0.198064
0.196869
0.192493
0.182333
0.17543
0.174585
0.175084
0.176245
0.177988
0.179103
0.179264
0.179052
0.178964
0.179468
0.180808
0.18284
0.184909
0.185739
0.185645
0.185184
0.184919
0.185382
0.186401
0.18669
0.186287
0.184027
0.17713
0.1684
0.165795
0.165436
0.165873
0.167468
0.169533
0.170522
0.170723
0.170724
0.170828
0.171194
0.171895
0.173061
0.174339
0.174835
0.174615
0.174089
0.173749
0.173853
0.17446
0.175272
0.175304
0.174801
0.171858
0.165063
0.160124
0.15943
0.159619
0.160461
0.162106
0.163463
0.163762
0.163748
0.163809
0.164082
0.164518
0.165412
0.167073
0.168403
0.16885
0.168693
0.168621
0.168814
0.168874
0.168824
0.168219
0.167086
0.16417
0.157728
0.152048
0.150708
0.150478
0.150888
0.152168
0.153805
0.154479
0.154492
0.154391
0.154361
0.154598
0.155305
0.156708
0.158951
0.161211
0.162317
0.162678
0.162835
0.162868
0.16254
0.161602
0.160244
0.158217
0.154521
0.149129
0.146184
0.145766
0.145964
0.146622
0.148072
0.149405
0.1496
0.149248
0.148874
0.148725
0.148804
0.149166
0.149708
0.150589
0.151879
0.153093
0.153348
0.153008
0.152211
0.151288
0.15042
0.149571
0.148534
0.147315
0.145182
0.140932
0.137485
0.137133
0.13783
0.139436
0.141631
0.142279
0.142037
0.141242
0.14012
0.139204
0.138776
0.138683
0.139006
0.140223
0.142512
0.145242
0.147323
0.148802
0.150388
0.152642
0.155929
0.161196
0.163266
51.8538
0.328864
0.166197
0.171702
0.174697
0.194358
0.220392
0.252633
0.28501
0.306841
0.312305
0.313723
0.309304
0.304444
0.300554
0.292094
0.2502
0.18516
0.172379
0.17127
0.174737
0.18069
0.188399
0.197982
0.208429
0.217385
0.223484
0.227621
0.231151
0.234905
0.239761
0.246283
0.255553
0.26878
0.279772
0.284987
0.280004
0.2452
0.192727
0.18099
0.180161
0.184043
0.190054
0.196015
0.201432
0.205397
0.207581
0.209401
0.211603
0.214371
0.217398
0.220069
0.221998
0.223503
0.226067
0.231928
0.242476
0.248824
0.249441
0.239401
0.206862
0.185454
0.184346
0.186004
0.189421
0.192274
0.193846
0.195159
0.197054
0.199723
0.202787
0.205926
0.208762
0.211337
0.213303
0.214528
0.21535
0.216855
0.220723
0.226107
0.227025
0.225241
0.215632
0.194312
0.185029
0.185473
0.187167
0.190308
0.193029
0.194345
0.194863
0.195156
0.195576
0.1963
0.197435
0.199019
0.201003
0.203297
0.205598
0.207845
0.2099
0.213077
0.216295
0.216
0.213367
0.204155
0.187102
0.180154
0.179676
0.180895
0.184002
0.187467
0.189808
0.191253
0.192176
0.192989
0.194073
0.195591
0.197558
0.199655
0.201411
0.202584
0.203438
0.204127
0.205561
0.207731
0.208714
0.206965
0.203241
0.192385
0.18125
0.178895
0.179514
0.180342
0.182155
0.183804
0.184872
0.185864
0.187046
0.188072
0.188969
0.190144
0.191443
0.192189
0.192171
0.192119
0.192541
0.193807
0.195955
0.198248
0.198575
0.197066
0.192896
0.183109
0.175977
0.174925
0.175685
0.176779
0.178355
0.179273
0.179298
0.179069
0.179025
0.179638
0.181166
0.183379
0.185478
0.186049
0.185742
0.185334
0.185141
0.185758
0.187069
0.187761
0.187496
0.185207
0.178327
0.169137
0.165977
0.165467
0.166048
0.167851
0.170036
0.170922
0.170991
0.170882
0.170912
0.171256
0.171964
0.173098
0.174449
0.17504
0.174872
0.174317
0.173915
0.173958
0.1746
0.175613
0.175899
0.175597
0.17293
0.166295
0.160821
0.159738
0.159692
0.16056
0.16236
0.163868
0.164193
0.164134
0.164067
0.164119
0.164381
0.165274
0.166988
0.168231
0.168572
0.168354
0.168207
0.168214
0.168119
0.167968
0.167339
0.166259
0.163543
0.157544
0.152262
0.151131
0.151
0.15143
0.152814
0.15457
0.155302
0.155305
0.155186
0.155171
0.155383
0.155894
0.156883
0.158585
0.16061
0.162082
0.162809
0.163138
0.163307
0.163412
0.162941
0.161967
0.160002
0.155556
0.149142
0.146113
0.145752
0.145848
0.146519
0.147961
0.149244
0.149375
0.149057
0.148679
0.148531
0.148702
0.149157
0.149655
0.150424
0.151376
0.151816
0.151491
0.150597
0.149422
0.148528
0.148168
0.148219
0.147867
0.147169
0.145661
0.142035
0.138813
0.138436
0.138995
0.140339
0.142472
0.143305
0.143172
0.142567
0.141706
0.140838
0.14019
0.139828
0.139825
0.14059
0.142553
0.145071
0.146843
0.147995
0.149272
0.151372
0.154625
0.159648
0.161601
51.9813
0.193384
0.164864
0.171673
0.177544
0.199191
0.22667
0.259827
0.290869
0.308412
0.3108
0.310646
0.307452
0.304102
0.302232
0.293911
0.250033
0.184874
0.172394
0.171488
0.175098
0.181196
0.189046
0.198496
0.208292
0.21624
0.221758
0.225856
0.229576
0.233696
0.238926
0.245725
0.255251
0.268038
0.278802
0.283463
0.278605
0.244716
0.192575
0.180959
0.180875
0.185511
0.192311
0.198599
0.203812
0.206515
0.207802
0.209098
0.210813
0.213258
0.216318
0.21944
0.222297
0.225048
0.228456
0.234663
0.245154
0.251327
0.251281
0.240805
0.207443
0.186186
0.184527
0.186011
0.189642
0.193203
0.195653
0.197766
0.200037
0.202432
0.204607
0.206296
0.208079
0.20977
0.211281
0.212379
0.213507
0.215327
0.219298
0.224376
0.224733
0.222827
0.212348
0.190918
0.182487
0.182954
0.184669
0.188054
0.191427
0.19361
0.194849
0.195784
0.196697
0.197841
0.19934
0.201291
0.203661
0.206117
0.208387
0.210403
0.212114
0.214799
0.217609
0.216967
0.213904
0.204042
0.187007
0.180444
0.179941
0.181096
0.183866
0.186742
0.188557
0.189754
0.190973
0.192318
0.193809
0.195455
0.197179
0.198809
0.200082
0.201264
0.202561
0.20383
0.205504
0.20777
0.209138
0.207283
0.203734
0.193369
0.182619
0.180187
0.180905
0.181555
0.182962
0.184043
0.184612
0.185378
0.18652
0.187572
0.188448
0.189552
0.190777
0.191619
0.191759
0.192132
0.193011
0.194538
0.196553
0.198732
0.199282
0.197459
0.193494
0.184078
0.176617
0.175388
0.176369
0.177465
0.178879
0.179546
0.179396
0.179108
0.179066
0.179769
0.181428
0.183759
0.185775
0.186189
0.185721
0.18522
0.185045
0.185877
0.187515
0.188658
0.188673
0.186423
0.179744
0.170303
0.16648
0.165811
0.166544
0.16846
0.170544
0.171281
0.171239
0.170937
0.170808
0.171086
0.171869
0.173203
0.174877
0.175737
0.175611
0.175007
0.174522
0.174418
0.175067
0.176262
0.176749
0.176594
0.174015
0.167457
0.161553
0.160109
0.159863
0.16079
0.162657
0.164231
0.164563
0.164439
0.164212
0.164079
0.164253
0.165169
0.166941
0.168241
0.168496
0.168305
0.167952
0.167679
0.167408
0.167251
0.166758
0.165955
0.163591
0.158056
0.153072
0.152108
0.152
0.152496
0.153953
0.155794
0.156497
0.156439
0.156246
0.156164
0.156305
0.156644
0.157289
0.158375
0.159831
0.161141
0.16197
0.162536
0.163065
0.163549
0.163722
0.16315
0.161795
0.157602
0.150382
0.146633
0.146042
0.14594
0.146462
0.147887
0.149226
0.149431
0.149102
0.148693
0.148488
0.148513
0.148746
0.149104
0.149435
0.149475
0.149036
0.148273
0.147489
0.147046
0.14686
0.147097
0.147649
0.147764
0.147554
0.1465
0.143156
0.139812
0.139271
0.139589
0.140621
0.142439
0.143379
0.143361
0.142854
0.142274
0.141817
0.141683
0.141778
0.142017
0.142798
0.144478
0.146391
0.147493
0.148106
0.148891
0.150635
0.15356
0.157844
0.159539
51.8779
0.301396
0.16339
0.171876
0.180775
0.204254
0.232694
0.266083
0.295398
0.309173
0.309621
0.307618
0.305117
0.30356
0.304107
0.295712
0.24979
0.184569
0.172083
0.17155
0.175367
0.181638
0.189693
0.199141
0.208431
0.21542
0.22017
0.223999
0.227792
0.232268
0.238089
0.245534
0.255433
0.267327
0.277209
0.28045
0.27589
0.243781
0.192584
0.181412
0.181828
0.187113
0.194499
0.200873
0.205683
0.2075
0.208354
0.209152
0.210313
0.212197
0.214903
0.218365
0.222274
0.22628
0.230555
0.236935
0.247286
0.253228
0.252848
0.24225
0.208259
0.186791
0.184486
0.185807
0.189835
0.19448
0.198056
0.200839
0.203005
0.204501
0.205476
0.206381
0.207407
0.208587
0.209845
0.210918
0.212174
0.214095
0.217899
0.222255
0.222452
0.220601
0.209751
0.188503
0.180369
0.180169
0.181697
0.185339
0.189386
0.192406
0.194611
0.196442
0.198095
0.199781
0.201701
0.203936
0.206523
0.208931
0.211154
0.212934
0.2143
0.216411
0.21875
0.217767
0.214293
0.20387
0.186983
0.180783
0.180367
0.181318
0.183582
0.18571
0.186849
0.18779
0.189257
0.191522
0.193696
0.195485
0.196897
0.19787
0.198563
0.199649
0.201098
0.202967
0.20492
0.207282
0.208892
0.207143
0.203773
0.193854
0.183336
0.180843
0.181702
0.182319
0.183499
0.184204
0.184408
0.185015
0.186069
0.187151
0.187959
0.188926
0.190007
0.190845
0.191172
0.19193
0.193349
0.195297
0.197193
0.199274
0.20009
0.198119
0.194259
0.185111
0.177199
0.175759
0.17684
0.177952
0.179154
0.179527
0.179188
0.178807
0.178823
0.179701
0.181524
0.183951
0.185879
0.186209
0.185632
0.184998
0.184848
0.185911
0.187865
0.189502
0.189815
0.187516
0.181084
0.171521
0.167155
0.166364
0.167158
0.169046
0.170951
0.171561
0.171404
0.170877
0.170562
0.170783
0.171732
0.173446
0.175552
0.176797
0.176736
0.176081
0.175463
0.175199
0.175762
0.176969
0.177547
0.177493
0.174953
0.168408
0.162173
0.160435
0.160081
0.161067
0.162982
0.164559
0.164924
0.164765
0.164324
0.164016
0.16418
0.165108
0.166885
0.168295
0.168508
0.168388
0.16788
0.167339
0.166897
0.166823
0.166533
0.166123
0.164201
0.159224
0.154402
0.153454
0.153283
0.153793
0.155217
0.156937
0.157558
0.157417
0.157054
0.156815
0.156846
0.157112
0.157544
0.158188
0.159098
0.160005
0.160685
0.161306
0.16214
0.163305
0.164119
0.163854
0.162942
0.159367
0.152015
0.147573
0.146726
0.146425
0.146881
0.148105
0.149081
0.149145
0.148785
0.148402
0.148161
0.14806
0.147995
0.147796
0.14735
0.146771
0.146286
0.145933
0.14574
0.14566
0.145798
0.146478
0.147583
0.148036
0.148207
0.147266
0.143987
0.140299
0.139418
0.13941
0.140066
0.141644
0.142982
0.143247
0.142969
0.142593
0.142431
0.142676
0.143139
0.14412
0.145769
0.147936
0.149421
0.149726
0.149418
0.149217
0.15015
0.15224
0.15551
0.156813
51.81
0.369676
0.161429
0.171501
0.182967
0.207925
0.236987
0.27064
0.298672
0.31024
0.309433
0.305301
0.30309
0.303243
0.305496
0.297194
0.249593
0.184239
0.171659
0.171311
0.175396
0.182005
0.190364
0.199741
0.208392
0.214634
0.218923
0.222587
0.226405
0.231144
0.237486
0.245667
0.255901
0.266979
0.275862
0.277651
0.272806
0.242688
0.192752
0.182059
0.182902
0.188555
0.196224
0.202485
0.206897
0.208378
0.208871
0.209235
0.209914
0.211245
0.213519
0.217056
0.221805
0.226992
0.232217
0.238581
0.248208
0.254215
0.253957
0.243554
0.209058
0.187305
0.184361
0.185536
0.189925
0.195569
0.200123
0.203711
0.205343
0.205825
0.206078
0.206365
0.206882
0.207735
0.208843
0.210057
0.211305
0.213248
0.21681
0.220539
0.220886
0.218972
0.208058
0.187087
0.178778
0.178006
0.179289
0.182804
0.18724
0.191135
0.194482
0.197367
0.199692
0.201591
0.203556
0.205924
0.208652
0.211111
0.213249
0.214803
0.216105
0.217898
0.219719
0.218373
0.214484
0.203701
0.186992
0.181029
0.180729
0.181462
0.183251
0.184721
0.185259
0.186036
0.187802
0.190618
0.19379
0.195774
0.196852
0.197229
0.19728
0.198116
0.199648
0.202016
0.204227
0.206798
0.208585
0.206868
0.203582
0.193936
0.183604
0.181101
0.182105
0.182751
0.183763
0.184219
0.184207
0.184584
0.185569
0.186771
0.187627
0.188504
0.189413
0.190087
0.190582
0.191576
0.19353
0.195861
0.197851
0.199837
0.200809
0.198819
0.19496
0.185953
0.177747
0.176271
0.177505
0.178696
0.179748
0.179858
0.179331
0.178769
0.178737
0.179646
0.181561
0.18406
0.185896
0.186122
0.185477
0.184789
0.184703
0.185931
0.188085
0.190054
0.190554
0.188264
0.182065
0.172477
0.167719
0.166833
0.167638
0.169462
0.171219
0.171745
0.171479
0.170781
0.170322
0.170483
0.17156
0.173582
0.176101
0.177651
0.177751
0.177105
0.17629
0.175882
0.176369
0.177544
0.178156
0.178171
0.175633
0.169045
0.162599
0.160614
0.16015
0.161149
0.163083
0.164697
0.165104
0.164943
0.164341
0.163943
0.164101
0.165052
0.166802
0.168312
0.168631
0.168555
0.167924
0.167163
0.166567
0.166635
0.166506
0.166566
0.165114
0.160535
0.155831
0.15475
0.154451
0.154981
0.156502
0.158148
0.158777
0.158644
0.158227
0.157863
0.157689
0.157679
0.157616
0.157737
0.158156
0.158742
0.159328
0.160034
0.161158
0.162977
0.164445
0.16444
0.163695
0.160449
0.153146
0.148158
0.147212
0.146998
0.147622
0.148784
0.149435
0.149264
0.148809
0.148188
0.147662
0.147269
0.14678
0.146087
0.14542
0.144984
0.144745
0.144553
0.144476
0.144632
0.145152
0.146336
0.147741
0.148429
0.148844
0.147788
0.144373
0.140393
0.139132
0.138778
0.139269
0.140692
0.142251
0.142832
0.142787
0.142721
0.142884
0.143353
0.144066
0.145465
0.147873
0.150645
0.152288
0.15282
0.152392
0.151005
0.150204
0.151106
0.152889
0.153589
51.7822
0.394727
0.160554
0.171197
0.183524
0.209599
0.239397
0.273437
0.300894
0.311421
0.309677
0.304395
0.301868
0.302629
0.305973
0.298041
0.249349
0.184185
0.171579
0.171245
0.175424
0.182214
0.190817
0.200268
0.208639
0.214496
0.218444
0.221947
0.225693
0.230422
0.236797
0.245187
0.255639
0.266704
0.275237
0.276168
0.271035
0.241516
0.192363
0.182046
0.183442
0.189371
0.197253
0.203602
0.207704
0.209025
0.209287
0.209401
0.209795
0.210757
0.212682
0.216115
0.221242
0.227236
0.233262
0.239819
0.249121
0.255135
0.254828
0.244511
0.209748
0.187839
0.184592
0.185559
0.190107
0.196073
0.201442
0.205516
0.206989
0.20706
0.206766
0.206521
0.206637
0.207223
0.208173
0.209259
0.210347
0.212116
0.215399
0.218912
0.219469
0.217737
0.206972
0.186334
0.177888
0.1768
0.17789
0.181048
0.185408
0.189697
0.193888
0.197907
0.200613
0.202752
0.204923
0.207446
0.21027
0.212759
0.214843
0.216326
0.21755
0.219028
0.220412
0.218713
0.21451
0.203577
0.18704
0.181157
0.180916
0.181529
0.183084
0.184121
0.184273
0.184861
0.186558
0.189737
0.193283
0.195699
0.196716
0.196837
0.196621
0.19716
0.198621
0.201297
0.203712
0.206555
0.208401
0.206684
0.203404
0.193837
0.183655
0.181242
0.182381
0.183042
0.183953
0.184261
0.184103
0.184335
0.185281
0.186528
0.18742
0.188255
0.189082
0.189666
0.19022
0.191221
0.1935
0.196071
0.198213
0.200236
0.201375
0.199395
0.195417
0.186355
0.178028
0.176551
0.177856
0.179103
0.180095
0.180036
0.179353
0.178674
0.178612
0.179533
0.18148
0.184
0.185786
0.186068
0.185479
0.184755
0.184687
0.186017
0.188333
0.190576
0.191247
0.189052
0.182931
0.173241
0.168221
0.167235
0.167995
0.169757
0.171432
0.171908
0.171567
0.170767
0.170232
0.170401
0.171573
0.173813
0.176607
0.178338
0.178554
0.177867
0.176967
0.17649
0.176914
0.17804
0.178654
0.17871
0.17618
0.169549
0.163002
0.160911
0.160388
0.161392
0.163337
0.164988
0.165434
0.165238
0.164497
0.163978
0.164013
0.164908
0.166644
0.168187
0.168653
0.168677
0.168004
0.167137
0.166479
0.166595
0.166569
0.166905
0.16578
0.161463
0.156841
0.155699
0.155302
0.155854
0.157412
0.15899
0.159559
0.159486
0.159007
0.158612
0.158253
0.157937
0.157626
0.157269
0.157187
0.157547
0.158278
0.159271
0.160719
0.16283
0.16471
0.165052
0.16451
0.16148
0.154204
0.148906
0.147789
0.147467
0.148138
0.149215
0.149577
0.149286
0.148624
0.147654
0.146765
0.146091
0.145553
0.144944
0.144502
0.144176
0.14397
0.143808
0.143779
0.144062
0.144806
0.146252
0.147663
0.148504
0.149055
0.147945
0.144448
0.140314
0.138863
0.138299
0.138751
0.14017
0.141834
0.142583
0.142715
0.142856
0.143293
0.143988
0.145063
0.146881
0.149831
0.152841
0.154475
0.154877
0.154662
0.153047
0.150749
0.149858
0.150383
0.150596
)
;

boundaryField
{
    sides
    {
        type            calculated;
        value           nonuniform List<scalar> 
600
(
51.445
0.813535
0.163607
0.165379
0.167837
0.180926
0.197578
0.218943
0.243836
0.27593
0.306267
0.328477
0.332712
0.323181
0.307743
0.296075
0.270168
0.203773
0.165171
0.162744
0.166956
0.174603
0.183109
0.191345
0.198735
0.204453
0.208481
0.211408
0.21392
0.216801
0.221864
0.231294
0.246037
0.263056
0.277766
0.284511
0.277871
0.257864
0.207416
0.185761
0.186261
0.189376
0.193522
0.195848
0.197098
0.199363
0.203984
0.210347
0.216537
0.220216
0.221187
0.220909
0.220155
0.220188
0.222536
0.229454
0.242097
0.256088
0.261525
0.254147
0.224218
0.189683
0.182314
0.181438
0.184801
0.19037
0.196307
0.201634
0.205457
0.206332
0.20648
0.206576
0.206862
0.208075
0.211237
0.215641
0.220416
0.223485
0.226681
0.230517
0.229989
0.225867
0.211005
0.187023
0.180248
0.181061
0.182769
0.185516
0.187509
0.188685
0.189614
0.190489
0.191717
0.193704
0.196791
0.20101
0.20527
0.208381
0.210168
0.210766
0.210644
0.21144
0.213526
0.214589
0.212571
0.207446
0.192965
0.181543
0.180447
0.180574
0.18258
0.185504
0.187675
0.188999
0.189635
0.190046
0.190581
0.19145
0.192439
0.193335
0.194364
0.195793
0.197965
0.20075
0.203701
0.207332
0.209437
0.208498
0.204504
0.196765
0.183498
0.178468
0.179086
0.180836
0.182479
0.183503
0.183471
0.183088
0.183392
0.184827
0.187329
0.189719
0.191101
0.191333
0.190805
0.190184
0.190083
0.191576
0.194787
0.197605
0.199496
0.196768
0.187746
0.175895
0.171843
0.171774
0.17408
0.178168
0.181974
0.183717
0.183823
0.183067
0.182015
0.181349
0.181288
0.182064
0.183507
0.184991
0.186083
0.186745
0.186847
0.187016
0.187535
0.18789
0.18697
0.185262
0.179022
0.170609
0.167763
0.167002
0.166713
0.167285
0.168191
0.168717
0.169063
0.169799
0.170704
0.171756
0.172606
0.173865
0.175883
0.178135
0.17995
0.181361
0.182784
0.183823
0.184122
0.183571
0.181576
0.178214
0.170789
0.162274
0.159993
0.16013
0.160688
0.162248
0.164103
0.164968
0.165163
0.165446
0.165623
0.165776
0.165702
0.165543
0.165451
0.16552
0.165551
0.16546
0.165281
0.165279
0.165235
0.165063
0.164364
0.163025
0.160373
0.155386
0.151512
0.150726
0.151375
0.152167
0.153427
0.15453
0.1549
0.154798
0.154544
0.154311
0.154395
0.155185
0.156974
0.159591
0.161805
0.162489
0.162411
0.162307
0.162516
0.163026
0.163567
0.16398
0.163228
0.159635
0.152816
0.148455
0.14736
0.146774
0.147017
0.147622
0.148045
0.147717
0.146924
0.145844
0.144891
0.144255
0.144091
0.144584
0.145908
0.147877
0.149092
0.149317
0.149171
0.149093
0.149185
0.14934
0.149676
0.149928
0.149885
0.149349
0.146172
0.141394
0.139999
0.140354
0.14145
0.143799
0.147258
0.150373
0.15243
0.154112
0.155836
0.157705
0.159904
0.162797
0.166703
0.171227
0.174723
0.17628
0.177434
0.178734
0.180629
0.183591
0.186134
0.185709
51.7822
0.394727
0.160554
0.171197
0.183524
0.209599
0.239397
0.273437
0.300894
0.311421
0.309677
0.304395
0.301868
0.302629
0.305973
0.298041
0.249349
0.184185
0.171579
0.171245
0.175424
0.182214
0.190817
0.200268
0.208639
0.214496
0.218444
0.221947
0.225693
0.230422
0.236797
0.245187
0.255639
0.266704
0.275237
0.276168
0.271035
0.241516
0.192363
0.182046
0.183442
0.189371
0.197253
0.203602
0.207704
0.209025
0.209287
0.209401
0.209795
0.210757
0.212682
0.216115
0.221242
0.227236
0.233262
0.239819
0.249121
0.255135
0.254828
0.244511
0.209748
0.187839
0.184592
0.185559
0.190107
0.196073
0.201442
0.205516
0.206989
0.20706
0.206766
0.206521
0.206637
0.207223
0.208173
0.209259
0.210347
0.212116
0.215399
0.218912
0.219469
0.217737
0.206972
0.186334
0.177888
0.1768
0.17789
0.181048
0.185408
0.189697
0.193888
0.197907
0.200613
0.202752
0.204923
0.207446
0.21027
0.212759
0.214843
0.216326
0.21755
0.219028
0.220412
0.218713
0.21451
0.203577
0.18704
0.181157
0.180916
0.181529
0.183084
0.184121
0.184273
0.184861
0.186558
0.189737
0.193283
0.195699
0.196716
0.196837
0.196621
0.19716
0.198621
0.201297
0.203712
0.206555
0.208401
0.206684
0.203404
0.193837
0.183655
0.181242
0.182381
0.183042
0.183953
0.184261
0.184103
0.184335
0.185281
0.186528
0.18742
0.188255
0.189082
0.189666
0.19022
0.191221
0.1935
0.196071
0.198213
0.200236
0.201375
0.199395
0.195417
0.186355
0.178028
0.176551
0.177856
0.179103
0.180095
0.180036
0.179353
0.178674
0.178612
0.179533
0.18148
0.184
0.185786
0.186068
0.185479
0.184755
0.184687
0.186017
0.188333
0.190576
0.191247
0.189052
0.182931
0.173241
0.168221
0.167235
0.167995
0.169757
0.171432
0.171908
0.171567
0.170767
0.170232
0.170401
0.171573
0.173813
0.176607
0.178338
0.178554
0.177867
0.176967
0.17649
0.176914
0.17804
0.178654
0.17871
0.17618
0.169549
0.163002
0.160911
0.160388
0.161392
0.163337
0.164988
0.165434
0.165238
0.164497
0.163978
0.164013
0.164908
0.166644
0.168187
0.168653
0.168677
0.168004
0.167137
0.166479
0.166595
0.166569
0.166905
0.16578
0.161463
0.156841
0.155699
0.155302
0.155854
0.157412
0.15899
0.159559
0.159486
0.159007
0.158612
0.158253
0.157937
0.157626
0.157269
0.157187
0.157547
0.158278
0.159271
0.160719
0.16283
0.16471
0.165052
0.16451
0.16148
0.154204
0.148906
0.147789
0.147467
0.148138
0.149215
0.149577
0.149286
0.148624
0.147654
0.146765
0.146091
0.145553
0.144944
0.144502
0.144176
0.14397
0.143808
0.143779
0.144062
0.144806
0.146252
0.147663
0.148504
0.149055
0.147945
0.144448
0.140314
0.138863
0.138299
0.138751
0.14017
0.141834
0.142583
0.142715
0.142856
0.143293
0.143988
0.145063
0.146881
0.149831
0.152841
0.154475
0.154877
0.154662
0.153047
0.150749
0.149858
0.150383
0.150596
)
;
    }
    inlet
    {
        type            calculated;
        value           nonuniform List<scalar> 
20
(
0.10896
0.108996
0.108952
0.108936
0.108941
0.108921
0.108955
0.109039
0.10909
0.109126
0.109111
0.109043
0.108993
0.108979
0.108988
0.109023
0.109021
0.109054
0.109069
0.109074
)
;
    }
    outlet
    {
        type            calculated;
        value           nonuniform List<scalar> 
20
(
0.185709
0.18414
0.182155
0.180881
0.179498
0.178614
0.177713
0.176502
0.174846
0.172815
0.170617
0.168489
0.166583
0.164843
0.163266
0.161601
0.159539
0.156813
0.153589
0.150596
)
;
    }
    empty
    {
        type            empty;
    }
}


// ************************************************************************* //
