/*--------------------------------*- C++ -*----------------------------------*\
| =========                 |                                                 |
| \\      /  F ield         | OpenFOAM: The Open Source CFD Toolbox           |
|  \\    /   O peration     | Version:  2306                                  |
|   \\  /    A nd           | Website:  www.openfoam.com                      |
|    \\/     M anipulation  |                                                 |
\*---------------------------------------------------------------------------*/
FoamFile
{
    version     2.0;
    format      ascii;
    arch        "LSB;label=32;scalar=64";
    class       volScalarField;
    location    "0.17";
    object      T;
}
// * * * * * * * * * * * * * * * * * * * * * * * * * * * * * * * * * * * * * //

dimensions      [0 0 0 1 0 0 0];

internalField   nonuniform List<scalar> 
6000
(
3196.67
2642.68
1878.73
1862.46
1925.2
2015.22
2093.39
2185.29
2287.76
2414.5
2531.2
2627.86
2675.56
2670.19
2643.7
2626.46
2564.5
2317.21
2111.52
2109.5
2147.13
2200.73
2257.54
2311.41
2358.8
2396.91
2427.93
2456.44
2485.61
2517.03
2556.71
2613.23
2691.37
2779.7
2857.97
2896.48
2876.12
2804.76
2581.4
2463.78
2475.21
2503.46
2535.94
2558.8
2575.65
2597.73
2632.01
2674.53
2715.16
2743.02
2758.64
2767.19
2771.17
2779.97
2800.57
2843
2913.28
2989.5
3021.6
2991.43
2851.37
2663.47
2622.4
2620.59
2643.95
2679.45
2717.39
2751.92
2777.8
2787.66
2794.1
2801.15
2809.38
2822.48
2846.46
2877.34
2911.28
2937.79
2964.78
2991.46
2994.82
2985.4
2916.57
2783.32
2744.65
2756.18
2775.09
2799.73
2819.77
2834.57
2847.53
2859.76
2873.92
2892.85
2918.83
2951.91
2985.13
3011.31
3029.24
3039.85
3045.9
3056.13
3072.08
3082.1
3077.01
3054.48
2972.17
2901.61
2897.84
2904
2922.28
2945.67
2964.19
2977.1
2985.57
2993.05
3002.29
3014.12
3026.59
3038.3
3050.93
3066.34
3086.63
3111.4
3138.07
3168.71
3186.71
3184.59
3167.84
3127.93
3048.36
3017.43
3025.43
3043.47
3061.59
3076.04
3082.5
3084.87
3092.04
3108.51
3130.67
3151.17
3166.28
3172.88
3172.97
3173.7
3176.31
3190.75
3218.01
3243.42
3260.95
3246.65
3191.14
3113.08
3086.81
3089.48
3110.84
3143.16
3173.11
3190.65
3197.32
3197.54
3196.73
3198.11
3204.1
3216.31
3231.85
3247.11
3259.39
3269.87
3278.08
3286.52
3295.64
3302.78
3303.44
3300.47
3261.92
3203.37
3186.15
3185.67
3189.4
3199.24
3210.53
3219.44
3227.41
3239.16
3252.31
3265.86
3277.63
3293.96
3318.06
3343.78
3364.47
3381.18
3398.89
3416.09
3425.83
3426.5
3420.37
3404.13
3354.43
3292.53
3278.28
3284.93
3298.74
3320.69
3344.9
3360.87
3371.12
3382.8
3394.14
3405.36
3415.2
3425.15
3435.82
3446.78
3456.83
3465.95
3474.28
3486.41
3502.28
3515.11
3519.57
3521.08
3512.47
3480.91
3455.45
3457.57
3475.99
3494.46
3517.64
3540.46
3556.05
3567.03
3577.65
3589
3603.18
3623.18
3651.58
3688.02
3722.31
3742.3
3753.32
3764.18
3778.55
3797.91
3819.56
3837.34
3843.2
3825.6
3773.5
3744.29
3747.82
3757.8
3776.24
3798.09
3818.17
3831.07
3840.25
3846.99
3855.52
3866.9
3883.59
3907.76
3939.21
3978.19
4009.48
4028.25
4040.77
4052.58
4064.15
4072.85
4079.31
4081.69
4076.63
4058.42
4006.24
3931.71
3891.09
3867.07
3842.12
3820.56
3801.23
3769.6
3720.25
3664.61
3609.4
3557.5
3512.3
3477.41
3455.2
3442.59
3425.67
3396.61
3368.33
3341.63
3313.42
3282.29
3241.47
3202.4
3195.6
2317.97
1890.2
1862.76
1925.01
2015.01
2092.8
2184.71
2288.95
2415.78
2529.89
2619.34
2666.43
2664.75
2641.85
2628.1
2567.16
2320.29
2113.09
2110.97
2149.34
2204.14
2261.26
2314.09
2359.59
2396.32
2427
2455.87
2485.43
2518.63
2562.27
2623.83
2703.3
2783.93
2851.22
2881.45
2862.58
2793.36
2570.76
2453.74
2466.93
2495.58
2528.76
2552.68
2570.35
2592.54
2625.82
2666.74
2706.1
2734.21
2751.51
2762.69
2770.05
2781.69
2805.56
2849.86
2917.26
2987.32
3013.28
2983.38
2846.2
2661.77
2623.28
2624.56
2649.84
2686.1
2720.64
2752.38
2775.29
2786.15
2793.58
2801.22
2810.32
2823.89
2847.1
2876.1
2907.97
2933.51
2960.74
2988.95
2993.88
2987.53
2921.9
2789.95
2749.78
2757.83
2774.1
2796.62
2815.22
2828.94
2842.89
2859.94
2879.11
2901.39
2928.24
2957.14
2983.9
3005.89
3021.5
3032.64
3041.61
3055.62
3074.77
3085.3
3081.6
3057.76
2972.28
2901.54
2897.09
2902.47
2920.55
2943.9
2962.69
2975.48
2984.08
2992.19
3002.76
3015.57
3028.94
3040.73
3052.16
3066.31
3084.28
3107.79
3134.14
3164.82
3183.58
3182.23
3167.43
3127.88
3048.86
3018.81
3026.86
3043.72
3061.16
3074.96
3081.22
3083.98
3091.42
3107.69
3128.98
3148.96
3164.33
3171.38
3172.31
3174.38
3178.83
3192.9
3217.59
3239.37
3253.8
3241.51
3188.95
3111.15
3086.09
3089.48
3108.37
3136.86
3165.09
3181.41
3188.43
3189.38
3189.54
3192.05
3199.44
3212.22
3228.63
3244.3
3256.65
3267.11
3276.43
3286.59
3297.13
3304.17
3305.31
3301.71
3262.45
3204.06
3188.53
3188.53
3193.11
3203.89
3215.66
3224.55
3231.9
3242.28
3254.77
3267.41
3279.25
3295.56
3318.71
3342.46
3361.53
3377.03
3393.98
3410.79
3421.67
3424.22
3419.82
3407.17
3362.79
3302.16
3286.88
3293.28
3306.44
3328.01
3351.38
3365.78
3374.97
3384.88
3394.66
3405.81
3415.06
3424.68
3436.05
3448.65
3460.34
3470.33
3480.43
3495.02
3513.64
3528.92
3534.88
3536.11
3525.64
3490.75
3462.33
3463.17
3479.75
3497.15
3519.51
3542.18
3557.84
3569.36
3580.24
3591.33
3604.77
3623.55
3650.26
3684.97
3719.31
3739.66
3750.52
3760.84
3774.67
3792.53
3812.07
3826.4
3829.77
3812.24
3761.95
3731.59
3734.73
3745.19
3763.58
3786.53
3808.22
3822.75
3832.89
3841.18
3850.54
3863.17
3881.08
3905.33
3935.89
3973.1
4002.86
4020.47
4031.83
4041.89
4051.3
4059.43
4066.65
4069.58
4065.98
4049.02
3998.73
3927.67
3889.61
3867.33
3844.95
3826.4
3808.02
3775.39
3724.75
3668.31
3612.61
3560.62
3514.55
3477.86
3453.79
3439.54
3419.76
3389.99
3360.81
3332.62
3303.23
3272.02
3232.79
3194.72
3196.89
2304.66
1877.4
1859.1
1921
2012.14
2091.14
2184.9
2292.55
2421.09
2529.54
2604.94
2652.41
2659.48
2641.69
2630.36
2570.81
2324.18
2114.44
2114.36
2154.56
2210.17
2265.99
2315.47
2357.78
2393.92
2426.19
2456.84
2488.22
2525.35
2576.37
2640.94
2717.14
2788.39
2840.8
2859.67
2847.36
2777.31
2552.96
2440.48
2455.82
2486.46
2521.37
2546.66
2565.33
2586.73
2616.83
2654.18
2691.78
2721.68
2742.48
2757.84
2771.24
2788.19
2815.47
2859.81
2923.71
2984.81
3000.56
2972.18
2839
2660.84
2627.55
2633.34
2659.69
2693.55
2723.33
2750.74
2770.94
2783.86
2793.45
2802.65
2812.91
2826.45
2847.81
2874.58
2903.79
2928.81
2958.41
2989.51
2995.11
2991.22
2929.09
2798.48
2755.91
2759.37
2771.86
2790.8
2806.69
2820.09
2838.21
2862.14
2888.85
2915.62
2938.98
2958.97
2977.5
2993.55
3008.76
3022.31
3034.72
3054.02
3079.1
3090.37
3089.37
3063.19
2971.84
2900.29
2894.52
2899.58
2917.89
2941.4
2960.65
2973.57
2982.51
2991.09
3002.3
3016.17
3030.61
3042.87
3053
3064.76
3079.38
3100.82
3126.72
3158.78
3180.8
3181.04
3168.25
3129.26
3050.31
3020.49
3028.17
3043.16
3060.36
3073.98
3080.21
3083.46
3091.01
3106.6
3126.09
3145.09
3161.24
3170.33
3173.89
3177.99
3184
3194.97
3214.87
3231.63
3240.95
3232.84
3186.2
3110.56
3087.45
3092.01
3105.67
3128.07
3153.14
3168.24
3176.19
3180.75
3182.91
3186.7
3194.46
3207.11
3223.97
3239.6
3251.58
3262.23
3273.4
3286.6
3299.74
3306.67
3307.47
3302.02
3260.97
3203.38
3190.12
3191.44
3197.95
3210.74
3223.68
3232.33
3238.4
3246.67
3258.77
3271.37
3284.11
3300.76
3323.15
3345.09
3360.91
3372.64
3386.25
3401.67
3415.69
3421.79
3418.81
3410.5
3374.16
3315.22
3297.14
3303.09
3315.51
3336.58
3358.62
3372.03
3380.39
3388.86
3396.85
3406.45
3415.62
3424.54
3435.94
3450.24
3464.38
3475.44
3486.66
3503.14
3524.68
3543.74
3553.26
3555.78
3545.72
3506.73
3471.76
3470.68
3485.29
3501.25
3522.66
3544.7
3559.63
3570.49
3580.91
3592.26
3606.44
3624.83
3649.27
3680.01
3712.77
3734.84
3747.21
3758.29
3772.3
3788.15
3802.46
3811.54
3812.26
3795.65
3749.35
3716.87
3718.3
3728.46
3745.68
3769.07
3792.4
3809.21
3820.68
3831.48
3843.25
3858.28
3879.06
3903.48
3932.79
3967.51
3995.06
4011.03
4021.29
4028.24
4034.58
4040.98
4048.7
4052.2
4049.97
4034.79
3988.27
3922.93
3888.5
3868.29
3849.07
3834.22
3817.49
3784.53
3733.58
3676.96
3620.96
3569.27
3523.29
3484.76
3456.94
3440.45
3419.99
3390.53
3358.55
3325.49
3293.05
3261.2
3225.25
3190.27
3197.37
2616.63
1872.87
1862.13
1918.85
2008.29
2087.99
2185.28
2299.09
2430.33
2532.02
2591.46
2634.83
2648.82
2639.43
2630.08
2571.45
2324.03
2115.16
2119.34
2162.35
2218.62
2271.95
2316.97
2355.6
2390.68
2424.59
2458.33
2494.2
2538.9
2596.02
2659.47
2726.18
2790.64
2831.52
2842.97
2831.73
2756.41
2528.52
2422.4
2440.95
2475.26
2512.52
2539.55
2558.83
2578.71
2604.88
2637.66
2672.75
2704.84
2731.65
2753.64
2774.73
2798.76
2828.69
2870.3
2929.66
2980.54
2985.24
2959.25
2829.65
2660.04
2633.87
2643.81
2670.32
2701.06
2727.03
2748.76
2767.56
2782.58
2794.26
2805.17
2816.36
2829.61
2848.19
2871.51
2897.94
2924.65
2958.66
2992.91
3000.17
2997.92
2938.22
2807.19
2762.69
2762.33
2770.37
2785.15
2798.26
2812.36
2834.54
2865.33
2899.58
2929.51
2947.46
2960.35
2970.79
2979.84
2992.71
3007.76
3024.14
3049.07
3081.88
3095.8
3096.58
3068.23
2971.08
2898.56
2889.99
2894.41
2912.93
2937.22
2956.99
2971.7
2982.16
2991.09
3002.24
3016.52
3032.15
3045.33
3054.71
3063.73
3075.75
3093.35
3117.36
3150.28
3176.14
3178.45
3168.33
3129.59
3050.67
3021.48
3029.23
3042.8
3059.74
3073.31
3079.51
3083.34
3090.93
3105.26
3122.41
3140.27
3157.43
3169.43
3176.12
3181.78
3187.94
3195.48
3210.09
3223.18
3227.16
3222.3
3181.26
3110.61
3087.32
3092.51
3101.26
3117.99
3138.24
3151.56
3159.5
3166.78
3173.33
3179.78
3188.27
3200.98
3217.83
3233.29
3245.03
3255.9
3268.61
3284.41
3301.02
3309.28
3309.33
3302.17
3260.46
3203.76
3192.15
3195.55
3204.26
3219.66
3234.26
3242.28
3247.22
3253.72
3264.48
3276.83
3290.06
3306.95
3329.12
3348.91
3360.36
3368.65
3379.18
3392.67
3410.57
3422.32
3422.19
3418.67
3388.61
3330.54
3309.28
3313.81
3325.04
3344.67
3365.43
3378.38
3385.73
3393.28
3400.13
3408.37
3418.6
3427.24
3438.46
3453.96
3469.78
3481.97
3493.75
3510.35
3533.67
3557.69
3571.81
3575.65
3567.78
3528.26
3487.07
3483.33
3494.82
3509.17
3529.41
3549.76
3562.86
3572.3
3581.92
3592.9
3607.03
3624.64
3646.42
3674.02
3705.59
3727.12
3739.1
3749.65
3761.83
3774.38
3783.91
3789.24
3789
3775.59
3733.69
3698.4
3697.48
3708.01
3726.17
3751.59
3776.78
3794.54
3807.28
3820.11
3833.84
3850.43
3872.65
3897.53
3926.34
3959.34
3984.68
3998.45
4007.07
4011.19
4015.2
4020.37
4028.74
4033.05
4032.33
4019.16
3975.34
3915.77
3885.58
3868.34
3854.16
3845.01
3831.13
3797.5
3745.91
3689.27
3633.05
3581.02
3534.68
3495.61
3465.09
3444.23
3420.77
3389.7
3355.89
3322.47
3290.51
3260.71
3231.51
3199.94
3197.23
2222.29
1886.07
1869.82
1921.65
2007.65
2086.31
2187.44
2308
2441.67
2537.48
2584.13
2613.52
2629.76
2634.38
2628.17
2566.79
2315.37
2114.6
2125.51
2172.34
2229.01
2278.75
2318.02
2352.47
2386.27
2422.23
2460.77
2504.41
2556.93
2615.92
2675.69
2732.15
2786.49
2823.9
2830.59
2817.3
2737.4
2507.27
2407.61
2428.89
2466.83
2506
2533.84
2553.09
2571.31
2593.65
2621.64
2654.11
2688.15
2721.27
2752.34
2782.4
2812.28
2842.73
2879.53
2932.16
2973.81
2972.08
2945.57
2819.63
2659.76
2639.88
2653.08
2678.47
2705.69
2726.63
2745.21
2763.14
2780.02
2793.99
2806.17
2818.14
2830.72
2846.74
2867.55
2893.26
2923.15
2960.96
3000.07
3011.06
3006.74
2947.68
2816.41
2767.64
2763.39
2768.73
2781.09
2792.68
2808.54
2832.71
2869.84
2907.17
2936.67
2951.65
2960.77
2965.31
2969.43
2977.2
2990.45
3009.23
3038.79
3078.79
3099.21
3103.2
3071.83
2969.71
2895.36
2883.67
2887.15
2905.88
2931.39
2951.66
2969.45
2982.7
2991.9
3002.37
3016.24
3032.16
3045.46
3054.21
3061.37
3070.63
3085.03
3106.58
3139.35
3168.35
3173.27
3166.41
3128.01
3049.89
3022.23
3030.25
3042.65
3059.01
3072.45
3078.81
3083.38
3091.11
3104.05
3119.14
3135.96
3153.79
3168.6
3178.17
3184.51
3188.32
3193.7
3204.72
3216.08
3216.14
3213.46
3177.49
3111.6
3087.03
3091.84
3097.53
3110.43
3125.72
3136.35
3142.58
3151.32
3162.16
3171.21
3180.8
3194.32
3211.62
3226.79
3237.98
3248.68
3262.27
3279.68
3300.43
3310.81
3309.92
3301.57
3260.32
3205.03
3193.91
3199.43
3209.89
3228.44
3244.67
3252.06
3256.62
3262.02
3270.57
3282.62
3295.98
3312.61
3334.08
3351.68
3360.07
3366.31
3375.36
3387.35
3406.21
3422.36
3425.89
3424.92
3399.37
3343.7
3320.77
3324.72
3335.73
3354.35
3373.4
3384.74
3390.35
3396.49
3402.44
3410.67
3422.02
3431.83
3443.66
3459.89
3476.52
3489.44
3501.33
3517.55
3541.97
3568.95
3585.79
3591.32
3584.02
3545.21
3501.33
3496.4
3506.04
3521.07
3541.75
3560.46
3570.84
3577.96
3585.35
3593.72
3604.11
3619.08
3638.61
3665.01
3695.56
3715.15
3725.58
3734.11
3743.61
3755.17
3765.31
3771.24
3775.17
3766.13
3724.93
3684.4
3681.22
3691.85
3710.67
3736.52
3762.76
3781.02
3794.5
3808.09
3823.12
3840.74
3862.97
3886.95
3914.98
3947.32
3972.35
3984.84
3992.58
3995.77
3999.49
4004.92
4014.05
4018.27
4018.49
4006.69
3963.88
3907.67
3881.22
3866.51
3856.66
3853
3842.12
3807.56
3756.6
3701.15
3645.71
3595.77
3551.12
3510.67
3476.01
3449.96
3426.62
3395.43
3362.48
3332.45
3302.18
3273.67
3247.87
3218.4
3197.81
2645.34
1870.59
1873.76
1922.89
2008.65
2088.27
2194.21
2319.99
2452.83
2544.4
2581.27
2593.38
2606.97
2620.96
2619.07
2554.95
2297.53
2113.01
2130.61
2183.84
2240.29
2285.28
2318.75
2349.21
2382.13
2420.55
2465.23
2516.64
2573.11
2630.54
2686.91
2735.57
2781.55
2817.66
2824.11
2810.94
2726.48
2492.53
2399.28
2422.56
2462.89
2503.03
2530.82
2549.17
2565.64
2585.19
2610.02
2640.7
2676.43
2715.53
2754.97
2792.12
2824.58
2853.55
2885.14
2930.01
2964.06
2960.29
2935.09
2811.94
2661.65
2645.61
2660.48
2684.35
2708.1
2725.55
2741
2758.22
2776.33
2792.57
2806.36
2818.83
2830.72
2845.24
2864.91
2891.09
2924.46
2966.46
3010.36
3024.16
3015.51
2957.54
2826.09
2770.7
2763.26
2767.85
2779.54
2791.57
2810.07
2836.24
2875.29
2911.36
2937.85
2951.72
2958.15
2959.04
2961.59
2965.52
2974.02
2991.58
3024.67
3070.24
3097.61
3106.78
3072.01
2966.25
2890.64
2876.75
2879.4
2898.21
2924.12
2945.81
2966.25
2983.1
2993.42
3003.44
3016.65
3032.36
3045.51
3054.1
3060.3
3067.34
3078.82
3097.56
3128.87
3158.13
3165.58
3161.62
3123.35
3046.77
3020.97
3029.52
3041.62
3057.77
3071.62
3078.73
3083.91
3091.56
3103.07
3116.7
3133.35
3152.34
3169.04
3179.07
3184.29
3186.13
3190.5
3200.14
3210.51
3209.94
3208.75
3176.99
3114.33
3087.8
3092.21
3096.24
3106.43
3117.24
3125.39
3130.34
3137.97
3149.99
3162.76
3174.8
3189.25
3206.47
3221.3
3232.12
3242.53
3256.02
3274.15
3297.24
3310.08
3309.77
3301.33
3261.23
3206.6
3195.29
3202.71
3215
3235.41
3252.68
3260.09
3264.8
3269.53
3276.54
3288.03
3300.8
3316.24
3335.81
3351.88
3360.19
3366.82
3375.2
3386.61
3404.89
3422.54
3428.12
3428.11
3406.05
3352.77
3328.11
3331.95
3342.86
3360.79
3378.92
3388.83
3393.36
3398.08
3403.63
3412.43
3425.09
3437.2
3451.11
3468.13
3484.69
3497.41
3508.69
3524.1
3548.75
3577.43
3596.03
3603.39
3596.2
3557.98
3513.31
3507.86
3516.87
3534.02
3556.94
3575.12
3583.62
3587.3
3589.62
3593.47
3599.85
3610.86
3628.22
3651.43
3677.91
3694.71
3703.81
3712.35
3723.88
3739.56
3754.53
3763.41
3768.86
3763.3
3724.54
3680.31
3674.52
3683.82
3702.37
3728.04
3754.47
3773.35
3787.12
3800.28
3814.76
3831.23
3852.26
3874.88
3901.83
3934.75
3962.75
3977.47
3985.9
3989.51
3993.2
3998.66
4007.89
4011.91
4012.32
3999.89
3955.78
3901.23
3877.94
3864.71
3857.4
3855.75
3844.65
3811.18
3763.07
3710.72
3658.28
3609.22
3563.96
3523.28
3488.79
3464.34
3445.44
3417.14
3386.3
3357.49
3328.71
3301.66
3277.86
3249.42
3196.81
2285.38
1880.86
1872.86
1923.29
2010.36
2093.57
2203.99
2333.48
2463.4
2547.82
2578.09
2579.89
2586.84
2600
2603.7
2537.32
2274.53
2110.71
2134.45
2195.2
2250.21
2290.17
2319.61
2347.61
2379.63
2419.8
2469.85
2526.1
2583.48
2639.15
2691.41
2738.25
2781.45
2815.59
2822.06
2810.55
2721.49
2483.95
2396.98
2421.4
2462.34
2502.48
2529.6
2547.19
2562.76
2581.07
2604.7
2634.71
2670.95
2713.08
2757.68
2797.81
2829.68
2855.59
2883.73
2923.62
2954.03
2950.78
2928.6
2807.3
2664.23
2650.48
2665
2686.89
2707.86
2723.1
2736.78
2753.29
2771.86
2789.75
2804.97
2818
2830.62
2845.68
2865.56
2893.01
2929.9
2974.5
3019.89
3034.72
3024.58
2967.47
2835.93
2772.99
2763.05
2767.44
2780.36
2795.65
2816.48
2844.63
2879.89
2911.42
2932.01
2944.82
2951.44
2953.01
2954.97
2957.17
2962.19
2976.41
3009.34
3057.7
3089.81
3106.09
3067.85
2960.32
2885.77
2871.15
2873.56
2891.86
2917.7
2940.23
2962.26
2982.18
2994.45
3005.13
3017.68
3032.65
3045.93
3054.79
3060.84
3066.94
3076.43
3092.58
3120.58
3147.41
3155.35
3153.89
3114.89
3039.96
3016.85
3026.27
3039.69
3056.2
3071.03
3079.13
3084.52
3091.65
3101.97
3115.39
3133.13
3153.37
3169.42
3177.82
3180.98
3182.34
3186.44
3195.65
3206.77
3207.02
3207.85
3179.3
3118.57
3089.73
3093.66
3097.26
3106.39
3114.77
3120.87
3125.08
3129.78
3139.41
3153.49
3168.63
3185.14
3203.01
3217.88
3228.38
3237.97
3250.49
3268.36
3292.24
3307.28
3308.62
3300.63
3262.23
3207.78
3196.55
3204.94
3218.31
3239.32
3257.82
3266.15
3271.06
3275.88
3282.68
3293.11
3305.09
3319.64
3338.06
3354.45
3363.62
3370.15
3377.97
3389.05
3406.5
3423.17
3429
3429.36
3407.8
3354.97
3329.69
3333.83
3344.84
3362.52
3381.27
3390.73
3394.95
3399.18
3404.95
3414.33
3428.41
3443.15
3459.68
3477.77
3494.48
3506.93
3517.51
3531.93
3555.32
3583.54
3601.86
3609.66
3602.02
3563.81
3519.44
3514.58
3523.29
3542.57
3568
3586.87
3594.62
3596.23
3594.36
3592.01
3594.34
3601.24
3615.78
3634.55
3655.4
3671.45
3682.39
3693.54
3707.73
3726.14
3745.18
3758.07
3764.7
3762.61
3728.8
3683.59
3675.58
3683.6
3701.92
3727.45
3753.05
3771.45
3785.05
3797.65
3809.83
3824.8
3843.06
3863.28
3888.63
3922.72
3954.77
3973.17
3982.87
3988.73
3994.53
4002.33
4012.13
4015.9
4014.67
3999.05
3950.32
3896.61
3876.06
3863.87
3857.57
3857.09
3846.75
3812.64
3766.9
3717.22
3666.76
3619.4
3576.55
3540.43
3511.3
3493.44
3480.73
3456.79
3424.82
3395.39
3368.43
3342.93
3319.96
3291.91
3194.34
2306.29
1909.34
1883.14
1923.23
2011.67
2099.68
2213.65
2344.85
2470.48
2548.47
2572.03
2571.83
2574.04
2581.76
2586.24
2515.55
2248.7
2107.34
2137.07
2203.21
2256.71
2293.67
2320.74
2347.05
2379.75
2422.46
2475.04
2532.78
2589.25
2641.52
2692.23
2740.46
2784.68
2818.5
2823.78
2813.81
2720.89
2481.2
2400.16
2425.44
2465.65
2504.54
2530.56
2547.67
2563.35
2582.15
2605.92
2636.21
2673.75
2716.98
2760.26
2797.15
2825.96
2849.19
2876.23
2914.65
2944.9
2943.95
2925.46
2805.47
2666.51
2654
2665.97
2685.94
2706.79
2721.96
2734.86
2749.81
2767.31
2785.32
2801.57
2816.63
2832.46
2850.8
2873.1
2902.51
2938.75
2980.79
3026.31
3041.88
3031.64
2977.59
2846.1
2775.49
2763.61
2769.03
2784.84
2804.1
2827.38
2855.02
2882.85
2906.25
2921.3
2933.38
2942.84
2947.96
2950.04
2951.91
2955.59
2966.85
2995.82
3042.84
3075.87
3096.72
3058.52
2951.88
2880.72
2867.17
2870.14
2888.23
2913.78
2935.41
2958.42
2978.47
2993.53
3005.09
3017.62
3032.7
3046.76
3056.4
3062.57
3068.45
3077.31
3091.94
3116.33
3139.18
3145.72
3144.1
3102.14
3028.85
3009.55
3020.22
3036.08
3054.1
3070.15
3079.09
3084.45
3090.71
3100.28
3114.35
3133.26
3153.92
3167.91
3174.21
3176.05
3176.68
3180.92
3191.32
3204.41
3206.18
3209.39
3183.12
3122.25
3091.48
3094.33
3098.54
3108.89
3117.91
3123.3
3126.84
3129.59
3136.27
3148.92
3163.91
3181.62
3200.77
3216.2
3226.37
3234.98
3246.15
3262.93
3287.43
3303.44
3306.98
3300.28
3263.67
3209.31
3197.91
3206.57
3219.85
3240.2
3259.25
3268.74
3274.57
3280.17
3287.39
3297.77
3309.47
3324.29
3343.7
3360.37
3369.22
3375.98
3383.87
3394.73
3410.71
3425.09
3431.06
3431.76
3409.27
3355.73
3330.43
3334.67
3345.5
3361.97
3381.37
3391.98
3395.96
3399.83
3405.08
3414.75
3430.34
3448.24
3467.77
3487.62
3504.9
3517.27
3527.19
3540.22
3561.12
3587.36
3604.83
3613.26
3605.86
3567.91
3524.13
3519.32
3526.86
3546.49
3572.58
3591.26
3598.71
3600.71
3599.04
3594.01
3591.61
3594.17
3602.35
3617.48
3636.75
3654.93
3667.88
3679.84
3694.33
3713.36
3736.37
3753.55
3760.88
3762.22
3733.96
3689.01
3679.75
3686.96
3705.88
3732.29
3756.97
3773.42
3786.77
3797.75
3808.24
3821.72
3837.46
3854.47
3877.21
3910.1
3945.79
3968.72
3979.92
3989.18
3999.07
4011.58
4023.55
4028.08
4025.96
4005.26
3947.03
3892.58
3875.6
3864.74
3859.48
3857.39
3843.3
3809.5
3766.58
3718.84
3673.31
3632.96
3598.98
3570.89
3549.27
3536.96
3528.33
3507.31
3476.11
3447.65
3422
3397.5
3373.88
3345.41
3192.86
2652.68
1921.85
1897.21
1928.61
2017.38
2108.48
2223
2353.29
2475.09
2549.3
2569.05
2568.12
2567.23
2572.51
2574.9
2495.11
2222.32
2103.39
2137.51
2205.23
2258.23
2296.11
2323.17
2349.65
2383.52
2427.62
2480.04
2535.03
2588.09
2639.72
2691.27
2742.67
2790.31
2824.64
2828.46
2820.22
2723.31
2483.26
2408.98
2434.03
2471.74
2508.36
2533.35
2550.73
2567.24
2587.19
2613.28
2646.5
2685.66
2726.2
2762.34
2791.96
2815.96
2837.1
2863.17
2901.83
2933.52
2938.39
2923.57
2804.41
2666.58
2655.03
2665.14
2685.79
2707.12
2722.31
2734.21
2746.87
2761.94
2778.83
2796.78
2816.42
2838.35
2863.27
2890.54
2918.3
2946.5
2982.98
3027.97
3045.57
3037.22
2987.24
2856.3
2779.11
2766.51
2774.22
2793.43
2817.41
2841.13
2863.71
2883.07
2897.21
2909.57
2921.97
2933.74
2941.82
2945.43
2948.01
2952.01
2962.84
2989.05
3030.82
3058.95
3078.64
3044.91
2942.12
2876
2865.18
2869.15
2887.13
2911.84
2932.87
2955.1
2974.88
2990.4
3002.77
3016.49
3032.59
3048
3058.9
3065.32
3071.17
3079.63
3093.73
3116.28
3134.68
3138.86
3133.91
3086.16
3014.35
2998.93
3010.32
3029.5
3050.68
3068.67
3078.51
3083.72
3089.3
3098.72
3113.52
3133.03
3152.85
3165.68
3169.66
3169.22
3169.93
3175.07
3186.89
3202.46
3206.98
3211.84
3186.4
3124.18
3091.96
3093.58
3099.04
3111.75
3123.45
3130.29
3134.3
3136.56
3140.65
3150.04
3163.69
3181.22
3200.87
3216.47
3226.62
3234.74
3244.6
3259.98
3283.13
3299.29
3304.76
3300.49
3265.5
3210.98
3198.78
3207.49
3220.37
3239.12
3257.81
3268.35
3275.05
3281.46
3289.7
3300.72
3313.19
3329.4
3349.77
3366.73
3375.61
3382.51
3390.64
3401.25
3415.17
3427.37
3433.5
3434.19
3410.77
3357.03
3332.57
3336.4
3346.99
3361.45
3380.57
3392.99
3397.42
3401.18
3406.31
3416.24
3432.83
3452.93
3474.82
3496.7
3514.63
3526.73
3535.92
3547.33
3564.89
3587.89
3603.47
3610.88
3604.19
3566.97
3524.17
3519.67
3526.74
3545.44
3569.65
3586.85
3594.44
3597.2
3596.52
3592.26
3588.91
3589.25
3594.9
3608.2
3628.86
3647.76
3659.81
3671.29
3685.01
3703.29
3728.08
3748.47
3756.93
3759.68
3736.94
3695.11
3686.21
3693.47
3713.15
3740.18
3763.92
3779.81
3792.45
3801.22
3808.69
3820.36
3834.6
3849.55
3870.1
3900.97
3937.23
3963.92
3979.62
3993.52
4008.74
4025.98
4040.96
4046.69
4043.94
4016.57
3944.9
3887.04
3870.91
3860.15
3853.98
3849.98
3833.83
3804.08
3765.77
3726.05
3690.24
3658.88
3631.39
3607.61
3590.55
3582.33
3580.27
3567.77
3540.52
3513.26
3488.19
3463.82
3438.49
3408.87
3191.81
2323.59
1940.28
1908.25
1940.18
2029.3
2119.59
2232.38
2361.01
2479.55
2551.44
2570.69
2567.96
2566.31
2570.99
2572.73
2482.81
2201.93
2099.09
2135.76
2200.16
2253.55
2291.5
2322.32
2354.2
2391.61
2436.56
2486.71
2537.37
2587.57
2638.41
2690.91
2744.89
2797.16
2832.71
2835.11
2828.98
2728.63
2489.11
2420.85
2442.91
2476.84
2510.96
2535.84
2554.86
2574.06
2598.13
2628.76
2664.52
2700.99
2733.95
2761.53
2784.07
2803.01
2821.93
2847.95
2889.19
2924.91
2937.43
2922.8
2802.73
2664.46
2653.49
2662.86
2684.42
2706.38
2721.75
2732.82
2743.25
2755.59
2770.89
2790.67
2817.59
2849.58
2882.77
2912.49
2933.53
2951.53
2980.43
3026.86
3047.57
3040.66
2994.69
2865.33
2784.07
2772.92
2783.11
2806.62
2833.06
2853.49
2868.37
2877.74
2887.36
2899.07
2912.23
2925.2
2935.05
2940.87
2944.49
2949.71
2962.04
2989.01
3027.24
3047.42
3059.29
3028.93
2930.78
2871.07
2864.26
2869.36
2887.39
2911.52
2932.89
2953.23
2971.95
2987.38
3000.94
3015.48
3032.48
3049.96
3062.55
3069.75
3075.19
3082.72
3096.26
3117.29
3131.99
3134.51
3124.7
3069.45
2997.44
2986.48
2999.27
3021.62
3045.69
3065.98
3077.18
3082.76
3088.1
3097.47
3112.61
3131.9
3150.04
3160.92
3163.92
3162.96
3163.46
3169.27
3182.64
3200.18
3207.97
3213.15
3188.17
3124.91
3091.37
3092.35
3099.29
3113.63
3128.46
3137.34
3141.73
3144.62
3148.37
3155.97
3168.43
3184.77
3204.3
3219.95
3230.18
3238.12
3246.68
3260.01
3280.52
3295.58
3301.97
3299.93
3265.33
3211.18
3198.66
3207.24
3219.57
3236.93
3255.5
3267.08
3274.06
3281.15
3290.2
3301.53
3315.07
3333.42
3355.17
3371.82
3380.81
3387.54
3395.5
3405.48
3417.08
3427.22
3433.18
3433.6
3410.08
3358.11
3335.47
3339.11
3350.45
3363.3
3381.29
3394.37
3399.55
3403.36
3408.8
3419.49
3436.73
3457.76
3480.94
3504.61
3523.1
3534.57
3542.84
3552.57
3566.92
3586.33
3599.49
3605.15
3598.71
3560.79
3517.07
3511.9
3518.1
3535.56
3558.76
3576.43
3583.78
3586.41
3585.83
3584.65
3586.75
3592.39
3600.86
3614.21
3631.31
3646.84
3658.03
3669.05
3682.2
3699.02
3722.17
3742.46
3752.02
3756.44
3737.89
3699.03
3690.81
3699.27
3719.44
3746.34
3770.01
3785.88
3797.39
3803.81
3809.18
3819.58
3832.79
3846.96
3867.12
3897.24
3933.22
3962.57
3983.51
4002.42
4021.89
4042.35
4059.11
4065.08
4061.85
4024.59
3937.46
3877.65
3861.63
3851.58
3845.01
3838.76
3825.93
3804
3775.4
3746.16
3718.17
3691.56
3667.53
3648.7
3637.36
3633.65
3635.43
3632.15
3613.44
3588.38
3563.12
3537.61
3510.42
3479.69
3192.25
2652.96
1939.97
1916.79
1950.58
2038.83
2127.41
2239.43
2369.64
2487.66
2557.21
2576.68
2571.45
2569.02
2574.25
2576.33
2476.23
2188.56
2095.61
2130.51
2185.89
2239.52
2282.91
2320.83
2359.29
2401.65
2447.49
2494.73
2540.92
2587.95
2637.29
2689.67
2746.06
2803.52
2841.48
2844.08
2841.31
2737.02
2495.6
2432.77
2448.65
2478.82
2510.91
2536.38
2558.48
2583
2613.6
2649.01
2684.26
2714.55
2739.61
2760.15
2777.17
2792.1
2809.05
2834.8
2879.52
2919.43
2937.31
2922.14
2799.41
2661
2650.83
2660.97
2683.99
2706.5
2721.61
2731.53
2740.11
2750.1
2764.34
2788.21
2824.16
2865.27
2903.56
2929.37
2942.6
2953.76
2977.58
3022.42
3045.87
3041.59
2999.2
2871.34
2789.39
2781.44
2795.26
2821.38
2846
2861.1
2867.34
2872.05
2879.22
2890.31
2904.07
2918
2928.89
2936.29
2941.64
2949.07
2962.99
2991.04
3026.97
3041.11
3045.44
3014.83
2919
2865.58
2863.81
2870.74
2889.52
2913.87
2935.47
2953.91
2970.41
2984.77
2999.48
3016.35
3035.43
3053.98
3067.3
3074.82
3079.86
3086.83
3100.03
3120.09
3131.85
3132.31
3117.81
3055.98
2982.76
2974
2987.13
3012.2
3039.32
3061.46
3074.35
3081.35
3087.12
3096.32
3111.07
3129.46
3146.22
3155.97
3158.34
3157.22
3157.37
3163.45
3178.63
3198.02
3208.6
3212.54
3188.03
3124.01
3089.55
3090.45
3098.3
3114.22
3132.89
3144.28
3149.12
3152.43
3156.25
3163.42
3175.81
3192.45
3211.82
3226.72
3236.63
3243.98
3251.29
3263.13
3280.7
3294.06
3300.35
3299.42
3264.59
3211.05
3197.64
3205.75
3217.25
3233.89
3252.68
3265.37
3272.96
3280.52
3289.94
3301.39
3316.2
3336.77
3359.17
3374.18
3383.1
3389.82
3397.03
3406.77
3417.9
3426.95
3432.47
3432.61
3409.73
3359.48
3337.39
3341.75
3354.79
3367.23
3383.76
3396.98
3403.21
3407.19
3413.45
3425.35
3442.79
3463.56
3486.86
3510.82
3528.49
3538.83
3546.66
3555.87
3569.29
3585.95
3596.48
3601.15
3594.03
3554.79
3509.36
3501.95
3506.13
3521.06
3542.31
3559.61
3567.71
3571.42
3573.68
3577.89
3584.96
3594.44
3607.43
3623.75
3641.38
3654.61
3663.96
3673.6
3685.94
3701.59
3721.31
3737.49
3746.64
3750.27
3730.74
3695.64
3691.11
3700.15
3720.43
3748.05
3771.25
3785.57
3796.22
3802.35
3807.53
3817.53
3831.13
3846.84
3868.21
3899.28
3935.94
3967.08
3991.1
4011.52
4031.13
4050.79
4068.51
4075.45
4073.6
4031.37
3931.08
3870.21
3852.98
3841.04
3834.79
3832.77
3829.01
3816.08
3797.33
3775.15
3751.57
3728.15
3707.82
3693.66
3687.56
3688.39
3692.48
3693.37
3683.66
3663.8
3639.86
3613.03
3584.53
3553.01
3194.23
2646.59
1921.58
1917.06
1958.26
2047.02
2135.64
2248.06
2380.22
2498.65
2565.34
2585.81
2580.04
2576.07
2582.24
2582.71
2472.96
2181.95
2097.21
2123.55
2169.66
2222.24
2271.9
2317.94
2364
2411.17
2457.41
2501.59
2544.35
2588.61
2635.91
2686.93
2744.04
2806.39
2849.95
2856.24
2856.79
2747.24
2500.46
2441.25
2451.05
2477.97
2508.6
2535.33
2561.84
2593.31
2629.8
2666.58
2697.79
2723.05
2743.78
2760.46
2773.99
2786.56
2801.91
2827.16
2874.82
2918.22
2938.91
2921.5
2794.05
2656.84
2647.8
2659.83
2684.15
2706.97
2721.36
2729.9
2736.96
2745.82
2760.74
2790.98
2833.54
2881.45
2917.22
2935.7
2945.48
2953.74
2974.42
3016.22
3040.31
3039.99
3000.71
2874.05
2794.19
2791.81
2807.57
2833.29
2853.9
2863.05
2865.96
2868.05
2873.61
2883.92
2897.62
2911.8
2923.78
2932.62
2940.46
2950.21
2966.44
2995.49
3027.73
3037.41
3038.67
3005.85
2910.7
2860.85
2862.89
2872.37
2892.96
2918.7
2939.89
2956.83
2970.24
2982.85
2997.52
3016.2
3037.79
3058.33
3073.1
3081.42
3086.36
3093.38
3106.48
3124.4
3133.1
3132.72
3115.37
3049.7
2976.92
2967.52
2978.76
3002.72
3031.37
3055.86
3070.5
3078.07
3084.38
3093.94
3107.99
3125
3141.01
3149.75
3151.38
3150.58
3150.8
3157.56
3174.75
3196.06
3208.04
3211
3187.38
3123.34
3087.23
3088.61
3097.34
3114.22
3134.48
3149.04
3155.93
3160.25
3165.01
3172.31
3184.69
3201.99
3221.57
3235.84
3245.48
3252.19
3258.95
3269.66
3283.89
3294.44
3300.65
3298.8
3262.71
3209.45
3196.11
3203.77
3214.86
3231.35
3251.1
3264.85
3273.24
3281.12
3290.61
3302.13
3317.62
3338.91
3360.79
3374.8
3382.7
3388.71
3395.68
3405.45
3416.26
3425.34
3430.26
3430.88
3410.08
3361.29
3338.83
3343.23
3357.96
3371.23
3387.53
3401.29
3408.48
3413.23
3420.88
3433.98
3450.67
3470.2
3492.94
3515.7
3531.25
3540.35
3548.44
3558.25
3571.17
3585.05
3593.16
3596.9
3588.67
3546.32
3498.58
3489.74
3492.72
3505.19
3524.39
3542.95
3553.32
3559.37
3565.42
3573.5
3583.65
3596.65
3613.01
3634.03
3655.09
3668.72
3677.46
3685.03
3695.32
3709
3724.21
3734.15
3742.05
3741.48
3716.6
3684.84
3684.59
3696.27
3716.73
3745.09
3769.3
3782.85
3791.69
3797.93
3804.11
3814.69
3829.92
3848.61
3872.56
3905.27
3942.36
3973.15
3995.54
4014.03
4031.48
4050.54
4068.44
4075.49
4072.57
4024.24
3922.15
3866.81
3851.6
3842.76
3840.39
3841.76
3842.73
3837.23
3824.28
3806.58
3786.53
3767.11
3750.42
3739.57
3736.21
3739.94
3747.34
3750.52
3744.38
3728.99
3708.55
3682.47
3655.11
3623.22
3195.71
2232.03
1901.49
1910.49
1963.61
2057.12
2150.61
2264.03
2395.34
2511.52
2570.96
2593.24
2589.37
2584.53
2590.85
2590.26
2472.92
2180.85
2104.07
2119.26
2157
2205.26
2258.11
2313.19
2368
2419.31
2465.28
2506.24
2545.6
2587.21
2632.73
2682.06
2738.31
2804.25
2854.87
2872.85
2872.71
2755.74
2503.53
2444.2
2449.71
2474.95
2505.7
2535.35
2567.63
2604.08
2642.15
2675.42
2702.64
2726.01
2745.62
2761.87
2774.77
2786.35
2800.91
2826.75
2877.48
2922.65
2944.5
2921.64
2786.9
2652.91
2646.05
2660.53
2685.5
2707.63
2720.8
2728.22
2734.95
2745.1
2764.77
2799.07
2843.75
2887.52
2920.83
2936.26
2943.33
2950.14
2970.62
3008.83
3032.2
3034.79
2998.3
2872.53
2797.33
2800.08
2815.94
2839.57
2857.17
2863.55
2864.81
2866.21
2870.76
2880.38
2893.27
2907.1
2919.81
2930.68
2941.11
2953.96
2972.6
3001.87
3030.73
3037.35
3036.95
3002.37
2907.49
2859.47
2862.31
2873.54
2896.09
2923.41
2944.25
2959.4
2970.06
2980.33
2994.02
3013.29
3036.73
3059.52
3075.89
3084.93
3091.02
3099.02
3112.49
3128.76
3135.73
3134.98
3117.05
3049.9
2977.34
2967.48
2977.05
2997.35
3024.01
3049.01
3064.55
3073.39
3080.26
3089.28
3102.02
3117.53
3132.94
3141.37
3142.85
3142.76
3143.91
3152.21
3171.45
3194.55
3206.46
3208.64
3186.65
3123.52
3085.1
3087.08
3097.12
3113.89
3134.58
3151.04
3159.91
3164.9
3170.56
3179.33
3193.72
3212.78
3232.61
3246.13
3255.31
3261.58
3268.25
3277.83
3289.62
3298.21
3304.08
3300.75
3262.31
3208.04
3194.81
3202.09
3213.46
3230.99
3251.23
3265.84
3274.92
3283.38
3293.08
3304.99
3320.37
3341.1
3362.01
3374.94
3381.58
3386.41
3392.23
3401.71
3413.61
3424.61
3429.61
3432.03
3414.23
3365.83
3341.07
3345.14
3359.29
3373.22
3390.98
3406.43
3415.09
3421.28
3430.23
3443.59
3458.55
3476.2
3498.39
3519.58
3533.27
3541.43
3549.14
3559.66
3572.42
3584.07
3589.35
3591.65
3581.06
3535.49
3487.46
3478.66
3481.55
3492.88
3511.29
3531.62
3544.48
3552.65
3560.4
3569.34
3580.1
3594.23
3615.24
3643.03
3668.57
3684.54
3694.8
3702.76
3710.56
3719.31
3728.13
3734.44
3739.38
3732.3
3699.74
3671.26
3673.79
3688.02
3708.79
3737.83
3762.55
3775.49
3782.88
3790.96
3799.72
3811.97
3829.53
3850.68
3876.57
3909.19
3944.15
3971.5
3991.27
4008.3
4024.92
4040.61
4052.16
4056.29
4046.86
3999.15
3917.83
3872.09
3863.35
3863.28
3868.93
3874.8
3873.7
3865.44
3851.14
3835.77
3820.17
3805.32
3791.69
3782.32
3779.69
3785.1
3795.17
3799.7
3795.37
3783.25
3766.02
3740.8
3716.04
3684.93
3196.11
2195.42
1879.78
1908.34
1966.31
2068.61
2170.59
2287.4
2414.97
2522.18
2573.42
2597.96
2597.02
2593.09
2599.11
2598.32
2475.21
2183.04
2110.67
2118.58
2150.36
2193.58
2245.89
2306.29
2369.46
2424.56
2470
2508.56
2545.74
2584.83
2628.15
2675.52
2730.5
2799.73
2859.35
2889.82
2886.06
2761.18
2504.86
2442.86
2446.26
2472.16
2505.24
2538.92
2574.89
2613.1
2648.07
2676.18
2701.59
2724.98
2746.23
2763.92
2777.53
2789.36
2804.98
2833.79
2888.43
2933.03
2953.24
2923.18
2779.64
2650.41
2646.16
2662.05
2686.35
2707.08
2719.03
2726.6
2735.52
2750.48
2774.87
2808.6
2847.11
2884.46
2912.74
2928.04
2934.61
2943.05
2965.19
3001.48
3022.68
3024.94
2988.7
2866.83
2798.02
2802.75
2818.82
2841.21
2857.72
2864.12
2865.4
2867.16
2871.74
2880.67
2892.34
2905.45
2918.62
2931.59
2945.44
2961.79
2981.7
3010.35
3036.86
3041.68
3039.09
3001.9
2906.17
2859.59
2861.68
2873.68
2897.79
2926.02
2946.61
2960.97
2970.23
2978.48
2990.32
3008.62
3032.18
3055.68
3073.5
3084.26
3091.64
3099.74
3113.78
3130.15
3136.81
3135.6
3118.27
3051.85
2979.09
2969.07
2978.22
2995.07
3018.15
3040.66
3055.37
3065.61
3073.89
3082.88
3094.14
3108.02
3123.04
3132.05
3134.14
3134.99
3137.57
3148.04
3169.33
3193.7
3204.47
3205.55
3185.71
3124.51
3084.29
3086.73
3098.3
3114.41
3134.86
3152.23
3162.37
3168.47
3175.46
3186.11
3202.01
3222.31
3243.02
3256.44
3264.73
3270.39
3276.72
3285.99
3298.4
3306.71
3312.38
3306.75
3265.65
3209.2
3196.04
3201.73
3213.23
3231.56
3253.39
3268.65
3278.5
3287.31
3297.22
3309.2
3323.77
3342.85
3362.7
3374.87
3380.63
3384.62
3389.65
3398.92
3412.39
3426.21
3433.07
3437.23
3422.17
3374.66
3345.42
3348.63
3361.18
3375.96
3395.28
3413
3423.23
3430.82
3440.46
3452.54
3465.59
3481.57
3503.23
3523.14
3535.09
3542.12
3549.38
3560.22
3572.22
3581.34
3583.98
3585.48
3572.62
3524.42
3478
3470.53
3474.47
3486.5
3505.52
3527.63
3542.43
3551.56
3559.57
3568.35
3579.36
3594.92
3618.39
3649.18
3677.7
3696.06
3708.17
3719.05
3727.76
3733.06
3735.3
3736.52
3735.5
3721.14
3683.89
3660.36
3664.57
3679.59
3699.86
3727.67
3753.92
3767.83
3775.5
3784.53
3794.94
3808.78
3828.52
3850.84
3876.41
3906
3936.86
3961.15
3978.32
3992.09
4003.7
4012.62
4016.62
4015.6
4004.34
3974.84
3921.33
3882.8
3879.69
3887.68
3903.5
3917.39
3917.67
3907.18
3887.11
3866.78
3851.31
3838.89
3827.64
3819.45
3817.41
3823.91
3835.42
3840.11
3836.27
3825.98
3811.12
3786.29
3762.65
3731.95
3195.84
2287.43
1855.43
1903.18
1971.53
2082.19
2192.23
2314.03
2436.68
2529.77
2571.41
2598.53
2600.41
2599.93
2607.18
2606.7
2478.19
2185.23
2115.63
2120.08
2148.84
2189.22
2239.58
2300.38
2366.42
2424.65
2470.19
2507.5
2543.43
2580.87
2622.32
2667.82
2721.97
2794.71
2861.82
2900.51
2894.35
2763.39
2505.19
2441.5
2444.09
2472.01
2508.35
2545.94
2583.92
2620.25
2648.82
2673.34
2697.33
2721.38
2745.08
2765.16
2780.2
2793.67
2811.52
2844.98
2903.87
2946.97
2963.12
2926.61
2774.11
2649.11
2646.21
2661.9
2685.67
2705.7
2717.52
2726.79
2739.64
2759.3
2785.42
2814.95
2845.07
2874.64
2897.06
2912.09
2921.23
2933.45
2958.42
2994.03
3009.59
3011.2
2973.3
2854.77
2792.7
2798.5
2814.62
2837.2
2854.57
2862.93
2866.37
2869.4
2874.98
2883.91
2895.54
2908.88
2923.14
2938.79
2955.63
2973.9
2993.69
3020.89
3045.43
3048.95
3044.04
3002.77
2905.56
2860.85
2861.45
2873.83
2898.43
2926.22
2946.56
2960.78
2969.97
2978.17
2989.05
3004.97
3026.38
3048.61
3066.3
3078.41
3087.32
3095.7
3109.58
3126.86
3135.1
3132.69
3117.09
3053.09
2981.98
2971.01
2979.74
2992.74
3012.36
3031.2
3043.99
3054.6
3065.22
3074.78
3085.07
3098.2
3112.81
3122.44
3125.74
3128.05
3132.77
3145.52
3167.97
3192.48
3201.86
3202.25
3185.39
3127.2
3086.28
3087.73
3101.15
3117.4
3137.11
3153.53
3163.44
3170.15
3178.76
3191.97
3209.83
3231.33
3252.66
3265.65
3272.68
3277.44
3283.19
3293.46
3308.09
3318.18
3323.33
3316.3
3273.2
3213.75
3199.83
3203.51
3215.06
3234.72
3258.12
3273.64
3283.02
3290.96
3300.13
3311.6
3325.87
3343.93
3363.03
3375.35
3381.43
3385.49
3390.28
3399.47
3414.21
3430.99
3440.06
3444.89
3431.99
3385.89
3352.24
3353.89
3364.65
3379.75
3400.79
3420.43
3431.2
3438.76
3447.77
3458.68
3470.11
3485.32
3507.23
3526.27
3537.34
3542.55
3548.55
3558.82
3569.56
3577.07
3578.64
3579.77
3565.35
3516.97
3473.88
3468.79
3474.45
3487.78
3507.97
3531.72
3547.31
3556.35
3563.95
3572.5
3583.6
3598.96
3621.08
3651.31
3681.84
3701.68
3714.73
3727.04
3738.27
3745.36
3747.96
3747.81
3740.32
3715.08
3672.93
3652.3
3657.76
3673.6
3692.47
3718.62
3744.99
3759.52
3767.67
3777.69
3790.04
3805.69
3825.54
3846.27
3869.18
3895.62
3922.25
3939.87
3952.02
3961.14
3967.5
3971.53
3974.24
3975.35
3976.14
3966.83
3927.83
3892.86
3892.53
3905.06
3924.78
3947.67
3952.44
3946.21
3930.41
3909.18
3888.82
3873.11
3860.36
3850.85
3848.37
3856.42
3869.36
3873.56
3869.05
3858.6
3843.75
3817.56
3792.71
3761.27
3194.83
2319.75
1840.37
1897.4
1978.58
2098.43
2215.22
2341.54
2458.37
2535.76
2566.27
2591.21
2598.41
2605.26
2616.68
2615.41
2480.01
2185.79
2118.37
2122.31
2150.07
2189.91
2239.68
2299.61
2363.94
2421.22
2465.62
2502.18
2537.83
2575.36
2616.1
2660.47
2715.09
2790.48
2861.51
2903.08
2895.52
2762.31
2504.48
2441.21
2444.48
2474.93
2515.37
2555.88
2594.27
2625.98
2648.78
2669.19
2691.08
2715.41
2740.76
2764.06
2782.77
2798.74
2819.87
2857.58
2919.76
2961.04
2971.89
2931.69
2771.79
2648.5
2645.53
2660.38
2684.39
2705.24
2719.25
2731.96
2748.63
2769.99
2793.63
2817.64
2840.25
2861.56
2879.82
2894.12
2906.08
2921.25
2948.46
2983.39
2995.37
2996.06
2953.33
2835.46
2781.01
2788.12
2803.94
2827.28
2847.61
2859.46
2866.48
2872.45
2879.94
2889.97
2902.64
2917.58
2934.29
2952.42
2970.58
2989.2
3007.66
3032.32
3054.73
3056.86
3049.68
3003.79
2905.25
2863.38
2863.51
2875.68
2899.14
2924.5
2943.08
2956.14
2966.06
2975.54
2987.17
3002.26
3020.54
3039.4
3055.6
3067.97
3078.63
3088.96
3103.63
3121.55
3131.72
3127.86
3113.98
3053.1
2984.38
2972.13
2980.9
2991.35
3007.67
3022.45
3032.63
3042.59
3054.4
3065.29
3075.51
3088.37
3102.59
3112.65
3117.14
3121.59
3129.66
3144.66
3167.07
3190.65
3199.8
3199.37
3185.52
3131.4
3089.3
3089.3
3104.76
3121.16
3140.56
3155.94
3164.72
3171.39
3180.55
3195.12
3214.62
3237.86
3260.56
3272.44
3277.65
3282.53
3287.99
3299.37
3316.74
3329.7
3334.77
3327.05
3284.94
3223.52
3205.95
3207.79
3219.9
3241.09
3264.88
3279.65
3288.15
3294.83
3302.99
3314.06
3327.89
3345.16
3364.92
3378.78
3385.78
3390.17
3394.83
3403.27
3418.47
3437.46
3448.84
3454.42
3443.12
3398.49
3361.88
3360.9
3368.95
3384.92
3407.1
3427.82
3439.01
3446.43
3454.04
3462.58
3472.21
3487.24
3509.6
3527.86
3538.05
3543.13
3548.89
3557.3
3566.11
3572.75
3575.2
3576.52
3562.8
3517.38
3477.07
3473.72
3480.78
3494.42
3515.01
3539.51
3555.46
3564.27
3571.58
3580.31
3591.34
3604.88
3623.02
3647.97
3675.97
3698.76
3714.85
3728.11
3740.45
3751.12
3756.56
3759.91
3753.99
3722.74
3670.58
3648.86
3654.24
3667.58
3685.85
3711.76
3737.7
3751.64
3760.01
3769.21
3780.74
3795.99
3814.62
3833.41
3854.49
3877.67
3896.01
3906.62
3912.99
3917.26
3923.86
3934.49
3947.12
3954.89
3962
3960.55
3932.38
3902.29
3904.11
3918.52
3938.64
3964.64
3974.23
3971.91
3962.82
3948.42
3931.83
3916.35
3902.34
3891.06
3885.94
3891.39
3902.49
3903.91
3896.03
3882.83
3865.74
3836.79
3806.39
3772.79
3194.88
1954.45
1823.88
1895.39
1990.09
2118.47
2240.73
2368.7
2478.16
2540.21
2559.9
2577.4
2591.48
2607.43
2627.05
2622.86
2479.67
2184.35
2119.39
2124.11
2152.42
2192.85
2243.42
2302.94
2364.28
2416.66
2457.79
2493.59
2529.61
2568.23
2609.85
2655.14
2712.16
2787.78
2858.34
2896.84
2889.52
2759.33
2502.69
2439.64
2446.45
2480.58
2524.92
2566.91
2604.09
2629.4
2647.67
2665.57
2685.2
2708.18
2733.75
2758.91
2781.89
2803.5
2828.98
2869.46
2932.22
2971.92
2979.08
2938.21
2773.59
2650.95
2644.43
2657.23
2682.07
2706.31
2724.84
2742.19
2760.98
2780.64
2799.17
2815.34
2832.69
2849.4
2865.02
2878.15
2891.18
2907.81
2936.26
2970.78
2980.87
2981.21
2932.94
2813.68
2764.71
2772.22
2788.26
2812.87
2837
2854.08
2865.74
2875.93
2886.54
2899.08
2914.03
2931.44
2950.79
2970.22
2988.5
3005.89
3022.13
3043.3
3062.96
3063.59
3054.2
3004.04
2905.1
2865.69
2865.58
2877.27
2898.65
2920.3
2935.3
2946.34
2957.53
2969.68
2983.22
2998.44
3014.87
3030.67
3043.75
3055.91
3068.74
3081.72
3097.62
3116.16
3128.06
3122.55
3109.15
3051.62
2985.47
2972.58
2981.9
2991.27
3004.95
3015.91
3022.86
3031.61
3044.02
3055.86
3066.26
3078.83
3092.36
3102.79
3108.4
3115.86
3127.73
3144.98
3166.93
3189.51
3199.88
3198.01
3187.01
3137
3093.02
3091.58
3108.61
3125.81
3145.39
3159.48
3166.78
3173.37
3182.66
3197.98
3218.42
3242.72
3265.83
3277.27
3281.09
3285.07
3290.06
3302.94
3322.65
3339.05
3346
3337.64
3298.19
3235.88
3213.43
3213.82
3226.51
3248.57
3271.37
3284.8
3292.22
3297.08
3303.61
3313.89
3328.28
3346.92
3369.21
3385.7
3393.71
3398.09
3402.54
3409.42
3424.03
3444.31
3458.02
3464.89
3453.84
3410.13
3371.24
3367.57
3373.05
3390.11
3413.06
3434.11
3445.45
3452.52
3458.52
3465.2
3474.46
3489.61
3512.04
3530.44
3539.7
3545.18
3550.07
3556.41
3562.8
3569.48
3573.7
3576.6
3565.76
3524.75
3486.45
3484.34
3491.93
3505.5
3526.39
3551.62
3566.97
3574.84
3581.61
3589.79
3600.36
3612.48
3627.13
3645.94
3668.4
3689.58
3706.43
3721.3
3736.36
3750.59
3761.5
3766.69
3767.17
3739.94
3680.48
3652.23
3655.06
3665.2
3681.81
3706.68
3732.34
3746.2
3753.92
3762.06
3771.6
3783.65
3798.78
3815.74
3832.88
3847.02
3856.62
3863.07
3868.84
3878.68
3892.64
3910.91
3931.04
3945.82
3956.49
3958.99
3936.77
3907.65
3909.88
3924.38
3943.5
3968.95
3982.58
3984.1
3979.65
3971.53
3962.05
3955.07
3949.05
3942.47
3939.09
3941.79
3945.83
3939.14
3922.42
3903.13
3881.58
3847.17
3808.28
3771.72
3193.92
2336.44
1828.72
1898.65
2004.4
2139.94
2264.75
2392.09
2494.25
2542.85
2553.58
2564.65
2581.97
2607.05
2636.23
2627.99
2478.24
2182.78
2118.81
2125.26
2154.75
2196.11
2247.61
2307.03
2365.79
2413.33
2450.53
2484.8
2520.94
2560.83
2604.58
2652.61
2712.41
2785.98
2852.74
2884.08
2877.94
2754.62
2501.4
2439.82
2449.27
2486.53
2533.77
2576.13
2611.32
2632.18
2648.22
2663.73
2680.74
2701.26
2725.3
2751.95
2779.61
2807.3
2837.62
2880.06
2942.31
2979.78
2985.41
2944.93
2777.05
2653.13
2642.52
2653.41
2680.14
2710.18
2734.91
2755.93
2773.97
2788.58
2800.7
2812.96
2826.1
2839.87
2853.69
2866.22
2879.52
2896.68
2925
2957.14
2967.13
2966.88
2916.19
2798.06
2751.24
2754.73
2769.81
2795.72
2823.75
2845.98
2863.74
2879.66
2894.81
2910.46
2927.82
2947.08
2968.11
2987.77
3006.13
3022.09
3035.94
3053.27
3070.07
3069.24
3057.61
3003.79
2905.33
2868.13
2868.4
2878.8
2897.1
2914.19
2924.69
2933.77
2946.28
2963.77
2980.96
2996.45
3010.69
3022.27
3031.42
3042.79
3056.32
3072.36
3089.64
3108.97
3122.1
3116.36
3103.5
3048.8
2984.23
2970.87
2981.13
2990.39
3002.32
3010.61
3015.6
3023.72
3036.06
3048.58
3059.09
3071.1
3083.48
3093.44
3100.33
3110.48
3126.02
3146.35
3167.83
3190.12
3202.28
3199.39
3190.11
3143.25
3096.66
3093.39
3110.79
3128.83
3148.14
3160.61
3166.47
3172.58
3182.29
3199.28
3221.09
3246.21
3269.01
3279.98
3282.94
3285.85
3290.67
3305.16
3326.94
3347.16
3356.38
3347.01
3310.29
3247.79
3221.19
3220.41
3233.15
3255.43
3276.9
3288.84
3294.93
3298.07
3302.93
3312.38
3328.36
3349.85
3374.94
3394.67
3403.85
3407.62
3411.49
3416.9
3430.06
3450.29
3465.4
3473.54
3462.6
3419.46
3378.41
3372.25
3376.32
3394.11
3418.16
3439.37
3451.07
3457.87
3461.91
3467.05
3476.19
3491.41
3513.53
3532.8
3541.64
3547.53
3551.54
3556.18
3560.49
3567.43
3573.75
3579.96
3573.43
3537.72
3500.41
3498.09
3504.91
3518.21
3538.75
3562.8
3576.97
3583.81
3589.49
3596.2
3605.58
3617.26
3629.68
3644
3661.24
3678.71
3693.94
3708.67
3725.95
3746.97
3764.05
3770.58
3774.08
3753.51
3693.24
3659.15
3659.75
3667.38
3683.29
3705.92
3726.83
3738.33
3745.51
3753.21
3761.92
3772.28
3783.6
3794.07
3803.04
3811.3
3820.54
3830.48
3841.34
3854.15
3870.96
3894.42
3922.4
3942.45
3956.35
3958.96
3939.09
3908.88
3909.19
3920.81
3937.81
3961.99
3982.29
3988.96
3988.52
3984.96
3981.31
3981.32
3980.56
3982.76
3989.85
4000.04
4000.96
3984.71
3954.96
3922.74
3891.32
3847.28
3797.79
3757.28
3193.46
2444.69
1825.02
1898.12
2014.15
2155.6
2281.62
2408.95
2505.83
2546.14
2551.11
2556.64
2573.85
2604.22
2641.66
2632.24
2476.88
2181.07
2117.43
2124.79
2155.83
2198.84
2251.62
2310.42
2365.97
2409.9
2444.81
2478.22
2514.39
2555.35
2601.27
2652.67
2714.77
2785.96
2847.74
2871.5
2864.78
2749.65
2501.4
2441.52
2453.38
2492.26
2540.81
2582.62
2615.87
2635.01
2649.18
2662.49
2677.32
2695.34
2717.5
2744.71
2776.35
2809.77
2845
2888.1
2946.65
2983.28
2990.01
2951.09
2781.02
2655.19
2640.6
2650.24
2678.9
2714.4
2744.38
2769.5
2784.5
2793.87
2802.53
2811.65
2821.78
2833.22
2845.63
2858.47
2871.58
2889.17
2916.99
2946.99
2957.82
2955.9
2904.85
2788.66
2741.59
2741.41
2754.31
2779.72
2810.13
2837.75
2862.59
2885.01
2904.14
2920.87
2938.39
2958.57
2980.76
3001.14
3019.23
3033.74
3046.86
3062
3075.86
3073.4
3059.46
3003.18
2905.61
2869.84
2870.67
2879.73
2895.34
2908.38
2914.71
2922.5
2936.84
2957.78
2980.87
2997.22
3009.39
3017.29
3021.75
3031.32
3045.21
3064.15
3082.88
3103.51
3117.68
3111.74
3099
3045.9
2982.48
2969.08
2980.37
2989.79
3000.41
3007.08
3011.12
3018.03
3029.88
3043.24
3054.6
3066.33
3077.51
3086.28
3094.35
3106.03
3124.88
3147.85
3170.16
3192.32
3205.78
3202.47
3193.57
3148.63
3100.37
3096.41
3114.68
3133.81
3152.56
3163.39
3168.25
3173.05
3182.21
3199.97
3222.85
3248.45
3270.51
3280.8
3283.38
3285.67
3290.78
3306.59
3329.61
3352.3
3362.9
3353.35
3318.81
3256.65
3227.14
3225.43
3238
3260.26
3280.79
3291.6
3296.41
3298.41
3302
3310.68
3327.89
3351.76
3379.53
3401.65
3412.39
3415.91
3418.81
3423.12
3434.94
3454.65
3470.4
3479.53
3468.56
3425.44
3382.78
3374.52
3377.52
3395.35
3420.13
3441.91
3454.09
3460.86
3463.49
3468.02
3476.86
3492.31
3514.1
3534.13
3543.7
3549.93
3553.06
3556.28
3558.97
3566.26
3574.52
3585.37
3582.19
3550.51
3514.38
3510.85
3516.2
3529.57
3551.06
3574.13
3587.98
3594.98
3600.54
3606.36
3613.48
3622.25
3630.32
3639.74
3652.32
3666.93
3681.34
3696.48
3715.83
3742.8
3766.66
3775.14
3778.45
3761.1
3702.35
3663.92
3663.43
3670.68
3688.18
3710.59
3728.03
3736.74
3742.98
3747.65
3753.4
3760.88
3767.45
3772.39
3778.67
3788.2
3799.88
3811.1
3822.81
3837.69
3857.7
3886.69
3918.94
3942.36
3958.9
3959.89
3939.02
3907.71
3905.08
3912.32
3928.65
3952.37
3976.26
3987.44
3990.07
3991.28
3993.12
3996.19
3999.08
4006.95
4023.38
4040.74
4043.3
4028.75
3997.42
3950.72
3896.58
3839.69
3774.99
3730.32
3193.32
2477.3
1822.3
1896.97
2016.2
2162.35
2290.86
2419.1
2513.33
2549.66
2551.43
2553.83
2569.06
2601.03
2643.05
2634.7
2475.39
2180.52
2117.32
2124.75
2156.3
2200.21
2254.06
2313.04
2367.17
2409.27
2442.6
2475.26
2511.09
2552
2598.12
2650.59
2714.05
2785.71
2845.33
2864.1
2857.29
2744.5
2499.16
2440.89
2455.76
2495.93
2545.49
2587.73
2619.39
2637.66
2650.67
2662.71
2676.18
2692.43
2712.97
2739.83
2773.48
2810.77
2849.92
2894.2
2951.01
2987.09
2993.82
2955.73
2784.67
2657.9
2641.45
2649.84
2679.38
2716.6
2750.93
2778.38
2792.6
2800.34
2806.26
2812.23
2819.86
2829.68
2840.98
2852.86
2865.08
2881.99
2908.76
2938.11
2949.94
2948.29
2897.92
2783.71
2736.29
2734.06
2745.24
2768.73
2798.82
2828.94
2858.95
2888.14
2909.49
2927.52
2946.18
2967.31
2990.17
3010.85
3028.68
3042.7
3055.22
3068.43
3079.83
3075.6
3059.84
3002.53
2905.99
2870.71
2871.8
2880.19
2894.75
2904.98
2908.41
2914.92
2928.64
2952.01
2977.56
2996.38
3008.46
3014.94
3017.11
3024.65
3038.02
3058.85
3078.99
3101.31
3115.86
3109.79
3096.86
3044.16
2981.65
2968.86
2981.1
2990.6
3000.46
3006.17
3009.56
3015.69
3027.06
3040.61
3052.43
3064.01
3074.62
3082.85
3091.4
3103.09
3123.95
3148.5
3171.92
3194.54
3209.19
3205.72
3196.13
3151.25
3102.36
3098.17
3116.81
3136.66
3154.97
3164.55
3168.71
3172.66
3181.47
3199.41
3222.82
3248.6
3270.08
3280.85
3284.14
3285.85
3291.01
3307.69
3331.76
3356.44
3368.25
3359.3
3325.54
3262.98
3231.62
3229.05
3241.08
3263.1
3283.17
3293.38
3297.4
3298.75
3301.71
3310.31
3328.27
3353.91
3383.69
3406.97
3418.55
3421.96
3424.42
3428.21
3439.21
3458.36
3474.26
3483.92
3473.01
3429.74
3386.32
3377.23
3379.71
3397.48
3422.56
3444.73
3457.31
3463.76
3465.32
3468.89
3476.42
3491.59
3513.26
3533.37
3544.15
3551.47
3554.17
3556.82
3558.83
3566.09
3575.51
3588.68
3587.94
3558.94
3523.69
3519.72
3524.17
3537.7
3559.52
3581.77
3594.95
3602.56
3607.69
3613.42
3618.73
3624.42
3630.31
3635.33
3643.27
3656.02
3671.74
3689.36
3711.42
3740.87
3769.08
3781
3784.96
3769.64
3711.95
3671.42
3669.4
3674.55
3692.22
3713.74
3728.62
3736.27
3740.25
3741.08
3743.04
3747.84
3753.81
3759.25
3767.68
3778.32
3790.29
3801.61
3813.72
3829.89
3851.88
3883.7
3916.28
3941.81
3959.95
3960.02
3938.27
3905.97
3901.85
3906.39
3922.41
3946.68
3971.98
3985.66
3990.53
3994.43
4000.03
4005.73
4012.89
4025.69
4047.91
4067.49
4069.67
4053.07
4023.29
3974.71
3903.57
3824.52
3749.56
3702.01
)
;

boundaryField
{
    sides
    {
        type            zeroGradient;
    }
    inlet
    {
        type            zeroGradient;
    }
    outlet
    {
        type            zeroGradient;
    }
    empty
    {
        type            empty;
    }
}


// ************************************************************************* //
