/*--------------------------------*- C++ -*----------------------------------*\
| =========                 |                                                 |
| \\      /  F ield         | OpenFOAM: The Open Source CFD Toolbox           |
|  \\    /   O peration     | Version:  2306                                  |
|   \\  /    A nd           | Website:  www.openfoam.com                      |
|    \\/     M anipulation  |                                                 |
\*---------------------------------------------------------------------------*/
FoamFile
{
    version     2.0;
    format      ascii;
    arch        "LSB;label=32;scalar=64";
    class       volScalarField;
    location    "0.09";
    object      p;
}
// * * * * * * * * * * * * * * * * * * * * * * * * * * * * * * * * * * * * * //

dimensions      [1 -1 -2 0 0 0 0];

internalField   nonuniform List<scalar> 
6000
(
2.76561e+07
179798
83933.4
97842
110737
138232
171816
202156
212580
213239
213386
212937
210900
201341
158716
110419
105174
107550
113760
121452
128996
136266
143528
151017
158933
167444
176781
187558
200667
212274
215715
214805
197661
147758
124729
124752
128254
134318
139989
144432
148292
152144
156251
160648
165206
169748
174374
179957
188765
201415
207641
207077
194739
157240
137431
137004
139129
143650
148131
151240
153600
155924
158565
161565
164713
167701
170430
173258
177180
184220
193422
196480
195561
185317
159041
146016
145619
146971
150331
154208
156868
158565
160067
161828
163992
166337
168495
170432
172614
175988
181967
188224
189582
188368
178449
157762
148772
148550
149831
152737
156076
158168
159268
160136
161176
162623
164529
166499
168227
169872
171980
175568
180928
185800
185924
181799
168262
154918
152117
152602
155334
159564
163151
165011
165823
166535
167654
169271
170960
172386
173926
176789
182140
185095
183890
176123
161238
152971
152355
153902
157954
162222
164619
165497
166128
167239
169018
171329
174545
179167
183515
181936
175313
162605
153665
152868
155691
161406
165895
167372
167385
167854
170505
176481
183126
181146
172838
159450
154547
155534
161669
169924
179052
177064
170807
162946
161646
165208
171898
172568
169991
165530
164104
164945
168334
170173
169613
167587
165941
166002
167086
168657
168945
168609
167726
167237
167275
167580
167773
167753
167497
167237
167285
167453
167708
167807
167785
167664
167585
167571
167608
167641
167593
167499
167342
167163
167014
166903
166817
166747
166713
166758
166911
167164
167362
167515
167615
167628
167536
167372
167198
167098
166984
166888
166837
166840
166888
166941
166985
167029
167054
167058
167035
166981
166907
166827
166750
166681
166636
166636
166670
166713
166741
166767
166773
166766
166752
166739
166732
166728
166724
166717
166694
166656
166618
166575
166522
166457
166392
166341
166307
166292
166270
166255
166255
166270
166297
166308
166311
166308
166287
166241
166173
166112
166088
166093
166110
166127
166135
166131
166106
166064
166006
165943
165896
165873
165862
165855
165866
165934
2.76896e+07
134364
83033.6
97272.6
110895
139035
172991
203005
213144
213775
213846
213295
210885
200463
156864
109703
104960
107374
113589
121259
128799
136096
143410
150965
158970
167622
177157
188087
201168
212509
215799
214841
197362
147291
124586
124660
128202
134282
139962
144409
148263
152098
156177
160533
165049
169556
174168
179749
188512
201183
207553
207055
194791
157412
137540
137105
139231
143761
148259
151373
153725
156035
158666
161659
164801
167782
170501
173318
177224
184243
193436
196509
195611
185405
159167
146201
145823
147197
150583
154480
157153
158857
160362
162128
164292
166633
168781
170708
172878
176247
182224
188437
189754
188473
178522
157932
149063
148863
150173
153122
156505
158621
159730
160596
161622
163043
164905
166832
168530
170152
172233
175767
181039
185753
185820
181596
168068
154842
152077
152536
155222
159383
162889
164664
165425
166112
167212
168812
170487
171909
173505
176524
182065
185142
183971
176182
161334
153216
152631
154190
158223
162449
164807
165606
166141
167146
168817
171054
174234
178908
183534
182037
175546
162790
153659
152810
155589
161281
165825
167385
167440
167897
170470
176413
183010
180974
172650
159478
154691
155788
161996
170318
179245
176846
170462
162598
161257
164991
172521
173535
170725
165640
163702
164382
167743
170089
169814
168004
166111
166046
166907
168481
168915
168655
167856
167299
167302
167539
167727
167724
167505
167249
167282
167434
167686
167801
167788
167681
167602
167584
167618
167651
167603
167511
167356
167177
167026
166916
166832
166765
166737
166783
166933
167177
167367
167513
167608
167618
167529
167371
167201
167104
166996
166904
166854
166853
166894
166943
166981
167020
167038
167038
167011
166957
166888
166815
166745
166684
166643
166633
166652
166682
166704
166724
166728
166722
166712
166707
166710
166716
166719
166715
166696
166658
166623
166582
166531
166468
166402
166347
166311
166295
166276
166264
166267
166286
166313
166326
166331
166329
166309
166264
166196
166132
166105
166109
166125
166143
166152
166149
166126
166085
166027
165964
165921
165900
165892
165892
165907
165973
2.76394e+07
161067
82147.9
96817.8
111307
140035
174619
204478
214103
214651
214650
213935
211145
199625
154138
108602
104602
107115
113367
121002
128526
135854
143230
150869
158961
167731
177438
188612
201859
213037
216143
215084
196966
146486
124443
124593
128168
134233
139881
144322
148185
152034
156120
160468
164942
169377
173902
179386
188087
200835
207332
206898
194848
157691
137673
137215
139327
143863
148380
151510
153867
156179
158810
161804
164943
167911
170608
173400
177284
184283
193445
196487
195580
185326
159200
146448
146132
147553
151004
154942
157628
159334
160840
162609
164776
167110
169242
171149
173298
176657
182634
188787
190016
188692
178672
158176
149462
149299
150656
153701
157191
159363
160491
161356
162366
163749
165542
167389
169021
170583
172610
176079
181242
185675
185630
181245
167712
154705
152033
152499
155179
159285
162674
164322
164978
165574
166587
168101
169722
171174
172892
176127
181968
185232
184100
176277
161421
153403
152872
154506
158648
162905
165167
165843
166246
167086
168567
170631
173696
178435
183439
182212
176020
163255
153770
152758
155425
161060
165661
167369
167548
168091
170703
176554
182920
180648
172159
159168
154665
155996
162375
170818
179452
176871
170264
161988
160422
164116
172508
174708
172194
166610
163483
163754
166774
169894
169974
168603
166504
166164
166711
168137
168805
168673
168054
167428
167362
167495
167656
167670
167508
167276
167287
167412
167638
167776
167779
167697
167625
167606
167630
167654
167608
167519
167371
167193
167039
166933
166855
166794
166776
166826
166972
167199
167373
167502
167586
167595
167511
167365
167207
167114
167020
166937
166887
166877
166905
166945
166972
167002
167013
167008
166981
166931
166869
166804
166743
166691
166653
166633
166634
166643
166652
166662
166662
166657
166654
166659
166676
166697
166711
166712
166695
166660
166624
166587
166542
166483
166417
166358
166321
166305
166290
166282
166290
166310
166337
166348
166353
166350
166331
166289
166224
166160
166129
166130
166145
166162
166170
166167
166144
166104
166049
165991
165953
165936
165934
165944
165966
166033
2.76681e+07
113972
83290.9
97097
111807
141365
176636
206303
215255
215645
215507
214560
211396
198822
151312
107568
104364
106990
113302
120915
128429
135789
143223
150918
159039
167843
177750
189337
202862
213731
216492
215211
196245
145326
124245
124518
128160
134230
139854
144272
148120
151958
156029
160345
164770
169155
173616
179018
187649
200423
207019
206663
194880
158023
137857
137382
139479
144023
148564
151707
154067
156377
159011
162012
165154
168113
170787
173551
177415
184407
193519
196489
195574
185212
159135
146725
146478
147961
151489
155467
158155
159858
161361
163127
165292
167621
169732
171601
173710
177057
183053
189185
190404
189077
179010
158595
150054
149931
151348
154490
158063
160267
161399
162251
163228
164548
166224
167940
169464
170925
172864
176268
181376
185573
185429
180827
167197
154415
151854
152335
155032
159112
162409
163908
164414
164870
165748
167173
168830
170446
172390
175874
181939
185333
184217
176347
161462
153580
153141
154902
159211
163511
165603
166067
166275
166909
168185
170072
173039
177870
183343
182451
176668
163941
153926
152694
155188
160728
165436
167333
167652
168276
170944
176828
182894
180226
171367
158560
154490
156190
162710
171060
179595
177604
171032
162067
159548
162305
171362
175245
173398
167883
163540
163431
165926
169536
170103
169088
166946
166236
166551
167781
168702
168680
168237
167570
167386
167447
167588
167617
167518
167320
167296
167391
167583
167745
167764
167716
167654
167634
167647
167665
167621
167537
167396
167216
167058
166956
166886
166836
166832
166889
167031
167236
167387
167495
167564
167567
167488
167358
167214
167123
167045
166973
166924
166907
166918
166943
166958
166975
166979
166971
166947
166903
166852
166797
166746
166702
166664
166634
166611
166596
166580
166577
166573
166570
166576
166597
166634
166675
166705
166714
166701
166669
166635
166597
166553
166497
166431
166369
166330
166316
166306
166305
166319
166344
166371
166381
166385
166380
166360
166319
166258
166195
166161
166159
166172
166187
166195
166194
166173
166140
166095
166048
166012
165998
166001
166017
166044
166110
2.76009e+07
163491
84754
98463.4
113091
142580
177956
207690
216400
216749
216528
215481
212055
198471
148911
106740
104150
106935
113325
120927
128434
135818
143298
151030
159180
168073
178229
190278
204027
214443
216850
215331
195363
144019
124004
124386
128089
134154
139750
144159
148015
151869
155953
160274
164693
169046
173455
178801
187360
200082
206691
206371
194801
158284
138042
137560
139636
144179
148735
151890
154252
156567
159212
162230
165386
168345
171006
173751
177612
184630
193647
196449
195483
184906
158843
146867
146700
148238
151833
155841
158542
160266
161800
163606
165813
168177
170319
172210
174325
177673
183674
189763
190944
189583
179412
159034
150679
150592
152058
155266
158900
161151
162317
163193
164182
165496
167104
168681
170032
171313
173105
176411
181452
185408
185181
180372
166586
154071
151685
152205
154939
159015
162219
163564
163949
164318
165127
166518
168189
169872
171917
175558
181852
185426
184331
176370
161429
153720
153371
155270
159761
164097
166012
166224
166244
166687
167755
169491
172406
177366
183304
182759
177396
164750
154142
152651
154930
160376
165190
167291
167757
168473
171248
177234
182875
179672
170279
157905
154296
156466
162991
170971
179279
178855
172695
163408
159365
160525
169079
175295
174109
169180
163976
163500
165386
169098
170101
169357
167314
166290
166463
167522
168626
168707
168364
167682
167381
167397
167538
167586
167544
167373
167303
167373
167531
167708
167756
167730
167679
167658
167661
167676
167637
167557
167422
167238
167078
166982
166921
166889
166900
166969
167106
167285
167409
167489
167536
167526
167451
167337
167215
167129
167070
167013
166965
166940
166933
166940
166945
166944
166940
166929
166908
166877
166839
166798
166756
166719
166681
166640
166592
166547
166505
166489
166480
166478
166494
166531
166585
166648
166698
166715
166706
166679
166645
166607
166564
166510
166445
166378
166338
166324
166320
166327
166347
166379
166404
166414
166419
166412
166390
166350
166293
166233
166197
166189
166198
166211
166219
166218
166204
166180
166151
166119
166092
166080
166085
166104
166135
166192
2.75452e+07
195236
85963.6
99340.4
113894
143127
178516
208606
217558
217968
217758
216791
213296
198836
147457
106308
104149
107068
113542
121135
128618
135994
143476
151215
159397
168397
178861
191350
205141
214978
217098
215322
194428
142906
123856
124315
128053
134099
139660
144054
147916
151787
155896
160249
164692
169047
173448
178783
187278
199885
206399
206066
194617
158396
138199
137722
139778
144309
148874
152039
154407
156729
159385
162420
165596
168569
171233
173977
177856
184936
193821
196364
195301
184352
158264
146805
146696
148286
151928
155934
158616
160337
161881
163704
165935
168337
170536
172506
174709
178137
184191
190262
191428
190044
179732
159345
151167
151099
152594
155817
159451
161713
162899
163803
164834
166203
167878
169484
170795
171971
173617
176781
181718
185338
184967
179923
165918
153658
151434
151990
154758
158795
161905
163194
163581
163966
164801
166214
167883
169561
171619
175323
181792
185548
184479
176398
161377
153822
153560
155568
160213
164534
166237
166268
166137
166424
167345
169006
171942
177042
183266
183105
178072
165510
154389
152559
154701
160085
165011
167298
167875
168671
171580
177681
182721
179025
169115
157325
154220
156753
163197
170468
178113
179916
174383
165436
159783
159285
166491
174679
174303
170307
164735
163716
165090
168609
169971
169449
167613
166390
166466
167369
168534
168694
168403
167741
167363
167360
167507
167585
167574
167424
167316
167369
167499
167681
167758
167744
167696
167671
167667
167681
167651
167574
167443
167256
167098
167012
166959
166948
166976
167058
167192
167340
167432
167481
167499
167468
167395
167294
167201
167133
167092
167049
167008
166976
166955
166943
166933
166919
166907
166895
166880
166859
166834
166806
166775
166742
166702
166647
166578
166505
166439
166409
166395
166396
166419
166467
166536
166618
166686
166715
166712
166690
166658
166622
166579
166527
166461
166391
166348
166335
166336
166350
166379
166415
166438
166450
166454
166443
166418
166376
166323
166270
166233
166221
166224
166233
166240
166242
166236
166224
166209
166194
166180
166173
166177
166193
166218
166255
2.75201e+07
211269
86495.2
99684.9
114115
143221
178498
209024
218496
218971
218771
217986
214666
199860
147238
106309
104343
107375
113939
121538
128996
136349
143825
151588
159849
169013
179724
192433
206070
215347
217112
215126
193648
142235
123873
124359
128114
134139
139671
144055
147921
151808
155948
160348
164845
169244
173654
178937
187380
199825
206145
205748
194300
158313
138281
137815
139861
144381
148954
152136
154517
156851
159521
162576
165776
168770
171449
174214
178139
185302
194019
196281
195051
183548
157388
146558
146505
148135
151796
155775
158426
160134
161680
163514
165761
168188
170433
172475
174787
178344
184500
190559
191714
190318
179817
159379
151378
151319
152824
156025
159625
161876
163065
163979
165033
166452
168234
169962
171358
172613
174289
177406
182209
185448
184907
179559
165265
153246
151172
151775
154592
158626
161709
163012
163440
163873
164768
166211
167878
169523
171563
175277
181808
185682
184631
176411
161267
153798
153616
155703
160432
164676
166190
166079
165845
166051
166959
168699
171749
176965
183356
183451
178642
166128
154589
152512
154577
159916
164931
167311
167974
168815
171826
178054
182445
178473
168081
156849
154232
157050
163389
169906
176593
180368
175660
167518
160568
158712
164502
173814
174340
171096
165539
163944
164895
168123
169803
169474
167881
166541
166524
167270
168416
168642
168390
167761
167346
167335
167487
167600
167610
167477
167350
167392
167501
167677
167766
167755
167702
167671
167662
167677
167654
167577
167449
167268
167120
167043
167004
167011
167058
167151
167278
167391
167450
167466
167450
167398
167319
167233
167173
167139
167114
167091
167058
167021
166984
166953
166924
166904
166881
166869
166861
166854
166843
166827
166808
166779
166733
166665
166575
166474
166387
166343
166325
166329
166359
166416
166495
166589
166670
166713
166719
166703
166674
166639
166597
166545
166480
166407
166360
166345
166350
166371
166407
166444
166467
166481
166484
166470
166441
166398
166348
166300
166264
166246
166242
166248
166253
166256
166257
166256
166257
166257
166257
166257
166262
166272
166287
166300
2.74953e+07
231621
86960.2
100111
114118
142901
177945
208969
219249
219813
219583
218860
215671
201107
148301
106779
104779
107877
114527
122155
129592
136913
144379
152188
160561
169890
180734
193430
206763
215563
217088
214964
193182
141941
124008
124517
128283
134290
139794
144162
148026
151930
156105
160544
165081
169511
173934
179206
187581
199825
205928
205430
193880
158029
138276
137827
139872
144387
148972
152177
154581
156935
159626
162701
165919
168929
171624
174422
178426
185687
194163
196163
194747
182550
156280
146124
146111
147785
151460
155409
158033
159744
161309
163171
165456
167921
170199
172273
174627
178273
184539
190612
191723
190270
179564
159088
151272
151216
152707
155858
159409
161647
162836
163755
164826
166288
168165
170018
171542
172954
174824
178102
182933
185869
185199
179461
164707
152894
150977
151631
154502
158553
161647
163003
163514
164025
164945
166404
168080
169737
171773
175493
182021
185943
184867
176481
161129
153555
153397
155568
160346
164562
165975
165804
165597
165886
166911
168721
171774
177028
183529
183763
179056
166545
154764
152544
154566
159919
164971
167322
167955
168811
171881
178292
182254
178094
167358
156780
154531
157492
163601
169531
175466
180174
176586
168791
161137
158439
163245
173127
174474
171663
166145
164057
164735
167720
169697
169510
168112
166670
166581
167184
168285
168569
168350
167767
167336
167319
167467
167611
167640
167539
167411
167441
167538
167694
167765
167745
167685
167649
167639
167656
167640
167565
167444
167276
167145
167079
167056
167079
167141
167241
167351
167430
167457
167445
167395
167321
167233
167163
167136
167137
167137
167127
167106
167070
167021
166970
166925
166893
166871
166856
166855
166860
166864
166865
166855
166825
166772
166691
166584
166459
166357
166302
166280
166286
166321
166382
166469
166568
166659
166714
166731
166723
166699
166667
166626
166573
166506
166431
166376
166358
166366
166390
166428
166462
166488
166503
166505
166488
166456
166413
166365
166320
166284
166261
166251
166253
166257
166260
166267
166276
166290
166302
166312
166320
166329
166334
166339
166331
2.75147e+07
220687
87272
100460
113896
142490
177291
208805
219827
220432
220087
219365
216326
202246
149816
107426
105282
108420
115155
122840
130292
137608
145082
152934
161399
170832
181723
194345
207419
215876
217248
215015
193040
141919
124258
124788
128574
134586
140092
144464
148336
152245
156414
160843
165374
169814
174241
179504
187843
199913
205790
205174
193440
157626
138212
137786
139844
144363
148963
152191
154614
156985
159689
162776
166002
169021
171733
174571
178680
186083
194371
196121
194474
181487
155099
145628
145649
147366
151066
154971
157542
159228
160792
162673
164988
167486
169796
171902
174289
177998
184314
190315
191338
189829
178866
158389
150844
150801
152270
155373
158893
161141
162348
163290
164391
165887
167796
169751
171434
173036
175154
178765
183773
186511
185758
179671
164361
152697
150928
151626
154521
158548
161632
163029
163604
164186
165208
166751
168492
170186
172223
175919
182406
186352
185226
176656
161062
153229
153012
155192
159999
164139
165548
165484
165391
165852
167025
168889
171970
177218
183691
183940
179266
166797
154978
152707
154727
160075
165141
167447
167928
168659
171767
178350
182093
177813
166996
157009
154955
157912
163844
169579
175126
179965
176932
169253
161350
158312
162657
172702
174578
171993
166484
164082
164638
167515
169678
169568
168260
166737
166580
167089
168164
168508
168322
167781
167335
167306
167443
167612
167660
167599
167493
167519
167599
167729
167765
167727
167652
167611
167599
167620
167608
167537
167424
167279
167176
167124
167117
167153
167225
167319
167404
167453
167458
167415
167339
167244
167147
167093
167098
167127
167154
167160
167148
167119
167065
166997
166935
166895
166874
166860
166865
166883
166904
166916
166911
166878
166817
166724
166604
166464
166350
166287
166260
166269
166308
166373
166462
166561
166655
166719
166747
166748
166732
166701
166661
166608
166539
166462
166401
166378
166384
166407
166440
166471
166497
166512
166512
166494
166462
166420
166374
166329
166290
166260
166245
166244
166246
166251
166262
166279
166301
166323
166343
166360
166373
166375
166373
166346
2.75841e+07
154384
88595.9
101008
114352
142760
176997
208635
220234
220970
220638
219922
216929
203121
150765
107825
105633
108816
115621
123357
130845
138190
145677
153534
162033
171533
182498
195153
208200
216482
217715
215348
193155
142062
124583
125131
128936
134960
140468
144839
148710
152612
156774
161196
165719
170137
174548
179811
188156
200107
205759
205029
193044
157179
138138
137735
139819
144348
148956
152194
154626
157000
159702
162779
165991
168998
171718
174599
178835
186456
194640
196155
194284
180475
153986
145193
145262
147037
150755
154614
157128
158778
160317
162174
164462
166931
169218
171314
173712
177456
183786
189665
190577
188951
177709
157332
150154
150150
151633
154734
158258
160535
161779
162757
163915
165488
167457
169468
171230
172976
175368
179378
184671
187249
186444
180103
164266
152719
151083
151794
154655
158612
161655
163087
163726
164375
165485
167128
168957
170678
172688
176321
182710
186692
185540
176885
161008
152796
152475
154603
159334
163443
165001
165167
165299
165887
167142
169099
172231
177433
183694
183831
179182
166900
155253
153023
155062
160410
165336
167311
167580
168250
171456
178321
182105
177654
166757
157274
155337
158460
164324
169792
175114
179607
176733
169258
161536
158433
162609
172491
174482
172029
166619
164169
164689
167499
169657
169565
168289
166741
166545
167012
168091
168475
168308
167790
167335
167296
167425
167611
167673
167647
167572
167603
167675
167770
167773
167710
167610
167560
167546
167569
167563
167497
167398
167284
167213
167179
167190
167237
167307
167382
167437
167459
167446
167381
167283
167172
167077
167040
167062
167112
167163
167190
167184
167164
167115
167042
166967
166915
166891
166879
166893
166920
166950
166969
166967
166933
166864
166762
166633
166489
166369
166299
166270
166280
166320
166386
166474
166571
166661
166728
166764
166773
166764
166738
166699
166647
166578
166500
166433
166403
166403
166422
166448
166476
166498
166509
166508
166491
166460
166420
166374
166327
166280
166239
166218
166214
166216
166225
166244
166270
166301
166334
166363
166383
166395
166392
166385
166342
2.76738e+07
107025
87464.3
100894
114816
143078
177183
208826
220516
221364
221078
220389
217337
203410
150718
107878
105768
108998
115846
123617
131141
138516
146032
153930
162468
172007
183014
195789
208957
217213
218395
215909
193475
142258
124926
125494
129328
135374
140892
145261
149119
153002
157138
161530
166022
170422
174831
180113
188492
200369
205834
204997
192723
156732
138095
137709
139812
144348
148952
152185
154612
156977
159660
162710
165889
168865
171583
174516
178900
186761
194947
196302
194243
179695
153135
144945
145064
146901
150666
154491
156949
158556
160062
161884
164119
166505
168680
170658
172959
176658
182965
188670
189449
187694
176240
156167
149436
149485
150998
154142
157738
160093
161400
162426
163604
165180
167146
169175
171000
172899
175564
179970
185485
187902
187084
180605
164362
152904
151370
152068
154846
158697
161686
163116
163789
164507
165695
167421
169306
171051
173031
176584
182859
186920
185788
177200
161106
152362
151875
153892
158529
162719
164571
165008
165309
166031
167351
169329
172460
177575
183538
183461
178777
166733
155494
153427
155492
160767
165374
166980
167075
167738
171070
178209
182216
177521
166488
157538
155798
158900
164635
169881
174915
179051
175973
168813
161728
158776
162971
172545
174217
171743
166539
164311
164852
167602
169593
169464
168177
166703
166546
167060
168122
168460
168286
167769
167330
167296
167431
167618
167688
167677
167628
167671
167747
167812
167791
167700
167567
167499
167476
167498
167504
167451
167375
167300
167254
167247
167279
167332
167382
167423
167450
167452
167416
167338
167225
167113
167034
167006
167032
167095
167163
167209
167218
167201
167164
167094
167014
166953
166924
166913
166928
166961
166997
167019
167017
166983
166910
166807
166677
166534
166413
166340
166310
166319
166357
166420
166501
166590
166675
166741
166777
166792
166789
166767
166732
166681
166614
166538
166468
166431
166425
166437
166457
166478
166494
166502
166499
166483
166455
166417
166371
166318
166262
166211
166183
166175
166177
166187
166212
166250
166295
166335
166363
166379
166389
166382
166371
166317
2.76205e+07
175291
84430.2
99949.8
115311
143328
177502
209142
220494
221415
221116
220426
217284
202981
149851
107636
105711
108981
115852
123653
131216
138637
146195
154115
162658
172202
183255
196127
209451
217787
218923
216442
193817
142422
125191
125787
129656
135726
141248
145607
149445
153299
157404
161769
166245
170638
175057
180383
188858
200712
206002
205076
192484
156318
138074
137723
139838
144363
148943
152158
154572
156918
159573
162586
165724
168662
171369
174355
178888
186988
195260
196553
194381
179213
152619
144956
145116
147020
150847
154611
156966
158509
159976
161752
163914
166191
168238
170086
172267
175912
182193
187666
188315
186417
174781
155059
148720
148811
150344
153545
157209
159629
160998
162094
163353
164998
166996
169043
170896
172859
175691
180434
186124
188369
187569
181056
164548
153156
151722
152409
155108
158854
161787
163201
163870
164594
165810
167584
169520
171308
173283
176742
182853
187018
185944
177497
161268
151995
151351
153290
157917
162250
164314
164938
165381
166200
167550
169506
172623
177702
183417
182993
178085
166200
155612
153912
156059
161234
165533
166802
166686
167219
170618
177986
182344
177534
166440
157906
156168
159411
165196
170605
175613
178740
174691
167601
161513
159206
164004
172957
173907
171265
166264
164482
165149
167896
169523
169276
167903
166648
166584
167200
168223
168457
168243
167699
167316
167306
167459
167637
167704
167681
167655
167709
167803
167860
167825
167704
167531
167441
167404
167414
167435
167412
167365
167323
167305
167328
167383
167421
167446
167453
167447
167425
167371
167283
167169
167072
167014
166990
167014
167081
167158
167218
167243
167234
167209
167154
167078
167013
166977
166964
166977
167004
167038
167056
167052
167019
166950
166853
166733
166599
166479
166403
166373
166380
166414
166468
166538
166615
166691
166754
166790
166807
166807
166790
166760
166712
166648
166574
166503
166460
166448
166453
166464
166477
166487
166491
166487
166473
166448
166412
166366
166310
166245
166184
166148
166137
166137
166148
166174
166215
166266
166315
166342
166358
166366
166354
166337
166269
2.76226e+07
166230
84790.2
99669.7
114752
143240
178095
209470
220124
221004
220749
220063
216813
202217
148742
107247
105475
108744
115606
123442
131058
138525
146123
154069
162600
172114
183139
196062
209595
218173
219356
216809
194041
142479
125279
125910
129808
135881
141386
145729
149554
153402
157510
161879
166348
170745
175195
180586
189195
201096
206224
205241
192344
155977
138076
137751
139878
144391
148932
152112
154501
156824
159451
162427
165523
168433
171138
174167
178841
187186
195554
196840
194573
178885
152333
145180
145394
147389
151261
154938
157178
158633
160028
161727
163795
165966
167910
169662
171757
175374
181667
186987
187516
185474
173607
154170
148208
148334
149891
153160
156897
159373
160790
161939
163262
164972
167021
169089
170959
172912
175786
180748
186558
188619
187820
181366
164726
153406
152071
152751
155396
159075
161958
163337
163956
164616
165786
167572
169585
171429
173413
176800
182694
186980
185978
177762
161578
151795
151033
152948
157621
162074
164271
164995
165504
166359
167687
169579
172703
177838
183265
182553
177180
165292
155558
154296
156676
161838
165793
166677
166372
166867
170229
177654
182609
177762
166610
158162
156423
159874
165917
171990
177337
178173
173172
165832
160730
159575
165654
173620
173604
170555
165796
164645
165582
168350
169468
169015
167508
166571
166646
167447
168397
168484
168191
167591
167292
167313
167506
167661
167712
167670
167662
167730
167843
167902
167857
167714
167505
167392
167341
167339
167364
167374
167363
167355
167371
167422
167478
167500
167503
167479
167435
167383
167313
167220
167125
167049
167004
166991
167017
167076
167153
167222
167261
167267
167252
167222
167158
167095
167050
167030
167030
167048
167069
167078
167071
167038
166977
166894
166791
166672
166559
166480
166450
166454
166481
166524
166578
166639
166700
166755
166793
166813
166815
166805
166776
166731
166671
166603
166538
166491
166473
166470
166474
166478
166481
166480
166475
166461
166439
166406
166360
166301
166229
166161
166119
166106
166106
166116
166142
166184
166236
166281
166304
166317
166322
166305
166277
166196
2.76451e+07
140888
84071.2
99124.3
113999
143441
179134
209891
219533
220228
219880
218983
215424
200634
147909
107020
105227
108412
115197
123022
130670
138188
145844
153823
162345
171776
182667
195512
209253
218204
219498
216993
194308
142563
125209
125863
129776
135849
141331
145646
149452
153297
157416
161809
166312
170746
175238
180702
189443
201429
206486
205472
192313
155738
138102
137797
139930
144425
148926
152068
154433
156742
159359
162323
165405
168312
171042
174138
178945
187496
195886
197106
194715
178489
152087
145436
145726
147834
151782
155432
157616
159023
160364
161993
163969
166020
167831
169485
171553
175215
181536
186718
187168
185031
172891
153606
147971
148130
149718
153053
156843
159348
160793
161978
163341
165081
167130
169172
171015
172935
175776
180910
186775
188605
187840
181508
164831
153599
152356
153036
155652
159321
162188
163500
164041
164620
165704
167442
169483
171395
173389
176667
182320
186771
185870
178063
162163
151915
150985
152867
157561
162105
164413
165162
165642
166436
167685
169527
172748
178064
183225
182181
176086
164006
155225
154427
157157
162492
166131
166674
166200
166584
169886
177267
182711
177913
166680
158095
156250
160046
167031
174509
179409
176809
170684
163238
159632
160497
168223
174265
173392
169479
165190
164753
166209
168931
169460
168695
167026
166450
166716
167767
168584
168551
168134
167478
167264
167318
167546
167674
167708
167649
167664
167748
167879
167935
167881
167719
167487
167355
167295
167288
167313
167341
167363
167394
167446
167516
167558
167566
167553
167501
167424
167340
167253
167169
167092
167035
167003
167001
167032
167077
167149
167221
167276
167303
167306
167289
167248
167191
167139
167106
167085
167080
167087
167088
167075
167045
166992
166923
166838
166738
166637
166561
166530
166531
166549
166578
166615
166657
166704
166753
166791
166814
166821
166817
166793
166754
166702
166642
166584
166540
166516
166506
166499
166493
166487
166479
166468
166452
166430
166397
166352
166291
166216
166142
166098
166085
166084
166094
166118
166157
166203
166239
166255
166264
166259
166235
166196
166102
2.76673e+07
106729
83776.6
98158.6
113602
143692
179578
209718
218622
219135
218645
217410
213515
199114
148156
107125
105057
108087
114750
122547
130204
137728
145363
153302
161777
171122
181846
194464
208244
217694
219232
216902
194573
142767
125071
125713
129612
135669
141119
145401
149188
153029
157161
161584
166135
170621
175178
180715
189563
201655
206697
205697
192365
155623
138157
137871
140009
144497
148973
152092
154448
156761
159378
162331
165394
168286
171018
174144
179068
187798
196084
197191
194651
177872
151730
145549
145869
148067
152102
155792
157997
159431
160806
162464
164441
166461
168231
169849
171885
175558
181967
187093
187446
185185
172754
153464
148087
148263
149882
153274
157088
159582
161017
162201
163566
165297
167305
169278
171040
172868
175634
180835
186738
188332
187607
181494
164882
153731
152564
153242
155846
159530
162416
163685
164147
164652
165647
167285
169274
171182
173158
176296
181668
186407
185676
178509
163056
152310
151138
152951
157644
162287
164653
165356
165731
166401
167562
169411
172817
178462
183196
182004
174910
162406
154674
154202
157411
162897
166449
166823
166282
166637
169894
177067
182615
177774
166495
157941
155989
160321
168869
177874
179719
175096
166985
160519
158694
162565
171626
174768
172851
167894
164619
164753
167101
169533
169557
168320
166561
166317
166828
168117
168739
168625
168063
167400
167257
167336
167563
167657
167676
167620
167670
167773
167913
167956
167892
167718
167484
167351
167285
167268
167288
167321
167365
167428
167516
167596
167626
167626
167591
167517
167414
167303
167206
167130
167068
167026
167010
167017
167048
167086
167148
167221
167290
167339
167364
167364
167339
167293
167236
167180
167133
167104
167091
167083
167069
167037
166990
166932
166865
166784
166699
166633
166604
166599
166607
166622
166642
166667
166702
166744
166781
166807
166821
166822
166805
166773
166729
166679
166632
166596
166573
166557
166542
166526
166509
166491
166472
166451
166425
166391
166345
166284
166208
166132
166086
166073
166072
166079
166100
166133
166169
166192
166199
166199
166183
166148
166098
165997
2.7623e+07
138645
84941.3
98515.4
113295
143162
178989
208781
217323
217639
217056
215612
211816
198414
149528
107525
104973
107817
114338
122063
129644
137078
144645
152554
160965
170164
180623
192909
206672
216669
218531
216497
194766
142991
124793
125408
129278
135311
140730
144992
148783
152653
156824
161285
165864
170385
174991
180591
189531
201748
206835
205887
192490
155647
138260
137995
140147
144649
149126
152245
154604
156921
159552
162520
165590
168482
171216
174368
179361
188071
196046
197033
194307
176949
151185
145496
145852
148108
152193
155920
158183
159686
161134
162871
164927
167029
168873
170537
172612
176382
182945
188069
188375
186007
173209
153788
148583
148766
150407
153830
157621
160050
161436
162580
163904
165582
167511
169363
171002
172739
175382
180503
186432
187908
187251
181359
164889
153796
152672
153346
155944
159648
162565
163841
164280
164733
165662
167201
169083
170890
172744
175670
180766
186026
185522
179131
164138
152860
151403
153130
157819
162538
164902
165491
165728
166282
167400
169312
172954
178961
183342
181890
173791
160821
153965
153790
157389
163001
166503
167003
166621
167141
170486
177585
182747
177615
166031
157639
155799
160767
170776
180091
178462
172460
162580
158306
159006
166213
174703
174754
171530
166004
164132
164949
168196
169982
169622
167814
166243
166225
167057
168456
168844
168642
167953
167366
167286
167388
167557
167611
167599
167580
167668
167806
167947
167968
167890
167701
167488
167373
167303
167279
167286
167313
167366
167455
167570
167659
167685
167679
167623
167527
167405
167280
167177
167107
167054
167024
167020
167034
167063
167103
167153
167224
167303
167373
167419
167439
167431
167389
167323
167243
167171
167119
167088
167069
167047
167014
166971
166923
166871
166810
166744
166694
166669
166658
166657
166658
166661
166672
166696
166732
166765
166794
166814
166820
166811
166787
166751
166712
166676
166652
166635
166619
166599
166575
166548
166519
166490
166460
166428
166390
166343
166281
166206
166127
166076
166060
166058
166063
166080
166106
166130
166139
166136
166124
166096
166050
165992
165890
2.76149e+07
178557
81977.4
97926.4
112956
142092
177463
207131
215933
216249
215832
214641
211206
198615
151373
108043
104956
107629
113992
121615
129102
136445
143917
151729
160055
169129
179328
191227
204913
215429
217629
215940
194954
143262
124442
125008
128836
134840
140237
144491
148298
152204
156417
160916
165526
170067
174684
180313
189326
201688
206871
206006
192667
155806
138417
138177
140351
144890
149399
152545
154924
157271
159943
162956
166058
168952
171659
174763
179720
188327
195932
196711
193679
175693
150420
145242
145653
147969
152079
155821
158131
159701
161221
163032
165177
167385
169372
171217
173518
177573
184442
189686
190004
187553
174310
154589
149457
149615
151256
154645
158322
160598
161851
162880
164088
165644
167438
169167
170728
172394
174973
180061
186069
187491
186885
181148
164825
153780
152681
153361
155975
159717
162673
163966
164411
164854
165738
167194
168917
170538
172208
174901
179785
185678
185407
179785
165233
153459
151725
153333
157993
162747
165064
165543
165684
166174
167298
169310
173191
179533
183606
181870
172905
159515
153238
153240
157047
162645
166191
167048
167077
167989
171752
179015
183239
177549
165195
157081
155513
161097
171866
180404
176798
169244
159720
157862
161015
170327
175720
174397
169580
164518
163910
165652
169269
170212
169348
167129
166089
166308
167516
168779
168889
168538
167756
167364
167347
167486
167557
167559
167490
167528
167653
167852
167987
167983
167875
167665
167495
167400
167343
167316
167304
167317
167368
167472
167611
167710
167736
167721
167649
167535
167399
167267
167166
167097
167048
167026
167028
167048
167078
167113
167162
167231
167316
167400
167467
167506
167513
167470
167393
167294
167201
167131
167084
167047
167012
166979
166938
166898
166858
166813
166769
166739
166722
166707
166699
166686
166676
166674
166689
166718
166747
166779
166803
166815
166812
166794
166767
166739
166718
166705
166695
166681
166660
166631
166596
166558
166519
166480
166442
166399
166350
166288
166215
166137
166079
166058
166054
166055
166065
166079
166086
166080
166066
166042
166004
165951
165891
165794
2.76508e+07
140573
83581.9
98199
112480
140911
175532
205594
215140
215652
215307
214224
210992
199134
153172
108520
104873
107405
113659
121227
128655
135916
143310
151075
159374
168375
178366
189912
203414
214331
216947
215565
195288
143721
124254
124750
128521
134476
139820
144041
147840
151758
155998
160524
165152
169702
174321
179949
188979
201487
206799
206043
192854
156049
138596
138377
140578
145170
149729
152911
155327
157712
160423
163466
166572
169433
172067
175089
180016
188550
195716
196206
192841
174293
149567
144817
145276
147661
151856
155696
158107
159765
161378
163306
165589
167941
170069
172076
174580
178895
186056
191510
191890
189370
175577
155321
150214
150341
151968
155287
158812
160917
162035
162956
164068
165544
167278
168953
170452
172057
174588
179661
185759
187178
186602
180957
164741
153709
152617
153309
155957
159744
162730
164028
164478
164935
165816
167200
168777
170216
171693
174174
178930
185242
185361
180298
166198
154005
152023
153533
158134
162871
165134
165555
165663
166148
167316
169443
173514
180074
183839
181854
172251
158546
152599
152699
156564
162063
165617
166758
167321
168957
173408
180984
183923
177449
164177
156382
155192
161318
172478
180441
176342
168091
159495
158773
163616
172601
175391
172970
167480
164108
164243
167014
170022
170052
168571
166313
165966
166582
168220
169081
168975
168315
167507
167346
167424
167587
167602
167509
167386
167465
167637
167904
168032
168007
167856
167636
167509
167428
167389
167356
167325
167325
167371
167485
167642
167750
167775
167752
167666
167540
167400
167268
167166
167094
167049
167029
167033
167056
167088
167125
167171
167243
167327
167419
167502
167561
167581
167538
167448
167332
167223
167145
167080
167025
166979
166942
166899
166865
166837
166810
166789
166777
166767
166749
166733
166710
166688
166676
166685
166706
166733
166765
166793
166808
166808
166796
166779
166764
166756
166753
166749
166739
166716
166683
166642
166596
166550
166506
166462
166417
166365
166304
166231
166155
166092
166060
166049
166044
166043
166042
166032
166014
165989
165957
165914
165862
165807
165720
2.76771e+07
139363
82879.8
97607.2
112147
140226
174121
204244
214319
214936
214748
213844
210956
199800
154744
108881
104789
107242
113434
120971
128374
135594
142947
150675
158941
167879
177719
188989
202269
213419
216375
215268
195603
144194
124128
124564
128292
134217
139532
143724
147508
151426
155677
160216
164851
169398
174010
179628
188648
201269
206749
206076
193024
156300
138751
138546
140773
145411
150014
153232
155680
158105
160866
163958
167092
169940
172524
175475
180364
188782
195514
195772
192100
173162
148876
144391
144853
147232
151433
155324
157818
159568
161297
163371
165822
168366
170676
172839
175472
179913
187222
192847
193306
190806
176702
156059
150931
151024
152642
155926
159358
161327
162323
163135
164127
165470
167087
168666
170084
171658
174213
179337
185550
187037
186470
180887
164705
153638
152526
153210
155870
159696
162721
164046
164524
165006
165894
167236
168716
169987
171286
173592
178233
184859
185269
180653
166897
154411
152225
153665
158209
162911
165135
165525
165637
166163
167427
169677
173882
180535
184044
181891
171790
157866
152094
152228
156062
161420
164994
166450
167467
169754
174998
182846
184542
177290
163186
155714
154940
161432
172706
180633
176395
168062
160006
159500
164644
172702
173746
170957
166212
164596
165339
168584
170286
169689
167444
165669
165763
167006
168922
169359
169029
168025
167320
167293
167505
167678
167658
167468
167303
167402
167624
167946
168063
168018
167829
167620
167513
167447
167426
167386
167341
167332
167375
167494
167664
167776
167801
167770
167675
167542
167401
167273
167169
167093
167047
167031
167035
167060
167095
167133
167178
167252
167331
167427
167523
167599
167629
167586
167484
167355
167239
167157
167077
167007
166948
166904
166860
166833
166815
166803
166801
166802
166796
166776
166757
166725
166695
166677
166681
166698
166724
166757
166785
166802
166804
166794
166782
166776
166779
166783
166783
166774
166751
166717
166674
166625
166576
166529
166484
166437
166385
166324
166253
166179
166115
166072
166050
166037
166023
166005
165981
165953
165922
165887
165847
165803
165757
165679
2.77014e+07
139816
82361.7
97093.4
111443
139560
173469
203500
213697
214413
214384
213728
211265
200719
155849
109118
104780
107175
113312
120802
128165
135380
142726
150435
158667
167540
177291
188469
201719
212966
216026
215060
195812
144470
124065
124470
128174
134076
139361
143516
147266
151163
155404
159941
164576
169127
173751
179389
188441
201133
206683
206080
193159
156501
138892
138692
140933
145594
150222
153462
155925
158366
161149
164269
167426
170287
172877
175819
180651
188840
195180
195381
191595
172433
148423
144094
144561
146937
151137
155059
157629
159489
161342
163562
166177
168874
171318
173579
176281
180774
188148
193854
194272
191643
177275
156477
151360
151444
153063
156329
159698
161580
162511
163267
164195
165457
166966
168443
169800
171346
173907
179099
185426
186962
186407
180793
164565
153545
152447
153135
155808
159648
162692
164054
164560
165041
165885
167158
168534
169697
170958
173259
177922
184716
185260
180915
167349
154680
152365
153749
158268
162947
165149
165543
165675
166239
167562
169874
174142
180812
184082
181737
171399
157363
151598
151794
155655
161058
164744
166479
167883
170563
176105
183921
184706
177036
162528
155332
154875
161555
172786
180779
176524
168115
160012
159571
164598
171900
172682
170272
166335
165353
166362
169471
170337
169206
166670
165414
165741
167413
169283
169487
169003
167822
167249
167277
167568
167721
167672
167425
167260
167374
167629
167975
168084
168029
167821
167625
167524
167465
167450
167399
167350
167335
167378
167500
167677
167792
167817
167782
167683
167548
167408
167277
167169
167088
167041
167028
167036
167063
167101
167142
167191
167267
167337
167430
167533
167617
167652
167607
167499
167363
167249
167168
167078
166997
166929
166879
166834
166811
166798
166797
166808
166817
166814
166794
166772
166737
166702
166681
166681
166695
166719
166750
166779
166796
166800
166795
166791
166793
166801
166810
166813
166806
166782
166747
166701
166650
166598
166548
166501
166452
166399
166337
166266
166191
166126
166079
166048
166025
166002
165973
165941
165907
165873
165839
165803
165764
165723
165649
)
;

boundaryField
{
    sides
    {
        type            zeroGradient;
    }
    inlet
    {
        type            fixedValue;
        value           uniform 100000;
    }
    outlet
    {
        type            zeroGradient;
    }
    empty
    {
        type            empty;
    }
}


// ************************************************************************* //
