/*--------------------------------*- C++ -*----------------------------------*\
| =========                 |                                                 |
| \\      /  F ield         | OpenFOAM: The Open Source CFD Toolbox           |
|  \\    /   O peration     | Version:  2306                                  |
|   \\  /    A nd           | Website:  www.openfoam.com                      |
|    \\/     M anipulation  |                                                 |
\*---------------------------------------------------------------------------*/
FoamFile
{
    version     2.0;
    format      ascii;
    arch        "LSB;label=32;scalar=64";
    class       volScalarField;
    location    "0.09";
    object      rho;
}
// * * * * * * * * * * * * * * * * * * * * * * * * * * * * * * * * * * * * * //

dimensions      [1 -3 0 0 0 0 0];

internalField   nonuniform List<scalar> 
6000
(
3.64274
3.64274
3.64274
3.64274
3.64274
3.64274
3.64274
3.64274
3.64274
3.64274
3.64274
3.64274
3.64274
3.64274
3.64274
3.64274
3.64274
3.64274
3.64274
3.64274
3.64274
3.64274
3.64274
3.64274
3.64274
3.64274
3.64274
3.64274
3.64274
3.64274
3.64274
3.64274
3.64274
3.64274
3.64274
3.64274
3.64274
3.64274
3.64274
3.64274
3.64275
3.64277
3.64282
3.64295
3.64324
3.64385
3.64498
3.6467
3.64835
3.64891
3.64889
3.64862
3.64781
3.64621
3.64377
3.64062
3.63699
3.63311
3.62919
3.62539
3.62182
3.61851
3.61554
3.61296
3.61083
3.60905
3.60764
3.60652
3.60561
3.60488
3.60422
3.60365
3.60315
3.6027
3.60229
3.6019
3.60154
3.60126
3.60111
3.60108
3.60108
3.60108
3.6011
3.60114
3.60121
3.60132
3.60147
3.60164
3.60181
3.60197
3.60211
3.60221
3.60229
3.60236
3.60242
3.60247
3.60252
3.60256
3.60259
3.60261
3.60263
3.60264
3.60266
3.60268
3.60268
3.60268
3.60268
3.60267
3.60266
3.60264
3.60261
3.60256
3.6025
3.60243
3.60235
3.60228
3.6022
3.60214
3.60209
3.60204
3.60199
3.60196
3.60194
3.60194
3.60195
3.60196
3.60197
3.60198
3.60201
3.60205
3.6021
3.60215
3.60221
3.60227
3.6023
3.60233
3.60234
3.60236
3.60237
3.60239
3.60241
3.60243
3.60244
3.60246
3.60248
3.60251
3.60256
3.60261
3.60265
3.60266
3.60266
3.60265
3.60264
3.60261
3.60256
3.60249
3.60241
3.60233
3.60226
3.6022
3.60217
3.60214
3.60212
3.60209
3.60206
3.60202
3.60199
3.60197
3.60196
3.60196
3.60196
3.60197
3.60199
3.60201
3.60205
3.6021
3.60215
3.60219
3.60224
3.60227
3.6023
3.60233
3.60236
3.60237
3.60239
3.6024
3.6024
3.60241
3.60242
3.60243
3.60245
3.60247
3.60249
3.60252
3.60257
3.60262
3.60267
3.60269
3.60269
3.60269
3.60267
3.60264
3.60258
3.6025
3.6024
3.60231
3.60224
3.60219
3.60215
3.60213
3.6021
3.60208
3.60205
3.60203
3.602
3.60197
3.60195
3.60194
3.60194
3.60193
3.60194
3.60195
3.60198
3.60202
3.60207
3.60212
3.60218
3.60223
3.60227
3.60231
3.60234
3.60236
3.60238
3.60239
3.6024
3.6024
3.60241
3.60242
3.60244
3.60246
3.60248
3.60251
3.60253
3.60258
3.60263
3.6027
3.60275
3.60278
3.60279
3.60278
3.60276
3.6027
3.60262
3.6025
3.60238
3.60228
3.6022
3.60215
3.60211
3.60209
3.60207
3.60204
3.60202
3.60199
3.60196
3.60192
3.60189
3.60186
3.60185
3.60185
3.60185
3.60187
3.6019
3.60194
3.60199
3.60205
3.60212
3.60217
3.60223
3.60227
3.60231
3.60234
3.60237
3.60239
3.60241
3.60243
3.60245
3.60247
3.6025
3.60253
3.60257
3.60261
3.60266
3.60272
3.6028
3.60289
3.60293
3.60294
3.60294
3.60288
3.64274
3.64274
3.64274
3.64274
3.64274
3.64274
3.64274
3.64274
3.64274
3.64274
3.64274
3.64274
3.64274
3.64274
3.64274
3.64274
3.64274
3.64274
3.64274
3.64274
3.64274
3.64274
3.64274
3.64274
3.64274
3.64274
3.64274
3.64274
3.64274
3.64274
3.64274
3.64274
3.64274
3.64274
3.64274
3.64274
3.64274
3.64274
3.64274
3.64274
3.64275
3.64277
3.64282
3.64295
3.64324
3.64385
3.64498
3.6467
3.64835
3.64891
3.64889
3.64862
3.64781
3.64621
3.64377
3.64062
3.63699
3.6331
3.6292
3.6254
3.62181
3.61849
3.61555
3.61298
3.61083
3.60904
3.60764
3.60653
3.60562
3.60487
3.60422
3.60365
3.60315
3.6027
3.60229
3.6019
3.60154
3.60126
3.60111
3.60108
3.60108
3.60108
3.6011
3.60113
3.60121
3.60132
3.60146
3.60164
3.60181
3.60197
3.60211
3.60221
3.60229
3.60236
3.60242
3.60247
3.60252
3.60256
3.60259
3.60261
3.60263
3.60264
3.60266
3.60267
3.60268
3.60268
3.60268
3.60267
3.60266
3.60264
3.60261
3.60256
3.6025
3.60243
3.60235
3.60228
3.6022
3.60214
3.60209
3.60204
3.60199
3.60196
3.60195
3.60194
3.60195
3.60195
3.60196
3.60198
3.60201
3.60205
3.6021
3.60216
3.60221
3.60227
3.6023
3.60233
3.60234
3.60236
3.60237
3.60239
3.60241
3.60242
3.60244
3.60246
3.60248
3.60251
3.60256
3.60261
3.60265
3.60266
3.60266
3.60265
3.60264
3.60261
3.60256
3.60249
3.60241
3.60233
3.60226
3.6022
3.60217
3.60214
3.60212
3.60209
3.60206
3.60202
3.60199
3.60197
3.60196
3.60196
3.60196
3.60197
3.60199
3.60201
3.60205
3.6021
3.60215
3.60219
3.60224
3.60227
3.6023
3.60233
3.60235
3.60237
3.60239
3.6024
3.60241
3.60241
3.60242
3.60243
3.60245
3.60247
3.60249
3.60252
3.60257
3.60262
3.60267
3.60269
3.60269
3.60269
3.60267
3.60264
3.60258
3.6025
3.6024
3.60231
3.60224
3.60218
3.60215
3.60213
3.6021
3.60208
3.60205
3.60203
3.602
3.60197
3.60195
3.60194
3.60193
3.60193
3.60194
3.60195
3.60198
3.60202
3.60207
3.60212
3.60218
3.60223
3.60227
3.60231
3.60234
3.60236
3.60238
3.60239
3.6024
3.6024
3.60241
3.60242
3.60244
3.60246
3.60248
3.60251
3.60254
3.60258
3.60264
3.6027
3.60275
3.60277
3.60279
3.60278
3.60275
3.6027
3.60262
3.60251
3.60239
3.60228
3.6022
3.60215
3.60212
3.60209
3.60207
3.60204
3.60202
3.60199
3.60196
3.60192
3.60189
3.60186
3.60185
3.60185
3.60186
3.60187
3.6019
3.60194
3.60199
3.60205
3.60211
3.60217
3.60222
3.60227
3.60231
3.60234
3.60237
3.60239
3.60241
3.60243
3.60245
3.60248
3.6025
3.60253
3.60257
3.60261
3.60266
3.60272
3.6028
3.60288
3.60292
3.60293
3.60293
3.60288
3.64274
3.64274
3.64274
3.64274
3.64274
3.64274
3.64274
3.64274
3.64274
3.64274
3.64274
3.64274
3.64274
3.64274
3.64274
3.64274
3.64274
3.64274
3.64274
3.64274
3.64274
3.64274
3.64274
3.64274
3.64274
3.64274
3.64274
3.64274
3.64274
3.64274
3.64274
3.64274
3.64274
3.64274
3.64274
3.64274
3.64274
3.64274
3.64274
3.64274
3.64275
3.64277
3.64282
3.64295
3.64324
3.64385
3.64498
3.6467
3.64835
3.64891
3.64889
3.64862
3.64781
3.64621
3.64377
3.64062
3.63698
3.6331
3.6292
3.6254
3.62181
3.61849
3.61555
3.61298
3.61082
3.60904
3.60765
3.60652
3.60562
3.60487
3.60422
3.60366
3.60315
3.6027
3.60229
3.6019
3.60154
3.60126
3.60111
3.60108
3.60108
3.60108
3.6011
3.60113
3.60121
3.60132
3.60146
3.60164
3.60181
3.60197
3.6021
3.60221
3.60229
3.60236
3.60242
3.60248
3.60252
3.60256
3.60259
3.60261
3.60263
3.60264
3.60266
3.60267
3.60268
3.60268
3.60268
3.60267
3.60266
3.60264
3.60261
3.60256
3.6025
3.60243
3.60235
3.60228
3.60221
3.60214
3.60209
3.60203
3.60199
3.60196
3.60195
3.60194
3.60195
3.60195
3.60196
3.60198
3.60201
3.60205
3.6021
3.60216
3.60221
3.60226
3.6023
3.60232
3.60234
3.60236
3.60237
3.60239
3.60241
3.60242
3.60244
3.60246
3.60248
3.60252
3.60256
3.60261
3.60265
3.60266
3.60266
3.60265
3.60264
3.60261
3.60256
3.60249
3.60241
3.60233
3.60226
3.6022
3.60217
3.60214
3.60212
3.60209
3.60206
3.60202
3.60199
3.60197
3.60196
3.60196
3.60196
3.60197
3.60199
3.60201
3.60205
3.6021
3.60215
3.60219
3.60224
3.60227
3.6023
3.60233
3.60235
3.60237
3.60239
3.6024
3.60241
3.60241
3.60242
3.60243
3.60245
3.60247
3.60249
3.60252
3.60257
3.60262
3.60267
3.60269
3.60269
3.60269
3.60267
3.60264
3.60258
3.6025
3.6024
3.60231
3.60223
3.60218
3.60215
3.60213
3.6021
3.60208
3.60205
3.60203
3.602
3.60197
3.60195
3.60194
3.60193
3.60193
3.60194
3.60195
3.60198
3.60202
3.60207
3.60212
3.60218
3.60223
3.60227
3.60231
3.60234
3.60236
3.60238
3.60239
3.60239
3.6024
3.60241
3.60242
3.60244
3.60246
3.60248
3.60251
3.60254
3.60258
3.60264
3.6027
3.60276
3.60277
3.60278
3.60277
3.60275
3.6027
3.60262
3.60251
3.60239
3.60228
3.6022
3.60215
3.60212
3.60209
3.60207
3.60204
3.60202
3.60199
3.60195
3.60192
3.60188
3.60186
3.60185
3.60185
3.60186
3.60187
3.6019
3.60194
3.602
3.60205
3.60211
3.60217
3.60222
3.60226
3.6023
3.60234
3.60237
3.60239
3.60241
3.60243
3.60246
3.60248
3.6025
3.60254
3.60257
3.60261
3.60266
3.60272
3.6028
3.60288
3.60292
3.60293
3.60293
3.60288
3.64274
3.64274
3.64274
3.64274
3.64274
3.64274
3.64274
3.64274
3.64274
3.64274
3.64274
3.64274
3.64274
3.64274
3.64274
3.64274
3.64274
3.64274
3.64274
3.64274
3.64274
3.64274
3.64274
3.64274
3.64274
3.64274
3.64274
3.64274
3.64274
3.64274
3.64274
3.64274
3.64274
3.64274
3.64274
3.64274
3.64274
3.64274
3.64274
3.64274
3.64275
3.64277
3.64282
3.64295
3.64324
3.64385
3.64498
3.6467
3.64835
3.64891
3.64889
3.64862
3.64781
3.64621
3.64377
3.64062
3.63698
3.6331
3.6292
3.62541
3.6218
3.6185
3.61555
3.61298
3.61082
3.60904
3.60765
3.60652
3.60562
3.60487
3.60422
3.60366
3.60315
3.6027
3.60229
3.60189
3.60155
3.60126
3.60111
3.60108
3.60108
3.60108
3.6011
3.60113
3.60121
3.60132
3.60146
3.60164
3.60181
3.60197
3.6021
3.60221
3.60229
3.60237
3.60242
3.60247
3.60252
3.60256
3.60259
3.60261
3.60263
3.60265
3.60266
3.60267
3.60268
3.60268
3.60268
3.60267
3.60266
3.60264
3.60261
3.60256
3.6025
3.60243
3.60235
3.60228
3.60221
3.60214
3.60208
3.60203
3.60199
3.60196
3.60195
3.60195
3.60195
3.60195
3.60196
3.60198
3.60201
3.60205
3.6021
3.60216
3.60221
3.60226
3.6023
3.60232
3.60234
3.60236
3.60238
3.60239
3.60241
3.60242
3.60244
3.60246
3.60249
3.60252
3.60256
3.60261
3.60265
3.60266
3.60266
3.60265
3.60264
3.60261
3.60256
3.60249
3.60241
3.60233
3.60226
3.6022
3.60217
3.60214
3.60211
3.60209
3.60206
3.60202
3.60199
3.60197
3.60197
3.60196
3.60196
3.60197
3.60199
3.60201
3.60205
3.6021
3.60215
3.60219
3.60224
3.60227
3.6023
3.60233
3.60235
3.60237
3.60239
3.6024
3.60241
3.60242
3.60242
3.60243
3.60245
3.60247
3.60249
3.60252
3.60257
3.60262
3.60267
3.60269
3.60269
3.60269
3.60267
3.60264
3.60258
3.6025
3.6024
3.60231
3.60223
3.60218
3.60215
3.60213
3.60211
3.60208
3.60205
3.60203
3.602
3.60197
3.60195
3.60194
3.60193
3.60193
3.60194
3.60195
3.60198
3.60202
3.60207
3.60212
3.60218
3.60223
3.60227
3.60231
3.60234
3.60236
3.60238
3.60239
3.60239
3.6024
3.60241
3.60242
3.60244
3.60246
3.60248
3.60251
3.60254
3.60258
3.60264
3.60271
3.60276
3.60277
3.60277
3.60277
3.60275
3.6027
3.60262
3.60251
3.60239
3.60229
3.6022
3.60215
3.60212
3.60209
3.60207
3.60205
3.60202
3.60199
3.60195
3.60191
3.60188
3.60186
3.60185
3.60185
3.60186
3.60188
3.60191
3.60195
3.602
3.60205
3.60211
3.60217
3.60222
3.60226
3.6023
3.60234
3.60237
3.60239
3.60241
3.60243
3.60246
3.60248
3.60251
3.60254
3.60257
3.60261
3.60266
3.60272
3.6028
3.60288
3.60292
3.60292
3.60292
3.60288
3.64274
3.64274
3.64274
3.64274
3.64274
3.64274
3.64274
3.64274
3.64274
3.64274
3.64274
3.64274
3.64274
3.64274
3.64274
3.64274
3.64274
3.64274
3.64274
3.64274
3.64274
3.64274
3.64274
3.64274
3.64274
3.64274
3.64274
3.64274
3.64274
3.64274
3.64274
3.64274
3.64274
3.64274
3.64274
3.64274
3.64274
3.64274
3.64274
3.64274
3.64275
3.64277
3.64282
3.64295
3.64324
3.64385
3.64498
3.6467
3.64835
3.64891
3.64889
3.64862
3.64781
3.64621
3.64377
3.64062
3.63698
3.63311
3.6292
3.62541
3.62179
3.61851
3.61555
3.61299
3.6108
3.60905
3.60765
3.60652
3.60563
3.60486
3.60422
3.60366
3.60315
3.6027
3.60228
3.60189
3.60155
3.60126
3.60111
3.60108
3.60108
3.60108
3.60109
3.60113
3.60121
3.60132
3.60146
3.60163
3.60181
3.60197
3.6021
3.60221
3.6023
3.60237
3.60242
3.60247
3.60252
3.60255
3.60259
3.60261
3.60263
3.60265
3.60266
3.60267
3.60268
3.60268
3.60268
3.60267
3.60266
3.60264
3.60261
3.60256
3.6025
3.60243
3.60235
3.60228
3.60221
3.60214
3.60208
3.60203
3.60199
3.60196
3.60195
3.60195
3.60195
3.60195
3.60196
3.60198
3.60201
3.60206
3.60211
3.60216
3.60221
3.60226
3.60229
3.60232
3.60234
3.60236
3.60238
3.60239
3.60241
3.60242
3.60244
3.60246
3.60249
3.60252
3.60256
3.60261
3.60265
3.60266
3.60266
3.60265
3.60264
3.60261
3.60256
3.60249
3.60241
3.60233
3.60226
3.6022
3.60217
3.60214
3.60211
3.60209
3.60206
3.60202
3.60199
3.60197
3.60197
3.60196
3.60196
3.60197
3.60199
3.60202
3.60205
3.6021
3.60215
3.60219
3.60224
3.60227
3.6023
3.60233
3.60235
3.60237
3.60239
3.6024
3.60241
3.60242
3.60242
3.60244
3.60245
3.60246
3.60249
3.60252
3.60257
3.60262
3.60267
3.60269
3.60269
3.60269
3.60268
3.60264
3.60259
3.6025
3.6024
3.60231
3.60223
3.60218
3.60215
3.60213
3.60211
3.60208
3.60206
3.60203
3.602
3.60197
3.60195
3.60194
3.60193
3.60193
3.60194
3.60195
3.60198
3.60202
3.60207
3.60212
3.60218
3.60223
3.60228
3.60231
3.60234
3.60236
3.60238
3.60239
3.60239
3.6024
3.60241
3.60242
3.60244
3.60246
3.60248
3.60251
3.60254
3.60258
3.60264
3.60271
3.60276
3.60277
3.60277
3.60276
3.60274
3.6027
3.60262
3.60251
3.6024
3.60229
3.60221
3.60215
3.60212
3.60209
3.60207
3.60205
3.60202
3.60198
3.60195
3.60191
3.60188
3.60186
3.60185
3.60186
3.60186
3.60188
3.60191
3.60195
3.602
3.60205
3.60211
3.60217
3.60221
3.60226
3.60229
3.60233
3.60237
3.60239
3.60241
3.60244
3.60246
3.60248
3.60251
3.60255
3.60258
3.60261
3.60266
3.60272
3.60279
3.60287
3.60291
3.60292
3.60292
3.60288
3.64274
3.64274
3.64274
3.64274
3.64274
3.64274
3.64274
3.64274
3.64274
3.64274
3.64274
3.64274
3.64274
3.64274
3.64274
3.64274
3.64274
3.64274
3.64274
3.64274
3.64274
3.64274
3.64274
3.64274
3.64274
3.64274
3.64274
3.64274
3.64274
3.64274
3.64274
3.64274
3.64274
3.64274
3.64274
3.64274
3.64274
3.64274
3.64274
3.64274
3.64275
3.64277
3.64282
3.64295
3.64324
3.64385
3.64498
3.6467
3.64835
3.64891
3.64889
3.64862
3.64781
3.64621
3.64377
3.64062
3.63698
3.63311
3.62921
3.6254
3.62179
3.61851
3.61555
3.61299
3.6108
3.60906
3.60764
3.60652
3.60562
3.60486
3.60423
3.60366
3.60315
3.6027
3.60228
3.6019
3.60154
3.60125
3.60111
3.60108
3.60108
3.60108
3.6011
3.60113
3.60121
3.60132
3.60146
3.60163
3.60181
3.60197
3.6021
3.60221
3.6023
3.60237
3.60242
3.60247
3.60252
3.60255
3.60259
3.60261
3.60263
3.60265
3.60266
3.60267
3.60268
3.60268
3.60268
3.60268
3.60266
3.60264
3.60261
3.60256
3.6025
3.60243
3.60235
3.60228
3.6022
3.60214
3.60208
3.60203
3.60199
3.60196
3.60195
3.60194
3.60194
3.60195
3.60196
3.60198
3.60201
3.60206
3.60211
3.60216
3.60221
3.60225
3.60229
3.60232
3.60234
3.60236
3.60238
3.60239
3.60241
3.60242
3.60244
3.60246
3.60248
3.60252
3.60256
3.60261
3.60265
3.60266
3.60266
3.60265
3.60264
3.60261
3.60256
3.60249
3.6024
3.60232
3.60226
3.60221
3.60217
3.60214
3.60212
3.60209
3.60205
3.60202
3.60199
3.60197
3.60197
3.60196
3.60196
3.60197
3.60199
3.60202
3.60205
3.6021
3.60215
3.60219
3.60224
3.60227
3.6023
3.60233
3.60235
3.60237
3.60239
3.6024
3.60241
3.60242
3.60243
3.60244
3.60245
3.60246
3.60249
3.60252
3.60256
3.60262
3.60267
3.60269
3.60269
3.60269
3.60268
3.60264
3.60259
3.6025
3.6024
3.60231
3.60223
3.60218
3.60214
3.60212
3.6021
3.60208
3.60206
3.60203
3.602
3.60197
3.60195
3.60194
3.60193
3.60193
3.60194
3.60195
3.60198
3.60202
3.60207
3.60212
3.60218
3.60223
3.60228
3.60231
3.60234
3.60236
3.60238
3.60239
3.60239
3.6024
3.60241
3.60242
3.60244
3.60246
3.60248
3.60251
3.60254
3.60259
3.60264
3.60271
3.60276
3.60277
3.60277
3.60276
3.60274
3.60269
3.60262
3.60251
3.6024
3.60229
3.60221
3.60216
3.60212
3.60209
3.60207
3.60205
3.60202
3.60198
3.60195
3.60191
3.60187
3.60186
3.60185
3.60186
3.60186
3.60188
3.60191
3.60195
3.602
3.60206
3.60211
3.60216
3.60221
3.60226
3.60229
3.60233
3.60236
3.60239
3.60242
3.60244
3.60246
3.60249
3.60252
3.60255
3.60258
3.60261
3.60266
3.60271
3.60279
3.60287
3.60291
3.60292
3.60292
3.60288
3.64274
3.64274
3.64274
3.64274
3.64274
3.64274
3.64274
3.64274
3.64274
3.64274
3.64274
3.64274
3.64274
3.64274
3.64274
3.64274
3.64274
3.64274
3.64274
3.64274
3.64274
3.64274
3.64274
3.64274
3.64274
3.64274
3.64274
3.64274
3.64274
3.64274
3.64274
3.64274
3.64274
3.64274
3.64274
3.64274
3.64274
3.64274
3.64274
3.64274
3.64275
3.64277
3.64282
3.64295
3.64324
3.64385
3.64498
3.6467
3.64835
3.64891
3.64889
3.64862
3.64781
3.64621
3.64377
3.64062
3.63698
3.63311
3.62921
3.62539
3.6218
3.61851
3.61555
3.61298
3.6108
3.60906
3.60764
3.60653
3.60562
3.60486
3.60423
3.60365
3.60315
3.6027
3.60228
3.6019
3.60154
3.60126
3.60111
3.60108
3.60108
3.60108
3.6011
3.60114
3.60121
3.60132
3.60146
3.60163
3.60181
3.60197
3.60211
3.60221
3.6023
3.60236
3.60242
3.60247
3.60252
3.60255
3.60259
3.60261
3.60263
3.60265
3.60266
3.60267
3.60268
3.60268
3.60268
3.60268
3.60267
3.60264
3.60261
3.60256
3.6025
3.60243
3.60235
3.60227
3.6022
3.60214
3.60209
3.60204
3.60199
3.60196
3.60195
3.60194
3.60194
3.60195
3.60196
3.60198
3.60202
3.60206
3.60211
3.60216
3.60221
3.60225
3.60229
3.60232
3.60235
3.60236
3.60238
3.6024
3.60241
3.60242
3.60244
3.60246
3.60248
3.60252
3.60256
3.60261
3.60265
3.60266
3.60266
3.60266
3.60264
3.60261
3.60256
3.60249
3.6024
3.60232
3.60226
3.60221
3.60217
3.60214
3.60212
3.60209
3.60205
3.60202
3.60199
3.60197
3.60197
3.60196
3.60196
3.60197
3.60199
3.60202
3.60205
3.6021
3.60215
3.60219
3.60224
3.60227
3.6023
3.60233
3.60235
3.60237
3.60239
3.6024
3.60241
3.60242
3.60243
3.60244
3.60245
3.60247
3.60249
3.60252
3.60256
3.60262
3.60267
3.60269
3.60269
3.60269
3.60268
3.60264
3.60259
3.6025
3.6024
3.60231
3.60223
3.60218
3.60214
3.60212
3.6021
3.60208
3.60206
3.60204
3.60201
3.60197
3.60195
3.60194
3.60193
3.60193
3.60194
3.60195
3.60198
3.60201
3.60206
3.60212
3.60218
3.60224
3.60228
3.60231
3.60234
3.60236
3.60238
3.60239
3.60239
3.6024
3.60241
3.60242
3.60243
3.60246
3.60248
3.60251
3.60254
3.60259
3.60264
3.60271
3.60276
3.60277
3.60277
3.60276
3.60274
3.60269
3.60261
3.60251
3.6024
3.60229
3.60221
3.60216
3.60212
3.60209
3.60207
3.60205
3.60202
3.60198
3.60195
3.6019
3.60187
3.60185
3.60185
3.60186
3.60187
3.60188
3.60191
3.60195
3.602
3.60206
3.60211
3.60216
3.60221
3.60226
3.60229
3.60233
3.60236
3.60239
3.60242
3.60244
3.60246
3.60249
3.60252
3.60254
3.60257
3.60261
3.60265
3.60271
3.60279
3.60287
3.60291
3.60292
3.60293
3.60288
3.64274
3.64274
3.64274
3.64274
3.64274
3.64274
3.64274
3.64274
3.64274
3.64274
3.64274
3.64274
3.64274
3.64274
3.64274
3.64274
3.64274
3.64274
3.64274
3.64274
3.64274
3.64274
3.64274
3.64274
3.64274
3.64274
3.64274
3.64274
3.64274
3.64274
3.64274
3.64274
3.64274
3.64274
3.64274
3.64274
3.64274
3.64274
3.64274
3.64274
3.64275
3.64277
3.64282
3.64295
3.64324
3.64385
3.64498
3.6467
3.64835
3.64891
3.64889
3.64862
3.64781
3.64621
3.64378
3.64062
3.63698
3.63311
3.62921
3.62539
3.62181
3.61851
3.61556
3.61297
3.61081
3.60906
3.60764
3.60653
3.60561
3.60487
3.60423
3.60365
3.60315
3.6027
3.60228
3.6019
3.60154
3.60126
3.60111
3.60108
3.60108
3.60108
3.6011
3.60114
3.60121
3.60132
3.60146
3.60163
3.60181
3.60197
3.60211
3.60221
3.6023
3.60236
3.60242
3.60247
3.60252
3.60256
3.60259
3.60261
3.60263
3.60265
3.60266
3.60267
3.60268
3.60268
3.60268
3.60268
3.60267
3.60264
3.60261
3.60256
3.6025
3.60243
3.60235
3.60227
3.6022
3.60214
3.60209
3.60204
3.60199
3.60196
3.60194
3.60194
3.60194
3.60195
3.60196
3.60198
3.60202
3.60206
3.60211
3.60216
3.60221
3.60225
3.60229
3.60232
3.60235
3.60236
3.60238
3.6024
3.60241
3.60242
3.60244
3.60246
3.60248
3.60251
3.60256
3.60261
3.60265
3.60266
3.60266
3.60266
3.60264
3.60261
3.60255
3.60248
3.6024
3.60232
3.60226
3.60221
3.60217
3.60214
3.60212
3.60209
3.60205
3.60202
3.60198
3.60197
3.60197
3.60196
3.60197
3.60197
3.60199
3.60202
3.60205
3.6021
3.60214
3.60219
3.60224
3.60227
3.60231
3.60233
3.60236
3.60237
3.60238
3.6024
3.60241
3.60242
3.60243
3.60244
3.60245
3.60247
3.60249
3.60252
3.60256
3.60262
3.60267
3.60269
3.6027
3.60269
3.60268
3.60264
3.60258
3.6025
3.6024
3.60231
3.60223
3.60218
3.60214
3.60212
3.6021
3.60208
3.60206
3.60204
3.60201
3.60197
3.60195
3.60194
3.60193
3.60193
3.60194
3.60195
3.60198
3.60201
3.60206
3.60212
3.60218
3.60224
3.60228
3.60232
3.60234
3.60236
3.60238
3.60239
3.60239
3.6024
3.60241
3.60242
3.60243
3.60246
3.60248
3.60251
3.60254
3.60259
3.60265
3.60271
3.60276
3.60277
3.60277
3.60277
3.60274
3.60269
3.60261
3.60251
3.60239
3.60229
3.60221
3.60216
3.60212
3.6021
3.60207
3.60205
3.60202
3.60199
3.60195
3.6019
3.60187
3.60185
3.60185
3.60186
3.60187
3.60189
3.60191
3.60195
3.602
3.60205
3.60211
3.60216
3.60221
3.60226
3.60229
3.60233
3.60236
3.60239
3.60242
3.60244
3.60247
3.60249
3.60252
3.60254
3.60257
3.60261
3.60265
3.60271
3.60279
3.60287
3.60292
3.60293
3.60294
3.60289
3.64274
3.64274
3.64274
3.64274
3.64274
3.64274
3.64274
3.64274
3.64274
3.64274
3.64274
3.64274
3.64274
3.64274
3.64274
3.64274
3.64274
3.64274
3.64274
3.64274
3.64274
3.64274
3.64274
3.64274
3.64274
3.64274
3.64274
3.64274
3.64274
3.64274
3.64274
3.64274
3.64274
3.64274
3.64274
3.64274
3.64274
3.64274
3.64274
3.64274
3.64275
3.64277
3.64282
3.64295
3.64324
3.64385
3.64498
3.6467
3.64835
3.64891
3.64889
3.64862
3.64781
3.64621
3.64377
3.64061
3.63698
3.63311
3.62921
3.62538
3.62182
3.61851
3.61556
3.61296
3.61082
3.60905
3.60764
3.60653
3.60561
3.60487
3.60423
3.60365
3.60316
3.60269
3.60228
3.6019
3.60154
3.60126
3.60111
3.60108
3.60108
3.60108
3.6011
3.60114
3.60121
3.60132
3.60146
3.60163
3.60181
3.60197
3.60211
3.60221
3.6023
3.60236
3.60242
3.60247
3.60252
3.60256
3.60259
3.60261
3.60263
3.60265
3.60266
3.60267
3.60268
3.60268
3.60268
3.60268
3.60267
3.60264
3.60261
3.60256
3.6025
3.60243
3.60235
3.60227
3.6022
3.60214
3.60209
3.60204
3.60199
3.60196
3.60194
3.60194
3.60194
3.60195
3.60196
3.60198
3.60202
3.60206
3.60211
3.60216
3.60221
3.60225
3.60229
3.60232
3.60235
3.60236
3.60238
3.6024
3.60241
3.60243
3.60244
3.60246
3.60248
3.60251
3.60256
3.60261
3.60265
3.60266
3.60266
3.60266
3.60264
3.60261
3.60255
3.60248
3.6024
3.60232
3.60226
3.60221
3.60218
3.60215
3.60212
3.60209
3.60205
3.60201
3.60198
3.60197
3.60196
3.60196
3.60197
3.60198
3.60199
3.60202
3.60205
3.6021
3.60214
3.60219
3.60224
3.60227
3.60231
3.60233
3.60236
3.60237
3.60238
3.60239
3.6024
3.60241
3.60243
3.60244
3.60245
3.60247
3.60249
3.60252
3.60256
3.60262
3.60267
3.60269
3.6027
3.60269
3.60268
3.60264
3.60258
3.6025
3.6024
3.60231
3.60223
3.60218
3.60214
3.60212
3.6021
3.60208
3.60206
3.60204
3.60201
3.60198
3.60195
3.60193
3.60193
3.60193
3.60194
3.60195
3.60198
3.60201
3.60206
3.60212
3.60218
3.60223
3.60228
3.60232
3.60235
3.60236
3.60238
3.60239
3.60239
3.6024
3.60241
3.60242
3.60243
3.60245
3.60248
3.60251
3.60254
3.60259
3.60265
3.60271
3.60276
3.60277
3.60277
3.60277
3.60274
3.60269
3.60261
3.6025
3.60239
3.60229
3.60221
3.60216
3.60212
3.6021
3.60207
3.60205
3.60202
3.60199
3.60195
3.6019
3.60187
3.60185
3.60185
3.60186
3.60187
3.60189
3.60191
3.60195
3.602
3.60205
3.60211
3.60216
3.60222
3.60226
3.6023
3.60233
3.60236
3.60239
3.60242
3.60244
3.60247
3.60249
3.60251
3.60254
3.60257
3.6026
3.60265
3.60271
3.60279
3.60287
3.60292
3.60293
3.60294
3.60289
3.64274
3.64274
3.64274
3.64274
3.64274
3.64274
3.64274
3.64274
3.64274
3.64274
3.64274
3.64274
3.64274
3.64274
3.64274
3.64274
3.64274
3.64274
3.64274
3.64274
3.64274
3.64274
3.64274
3.64274
3.64274
3.64274
3.64274
3.64274
3.64274
3.64274
3.64274
3.64274
3.64274
3.64274
3.64274
3.64274
3.64274
3.64274
3.64274
3.64274
3.64275
3.64277
3.64282
3.64295
3.64324
3.64385
3.64498
3.6467
3.64835
3.64891
3.64889
3.64862
3.64781
3.64621
3.64377
3.64061
3.63698
3.63311
3.6292
3.62539
3.62182
3.61851
3.61555
3.61296
3.61083
3.60904
3.60765
3.60652
3.60561
3.60488
3.60422
3.60366
3.60315
3.60269
3.60229
3.6019
3.60154
3.60126
3.60111
3.60108
3.60108
3.60108
3.6011
3.60114
3.60121
3.60132
3.60146
3.60164
3.60181
3.60197
3.60211
3.60221
3.60229
3.60236
3.60242
3.60247
3.60252
3.60256
3.60259
3.60261
3.60263
3.60265
3.60266
3.60267
3.60268
3.60268
3.60268
3.60268
3.60266
3.60264
3.60261
3.60256
3.6025
3.60242
3.60235
3.60228
3.60221
3.60215
3.60209
3.60204
3.60199
3.60196
3.60194
3.60194
3.60194
3.60195
3.60196
3.60198
3.60202
3.60206
3.60211
3.60216
3.60221
3.60225
3.60229
3.60232
3.60235
3.60236
3.60238
3.60239
3.60241
3.60242
3.60244
3.60246
3.60248
3.60251
3.60256
3.60261
3.60265
3.60266
3.60266
3.60266
3.60264
3.60261
3.60255
3.60248
3.6024
3.60232
3.60226
3.60221
3.60218
3.60215
3.60212
3.60209
3.60205
3.60201
3.60198
3.60197
3.60196
3.60196
3.60197
3.60198
3.60199
3.60202
3.60205
3.60209
3.60214
3.60219
3.60224
3.60228
3.60231
3.60234
3.60235
3.60237
3.60238
3.60239
3.6024
3.60242
3.60243
3.60244
3.60245
3.60247
3.60249
3.60252
3.60256
3.60261
3.60267
3.60269
3.6027
3.60269
3.60268
3.60265
3.60259
3.6025
3.6024
3.60231
3.60223
3.60218
3.60214
3.60212
3.6021
3.60208
3.60206
3.60204
3.60201
3.60198
3.60195
3.60193
3.60193
3.60193
3.60194
3.60195
3.60198
3.60201
3.60206
3.60212
3.60218
3.60223
3.60228
3.60232
3.60235
3.60236
3.60238
3.60239
3.60239
3.6024
3.60241
3.60242
3.60243
3.60245
3.60248
3.60251
3.60254
3.60259
3.60265
3.60271
3.60276
3.60278
3.60278
3.60277
3.60274
3.60269
3.60261
3.6025
3.60239
3.60228
3.60221
3.60216
3.60213
3.6021
3.60208
3.60205
3.60202
3.60199
3.60195
3.6019
3.60187
3.60185
3.60185
3.60186
3.60187
3.60189
3.60191
3.60195
3.602
3.60205
3.60211
3.60216
3.60221
3.60226
3.6023
3.60233
3.60237
3.60239
3.60242
3.60244
3.60246
3.60249
3.60251
3.60254
3.60257
3.6026
3.60264
3.60271
3.60279
3.60287
3.60292
3.60294
3.60294
3.60289
3.64274
3.64274
3.64274
3.64274
3.64274
3.64274
3.64274
3.64274
3.64274
3.64274
3.64274
3.64274
3.64274
3.64274
3.64274
3.64274
3.64274
3.64274
3.64274
3.64274
3.64274
3.64274
3.64274
3.64274
3.64274
3.64274
3.64274
3.64274
3.64274
3.64274
3.64274
3.64274
3.64274
3.64274
3.64274
3.64274
3.64274
3.64274
3.64274
3.64274
3.64275
3.64277
3.64282
3.64295
3.64324
3.64385
3.64498
3.6467
3.64835
3.64891
3.64889
3.64862
3.64781
3.64621
3.64377
3.64061
3.63699
3.63311
3.62919
3.6254
3.62182
3.61851
3.61554
3.61297
3.61082
3.60905
3.60765
3.60651
3.60562
3.60487
3.60422
3.60366
3.60315
3.6027
3.60229
3.6019
3.60154
3.60125
3.60111
3.60108
3.60108
3.60108
3.6011
3.60113
3.60121
3.60132
3.60146
3.60164
3.60181
3.60197
3.6021
3.60221
3.60229
3.60236
3.60242
3.60247
3.60252
3.60256
3.60259
3.60261
3.60263
3.60265
3.60266
3.60268
3.60268
3.60268
3.60268
3.60268
3.60266
3.60264
3.60261
3.60256
3.60249
3.60242
3.60235
3.60228
3.60221
3.60215
3.60209
3.60204
3.60199
3.60196
3.60195
3.60194
3.60194
3.60195
3.60196
3.60198
3.60201
3.60206
3.60211
3.60216
3.60221
3.60225
3.60229
3.60232
3.60235
3.60236
3.60238
3.60239
3.60241
3.60242
3.60244
3.60246
3.60249
3.60252
3.60256
3.60261
3.60265
3.60266
3.60266
3.60266
3.60264
3.60261
3.60255
3.60248
3.6024
3.60232
3.60226
3.60221
3.60218
3.60215
3.60212
3.60209
3.60205
3.60202
3.60198
3.60196
3.60196
3.60196
3.60197
3.60198
3.602
3.60202
3.60205
3.60209
3.60214
3.60219
3.60224
3.60228
3.60231
3.60234
3.60235
3.60237
3.60238
3.60239
3.6024
3.60242
3.60243
3.60244
3.60245
3.60247
3.60249
3.60252
3.60256
3.60261
3.60267
3.60269
3.6027
3.60269
3.60268
3.60265
3.60259
3.6025
3.6024
3.6023
3.60223
3.60218
3.60214
3.60212
3.6021
3.60208
3.60206
3.60204
3.60201
3.60198
3.60195
3.60193
3.60193
3.60193
3.60194
3.60195
3.60198
3.60201
3.60206
3.60212
3.60218
3.60223
3.60228
3.60232
3.60235
3.60236
3.60238
3.60239
3.60239
3.6024
3.60241
3.60242
3.60243
3.60245
3.60247
3.6025
3.60254
3.60259
3.60265
3.60271
3.60276
3.60278
3.60278
3.60277
3.60275
3.6027
3.60261
3.6025
3.60239
3.60228
3.6022
3.60215
3.60213
3.6021
3.60208
3.60205
3.60202
3.60199
3.60195
3.6019
3.60187
3.60185
3.60185
3.60186
3.60187
3.60189
3.60191
3.60195
3.60199
3.60205
3.6021
3.60216
3.60221
3.60226
3.6023
3.60234
3.60237
3.6024
3.60242
3.60244
3.60246
3.60249
3.60251
3.60254
3.60257
3.6026
3.60264
3.60271
3.60279
3.60287
3.60293
3.60294
3.60294
3.60289
3.64274
3.64274
3.64274
3.64274
3.64274
3.64274
3.64274
3.64274
3.64274
3.64274
3.64274
3.64274
3.64274
3.64274
3.64274
3.64274
3.64274
3.64274
3.64274
3.64274
3.64274
3.64274
3.64274
3.64274
3.64274
3.64274
3.64274
3.64274
3.64274
3.64274
3.64274
3.64274
3.64274
3.64274
3.64274
3.64274
3.64274
3.64274
3.64274
3.64274
3.64275
3.64277
3.64282
3.64295
3.64324
3.64385
3.64498
3.6467
3.64835
3.64891
3.64889
3.64862
3.64781
3.64621
3.64377
3.64062
3.63699
3.63311
3.62919
3.6254
3.62181
3.61852
3.61553
3.61298
3.61082
3.60905
3.60765
3.60651
3.60563
3.60487
3.60422
3.60366
3.60315
3.6027
3.60229
3.6019
3.60154
3.60125
3.60111
3.60108
3.60108
3.60109
3.6011
3.60113
3.60121
3.60132
3.60146
3.60164
3.60181
3.60197
3.6021
3.60221
3.60229
3.60236
3.60242
3.60247
3.60252
3.60255
3.60258
3.60261
3.60263
3.60265
3.60267
3.60268
3.60268
3.60268
3.60268
3.60268
3.60266
3.60264
3.6026
3.60256
3.60249
3.60243
3.60235
3.60228
3.60221
3.60215
3.60209
3.60203
3.60199
3.60196
3.60195
3.60195
3.60194
3.60195
3.60196
3.60198
3.60201
3.60206
3.60211
3.60216
3.60221
3.60226
3.60229
3.60232
3.60234
3.60236
3.60238
3.60239
3.60241
3.60242
3.60244
3.60246
3.60249
3.60252
3.60256
3.60261
3.60264
3.60266
3.60266
3.60266
3.60264
3.60261
3.60255
3.60248
3.6024
3.60232
3.60226
3.60221
3.60218
3.60215
3.60212
3.60209
3.60205
3.60201
3.60198
3.60196
3.60196
3.60196
3.60197
3.60198
3.602
3.60202
3.60205
3.60209
3.60214
3.60219
3.60224
3.60228
3.60231
3.60233
3.60235
3.60236
3.60238
3.60239
3.60241
3.60242
3.60243
3.60244
3.60245
3.60247
3.60249
3.60252
3.60256
3.60261
3.60267
3.60269
3.6027
3.60269
3.60268
3.60265
3.60259
3.6025
3.6024
3.60231
3.60223
3.60218
3.60214
3.60212
3.6021
3.60208
3.60206
3.60204
3.60201
3.60197
3.60195
3.60194
3.60193
3.60193
3.60194
3.60195
3.60198
3.60201
3.60206
3.60212
3.60218
3.60223
3.60228
3.60232
3.60234
3.60236
3.60238
3.60239
3.60239
3.6024
3.60241
3.60242
3.60244
3.60245
3.60247
3.6025
3.60254
3.60259
3.60265
3.60271
3.60276
3.60278
3.60278
3.60277
3.60275
3.6027
3.60262
3.60251
3.60239
3.60228
3.6022
3.60215
3.60212
3.6021
3.60208
3.60205
3.60202
3.60199
3.60194
3.6019
3.60187
3.60186
3.60186
3.60186
3.60187
3.60189
3.60191
3.60195
3.60199
3.60204
3.6021
3.60216
3.60221
3.60226
3.60231
3.60235
3.60237
3.6024
3.60242
3.60244
3.60246
3.60248
3.60251
3.60254
3.60257
3.6026
3.60265
3.60271
3.60279
3.60287
3.60293
3.60294
3.60294
3.60289
3.64274
3.64274
3.64274
3.64274
3.64274
3.64274
3.64274
3.64274
3.64274
3.64274
3.64274
3.64274
3.64274
3.64274
3.64274
3.64274
3.64274
3.64274
3.64274
3.64274
3.64274
3.64274
3.64274
3.64274
3.64274
3.64274
3.64274
3.64274
3.64274
3.64274
3.64274
3.64274
3.64274
3.64274
3.64274
3.64274
3.64274
3.64274
3.64274
3.64274
3.64275
3.64277
3.64282
3.64295
3.64324
3.64385
3.64498
3.6467
3.64835
3.64891
3.64889
3.64862
3.64781
3.64621
3.64377
3.64062
3.63699
3.63311
3.62919
3.62541
3.62182
3.61851
3.61553
3.61299
3.61081
3.60906
3.60763
3.60652
3.60563
3.60486
3.60423
3.60365
3.60315
3.6027
3.60228
3.6019
3.60154
3.60125
3.60111
3.60108
3.60108
3.60109
3.6011
3.60114
3.60121
3.60132
3.60147
3.60163
3.60181
3.60197
3.6021
3.60221
3.60229
3.60236
3.60242
3.60247
3.60252
3.60255
3.60258
3.60261
3.60263
3.60265
3.60267
3.60268
3.60268
3.60268
3.60268
3.60267
3.60266
3.60264
3.6026
3.60255
3.6025
3.60243
3.60235
3.60228
3.60221
3.60215
3.60208
3.60203
3.60199
3.60196
3.60195
3.60195
3.60195
3.60195
3.60196
3.60198
3.60201
3.60205
3.60211
3.60216
3.60221
3.60226
3.60229
3.60232
3.60234
3.60236
3.60238
3.60239
3.60241
3.60242
3.60244
3.60247
3.60249
3.60252
3.60256
3.6026
3.60264
3.60266
3.60266
3.60266
3.60264
3.60261
3.60256
3.60248
3.6024
3.60232
3.60226
3.60221
3.60218
3.60215
3.60212
3.60209
3.60205
3.60201
3.60198
3.60196
3.60196
3.60196
3.60197
3.60198
3.602
3.60202
3.60205
3.60209
3.60214
3.60219
3.60224
3.60228
3.60231
3.60233
3.60235
3.60236
3.60238
3.60239
3.60241
3.60242
3.60243
3.60244
3.60245
3.60246
3.60248
3.60251
3.60256
3.60261
3.60267
3.60269
3.6027
3.60269
3.60268
3.60264
3.60259
3.6025
3.6024
3.60231
3.60223
3.60218
3.60214
3.60212
3.6021
3.60208
3.60206
3.60203
3.602
3.60197
3.60195
3.60193
3.60193
3.60194
3.60194
3.60195
3.60198
3.60201
3.60206
3.60212
3.60218
3.60223
3.60228
3.60232
3.60234
3.60236
3.60237
3.60239
3.60239
3.6024
3.60241
3.60242
3.60244
3.60245
3.60248
3.6025
3.60254
3.60258
3.60264
3.60271
3.60276
3.60278
3.60278
3.60277
3.60275
3.6027
3.60262
3.60251
3.60239
3.60228
3.6022
3.60215
3.60212
3.6021
3.60208
3.60205
3.60202
3.60199
3.60194
3.6019
3.60187
3.60186
3.60186
3.60186
3.60187
3.60189
3.60191
3.60195
3.60199
3.60204
3.6021
3.60216
3.60221
3.60226
3.60231
3.60235
3.60237
3.60239
3.60241
3.60243
3.60246
3.60248
3.60251
3.60254
3.60257
3.6026
3.60265
3.60271
3.60279
3.60287
3.60293
3.60294
3.60294
3.60288
3.64274
3.64274
3.64274
3.64274
3.64274
3.64274
3.64274
3.64274
3.64274
3.64274
3.64274
3.64274
3.64274
3.64274
3.64274
3.64274
3.64274
3.64274
3.64274
3.64274
3.64274
3.64274
3.64274
3.64274
3.64274
3.64274
3.64274
3.64274
3.64274
3.64274
3.64274
3.64274
3.64274
3.64274
3.64274
3.64274
3.64274
3.64274
3.64274
3.64274
3.64275
3.64277
3.64282
3.64295
3.64324
3.64385
3.64498
3.6467
3.64835
3.64891
3.64889
3.64862
3.64781
3.64621
3.64377
3.64062
3.63699
3.6331
3.62919
3.62541
3.62182
3.6185
3.61554
3.61298
3.61081
3.60906
3.60763
3.60653
3.60562
3.60487
3.60423
3.60365
3.60315
3.6027
3.60228
3.6019
3.60154
3.60125
3.60111
3.60108
3.60108
3.60108
3.6011
3.60114
3.60121
3.60132
3.60146
3.60163
3.60181
3.60197
3.6021
3.60221
3.60229
3.60236
3.60242
3.60247
3.60252
3.60255
3.60258
3.60261
3.60263
3.60265
3.60267
3.60268
3.60268
3.60268
3.60268
3.60267
3.60266
3.60264
3.6026
3.60256
3.6025
3.60243
3.60235
3.60228
3.60221
3.60215
3.60208
3.60203
3.60199
3.60196
3.60195
3.60195
3.60195
3.60195
3.60196
3.60198
3.60201
3.60205
3.60211
3.60216
3.60222
3.60226
3.60229
3.60232
3.60234
3.60236
3.60238
3.60239
3.60241
3.60242
3.60244
3.60247
3.60249
3.60252
3.60256
3.6026
3.60264
3.60266
3.60266
3.60266
3.60264
3.60261
3.60256
3.60249
3.6024
3.60232
3.60226
3.60221
3.60218
3.60215
3.60212
3.60209
3.60205
3.60201
3.60198
3.60196
3.60196
3.60196
3.60197
3.60198
3.60199
3.60202
3.60205
3.60209
3.60214
3.60219
3.60224
3.60228
3.60231
3.60233
3.60235
3.60236
3.60238
3.60239
3.60241
3.60242
3.60243
3.60244
3.60245
3.60246
3.60248
3.60251
3.60256
3.60261
3.60267
3.6027
3.6027
3.60269
3.60268
3.60264
3.60258
3.6025
3.6024
3.60231
3.60223
3.60218
3.60214
3.60212
3.6021
3.60208
3.60206
3.60204
3.602
3.60197
3.60194
3.60193
3.60194
3.60194
3.60194
3.60195
3.60198
3.60201
3.60206
3.60212
3.60218
3.60224
3.60228
3.60232
3.60234
3.60236
3.60237
3.60239
3.60239
3.6024
3.60241
3.60242
3.60244
3.60246
3.60248
3.6025
3.60254
3.60258
3.60264
3.60271
3.60276
3.60278
3.60278
3.60277
3.60274
3.6027
3.60262
3.60251
3.60239
3.60229
3.60221
3.60215
3.60212
3.60209
3.60207
3.60205
3.60202
3.60198
3.60194
3.6019
3.60187
3.60186
3.60186
3.60186
3.60187
3.60189
3.60191
3.60195
3.60199
3.60204
3.6021
3.60216
3.60221
3.60227
3.60231
3.60235
3.60237
3.60239
3.60241
3.60243
3.60246
3.60248
3.60251
3.60254
3.60257
3.6026
3.60265
3.60271
3.60279
3.60288
3.60293
3.60294
3.60294
3.60288
3.64274
3.64274
3.64274
3.64274
3.64274
3.64274
3.64274
3.64274
3.64274
3.64274
3.64274
3.64274
3.64274
3.64274
3.64274
3.64274
3.64274
3.64274
3.64274
3.64274
3.64274
3.64274
3.64274
3.64274
3.64274
3.64274
3.64274
3.64274
3.64274
3.64274
3.64274
3.64274
3.64274
3.64274
3.64274
3.64274
3.64274
3.64274
3.64274
3.64274
3.64275
3.64277
3.64282
3.64295
3.64324
3.64385
3.64498
3.6467
3.64835
3.64891
3.64889
3.64862
3.64781
3.64621
3.64377
3.64062
3.63699
3.6331
3.6292
3.6254
3.62182
3.61849
3.61555
3.61297
3.61082
3.60905
3.60763
3.60653
3.60561
3.60487
3.60423
3.60365
3.60315
3.6027
3.60228
3.6019
3.60154
3.60125
3.60111
3.60108
3.60108
3.60108
3.6011
3.60114
3.60121
3.60132
3.60146
3.60163
3.60181
3.60197
3.6021
3.60221
3.60229
3.60236
3.60242
3.60247
3.60252
3.60255
3.60259
3.60261
3.60263
3.60265
3.60266
3.60268
3.60268
3.60268
3.60268
3.60267
3.60266
3.60264
3.6026
3.60256
3.6025
3.60243
3.60235
3.60228
3.60221
3.60214
3.60208
3.60203
3.60199
3.60196
3.60195
3.60195
3.60195
3.60195
3.60196
3.60198
3.60201
3.60205
3.60211
3.60216
3.60221
3.60226
3.60229
3.60232
3.60234
3.60236
3.60238
3.60239
3.60241
3.60242
3.60244
3.60246
3.60249
3.60252
3.60256
3.6026
3.60264
3.60266
3.60266
3.60266
3.60264
3.60261
3.60256
3.60249
3.6024
3.60232
3.60226
3.60221
3.60218
3.60215
3.60212
3.60209
3.60205
3.60201
3.60198
3.60196
3.60196
3.60196
3.60197
3.60198
3.60199
3.60202
3.60205
3.60209
3.60214
3.6022
3.60224
3.60228
3.60231
3.60233
3.60235
3.60236
3.60238
3.60239
3.60241
3.60242
3.60243
3.60244
3.60245
3.60246
3.60248
3.60251
3.60256
3.60261
3.60267
3.6027
3.6027
3.60269
3.60268
3.60264
3.60258
3.6025
3.60241
3.60231
3.60223
3.60218
3.60214
3.60212
3.6021
3.60208
3.60206
3.60203
3.602
3.60197
3.60194
3.60194
3.60194
3.60194
3.60194
3.60195
3.60198
3.60201
3.60206
3.60212
3.60218
3.60224
3.60228
3.60231
3.60234
3.60236
3.60237
3.60238
3.60239
3.6024
3.60241
3.60242
3.60244
3.60246
3.60248
3.60251
3.60254
3.60258
3.60264
3.60271
3.60276
3.60277
3.60278
3.60277
3.60274
3.6027
3.60262
3.60251
3.6024
3.60229
3.60221
3.60216
3.60212
3.60209
3.60207
3.60204
3.60202
3.60198
3.60194
3.6019
3.60187
3.60186
3.60186
3.60187
3.60187
3.60189
3.60191
3.60194
3.60199
3.60204
3.6021
3.60216
3.60221
3.60227
3.60231
3.60235
3.60237
3.60239
3.60241
3.60243
3.60246
3.60248
3.60251
3.60254
3.60257
3.6026
3.60265
3.60271
3.60279
3.60288
3.60293
3.60294
3.60294
3.60288
3.64274
3.64274
3.64274
3.64274
3.64274
3.64274
3.64274
3.64274
3.64274
3.64274
3.64274
3.64274
3.64274
3.64274
3.64274
3.64274
3.64274
3.64274
3.64274
3.64274
3.64274
3.64274
3.64274
3.64274
3.64274
3.64274
3.64274
3.64274
3.64274
3.64274
3.64274
3.64274
3.64274
3.64274
3.64274
3.64274
3.64274
3.64274
3.64274
3.64274
3.64275
3.64277
3.64282
3.64295
3.64324
3.64385
3.64498
3.6467
3.64835
3.64891
3.64889
3.64862
3.64781
3.64621
3.64377
3.64062
3.63699
3.6331
3.62921
3.6254
3.62182
3.61849
3.61556
3.61297
3.61082
3.60905
3.60763
3.60653
3.60561
3.60487
3.60423
3.60365
3.60316
3.6027
3.60228
3.6019
3.60153
3.60126
3.60111
3.60108
3.60108
3.60108
3.6011
3.60114
3.60121
3.60132
3.60146
3.60163
3.60181
3.60197
3.60211
3.60221
3.60229
3.60236
3.60242
3.60247
3.60252
3.60256
3.60259
3.60261
3.60263
3.60265
3.60266
3.60268
3.60268
3.60268
3.60268
3.60268
3.60266
3.60264
3.6026
3.60256
3.6025
3.60243
3.60235
3.60228
3.60221
3.60214
3.60209
3.60203
3.60199
3.60196
3.60195
3.60195
3.60194
3.60195
3.60196
3.60198
3.60201
3.60206
3.60211
3.60216
3.60221
3.60226
3.60229
3.60232
3.60234
3.60236
3.60238
3.60239
3.60241
3.60243
3.60244
3.60246
3.60249
3.60252
3.60256
3.60261
3.60264
3.60266
3.60266
3.60266
3.60264
3.60261
3.60256
3.60249
3.6024
3.60232
3.60225
3.60221
3.60217
3.60215
3.60212
3.60209
3.60205
3.60201
3.60198
3.60196
3.60196
3.60196
3.60197
3.60198
3.60199
3.60202
3.60205
3.60209
3.60215
3.6022
3.60224
3.60228
3.60231
3.60233
3.60235
3.60236
3.60238
3.6024
3.60241
3.60242
3.60243
3.60244
3.60245
3.60246
3.60248
3.60251
3.60256
3.60261
3.60267
3.6027
3.6027
3.60269
3.60268
3.60264
3.60258
3.6025
3.60241
3.60231
3.60223
3.60218
3.60214
3.60212
3.6021
3.60208
3.60206
3.60203
3.602
3.60197
3.60194
3.60194
3.60194
3.60194
3.60194
3.60195
3.60198
3.60201
3.60206
3.60212
3.60218
3.60224
3.60228
3.60231
3.60234
3.60236
3.60237
3.60238
3.60239
3.6024
3.60241
3.60242
3.60244
3.60246
3.60248
3.60251
3.60254
3.60258
3.60264
3.60271
3.60276
3.60277
3.60277
3.60277
3.60274
3.6027
3.60262
3.60251
3.6024
3.60229
3.60221
3.60216
3.60212
3.60209
3.60207
3.60204
3.60201
3.60198
3.60194
3.6019
3.60188
3.60186
3.60186
3.60187
3.60187
3.60189
3.60191
3.60194
3.60198
3.60204
3.6021
3.60216
3.60222
3.60227
3.60231
3.60234
3.60237
3.60239
3.60241
3.60243
3.60246
3.60248
3.6025
3.60253
3.60256
3.6026
3.60265
3.60272
3.6028
3.60289
3.60294
3.60294
3.60293
3.60287
3.64274
3.64274
3.64274
3.64274
3.64274
3.64274
3.64274
3.64274
3.64274
3.64274
3.64274
3.64274
3.64274
3.64274
3.64274
3.64274
3.64274
3.64274
3.64274
3.64274
3.64274
3.64274
3.64274
3.64274
3.64274
3.64274
3.64274
3.64274
3.64274
3.64274
3.64274
3.64274
3.64274
3.64274
3.64274
3.64274
3.64274
3.64274
3.64274
3.64274
3.64275
3.64277
3.64282
3.64295
3.64324
3.64385
3.64498
3.6467
3.64835
3.64891
3.64889
3.64862
3.64781
3.64621
3.64377
3.64062
3.63698
3.63311
3.62921
3.62539
3.62182
3.6185
3.61556
3.61296
3.61082
3.60905
3.60764
3.60653
3.60561
3.60487
3.60422
3.60365
3.60316
3.6027
3.60228
3.6019
3.60154
3.60126
3.60111
3.60108
3.60108
3.60108
3.6011
3.60114
3.60121
3.60132
3.60146
3.60163
3.60181
3.60197
3.60211
3.60221
3.60229
3.60236
3.60242
3.60247
3.60252
3.60256
3.60259
3.60261
3.60263
3.60264
3.60266
3.60267
3.60268
3.60268
3.60268
3.60268
3.60266
3.60264
3.6026
3.60256
3.6025
3.60243
3.60235
3.60228
3.60221
3.60215
3.60209
3.60204
3.60199
3.60196
3.60195
3.60194
3.60194
3.60195
3.60196
3.60198
3.60201
3.60206
3.60211
3.60216
3.60221
3.60225
3.60229
3.60232
3.60234
3.60236
3.60238
3.60239
3.60241
3.60243
3.60244
3.60246
3.60248
3.60251
3.60256
3.60261
3.60265
3.60266
3.60266
3.60266
3.60264
3.60261
3.60256
3.60249
3.6024
3.60232
3.60225
3.60221
3.60217
3.60215
3.60212
3.60209
3.60206
3.60202
3.60198
3.60196
3.60196
3.60196
3.60197
3.60198
3.60199
3.60202
3.60205
3.60209
3.60215
3.6022
3.60224
3.60228
3.60231
3.60233
3.60235
3.60237
3.60239
3.6024
3.60241
3.60242
3.60243
3.60244
3.60245
3.60246
3.60249
3.60252
3.60256
3.60262
3.60267
3.6027
3.6027
3.60269
3.60268
3.60264
3.60258
3.6025
3.6024
3.60231
3.60223
3.60218
3.60214
3.60212
3.6021
3.60208
3.60206
3.60203
3.602
3.60197
3.60194
3.60193
3.60193
3.60194
3.60194
3.60195
3.60198
3.60201
3.60206
3.60212
3.60218
3.60224
3.60228
3.60232
3.60234
3.60236
3.60237
3.60238
3.60239
3.6024
3.60241
3.60242
3.60244
3.60246
3.60248
3.60251
3.60254
3.60258
3.60264
3.60271
3.60276
3.60277
3.60277
3.60276
3.60275
3.6027
3.60262
3.60251
3.6024
3.60229
3.60221
3.60216
3.60212
3.60209
3.60207
3.60204
3.60201
3.60198
3.60194
3.60191
3.60188
3.60187
3.60187
3.60187
3.60187
3.60189
3.6019
3.60193
3.60198
3.60204
3.6021
3.60217
3.60222
3.60227
3.60231
3.60234
3.60237
3.60239
3.60241
3.60243
3.60246
3.60248
3.6025
3.60253
3.60256
3.6026
3.60265
3.60272
3.60281
3.60289
3.60294
3.60294
3.60293
3.60287
3.64274
3.64274
3.64274
3.64274
3.64274
3.64274
3.64274
3.64274
3.64274
3.64274
3.64274
3.64274
3.64274
3.64274
3.64274
3.64274
3.64274
3.64274
3.64274
3.64274
3.64274
3.64274
3.64274
3.64274
3.64274
3.64274
3.64274
3.64274
3.64274
3.64274
3.64274
3.64274
3.64274
3.64274
3.64274
3.64274
3.64274
3.64274
3.64274
3.64274
3.64275
3.64277
3.64282
3.64295
3.64324
3.64385
3.64498
3.6467
3.64835
3.64891
3.64889
3.64862
3.64781
3.64621
3.64378
3.64062
3.63698
3.63311
3.62921
3.62539
3.62182
3.6185
3.61556
3.61296
3.61082
3.60905
3.60764
3.60653
3.60561
3.60487
3.60423
3.60365
3.60316
3.6027
3.60228
3.6019
3.60154
3.60126
3.60111
3.60108
3.60108
3.60108
3.6011
3.60114
3.60121
3.60132
3.60146
3.60163
3.60181
3.60197
3.6021
3.60221
3.60229
3.60236
3.60242
3.60247
3.60252
3.60256
3.60259
3.60261
3.60263
3.60264
3.60266
3.60267
3.60268
3.60269
3.60268
3.60268
3.60266
3.60264
3.6026
3.60256
3.6025
3.60243
3.60235
3.60228
3.60221
3.60215
3.60209
3.60204
3.60199
3.60196
3.60195
3.60194
3.60194
3.60195
3.60196
3.60198
3.60202
3.60206
3.60211
3.60216
3.60221
3.60225
3.60229
3.60232
3.60234
3.60236
3.60238
3.60239
3.60241
3.60243
3.60244
3.60246
3.60248
3.60251
3.60256
3.60261
3.60265
3.60266
3.60266
3.60266
3.60264
3.60261
3.60256
3.60249
3.6024
3.60232
3.60225
3.60221
3.60217
3.60215
3.60212
3.60209
3.60206
3.60202
3.60198
3.60196
3.60196
3.60196
3.60197
3.60198
3.60199
3.60202
3.60205
3.60209
3.60214
3.60219
3.60224
3.60228
3.60231
3.60233
3.60235
3.60237
3.60239
3.6024
3.60241
3.60242
3.60243
3.60243
3.60245
3.60246
3.60248
3.60252
3.60256
3.60262
3.60267
3.6027
3.6027
3.60269
3.60268
3.60264
3.60258
3.6025
3.6024
3.60231
3.60223
3.60218
3.60215
3.60212
3.6021
3.60208
3.60206
3.60203
3.602
3.60197
3.60195
3.60194
3.60193
3.60193
3.60194
3.60195
3.60198
3.60201
3.60206
3.60212
3.60218
3.60223
3.60228
3.60232
3.60234
3.60236
3.60238
3.60238
3.60239
3.6024
3.60241
3.60242
3.60244
3.60246
3.60248
3.60251
3.60254
3.60259
3.60264
3.60271
3.60276
3.60277
3.60277
3.60276
3.60275
3.6027
3.60262
3.60252
3.6024
3.60229
3.60221
3.60216
3.60212
3.60209
3.60206
3.60204
3.60201
3.60198
3.60194
3.60191
3.60188
3.60187
3.60187
3.60187
3.60188
3.60188
3.6019
3.60193
3.60198
3.60204
3.6021
3.60217
3.60223
3.60228
3.60231
3.60234
3.60237
3.60239
3.60241
3.60244
3.60246
3.60248
3.6025
3.60253
3.60256
3.60259
3.60265
3.60272
3.60281
3.6029
3.60294
3.60294
3.60294
3.60287
3.64274
3.64274
3.64274
3.64274
3.64274
3.64274
3.64274
3.64274
3.64274
3.64274
3.64274
3.64274
3.64274
3.64274
3.64274
3.64274
3.64274
3.64274
3.64274
3.64274
3.64274
3.64274
3.64274
3.64274
3.64274
3.64274
3.64274
3.64274
3.64274
3.64274
3.64274
3.64274
3.64274
3.64274
3.64274
3.64274
3.64274
3.64274
3.64274
3.64274
3.64275
3.64277
3.64282
3.64295
3.64324
3.64385
3.64498
3.6467
3.64835
3.64891
3.64889
3.64862
3.64781
3.64621
3.64378
3.64062
3.63698
3.63311
3.62921
3.62539
3.62181
3.61851
3.61556
3.61297
3.61081
3.60905
3.60764
3.60653
3.60561
3.60487
3.60423
3.60365
3.60316
3.6027
3.60228
3.6019
3.60154
3.60126
3.60111
3.60108
3.60108
3.60108
3.6011
3.60114
3.60121
3.60132
3.60147
3.60164
3.60181
3.60197
3.6021
3.60221
3.60229
3.60236
3.60242
3.60248
3.60252
3.60256
3.60259
3.60261
3.60263
3.60264
3.60266
3.60267
3.60268
3.60269
3.60268
3.60268
3.60266
3.60264
3.6026
3.60256
3.6025
3.60243
3.60235
3.60228
3.60221
3.60214
3.60209
3.60204
3.60199
3.60196
3.60195
3.60194
3.60194
3.60195
3.60196
3.60198
3.60202
3.60206
3.60211
3.60216
3.60221
3.60225
3.60229
3.60232
3.60235
3.60236
3.60238
3.60239
3.60241
3.60242
3.60244
3.60246
3.60248
3.60251
3.60256
3.6026
3.60265
3.60266
3.60266
3.60266
3.60264
3.60261
3.60256
3.60249
3.6024
3.60232
3.60225
3.6022
3.60217
3.60215
3.60212
3.60209
3.60206
3.60202
3.60198
3.60196
3.60196
3.60196
3.60197
3.60198
3.60199
3.60202
3.60205
3.6021
3.60214
3.60219
3.60224
3.60228
3.60231
3.60233
3.60235
3.60237
3.60239
3.6024
3.60241
3.60242
3.60243
3.60243
3.60244
3.60246
3.60248
3.60252
3.60257
3.60262
3.60267
3.6027
3.6027
3.60269
3.60268
3.60264
3.60258
3.6025
3.6024
3.60231
3.60223
3.60218
3.60215
3.60213
3.6021
3.60208
3.60206
3.60203
3.602
3.60197
3.60195
3.60194
3.60193
3.60193
3.60194
3.60195
3.60198
3.60202
3.60207
3.60212
3.60218
3.60223
3.60228
3.60232
3.60235
3.60236
3.60238
3.60239
3.60239
3.6024
3.6024
3.60242
3.60243
3.60246
3.60248
3.60251
3.60254
3.60259
3.60264
3.60271
3.60276
3.60277
3.60277
3.60276
3.60275
3.6027
3.60262
3.60252
3.6024
3.60229
3.60221
3.60216
3.60212
3.60209
3.60206
3.60203
3.60201
3.60197
3.60194
3.60191
3.60189
3.60188
3.60187
3.60187
3.60187
3.60187
3.60189
3.60193
3.60197
3.60203
3.6021
3.60218
3.60224
3.60228
3.60231
3.60234
3.60237
3.60239
3.60241
3.60244
3.60246
3.60248
3.6025
3.60252
3.60255
3.60259
3.60265
3.60272
3.60282
3.6029
3.60294
3.60295
3.60294
3.60287
3.64274
3.64274
3.64274
3.64274
3.64274
3.64274
3.64274
3.64274
3.64274
3.64274
3.64274
3.64274
3.64274
3.64274
3.64274
3.64274
3.64274
3.64274
3.64274
3.64274
3.64274
3.64274
3.64274
3.64274
3.64274
3.64274
3.64274
3.64274
3.64274
3.64274
3.64274
3.64274
3.64274
3.64274
3.64274
3.64274
3.64274
3.64274
3.64274
3.64274
3.64275
3.64277
3.64282
3.64295
3.64324
3.64385
3.64498
3.6467
3.64835
3.64891
3.64889
3.64862
3.64781
3.64621
3.64378
3.64062
3.63698
3.6331
3.62921
3.62541
3.6218
3.61849
3.61556
3.61299
3.61081
3.60904
3.60763
3.60654
3.60562
3.60486
3.60422
3.60365
3.60316
3.6027
3.60228
3.60189
3.60154
3.60126
3.60111
3.60108
3.60108
3.60108
3.6011
3.60114
3.60121
3.60132
3.60147
3.60164
3.60181
3.60197
3.6021
3.60221
3.60229
3.60236
3.60242
3.60248
3.60252
3.60256
3.60259
3.60261
3.60262
3.60264
3.60266
3.60267
3.60268
3.60269
3.60268
3.60268
3.60266
3.60264
3.6026
3.60256
3.6025
3.60243
3.60235
3.60228
3.60221
3.60214
3.60209
3.60204
3.60199
3.60196
3.60195
3.60194
3.60194
3.60195
3.60196
3.60198
3.60202
3.60206
3.60211
3.60216
3.60221
3.60225
3.60229
3.60232
3.60235
3.60236
3.60238
3.60239
3.60241
3.60242
3.60244
3.60246
3.60248
3.60252
3.60256
3.6026
3.60265
3.60266
3.60266
3.60266
3.60264
3.60261
3.60256
3.60249
3.6024
3.60232
3.60225
3.6022
3.60217
3.60215
3.60212
3.60209
3.60206
3.60202
3.60198
3.60196
3.60196
3.60196
3.60196
3.60198
3.60199
3.60202
3.60205
3.60209
3.60214
3.60219
3.60224
3.60227
3.60231
3.60233
3.60235
3.60237
3.60239
3.6024
3.60241
3.60242
3.60242
3.60243
3.60244
3.60246
3.60248
3.60252
3.60257
3.60262
3.60267
3.6027
3.6027
3.60269
3.60268
3.60264
3.60258
3.6025
3.6024
3.6023
3.60223
3.60218
3.60215
3.60213
3.6021
3.60208
3.60206
3.60203
3.602
3.60197
3.60195
3.60193
3.60193
3.60193
3.60193
3.60195
3.60198
3.60202
3.60207
3.60212
3.60218
3.60223
3.60228
3.60232
3.60235
3.60237
3.60238
3.60239
3.60239
3.60239
3.6024
3.60241
3.60243
3.60246
3.60248
3.60251
3.60255
3.60259
3.60264
3.60271
3.60276
3.60277
3.60277
3.60276
3.60275
3.6027
3.60262
3.60252
3.6024
3.60229
3.60221
3.60216
3.60212
3.60209
3.60206
3.60203
3.602
3.60197
3.60194
3.60192
3.60189
3.60188
3.60188
3.60188
3.60187
3.60187
3.60189
3.60192
3.60197
3.60203
3.60211
3.60218
3.60224
3.60228
3.60232
3.60234
3.60237
3.60239
3.60241
3.60244
3.60246
3.60248
3.6025
3.60252
3.60255
3.60259
3.60265
3.60273
3.60282
3.6029
3.60295
3.60295
3.60294
3.60287
)
;

boundaryField
{
    sides
    {
        type            calculated;
        value           nonuniform List<scalar> 
600
(
3.64274
3.64274
3.64274
3.64274
3.64274
3.64274
3.64274
3.64274
3.64274
3.64274
3.64274
3.64274
3.64274
3.64274
3.64274
3.64274
3.64274
3.64274
3.64274
3.64274
3.64274
3.64274
3.64274
3.64274
3.64274
3.64274
3.64274
3.64274
3.64274
3.64274
3.64274
3.64274
3.64274
3.64274
3.64274
3.64274
3.64274
3.64274
3.64274
3.64274
3.64275
3.64277
3.64282
3.64295
3.64324
3.64385
3.64498
3.6467
3.64835
3.64891
3.64889
3.64862
3.64781
3.64621
3.64377
3.64062
3.63699
3.63311
3.62919
3.62539
3.62182
3.61851
3.61554
3.61296
3.61083
3.60905
3.60764
3.60652
3.60561
3.60488
3.60422
3.60365
3.60315
3.6027
3.60229
3.6019
3.60154
3.60126
3.60111
3.60108
3.60108
3.60108
3.6011
3.60114
3.60121
3.60132
3.60147
3.60164
3.60181
3.60197
3.60211
3.60221
3.60229
3.60236
3.60242
3.60247
3.60252
3.60256
3.60259
3.60261
3.60263
3.60264
3.60266
3.60268
3.60268
3.60268
3.60268
3.60267
3.60266
3.60264
3.60261
3.60256
3.6025
3.60243
3.60235
3.60228
3.6022
3.60214
3.60209
3.60204
3.60199
3.60196
3.60194
3.60194
3.60195
3.60196
3.60197
3.60198
3.60201
3.60205
3.6021
3.60215
3.60221
3.60227
3.6023
3.60233
3.60234
3.60236
3.60237
3.60239
3.60241
3.60243
3.60244
3.60246
3.60248
3.60251
3.60256
3.60261
3.60265
3.60266
3.60266
3.60265
3.60264
3.60261
3.60256
3.60249
3.60241
3.60233
3.60226
3.6022
3.60217
3.60214
3.60212
3.60209
3.60206
3.60202
3.60199
3.60197
3.60196
3.60196
3.60196
3.60197
3.60199
3.60201
3.60205
3.6021
3.60215
3.60219
3.60224
3.60227
3.6023
3.60233
3.60236
3.60237
3.60239
3.6024
3.6024
3.60241
3.60242
3.60243
3.60245
3.60247
3.60249
3.60252
3.60257
3.60262
3.60267
3.60269
3.60269
3.60269
3.60267
3.60264
3.60258
3.6025
3.6024
3.60231
3.60224
3.60219
3.60215
3.60213
3.6021
3.60208
3.60205
3.60203
3.602
3.60197
3.60195
3.60194
3.60194
3.60193
3.60194
3.60195
3.60198
3.60202
3.60207
3.60212
3.60218
3.60223
3.60227
3.60231
3.60234
3.60236
3.60238
3.60239
3.6024
3.6024
3.60241
3.60242
3.60244
3.60246
3.60248
3.60251
3.60253
3.60258
3.60263
3.6027
3.60275
3.60278
3.60279
3.60278
3.60276
3.6027
3.60262
3.6025
3.60238
3.60228
3.6022
3.60215
3.60211
3.60209
3.60207
3.60204
3.60202
3.60199
3.60196
3.60192
3.60189
3.60186
3.60185
3.60185
3.60185
3.60187
3.6019
3.60194
3.60199
3.60205
3.60212
3.60217
3.60223
3.60227
3.60231
3.60234
3.60237
3.60239
3.60241
3.60243
3.60245
3.60247
3.6025
3.60253
3.60257
3.60261
3.60266
3.60272
3.6028
3.60289
3.60293
3.60294
3.60294
3.60288
3.64274
3.64274
3.64274
3.64274
3.64274
3.64274
3.64274
3.64274
3.64274
3.64274
3.64274
3.64274
3.64274
3.64274
3.64274
3.64274
3.64274
3.64274
3.64274
3.64274
3.64274
3.64274
3.64274
3.64274
3.64274
3.64274
3.64274
3.64274
3.64274
3.64274
3.64274
3.64274
3.64274
3.64274
3.64274
3.64274
3.64274
3.64274
3.64274
3.64274
3.64275
3.64277
3.64282
3.64295
3.64324
3.64385
3.64498
3.6467
3.64835
3.64891
3.64889
3.64862
3.64781
3.64621
3.64378
3.64062
3.63698
3.6331
3.62921
3.62541
3.6218
3.61849
3.61556
3.61299
3.61081
3.60904
3.60763
3.60654
3.60562
3.60486
3.60422
3.60365
3.60316
3.6027
3.60228
3.60189
3.60154
3.60126
3.60111
3.60108
3.60108
3.60108
3.6011
3.60114
3.60121
3.60132
3.60147
3.60164
3.60181
3.60197
3.6021
3.60221
3.60229
3.60236
3.60242
3.60248
3.60252
3.60256
3.60259
3.60261
3.60262
3.60264
3.60266
3.60267
3.60268
3.60269
3.60268
3.60268
3.60266
3.60264
3.6026
3.60256
3.6025
3.60243
3.60235
3.60228
3.60221
3.60214
3.60209
3.60204
3.60199
3.60196
3.60195
3.60194
3.60194
3.60195
3.60196
3.60198
3.60202
3.60206
3.60211
3.60216
3.60221
3.60225
3.60229
3.60232
3.60235
3.60236
3.60238
3.60239
3.60241
3.60242
3.60244
3.60246
3.60248
3.60252
3.60256
3.6026
3.60265
3.60266
3.60266
3.60266
3.60264
3.60261
3.60256
3.60249
3.6024
3.60232
3.60225
3.6022
3.60217
3.60215
3.60212
3.60209
3.60206
3.60202
3.60198
3.60196
3.60196
3.60196
3.60196
3.60198
3.60199
3.60202
3.60205
3.60209
3.60214
3.60219
3.60224
3.60227
3.60231
3.60233
3.60235
3.60237
3.60239
3.6024
3.60241
3.60242
3.60242
3.60243
3.60244
3.60246
3.60248
3.60252
3.60257
3.60262
3.60267
3.6027
3.6027
3.60269
3.60268
3.60264
3.60258
3.6025
3.6024
3.6023
3.60223
3.60218
3.60215
3.60213
3.6021
3.60208
3.60206
3.60203
3.602
3.60197
3.60195
3.60193
3.60193
3.60193
3.60193
3.60195
3.60198
3.60202
3.60207
3.60212
3.60218
3.60223
3.60228
3.60232
3.60235
3.60237
3.60238
3.60239
3.60239
3.60239
3.6024
3.60241
3.60243
3.60246
3.60248
3.60251
3.60255
3.60259
3.60264
3.60271
3.60276
3.60277
3.60277
3.60276
3.60275
3.6027
3.60262
3.60252
3.6024
3.60229
3.60221
3.60216
3.60212
3.60209
3.60206
3.60203
3.602
3.60197
3.60194
3.60192
3.60189
3.60188
3.60188
3.60188
3.60187
3.60187
3.60189
3.60192
3.60197
3.60203
3.60211
3.60218
3.60224
3.60228
3.60232
3.60234
3.60237
3.60239
3.60241
3.60244
3.60246
3.60248
3.6025
3.60252
3.60255
3.60259
3.60265
3.60273
3.60282
3.6029
3.60295
3.60295
3.60294
3.60287
)
;
    }
    inlet
    {
        type            calculated;
        value           nonuniform List<scalar> 
20
(
3.64274
3.64274
3.64274
3.64274
3.64274
3.64274
3.64274
3.64274
3.64274
3.64274
3.64274
3.64274
3.64274
3.64274
3.64274
3.64274
3.64274
3.64274
3.64274
3.64274
)
;
    }
    outlet
    {
        type            calculated;
        value           nonuniform List<scalar> 
20
(
3.60288
3.60288
3.60288
3.60288
3.60288
3.60288
3.60288
3.60289
3.60289
3.60289
3.60289
3.60289
3.60288
3.60288
3.60288
3.60287
3.60287
3.60287
3.60287
3.60287
)
;
    }
    empty
    {
        type            empty;
    }
}


// ************************************************************************* //
