/*--------------------------------*- C++ -*----------------------------------*\
| =========                 |                                                 |
| \\      /  F ield         | OpenFOAM: The Open Source CFD Toolbox           |
|  \\    /   O peration     | Version:  2306                                  |
|   \\  /    A nd           | Website:  www.openfoam.com                      |
|    \\/     M anipulation  |                                                 |
\*---------------------------------------------------------------------------*/
FoamFile
{
    version     2.0;
    format      ascii;
    arch        "LSB;label=32;scalar=64";
    class       volScalarField;
    location    "0.09";
    object      T;
}
// * * * * * * * * * * * * * * * * * * * * * * * * * * * * * * * * * * * * * //

dimensions      [0 0 0 1 0 0 0];

internalField   nonuniform List<scalar> 
6000
(
3814.7
2751.53
2145.51
2277.48
2413.27
2603.25
2784.82
2926.69
2981.31
2998.6
3019.83
3042.71
3059.69
3046.94
2867.48
2577.03
2546.89
2577.29
2633.31
2697.53
2760.15
2820.2
2879.35
2938.98
3000.17
3063.64
3130.37
3203.37
3286.94
3362.72
3398.02
3412.63
3356.19
3100.91
2948.95
2959.71
2996.66
3048.18
3096.68
3137.09
3173.48
3209.45
3246.6
3285.12
3324.21
3362.82
3401.64
3445.83
3507.6
3589.42
3635.01
3645.71
3600.6
3398.8
3270.43
3276.41
3302.47
3342.77
3382.45
3413.16
3438.87
3464.25
3491.51
3520.9
3551.09
3580.2
3607.64
3635.67
3670.3
3722.93
3787.48
3815.22
3821.12
3777.12
3624.84
3541.42
3546.71
3566.65
3599.26
3635.33
3663.68
3685.79
3706.96
3730.3
3756.67
3784.66
3811.84
3838.05
3866.43
3902.97
3956.2
4011.11
4034.47
4044.43
4002.75
3878.99
3825.36
3837.15
3863.22
3899.18
3937.15
3965.11
3983.71
3997.89
4009.53
4018.92
4025.14
4026.85
4022.81
4012.31
4000.37
3993.9
3995.76
3991.32
3949.13
3877.19
3752.04
3627.7
3574.56
3544.35
3526.85
3518.7
3506.38
3482.73
3452.83
3423.16
3396.48
3373.11
3350.6
3327.01
3304.68
3289.37
3286.7
3269.58
3224.63
3145.41
3030.07
2947.05
2905.29
2869.16
2841.57
2810.28
2764.63
2707.65
2646.87
2585.92
2525.59
2465.4
2406.92
2352.31
2294.91
2216.36
2122.02
2010.29
1919.58
1860.68
1813.12
1774.56
1730.52
1675.95
1616.12
1555.74
1496.53
1436.49
1362.75
1251.7
1112.06
957.341
821.25
703.32
605.773
529.211
475.04
434.003
406.887
388.826
380.446
377.418
377.237
374.079
369.007
363.596
360.731
359.547
359.988
359.886
358.448
356.296
354.776
354.406
354.623
355.271
355.234
354.783
354.037
353.573
353.447
353.456
353.401
353.213
352.897
352.617
352.532
352.51
352.561
352.542
352.446
352.291
352.182
352.119
352.082
352.033
351.925
351.787
351.624
351.455
351.307
351.182
351.071
350.97
350.899
350.883
350.917
351.016
351.08
351.12
351.14
351.122
351.029
350.886
350.734
350.628
350.519
350.427
350.363
350.332
350.331
350.333
350.33
350.328
350.313
350.287
350.246
350.179
350.102
350.029
349.964
349.9
349.846
349.827
349.825
349.825
349.82
349.815
349.799
349.772
349.74
349.711
349.692
349.677
349.659
349.637
349.603
349.563
349.525
349.486
349.442
349.392
349.344
349.305
349.273
349.25
349.222
349.201
349.194
349.195
349.2
349.197
349.188
349.177
349.156
349.12
349.069
349.02
348.993
348.986
348.985
348.985
348.982
348.972
348.947
348.911
348.865
348.816
348.776
348.753
348.737
348.724
348.719
348.748
3814.49
2563.78
2137.14
2271.19
2413.12
2607.56
2790.52
2930.24
2983.53
3000.67
3021.58
3043.94
3059.54
3043.34
2857.58
2571.51
2545.17
2575.78
2631.73
2695.79
2758.38
2818.62
2878.1
2938.19
2999.95
3064.25
3132.07
3205.85
3289.27
3363.81
3398.49
3413.1
3355.1
3098.14
2948.08
2959.19
2996.37
3047.98
3096.51
3136.92
3173.26
3209.14
3246.14
3284.45
3323.34
3361.78
3400.56
3444.74
3506.27
3588.19
3634.47
3645.43
3600.58
3399.56
3270.84
3276.75
3302.79
3343.14
3382.91
3413.65
3439.29
3464.58
3491.79
3521.15
3551.31
3580.37
3607.74
3635.69
3670.21
3722.7
3787.18
3814.98
3820.99
3777.18
3625.15
3542.25
3547.73
3567.86
3600.64
3636.84
3665.27
3687.4
3708.59
3731.94
3758.29
3786.21
3813.31
3839.45
3867.78
3904.29
3957.48
4012.04
4035.12
4044.75
4002.89
3879.85
3827.19
3839.17
3865.48
3901.73
3940.01
3968.16
3986.86
4001.04
4012.59
4021.77
4027.66
4029.08
4024.85
4014.16
4002
3995.21
3996.67
3991.21
3948.52
3876.04
3750.99
3627.34
3574.38
3543.91
3526.05
3517.41
3504.52
3480.28
3449.99
3420.07
3393.15
3369.55
3346.84
3323.16
3301.16
3286.76
3285.34
3268.96
3224.05
3144.74
3029.72
2947.64
2906.29
2870.58
2843.16
2811.91
2766.33
2709.25
2648.28
2587.14
2526.67
2466.51
2408.24
2354.12
2297.91
2219.63
2125.49
2013.16
1921.34
1861.85
1813.61
1774.41
1729.9
1674.9
1614.53
1553.5
1493.54
1432.95
1358.81
1247.74
1108.7
955.413
820.683
704.013
607.322
531.405
477.462
436.24
408.851
390.408
381.599
378.338
378.388
375.161
369.698
363.761
360.505
359.218
359.611
359.792
358.598
356.547
354.864
354.42
354.525
355.159
355.207
354.817
354.113
353.608
353.459
353.432
353.37
353.194
352.902
352.622
352.528
352.498
352.545
352.537
352.448
352.301
352.192
352.126
352.086
352.036
351.928
351.792
351.631
351.462
351.312
351.188
351.079
350.98
350.913
350.896
350.929
351.022
351.083
351.118
351.135
351.115
351.023
350.885
350.736
350.631
350.525
350.436
350.373
350.339
350.335
350.334
350.328
350.322
350.304
350.275
350.232
350.165
350.091
350.022
349.961
349.903
349.851
349.824
349.816
349.809
349.799
349.791
349.774
349.747
349.717
349.693
349.68
349.671
349.658
349.638
349.606
349.566
349.529
349.491
349.449
349.4
349.351
349.31
349.277
349.253
349.227
349.208
349.202
349.204
349.21
349.208
349.2
349.19
349.169
349.133
349.082
349.032
349.003
348.995
348.994
348.994
348.992
348.983
348.958
348.923
348.877
348.828
348.79
348.769
348.755
348.746
348.743
348.771
3813.74
2664.16
2131.99
2267.07
2415.57
2613.53
2798.64
2936.35
2987.14
3003.9
3024.68
3046.46
3060.82
3040.11
2843.01
2562.89
2542.13
2573.27
2629.22
2692.93
2755.36
2815.8
2875.75
2936.44
2998.87
3064.04
3133.01
3208.22
3292.53
3366.42
3400.46
3414.95
3354
3093.4
2947.37
2959
2996.31
3047.73
3095.99
3136.29
3172.65
3208.62
3245.71
3284.04
3322.74
3360.84
3399.18
3442.85
3503.99
3586.23
3633.01
3644.11
3600.08
3400.51
3270.93
3276.61
3302.5
3342.84
3382.69
3413.5
3439.18
3464.5
3491.73
3521.1
3551.23
3580.17
3607.35
3635.11
3669.44
3721.73
3785.97
3813.55
3819.48
3775.39
3623.92
3542.52
3548.47
3569.05
3602.29
3638.77
3667.28
3689.43
3710.62
3733.98
3760.33
3788.16
3815.12
3841.1
3869.3
3905.74
3958.91
4013.04
4035.57
4045.02
4002.73
3880.48
3829.09
3841.38
3868.11
3905.03
3944.09
3972.69
3991.6
4005.86
4017.33
4026.26
4031.71
4032.73
4028.15
4017.09
4004.62
3997.5
3998.49
3991.29
3947.69
3874.39
3749.32
3626.92
3574.47
3543.77
3525.66
3516.47
3502.62
3477.32
3446.1
3415.31
3387.51
3363
3339.55
3315.68
3294.16
3280.9
3281.04
3265.76
3221.12
3141.9
3027.37
2946.39
2905.96
2871.39
2845.48
2815.4
2770.43
2713.85
2653.4
2592.67
2532.54
2472.8
2415.13
2362.1
2307.76
2230.38
2136.55
2022.86
1928.35
1866.73
1816.17
1774.56
1727.86
1670.9
1608.57
1545.64
1483.88
1421.51
1345.9
1234.72
1097.53
948.309
818.662
706.229
613.03
539.831
487.217
445.995
417.424
397.071
386.395
381.48
380.716
377.17
371.269
364.545
360.392
358.825
358.998
359.609
358.706
356.913
355.07
354.459
354.421
354.933
355.12
354.832
354.227
353.68
353.484
353.396
353.312
353.151
352.899
352.633
352.525
352.479
352.511
352.514
352.439
352.31
352.204
352.136
352.087
352.031
351.925
351.791
351.635
351.468
351.316
351.194
351.087
350.993
350.934
350.919
350.949
351.032
351.084
351.111
351.121
351.098
351.009
350.879
350.738
350.636
350.539
350.455
350.393
350.354
350.342
350.336
350.323
350.312
350.29
350.258
350.214
350.15
350.082
350.018
349.962
349.91
349.861
349.825
349.808
349.791
349.772
349.757
349.737
349.712
349.687
349.67
349.665
349.664
349.659
349.642
349.61
349.571
349.534
349.499
349.46
349.413
349.364
349.319
349.285
349.261
349.238
349.222
349.218
349.22
349.226
349.222
349.214
349.203
349.182
349.147
349.098
349.047
349.016
349.007
349.005
349.005
349.001
348.992
348.967
348.932
348.888
348.842
348.807
348.788
348.779
348.775
348.776
348.806
3812.63
2370.13
2144.87
2272.52
2420.16
2621.18
2808.31
2943.66
2991.21
3007.28
3027.94
3049.12
3062.36
3037.37
2828.14
2554.42
2539.65
2571.44
2627.41
2690.77
2753.02
2813.64
2874
2935.16
2997.99
3063.64
3133.94
3211.46
3297.28
3369.91
3402.56
3416.53
3351.6
3086.47
2946.36
2958.83
2996.45
3047.82
3095.81
3135.86
3172.06
3207.93
3244.94
3283.11
3321.59
3359.5
3397.56
3440.83
3501.53
3583.73
3630.81
3642.05
3599.03
3401.39
3271.05
3276.53
3302.22
3342.53
3382.47
3413.32
3439
3464.3
3491.54
3520.91
3550.97
3579.74
3606.67
3634.16
3668.26
3720.36
3784.11
3811.21
3817.06
3772.29
3621.16
3542.13
3548.56
3569.6
3603.29
3640.01
3668.55
3690.72
3711.97
3735.39
3761.77
3789.59
3816.41
3842.13
3870.06
3906.39
3959.6
4013.52
4035.94
4045.29
4002.8
3881.41
3831.48
3844.14
3871.36
3908.96
3948.67
3977.6
3996.69
4011.04
4022.41
4030.98
4035.83
4036.28
4031.19
4019.64
4006.83
3999.47
4000.31
3991.75
3947.43
3872.94
3747.3
3626.12
3574.26
3543.32
3525.02
3515.32
3500.48
3473.82
3441.25
3409.13
3379.93
3354.19
3330.13
3306.34
3285.31
3272.7
3273.39
3258.6
3214.24
3135.46
3021.97
2942.96
2904.18
2871.37
2847.68
2819.64
2775.9
2720.61
2661.73
2602.53
2543.91
2485.7
2429.67
2378.6
2326.94
2250.74
2157.07
2041.05
1941.75
1876.12
1821.03
1774.64
1723.43
1662.18
1595.7
1528.95
1463.97
1399.1
1321.66
1211.24
1078.4
937.243
817.095
713.293
627.617
559.977
510.291
469.016
437.382
412.331
396.772
387.517
384.25
379.55
372.882
365.494
360.387
358.55
358.445
359.311
358.752
357.212
355.302
354.466
354.321
354.699
355.029
354.824
354.325
353.747
353.473
353.347
353.25
353.102
352.896
352.647
352.518
352.456
352.466
352.481
352.42
352.316
352.214
352.144
352.088
352.027
351.923
351.793
351.641
351.473
351.32
351.201
351.099
351.012
350.963
350.95
350.978
351.048
351.088
351.105
351.107
351.077
350.99
350.872
350.741
350.64
350.553
350.476
350.416
350.374
350.351
350.337
350.317
350.298
350.272
350.238
350.194
350.136
350.076
350.019
349.968
349.922
349.875
349.833
349.8
349.77
349.737
349.713
349.69
349.667
349.649
349.644
349.649
349.659
349.663
349.653
349.624
349.585
349.549
349.514
349.476
349.43
349.379
349.331
349.295
349.272
349.253
349.241
349.239
349.243
349.248
349.243
349.235
349.222
349.199
349.164
349.116
349.066
349.033
349.022
349.02
349.018
349.013
349.004
348.981
348.95
348.912
348.872
348.839
348.822
348.817
348.816
348.82
348.849
3811.48
2703.72
2155.8
2286.5
2430.81
2628.8
2814.49
2948.83
2995.01
3011
3031.82
3053.14
3065.84
3036.76
2815.54
2547.38
2537.36
2570.17
2626.31
2689.49
2751.59
2812.26
2872.89
2934.37
2997.51
3063.83
3135.65
3215.64
3302.68
3373.3
3404.35
3417.94
3348.29
3078.46
2945.02
2958.23
2996.15
3047.41
3095.15
3135.07
3171.24
3207.13
3244.15
3282.3
3320.75
3358.51
3396.33
3439.29
3499.57
3581.36
3628.28
3639.47
3597.26
3401.59
3271.01
3276.36
3301.82
3342.03
3381.97
3412.82
3438.44
3463.72
3490.96
3520.35
3550.4
3579.05
3605.76
3632.99
3666.93
3718.96
3781.88
3807.89
3813.42
3767.33
3616.17
3540.18
3547.25
3568.73
3602.85
3639.81
3668.48
3690.84
3712.34
3736.05
3762.69
3790.72
3817.69
3843.5
3871.4
3907.65
3960.76
4014.28
4036.35
4045.51
4002.53
3881.62
3833.27
3846.29
3873.91
3911.93
3952.08
3981.49
4001.08
4015.93
4027.76
4036.52
4041.27
4041.2
4035.19
4022.73
4009.33
4001.67
4002.41
3992.52
3947.61
3871.93
3745.21
3625.58
3574.75
3543.7
3525.33
3515.22
3499.38
3471.35
3437.62
3404.44
3374.11
3347.2
3322
3297.2
3275.3
3262.08
3262.73
3247.99
3203.51
3124.9
3012.63
2936.24
2899.69
2869.43
2848.42
2822.53
2780.41
2727.03
2670.73
2614.21
2558.17
2502.66
2449.44
2401.29
2352.92
2278.02
2184.14
2065.13
1959.49
1888.09
1826.56
1773.47
1715.64
1647.95
1575.44
1503.59
1434.81
1367.68
1289.32
1182.02
1057.08
928.859
821.025
730.16
655.668
595.663
549.211
506.963
469.403
436.379
412.386
396.053
388.119
381.816
374.054
366.343
360.499
358.433
358.033
358.956
358.694
357.374
355.493
354.47
354.249
354.525
354.953
354.814
354.375
353.782
353.438
353.29
353.196
353.063
352.894
352.66
352.502
352.429
352.419
352.439
352.399
352.312
352.217
352.145
352.082
352.018
351.919
351.792
351.645
351.476
351.323
351.207
351.112
351.037
350.997
350.989
351.015
351.071
351.096
351.1
351.09
351.048
350.962
350.855
350.739
350.644
350.569
350.501
350.442
350.396
350.363
350.339
350.313
350.284
350.252
350.217
350.176
350.127
350.077
350.028
349.983
349.941
349.896
349.848
349.799
349.75
349.702
349.67
349.643
349.623
349.614
349.618
349.634
349.656
349.67
349.665
349.641
349.604
349.568
349.532
349.495
349.45
349.397
349.344
349.306
349.284
349.269
349.26
349.261
349.268
349.271
349.266
349.257
349.242
349.217
349.182
349.136
349.087
349.052
349.038
349.034
349.03
349.024
349.014
348.996
348.97
348.941
348.91
348.883
348.868
348.865
348.865
348.87
348.895
3810.39
2775.69
2169.47
2294.51
2437.09
2632.07
2816.77
2952.04
2999.11
3015.57
3036.77
3058.87
3071.74
3039.16
2808.01
2543.47
2536.71
2570.35
2626.78
2689.75
2751.55
2812.07
2872.66
2934.2
2997.6
3064.64
3138.16
3220.36
3307.58
3375.51
3405.32
3418.34
3344.24
3071.35
2944.18
2957.94
2996.03
3047.12
3094.6
3134.38
3170.52
3206.47
3243.58
3281.87
3320.41
3358.15
3395.88
3438.72
3498.49
3579.49
3625.76
3636.74
3594.95
3400.92
3270.76
3276.08
3301.35
3341.4
3381.28
3412.07
3437.6
3462.78
3489.97
3519.35
3549.4
3577.99
3604.58
3631.67
3665.54
3717.69
3779.52
3803.88
3808.86
3760.55
3608.82
3536.46
3543.98
3565.91
3600.45
3637.51
3666.12
3688.49
3710.03
3733.82
3760.59
3788.81
3816.1
3842.35
3870.73
3907.4
3960.74
4014.04
4035.99
4045.09
4001.47
3880.76
3833.84
3847.08
3874.92
3913
3953.18
3982.75
4002.65
4017.95
4030.45
4040.22
4045.94
4046.47
4040.67
4027.88
4013.92
4005.8
4006.39
3994.65
3948.7
3871.69
3743.31
3624.89
3574.99
3543.81
3525.44
3514.92
3498.3
3469.68
3435.65
3402.11
3371.3
3343.68
3317.26
3290.76
3266.87
3251.89
3251.53
3235.96
3190.43
3111.14
2999.66
2925.79
2891.69
2864.37
2846.63
2823.01
2782.16
2730.5
2676.77
2623.27
2570.41
2518.33
2468.69
2424.03
2378.72
2305.51
2211.16
2089.01
1976.87
1898.86
1830.45
1770
1704.54
1629.28
1549.88
1472.69
1400.73
1332.74
1255.52
1154.58
1040.54
927.276
834.944
759.299
697.114
644.09
598.823
553.761
507.399
463.979
429.299
404.658
391.11
383.135
374.532
366.941
360.687
358.33
357.723
358.559
358.539
357.421
355.64
354.5
354.223
354.413
354.865
354.774
354.367
353.779
353.39
353.236
353.153
353.039
352.89
352.67
352.489
352.408
352.38
352.403
352.382
352.305
352.212
352.139
352.07
352.006
351.912
351.788
351.644
351.476
351.325
351.215
351.125
351.066
351.034
351.033
351.058
351.097
351.106
351.096
351.068
351.009
350.925
350.826
350.73
350.648
350.585
350.526
350.471
350.424
350.382
350.347
350.312
350.275
350.239
350.204
350.168
350.128
350.086
350.044
350.005
349.966
349.922
349.867
349.804
349.739
349.676
349.635
349.606
349.589
349.586
349.596
349.622
349.655
349.677
349.678
349.66
349.626
349.591
349.556
349.518
349.474
349.42
349.362
349.32
349.298
349.287
349.283
349.287
349.295
349.296
349.292
349.282
349.263
349.235
349.198
349.153
349.107
349.072
349.054
349.047
349.042
349.034
349.024
349.011
348.992
348.972
348.95
348.931
348.918
348.915
348.914
348.915
348.927
3810.46
2809.62
2173.42
2296.23
2438.25
2632.41
2816.44
2953.76
3003.04
3019.98
3041.3
3064.35
3078.11
3044.29
2807.27
2542.99
2537.65
2571.97
2628.79
2691.59
2753.04
2813.31
2873.79
2935.43
2999.26
3067.14
3141.85
3225
3311.42
3376.66
3404.78
3417.37
3340.33
3066.67
2944.27
2958.31
2996.46
3047.35
3094.57
3134.21
3170.32
3206.32
3243.6
3282.12
3320.89
3358.78
3396.48
3438.93
3498.24
3578.16
3623.34
3633.92
3591.98
3399.07
3270.07
3275.43
3300.56
3340.44
3380.26
3411.02
3436.47
3461.55
3488.66
3517.98
3547.98
3576.53
3603.05
3630.13
3664.13
3716.58
3777.15
3799.69
3803.79
3752.2
3599.23
3531.08
3539.07
3561.28
3595.94
3632.84
3661.27
3683.59
3705.2
3729.1
3756
3784.4
3811.98
3838.68
3867.72
3905.16
3959.1
4012.3
4034.24
4043.43
3998.86
3877.92
3832.29
3845.62
3873.5
3911.43
3951.4
3981
4001.13
4016.84
4029.99
4040.72
4047.72
4049.59
4044.98
4033.33
4020.01
4012.13
4012.43
3998.53
3951.47
3872.86
3742.5
3625.08
3576.01
3544.77
3526.46
3515.67
3498.56
3469.63
3435.47
3401.85
3371.05
3343.18
3316.13
3288.33
3262.33
3244.71
3241.93
3224.41
3177.02
3095.86
2983.95
2911.58
2879.48
2854.81
2840.27
2819.35
2780.24
2730.08
2678.12
2626.91
2577.05
2528.49
2482.43
2440.96
2398.3
2326.63
2231.95
2107.18
1989.68
1906.22
1831.91
1764.87
1692.08
1609.23
1523.15
1441.14
1367.07
1300
1225.97
1133.56
1031.31
932.944
856.996
795.514
743.333
694.263
646.952
597.071
541.028
487.306
442.599
410.794
392.611
383.428
374.569
367.242
360.869
358.21
357.461
358.157
358.34
357.413
355.762
354.549
354.221
354.329
354.757
354.705
354.326
353.751
353.342
353.187
353.114
353.022
352.887
352.68
352.488
352.403
352.362
352.382
352.371
352.298
352.201
352.122
352.051
351.988
351.9
351.777
351.636
351.472
351.328
351.224
351.143
351.097
351.075
351.079
351.102
351.122
351.116
351.088
351.038
350.966
350.88
350.788
350.713
350.656
350.606
350.559
350.51
350.46
350.411
350.363
350.317
350.275
350.233
350.198
350.167
350.137
350.104
350.071
350.038
350.001
349.955
349.894
349.819
349.736
349.662
349.613
349.582
349.569
349.57
349.585
349.617
349.655
349.683
349.69
349.679
349.652
349.617
349.582
349.544
349.499
349.444
349.383
349.337
349.314
349.306
349.305
349.311
349.319
349.319
349.316
349.305
349.282
349.251
349.212
349.169
349.126
349.09
349.068
349.056
349.049
349.04
349.03
349.019
349.008
348.996
348.985
348.974
348.965
348.961
348.957
348.952
348.95
3810.75
2846.55
2177.92
2298.4
2437.84
2630.7
2814.11
2954.17
3006.79
3024.21
3045.39
3068.74
3082.99
3050.33
2813.56
2546.13
2540.6
2575.35
2632.59
2695.37
2756.49
2816.37
2876.62
2938.35
3002.6
3071.11
3146.24
3229.1
3313.93
3376.86
3403.7
3415.89
3337.23
3063.95
2944.68
2958.95
2997.15
3047.86
3094.84
3134.31
3170.34
3206.4
3243.84
3282.54
3321.47
3359.46
3397.15
3439.46
3498.31
3577.05
3621.04
3631.1
3588.54
3395.97
3268.85
3274.26
3299.3
3339.05
3378.83
3409.61
3435.06
3460.1
3487.14
3516.37
3546.26
3574.7
3601.14
3628.25
3662.56
3715.45
3774.43
3795.45
3798.63
3742.69
3588.12
3524.41
3532.75
3555.25
3589.95
3626.64
3654.87
3677.21
3698.95
3723.04
3750.18
3778.82
3806.61
3833.51
3862.82
3900.8
3955.47
4008.8
4030.38
4039.06
3992.94
3871.48
3827.15
3840.35
3867.89
3905.3
3944.9
3974.59
3995.12
4011.48
4025.61
4037.61
4046.43
4050.01
4047.07
4037.63
4026.34
4020.12
4021.13
4005.82
3958.22
3877.56
3744.36
3627.96
3579.87
3548.56
3530.19
3518.98
3501.27
3472.02
3437.8
3404.21
3373.13
3344.85
3317.33
3288.81
3261.44
3241.81
3236.04
3215.78
3165.64
3081.46
2967.42
2894.31
2862.88
2840.09
2828.08
2810.08
2773.85
2726.41
2676.76
2627.54
2579.88
2533.5
2489.3
2449.72
2409.02
2338.62
2243.96
2117.65
1996.88
1910
1831.87
1760.03
1681.58
1592.44
1500.46
1414.11
1338.25
1272.79
1202.9
1118.77
1027.06
942.216
878.429
826.546
780.064
731.922
681.07
625.896
562.576
501.071
449.752
413.616
392.872
383.202
374.505
367.384
360.994
358.081
357.234
357.82
358.19
357.395
355.858
354.578
354.207
354.245
354.636
354.615
354.261
353.71
353.294
353.139
353.069
352.997
352.876
352.69
352.498
352.408
352.363
352.375
352.354
352.275
352.171
352.091
352.02
351.959
351.877
351.758
351.622
351.467
351.334
351.237
351.169
351.131
351.118
351.126
351.141
351.144
351.123
351.077
351.004
350.923
350.832
350.748
350.695
350.663
350.631
350.594
350.553
350.504
350.447
350.389
350.332
350.282
350.239
350.202
350.176
350.155
350.134
350.111
350.083
350.043
349.993
349.928
349.843
349.744
349.661
349.606
349.574
349.564
349.567
349.584
349.618
349.659
349.692
349.703
349.699
349.681
349.649
349.614
349.575
349.527
349.471
349.409
349.358
349.33
349.323
349.324
349.331
349.337
349.338
349.335
349.322
349.297
349.263
349.223
349.181
349.14
349.104
349.077
349.061
349.052
349.042
349.032
349.023
349.017
349.013
349.009
349.005
349
348.997
348.99
348.979
348.963
3811.76
2841.48
2176.87
2299.71
2436.2
2628.64
2811.44
2954.15
3009.87
3027.51
3048.22
3071.54
3086.26
3055.67
2822.1
2550.66
2544.04
2579.07
2636.8
2699.76
2760.75
2820.36
2880.43
2942.15
3006.61
3075.37
3150.43
3232.65
3315.99
3377.03
3402.93
3414.72
3335.04
3062.27
2945.11
2959.59
2997.9
3048.61
3095.58
3135.04
3171.11
3207.19
3244.59
3283.23
3322.12
3360.14
3397.82
3440.06
3498.67
3576.39
3619.12
3628.6
3585.08
3392.18
3267.23
3272.75
3297.77
3337.44
3377.2
3408
3433.45
3458.46
3485.44
3514.58
3544.37
3572.7
3599.09
3626.28
3661
3714.5
3772.17
3791.82
3793.92
3733.11
3576.83
3517.73
3526.35
3549.06
3583.88
3620.3
3648.14
3670.23
3691.89
3715.99
3743.23
3771.99
3799.92
3826.97
3856.43
3894.67
3949.45
4002.02
4022.7
4030.65
3982.34
3860.16
3817.52
3830.51
3857.51
3894.28
3933.56
3963.42
3984.42
4001.55
4016.9
4030.75
4042.18
4048.18
4047.54
4041.25
4033.02
4029.84
4032.81
4017.52
3970.13
3887.88
3751.39
3635.86
3588.83
3557.46
3538.79
3526.8
3508.25
3478.38
3443.68
3409.67
3378.35
3349.69
3321.43
3291.95
3263.45
3242.22
3233.96
3210.9
3157.54
3069.58
2952.18
2876.22
2843.65
2821.01
2810.25
2794.1
2761.07
2717.78
2671.88
2625.73
2580.14
2534.93
2491.6
2452.71
2412.57
2342.74
2248.43
2122.08
2000.32
1911.78
1831.57
1756.85
1675.27
1582.62
1486.41
1395.77
1317.07
1251.73
1184.79
1107.22
1023.69
947.218
889.825
842.747
798.731
750.545
697.19
638.563
571.485
506.239
452.106
414.308
392.658
382.868
374.396
367.414
361.032
357.968
357.083
357.625
358.118
357.391
355.907
354.571
354.155
354.147
354.514
354.528
354.201
353.671
353.247
353.089
353.017
352.961
352.851
352.693
352.515
352.422
352.373
352.376
352.334
352.242
352.132
352.05
351.981
351.922
351.844
351.731
351.603
351.463
351.346
351.259
351.204
351.173
351.165
351.171
351.174
351.163
351.127
351.061
350.976
350.884
350.788
350.714
350.682
350.667
350.654
350.631
350.597
350.55
350.49
350.422
350.357
350.302
350.258
350.221
350.201
350.19
350.18
350.163
350.136
350.093
350.036
349.964
349.874
349.767
349.673
349.61
349.575
349.568
349.573
349.592
349.627
349.669
349.703
349.719
349.719
349.708
349.683
349.647
349.607
349.558
349.5
349.436
349.38
349.348
349.34
349.34
349.344
349.348
349.349
349.344
349.33
349.303
349.269
349.231
349.19
349.149
349.11
349.077
349.057
349.046
349.036
349.026
349.02
349.017
349.018
349.02
349.022
349.022
349.021
349.013
348.998
348.968
3810.95
2486.76
2191.26
2301.81
2439.04
2630.32
2810.14
2953.68
3011.88
3030.17
3050.76
3073.92
3088.65
3059.35
2827.26
2553.1
2546.15
2581.55
2639.7
2702.88
2763.92
2823.51
2883.44
2944.97
3009.39
3078.2
3153.32
3235.42
3318.39
3378.22
3403.12
3414.27
3333.57
3061.05
2945.53
2960.16
2998.6
3049.35
3096.32
3135.78
3171.84
3207.89
3245.27
3283.9
3322.76
3360.69
3398.35
3440.61
3499.23
3576.28
3617.79
3626.69
3581.9
3388.15
3265.55
3271.19
3296.29
3335.9
3375.61
3406.36
3431.75
3456.67
3483.52
3512.53
3542.2
3570.43
3596.78
3624.11
3659.41
3713.97
3770.72
3788.97
3789.96
3724.07
3566.19
3511.59
3520.53
3543.6
3578.48
3614.5
3641.87
3663.61
3684.97
3708.77
3735.67
3764.07
3791.66
3818.45
3847.71
3885.82
3940.22
3991.48
4011.04
4018.02
3967.32
3844.68
3804.15
3817.15
3843.89
3880.35
3919.51
3949.57
3971.07
3989.04
4005.83
4021.9
4036.2
4045.46
4047.75
4044.88
4040.59
4041.6
4048.22
4033.43
3987.16
3904.56
3765.31
3650.66
3604.82
3573.41
3554.19
3541.16
3521.44
3490.65
3455.01
3419.89
3387.57
3357.98
3328.68
3297.87
3267.72
3244.46
3233.82
3208.47
3152.08
3060.48
2938.73
2858.31
2823.1
2798.73
2786.99
2771.23
2740.89
2701.71
2660.35
2618.17
2575.58
2532.52
2490.62
2452.39
2411.97
2342.13
2248.31
2122.85
2001.55
1912.56
1831.41
1755.68
1672.72
1578.14
1479.98
1386.7
1304.45
1236.35
1169.07
1094.58
1016.69
946.145
892.056
847.058
803.766
755.197
700.915
640.946
572.991
507.088
452.542
414.381
392.44
382.514
374.138
367.283
360.982
357.918
357.038
357.555
358.054
357.349
355.889
354.532
354.09
354.062
354.423
354.459
354.148
353.628
353.201
353.04
352.968
352.922
352.821
352.685
352.528
352.442
352.395
352.383
352.321
352.212
352.091
352.005
351.937
351.883
351.811
351.704
351.587
351.465
351.367
351.294
351.25
351.226
351.218
351.213
351.2
351.174
351.128
351.048
350.953
350.854
350.76
350.696
350.676
350.672
350.674
350.666
350.637
350.596
350.538
350.468
350.396
350.335
350.291
350.256
350.242
350.237
350.233
350.219
350.191
350.145
350.08
350.003
349.909
349.802
349.704
349.632
349.592
349.588
349.593
349.613
349.647
349.687
349.721
349.738
349.74
349.732
349.713
349.679
349.639
349.589
349.531
349.466
349.406
349.369
349.356
349.354
349.355
349.357
349.354
349.346
349.33
349.303
349.27
349.233
349.193
349.15
349.106
349.066
349.041
349.028
349.019
349.012
349.009
349.012
349.018
349.027
349.033
349.035
349.034
349.023
349.003
348.961
3813.03
2357.79
2165.56
2297.64
2441.43
2631.94
2810.74
2954.29
3013.04
3031.81
3052.28
3075.4
3089.87
3060.18
2826.65
2553.02
2546.77
2582.53
2640.85
2704.13
2765.29
2824.91
2884.86
2946.47
3010.92
3079.69
3154.71
3237.14
3320.46
3379.89
3404.24
3414.83
3333.14
3060.21
2946
2960.81
2999.44
3050.29
3097.29
3136.71
3172.68
3208.58
3245.77
3284.23
3322.97
3360.86
3398.56
3441
3499.8
3576.42
3617.01
3625.4
3579.12
3384.13
3264.09
3269.85
3295
3334.56
3374.13
3404.74
3430
3454.75
3481.4
3510.18
3539.59
3567.61
3593.95
3621.55
3657.7
3713.62
3770.1
3787.24
3787.21
3716.65
3557.56
3507.04
3516.27
3539.62
3574.63
3610.25
3637.05
3658.33
3679.26
3702.58
3728.86
3756.46
3783.06
3808.77
3837.04
3874.42
3928.3
3978.11
3996.37
4002.08
3949.11
3827.22
3789.39
3802.44
3828.95
3865.32
3904.72
3935.25
3957.38
3976.27
3994.31
4012.11
4028.75
4041.28
4047.4
4048.81
4049.56
4055.91
4066.07
4052.48
4008.64
3927.2
3786.49
3672.97
3628.49
3597.27
3577.46
3563.32
3542.34
3510.16
3472.95
3436.12
3401.9
3370.35
3339.09
3306.19
3273.71
3248.06
3234.88
3207.74
3148.74
3054.18
2927.97
2841.68
2802.58
2774.89
2760.4
2743.53
2714.42
2677.61
2639.19
2600.61
2561.59
2521.72
2482.37
2445.79
2405.78
2336.34
2243.47
2119.62
2000.25
1912.04
1831.18
1755.72
1672.39
1577.1
1478.46
1384.28
1299.58
1226.45
1153.81
1076.2
999.316
933.462
882.905
839.888
797.896
750.317
696.83
637.566
570.457
505.682
452.108
414.166
392.23
382.132
373.655
366.883
360.775
357.875
357.028
357.535
357.946
357.22
355.765
354.46
354.045
354.039
354.392
354.4
354.081
353.567
353.152
352.997
352.93
352.888
352.794
352.67
352.531
352.457
352.421
352.397
352.321
352.195
352.055
351.958
351.888
351.836
351.776
351.682
351.578
351.478
351.397
351.343
351.311
351.292
351.273
351.249
351.221
351.182
351.124
351.038
350.936
350.837
350.754
350.695
350.677
350.682
350.693
350.695
350.675
350.637
350.587
350.518
350.444
350.38
350.333
350.298
350.286
350.285
350.284
350.272
350.243
350.195
350.125
350.044
349.95
349.846
349.749
349.675
349.633
349.627
349.631
349.647
349.677
349.711
349.742
349.758
349.759
349.753
349.736
349.705
349.665
349.617
349.559
349.495
349.434
349.392
349.374
349.368
349.366
349.364
349.357
349.346
349.328
349.302
349.27
349.234
349.193
349.148
349.098
349.052
349.021
349.006
348.996
348.991
348.991
349
349.015
349.028
349.033
349.033
349.03
349.015
348.993
348.945
3814.17
2785.77
2140.12
2287.9
2443.01
2632.76
2811.74
2955.17
3012.86
3031.95
3052.06
3074.85
3088.88
3057.49
2821.14
2550.7
2545.96
2582.07
2640.53
2704.02
2765.39
2825.22
2885.32
2946.96
3011.32
3080
3155.1
3237.71
3321.3
3380.78
3404.72
3415.51
3333.18
3059.68
2946.34
2961.34
3000.15
3051.13
3098.13
3137.48
3173.29
3208.97
3245.93
3284.19
3322.84
3360.69
3398.46
3441.17
3500.49
3576.9
3616.6
3624.75
3576.85
3380.36
3262.84
3268.83
3294
3333.4
3372.74
3403.15
3428.23
3452.77
3479.14
3507.59
3536.66
3564.39
3590.63
3618.54
3655.57
3712.94
3769.85
3786.59
3785.93
3711.57
3551.72
3504.89
3514.31
3537.8
3572.9
3607.8
3633.6
3654.17
3674.58
3697.32
3722.8
3749.34
3774.75
3799.24
3826.31
3862.86
3916.13
3964.08
3981.2
3985.66
3930.35
3809.62
3774.1
3787.04
3813.12
3849.32
3888.81
3919.58
3942.27
3962.2
3981.91
4001.95
4021.22
4036.9
4046.89
4052.89
4058.86
4070.92
4084.99
4073.71
4033.5
3954.61
3813.96
3701.98
3659.36
3628.83
3608.87
3593.92
3571.77
3537.97
3498.63
3459.28
3422.34
3387.98
3353.78
3317.93
3282.37
3253.49
3236.94
3207.87
3146.73
3049.74
2919.35
2826.94
2783.5
2751.77
2733.61
2714.1
2683.48
2646.13
2608.14
2571
2534.21
2497
2460.52
2426.69
2388.48
2320.4
2229.37
2108.84
1994.15
1908.94
1830.18
1756.37
1674.33
1579.91
1481.58
1386.73
1300.17
1222.34
1140.09
1051.46
967.208
899.689
850.246
810.31
772.2
729.318
680.48
624.75
561.043
499.85
449.319
412.972
391.935
381.699
373.003
366.269
360.405
357.812
357.051
357.585
357.799
356.987
355.502
354.346
353.994
354.038
354.386
354.337
353.987
353.468
353.09
352.953
352.899
352.857
352.768
352.644
352.522
352.459
352.443
352.422
352.339
352.196
352.033
351.921
351.842
351.788
351.74
351.669
351.582
351.502
351.441
351.405
351.387
351.361
351.328
351.286
351.24
351.188
351.117
351.028
350.927
350.836
350.765
350.712
350.692
350.699
350.715
350.724
350.71
350.678
350.635
350.575
350.503
350.436
350.385
350.349
350.335
350.332
350.33
350.316
350.285
350.236
350.165
350.086
349.997
349.899
349.803
349.728
349.685
349.677
349.679
349.69
349.711
349.737
349.762
349.776
349.776
349.77
349.754
349.725
349.688
349.642
349.586
349.523
349.462
349.417
349.393
349.382
349.374
349.366
349.356
349.343
349.324
349.299
349.269
349.234
349.194
349.146
349.091
349.039
349.002
348.984
348.974
348.968
348.97
348.98
348.999
349.016
349.021
349.02
349.015
348.998
348.971
348.916
3813.05
2746.66
2149.6
2290.98
2440.37
2631.43
2813.61
2956.01
3011.3
3030.25
3050.27
3072.4
3085.52
3052.7
2813.88
2547.2
2543.68
2579.88
2638.37
2702.17
2763.87
2823.97
2884.28
2946.03
3010.27
3078.76
3153.71
3236.53
3321.01
3381.25
3405.17
3415.46
3332.69
3058.58
2945.61
2960.89
2999.9
3050.93
3097.86
3137.15
3172.92
3208.61
3245.62
3283.89
3322.39
3360.14
3398.02
3441.07
3501.11
3577.65
3616.54
3624.63
3575.21
3377.18
3261.85
3268
3293.19
3332.42
3371.41
3401.51
3426.34
3450.67
3476.78
3504.92
3533.71
3561.27
3587.51
3615.68
3653.49
3712.2
3769.68
3786.54
3785.49
3708.07
3547.89
3504.41
3514.1
3538.02
3573.24
3607.41
3632.25
3652
3671.64
3693.52
3717.99
3743.38
3767.63
3791.05
3817.15
3853.01
3905.7
3951.98
3967.94
3971.17
3913.52
3793.72
3760.49
3773.21
3798.78
3834.83
3874.35
3905.19
3928.17
3948.84
3969.91
3991.99
4013.92
4032.8
4046.54
4056.6
4067.38
4085.25
4104.01
4095.56
4059.62
3984.44
3845.22
3735.38
3695.11
3665.83
3646.32
3631.15
3608.09
3572.6
3530.74
3488.23
3447.84
3410.06
3372.59
3333.26
3294.01
3261.18
3240.09
3208.52
3145.35
3046.54
2912.97
2814.59
2766.86
2730.97
2708.71
2685.24
2650.97
2610.42
2569.95
2531.32
2494.03
2457.35
2422.62
2391.48
2355.2
2289.74
2201.5
2085.99
1979.13
1899.73
1826.05
1756.28
1677.31
1585.94
1489.93
1395.59
1306.73
1223.84
1132.53
1027.14
926.673
848.25
793.449
753.352
719.1
683.668
643.712
595.097
539.835
486.278
441.961
409.644
391.104
381.083
372.266
365.487
359.938
357.751
357.124
357.698
357.635
356.651
355.135
354.189
353.927
354.075
354.407
354.276
353.873
353.336
353.015
352.902
352.874
352.827
352.737
352.61
352.509
352.457
352.459
352.447
352.364
352.209
352.024
351.898
351.812
351.755
351.712
351.661
351.598
351.54
351.499
351.481
351.466
351.431
351.388
351.331
351.262
351.192
351.112
351.02
350.929
350.85
350.787
350.742
350.722
350.724
350.74
350.752
350.745
350.72
350.683
350.638
350.571
350.504
350.447
350.407
350.384
350.376
350.368
350.348
350.316
350.267
350.199
350.124
350.043
349.954
349.863
349.788
349.744
349.732
349.73
349.733
349.744
349.76
349.776
349.786
349.787
349.78
349.764
349.739
349.703
349.658
349.605
349.546
349.488
349.441
349.413
349.396
349.383
349.369
349.356
349.339
349.32
349.296
349.267
349.233
349.193
349.143
349.085
349.028
348.988
348.968
348.958
348.952
348.953
348.964
348.983
348.998
348.999
348.997
348.989
348.968
348.936
348.873
3811.96
2678.48
2143.34
2286.83
2435.13
2631.39
2817.84
2957.61
3009.14
3027.15
3046.44
3067.05
3078.47
3044.29
2807.69
2545.05
2541.37
2576.96
2634.94
2698.64
2760.54
2820.97
2881.66
2943.63
3007.85
3075.91
3150.24
3232.87
3318.57
3380.39
3404.71
3414.96
3332.54
3057.76
2943.76
2959.25
2998.42
3049.49
3096.32
3135.5
3171.23
3206.98
3244.15
3282.62
3321.34
3359.33
3397.42
3440.78
3501.43
3578.31
3616.84
3624.91
3574.2
3374.69
3261.08
3267.38
3292.54
3331.57
3370.21
3399.97
3424.58
3448.75
3474.77
3502.83
3531.54
3559.14
3585.63
3614.29
3652.86
3712.72
3770.25
3786.83
3785.35
3704.7
3544.78
3504.67
3514.91
3539.5
3575.13
3609.06
3633.41
3652.67
3671.75
3692.95
3716.6
3740.98
3764.08
3786.44
3811.83
3847.36
3899.46
3943.89
3958.68
3960.69
3900.28
3780.88
3749.56
3762.01
3787.15
3823.03
3862.4
3893.02
3916
3937.06
3959.02
3982.57
4006.56
4028.05
4044.98
4058.43
4073.55
4097.56
4121.24
4115.61
4084.45
4013.72
3876.69
3769.45
3731.91
3704.28
3685.73
3671.05
3647.59
3610.4
3565.95
3520.23
3476.12
3434.5
3393.39
3350.46
3307.21
3269.89
3243.82
3209.55
3144.12
3044.48
2909.1
2805.3
2753.24
2713.29
2686.73
2658.83
2619.99
2574.59
2529.4
2486.61
2446.05
2407.4
2372.48
2342.64
2307.27
2243.99
2158.29
2048.75
1952.1
1881.03
1815.37
1752.72
1678.97
1592.85
1501.53
1409.71
1320.03
1232.06
1132.67
1012.51
892.426
796.348
729.006
682.798
648.959
619.726
588.263
548.501
505.379
463.375
428.958
403.752
389.495
380.041
371.526
364.514
359.457
357.702
357.316
357.885
357.471
356.246
354.7
353.99
353.844
354.144
354.424
354.223
353.751
353.197
352.935
352.85
352.848
352.796
352.704
352.576
352.496
352.457
352.474
352.468
352.384
352.22
352.021
351.886
351.798
351.744
351.704
351.665
351.624
351.589
351.57
351.563
351.542
351.501
351.45
351.377
351.29
351.2
351.109
351.021
350.94
350.871
350.816
350.78
350.762
350.753
350.767
350.779
350.779
350.764
350.736
350.7
350.646
350.58
350.517
350.469
350.433
350.41
350.394
350.371
350.336
350.288
350.224
350.155
350.083
350.003
349.92
349.848
349.805
349.787
349.777
349.772
349.772
349.776
349.785
349.792
349.793
349.787
349.771
349.751
349.718
349.677
349.629
349.574
349.521
349.475
349.443
349.421
349.402
349.383
349.363
349.342
349.319
349.294
349.265
349.231
349.19
349.139
349.08
349.02
348.978
348.958
348.948
348.941
348.941
348.95
348.965
348.974
348.972
348.966
348.953
348.926
348.888
348.817
3809.67
2348.99
2146.46
2280.7
2430.93
2631.95
2820
2957.37
3006.03
3022.95
3041.32
3060.03
3069.64
3036.26
2807.45
2545.65
2539.78
2574.19
2631.4
2694.92
2756.91
2817.42
2878.05
2939.85
3003.88
3071.57
3145.2
3226.93
3312.86
3377.11
3402.68
3413.55
3332.89
3058.37
2941.89
2957.32
2996.45
3047.46
3094.1
3133.09
3168.73
3204.49
3241.75
3280.46
3319.59
3358.02
3396.56
3440.32
3501.4
3578.63
3617.07
3625.26
3573.64
3373.04
3260.55
3266.99
3292.16
3331.08
3369.51
3399.07
3423.58
3447.78
3473.79
3501.8
3530.43
3557.98
3584.55
3613.48
3652.87
3713.86
3770.76
3786.72
3784.49
3700.43
3541.59
3504.87
3515.36
3540.36
3576.37
3610.32
3634.6
3653.86
3673.02
3694.27
3717.75
3741.75
3764.35
3786.16
3810.86
3845.85
3897.89
3941.28
3954.76
3955.18
3891.71
3771.79
3742.01
3754.16
3779
3814.75
3853.79
3883.91
3906.56
3927.57
3949.84
3974.15
3999.37
4022.69
4042.02
4058.28
4076.8
4106.03
4134.51
4131.69
4105.48
4039.56
3905.04
3800.37
3765.5
3739.69
3722.33
3708.48
3685.1
3646.64
3599.91
3551.31
3503.77
3458.33
3413.43
3366.82
3319.71
3277.96
3246.89
3210.58
3143.18
3043.86
2907.78
2798.86
2742.57
2698.96
2668.53
2636.67
2593.27
2542.57
2491.78
2443.52
2398.13
2355.8
2318.76
2288.43
2251.5
2189.42
2104.32
2000.27
1914.48
1852.05
1796.26
1742.46
1676.63
1596.97
1512.12
1425.16
1337.35
1246.76
1140.23
1009.47
874.311
760.71
677.649
620.715
582.547
554.706
526.515
495.834
464.051
435.134
412.004
396.027
387.058
378.467
370.496
363.307
359.064
357.623
357.676
358.103
357.346
355.811
354.277
353.784
353.769
354.24
354.422
354.172
353.629
353.085
352.874
352.81
352.813
352.751
352.66
352.542
352.485
352.462
352.491
352.484
352.396
352.228
352.031
351.898
351.809
351.754
351.718
351.685
351.658
351.642
351.643
351.643
351.615
351.57
351.507
351.422
351.321
351.214
351.114
351.029
350.955
350.895
350.85
350.82
350.801
350.788
350.793
350.804
350.812
350.807
350.792
350.765
350.722
350.661
350.593
350.53
350.477
350.438
350.409
350.381
350.345
350.294
350.233
350.171
350.108
350.039
349.966
349.901
349.859
349.836
349.818
349.803
349.792
349.787
349.788
349.792
349.793
349.786
349.774
349.757
349.729
349.692
349.648
349.6
349.552
349.512
349.481
349.455
349.431
349.406
349.38
349.352
349.324
349.295
349.265
349.23
349.188
349.137
349.078
349.017
348.974
348.953
348.942
348.934
348.933
348.938
348.947
348.948
348.94
348.928
348.907
348.875
348.83
348.755
3807.58
2442.09
2162.64
2283.42
2429.33
2629.28
2817.51
2954.03
3001.29
3017.07
3034.77
3052.16
3061.59
3031.85
2813.59
2548.69
2539.06
2572.09
2628.5
2691.59
2753.16
2813.17
2873.43
2935.05
2998.72
3065.73
3138.25
3218.66
3304.76
3371.76
3399.08
3411.06
3333.41
3059.79
2939.72
2954.98
2993.99
3044.89
3091.36
3130.22
3165.87
3201.8
3239.29
3278.22
3317.53
3356.19
3395.11
3439.32
3500.86
3578.62
3617.16
3625.54
3573.56
3372.37
3260.34
3266.9
3292.08
3331
3369.39
3398.93
3423.47
3447.73
3473.9
3502.06
3530.79
3558.42
3585.09
3614.28
3654.17
3715.03
3770.16
3785.52
3782.39
3694.67
3537.5
3504.28
3515.05
3540.31
3576.47
3610.44
3634.83
3654.27
3673.61
3695
3718.57
3742.61
3765.17
3786.8
3811.3
3846.38
3898.8
3941.63
3954.48
3954.08
3888.22
3767.26
3738.49
3750.32
3774.81
3810.28
3848.71
3878.06
3900.15
3920.81
3942.92
3967.31
3992.93
4017.01
4037.84
4056.71
4077.81
4110.31
4142.71
4142.89
4121.55
4059.91
3927.71
3824.98
3792.26
3768.09
3751.9
3738.9
3715.82
3676.73
3628.5
3577.66
3527.38
3478.71
3430.37
3380.26
3329.47
3283.65
3248.2
3211.6
3143.01
3044.92
2908.42
2794.81
2734.74
2688.17
2654.77
2619.85
2572.58
2517.17
2461.3
2407.94
2357.8
2311.39
2271.35
2239.05
2199.03
2136.02
2049.89
1949.47
1872.52
1817.5
1770.57
1725.46
1668.22
1596.8
1519.1
1437.98
1354.27
1264.56
1153.89
1014.78
869.781
744.342
648.015
579.778
534.367
503.024
474.563
450.029
426.302
408.698
395.726
388.593
383.876
376.249
368.799
361.963
358.745
357.664
358.176
358.251
357.185
355.334
353.961
353.621
353.767
354.35
354.404
354.092
353.495
353.01
352.846
352.793
352.765
352.688
352.594
352.504
352.468
352.472
352.511
352.496
352.401
352.233
352.054
351.933
351.843
351.786
351.748
351.717
351.697
351.696
351.709
351.712
351.683
351.635
351.559
351.463
351.35
351.233
351.127
351.043
350.973
350.919
350.884
350.857
350.837
350.823
350.818
350.827
350.841
350.848
350.843
350.827
350.796
350.738
350.664
350.584
350.513
350.459
350.417
350.382
350.34
350.288
350.231
350.173
350.118
350.061
349.998
349.944
349.906
349.877
349.853
349.829
349.808
349.793
349.788
349.789
349.788
349.783
349.774
349.759
349.737
349.703
349.664
349.622
349.581
349.548
349.521
349.495
349.467
349.437
349.405
349.372
349.338
349.304
349.269
349.231
349.188
349.137
349.078
349.016
348.97
348.947
348.935
348.926
348.923
348.925
348.926
348.919
348.904
348.884
348.857
348.818
348.768
348.693
3810.49
2811
2122.47
2273.69
2425.86
2623.07
2810.4
2947.31
2995.7
3011.27
3029.32
3047.49
3058.06
3031.56
2822.7
2552.74
2539
2570.84
2626.4
2688.9
2749.93
2809.41
2869.07
2930.06
2993.22
3059.62
3131.01
3209.82
3295.89
3365.65
3394.89
3408.23
3334.25
3061.96
2937.4
2952.32
2991.14
3041.92
3088.27
3127.09
3162.86
3199.01
3236.75
3275.87
3315.3
3354.1
3393.13
3437.54
3499.47
3577.95
3616.92
3625.54
3573.72
3372.52
3260.46
3267.11
3292.34
3331.43
3369.98
3399.69
3424.41
3448.93
3475.43
3503.95
3532.93
3560.63
3587.21
3616.2
3655.84
3716.06
3769.03
3783.39
3778.99
3687.09
3532.04
3502.36
3513.57
3539.13
3575.32
3609.19
3633.59
3653.15
3672.61
3694.1
3717.8
3742.05
3765.06
3787.35
3812.75
3849.08
3902.79
3945.79
3958.65
3957.95
3889.92
3767.41
3739.12
3750.5
3774.6
3809.42
3846.67
3874.7
3895.74
3915.55
3936.93
3960.71
3985.95
4010.2
4032.11
4052.87
4076.42
4111.49
4147.14
4149.71
4132.24
4073.92
3943.29
3841.73
3810.45
3787.55
3772.41
3760.24
3737.54
3698.16
3649.08
3596.89
3544.68
3493.65
3442.38
3389.17
3335.32
3286.23
3247.83
3212.37
3143.31
3046.99
2910.34
2792.85
2729.67
2680.83
2645.34
2608.35
2558.32
2499.57
2440.17
2383.15
2329.46
2279.81
2237.06
2202.57
2158.96
2093.83
2005.62
1906.78
1835.31
1784.98
1743.97
1705.02
1655.04
1592.22
1521.76
1446.91
1368.23
1281.16
1168.28
1023.97
871.519
739.927
635.66
559.223
506.931
470.548
440.803
418.596
400.169
390.028
384.16
382.96
380.106
373.831
366.613
360.82
358.552
357.953
358.698
358.3
356.818
354.808
353.766
353.565
353.921
354.462
354.361
353.942
353.317
352.959
352.843
352.807
352.73
352.629
352.511
352.462
352.446
352.492
352.538
352.51
352.4
352.227
352.079
351.975
351.893
351.832
351.786
351.754
351.736
351.74
351.764
351.77
351.74
351.688
351.602
351.496
351.375
351.251
351.144
351.058
350.99
350.943
350.911
350.887
350.866
350.85
350.843
350.85
350.866
350.881
350.885
350.879
350.858
350.803
350.723
350.629
350.542
350.474
350.421
350.374
350.325
350.275
350.219
350.166
350.116
350.067
350.017
349.976
349.943
349.911
349.881
349.849
349.819
349.797
349.787
349.783
349.78
349.778
349.771
349.759
349.739
349.71
349.674
349.639
349.607
349.582
349.559
349.535
349.505
349.472
349.435
349.397
349.358
349.319
349.279
349.238
349.194
349.143
349.085
349.024
348.975
348.948
348.934
348.922
348.915
348.911
348.902
348.885
348.862
348.836
348.803
348.76
348.709
348.638
3808.98
2537.24
2144.43
2277.44
2421.83
2616
2801.01
2940.7
2992.1
3008.32
3026.39
3044.97
3056.43
3033.15
2832.06
2556.66
2538.57
2569.41
2624.52
2686.78
2747.51
2806.51
2865.65
2926.26
2989.17
3055.19
3125.66
3202.98
3288.39
3360.32
3391.92
3406.47
3335.94
3065.39
2936.3
2950.73
2989.24
3039.75
3085.8
3124.43
3160.2
3196.46
3234.36
3273.59
3313.09
3351.92
3390.99
3435.42
3497.4
3576.59
3616.2
3625.14
3573.89
3373.21
3260.81
3267.57
3292.94
3332.33
3371.18
3401.13
3426.13
3450.96
3477.77
3506.49
3535.51
3563.02
3589.2
3617.72
3657.15
3716.96
3767.45
3780.34
3774.53
3678.65
3526.07
3499.36
3510.87
3536.76
3573.42
3607.82
3632.75
3652.7
3672.52
3694.48
3718.77
3743.65
3767.27
3790.3
3816.65
3854.21
3909.29
3953.27
3966.37
3965.07
3893.86
3768.34
3740.36
3751.38
3775.26
3809.48
3845.55
3872.23
3892.13
3911.08
3931.78
3955.09
3980.19
4004.68
4027.23
4049.01
4074.02
4111.04
4149
4153.21
4138.3
4082.09
3952.32
3851.11
3820.5
3798.39
3784.05
3772.55
3750.13
3710.55
3661.02
3608.18
3555.04
3502.54
3449.25
3393.79
3337.76
3286.69
3246.59
3211.94
3143.91
3049
2912.99
2792.54
2726.97
2676.7
2639.86
2601.57
2549.93
2489.37
2428.09
2369.11
2313.44
2261.91
2217.42
2181.25
2134.58
2067.36
1977.02
1878.42
1809.64
1761.56
1723.45
1687.65
1641.98
1584.82
1520.76
1452.06
1378.19
1293.64
1178.8
1031.66
874.512
739.772
632.142
551.632
495.121
455.105
424.143
402.516
386.989
380.271
378.183
379.067
376.744
371.161
364.559
360.274
358.589
358.597
359.078
358.088
356.192
354.25
353.627
353.619
354.263
354.581
354.34
353.741
353.121
352.908
352.855
352.837
352.735
352.579
352.437
352.414
352.427
352.526
352.569
352.527
352.393
352.222
352.105
352.011
351.94
351.876
351.819
351.785
351.766
351.772
351.803
351.813
351.782
351.725
351.632
351.52
351.395
351.269
351.16
351.071
351.004
350.96
350.93
350.906
350.887
350.871
350.862
350.87
350.884
350.903
350.916
350.919
350.906
350.854
350.767
350.662
350.563
350.487
350.422
350.363
350.308
350.257
350.201
350.152
350.108
350.068
350.031
350.002
349.973
349.938
349.904
349.865
349.829
349.8
349.786
349.778
349.774
349.773
349.768
349.758
349.739
349.713
349.682
349.653
349.631
349.611
349.593
349.571
349.54
349.504
349.464
349.422
349.379
349.336
349.293
349.249
349.204
349.153
349.096
349.036
348.984
348.95
348.931
348.916
348.903
348.89
348.871
348.845
348.817
348.786
348.75
348.707
348.66
348.594
3810.44
2594.66
2130.56
2269.65
2417.84
2611.67
2794.17
2934.8
2988.28
3004.86
3023.41
3042.79
3055.7
3035.79
2840.81
2559.65
2538.08
2568.43
2623.29
2685.46
2746.11
2804.86
2863.7
2924.01
2986.68
3052.38
3122.2
3198.32
3282.8
3356.07
3389.6
3405.19
3337.53
3068.85
2935.59
2949.58
2987.87
3038.24
3084.13
3122.62
3158.33
3194.64
3232.62
3271.89
3311.39
3350.19
3389.25
3433.65
3495.55
3575.33
3615.72
3624.87
3574.21
3374.24
3261.29
3268.14
3293.66
3333.3
3372.41
3402.59
3427.81
3452.91
3480.05
3509.08
3538.26
3565.72
3591.64
3619.79
3658.99
3718.1
3766.06
3777.74
3770.54
3671.76
3521.29
3496.41
3507.91
3533.7
3570.37
3605.06
3630.48
3650.95
3671.4
3694.19
3719.49
3745.48
3770.13
3793.98
3820.93
3859.05
3914.77
3959.63
3973.14
3971.78
3898.93
3771.34
3743.33
3754.02
3777.71
3811.62
3847
3872.69
3891.66
3909.77
3929.61
3952.04
3976.45
4000.57
4023.05
4045.28
4071.35
4109.84
4149.43
4154.84
4140.99
4085.91
3956.42
3855.03
3824.48
3802.63
3788.63
3777.56
3755.44
3715.92
3666.33
3613.3
3559.78
3506.6
3452.36
3395.56
3338.15
3285.79
3244.57
3210.96
3144.12
3050.71
2915.4
2793.07
2725.98
2674.98
2637.39
2598.42
2546.04
2484.73
2422.76
2363.14
2306.91
2254.76
2209.57
2172.45
2123.85
2055.28
1963.03
1864.12
1796.53
1749.26
1712.09
1677.26
1633.47
1579.37
1519.04
1454.27
1384.13
1301.15
1184.02
1035.15
875.799
740.137
631.574
549.757
491.483
449.906
418.14
396.623
382.197
376.483
375.44
376.599
374.011
368.823
363.278
360.307
359.068
359.423
359.207
357.72
355.441
353.84
353.483
353.791
354.658
354.724
354.317
353.535
352.985
352.863
352.878
352.875
352.755
352.543
352.38
352.371
352.416
352.556
352.592
352.535
352.378
352.219
352.119
352.034
351.973
351.905
351.841
351.802
351.783
351.791
351.827
351.838
351.808
351.747
351.649
351.533
351.407
351.281
351.17
351.078
351.01
350.97
350.94
350.917
350.899
350.883
350.874
350.882
350.892
350.913
350.934
350.945
350.938
350.888
350.795
350.682
350.577
350.497
350.421
350.352
350.29
350.235
350.18
350.135
350.097
350.065
350.04
350.018
349.991
349.957
349.92
349.875
349.834
349.801
349.783
349.773
349.77
349.769
349.766
349.756
349.738
349.712
349.684
349.661
349.644
349.63
349.614
349.594
349.562
349.525
349.483
349.44
349.396
349.351
349.306
349.262
349.216
349.165
349.109
349.051
348.998
348.959
348.932
348.912
348.892
348.868
348.84
348.809
348.777
348.744
348.71
348.672
348.63
348.57
3811.88
2643.43
2117.89
2263.68
2412.82
2607.86
2791.01
2931.52
2985.48
3002.51
3021.63
3042.14
3056.81
3039.63
2847.06
2561.59
2538.06
2568.04
2622.6
2684.53
2744.97
2803.71
2862.5
2922.7
2985.16
3050.56
3120
3195.76
3280.19
3354.02
3388.15
3404.35
3338.54
3070.8
2935.21
2948.99
2987.15
3037.38
3083.11
3121.39
3156.92
3193.13
3231.06
3270.34
3309.84
3348.67
3387.82
3432.35
3494.45
3574.6
3615.32
3624.75
3574.7
3375.32
3262.04
3268.93
3294.53
3334.29
3373.54
3403.85
3429.16
3454.35
3481.62
3510.82
3540.15
3567.69
3593.68
3621.78
3660.63
3718.4
3764.18
3775.57
3767.7
3667.3
3518.16
3494.36
3505.92
3531.68
3568.33
3603.2
3629.08
3650.23
3671.47
3695.19
3721.52
3748.46
3773.9
3798.29
3825.59
3863.93
3919.89
3965.05
3978.3
3976.33
3902.09
3773.74
3745.86
3756.44
3780.05
3813.72
3848.57
3873.67
3892.24
3909.99
3929.41
3951.27
3975
3998.48
4020.63
4042.83
4069.22
4108.51
4149.11
4155
4141.51
4086.4
3956.58
3855.51
3825.14
3803.38
3789.55
3778.62
3756.63
3717.32
3667.86
3614.71
3560.79
3507.07
3452.2
3394.8
3337.1
3284.52
3243.33
3210.51
3144.38
3052.09
2917.33
2793.99
2726.12
2674.78
2636.91
2597.7
2545.07
2483.65
2421.6
2361.93
2305.69
2253.48
2208.17
2170.74
2121.02
2051.52
1958.34
1859.12
1791.7
1744.85
1708.03
1673.7
1630.69
1577.93
1519.22
1456.14
1387.19
1304.22
1185.2
1035.46
875.447
740.143
631.634
549.628
490.87
448.939
416.932
395.332
381
375.486
374.517
375.375
372.814
368.059
363.133
360.644
359.604
359.938
359.237
357.338
354.973
353.689
353.466
354.009
354.871
354.801
354.28
353.407
352.939
352.852
352.907
352.896
352.759
352.515
352.353
352.351
352.419
352.576
352.607
352.542
352.374
352.224
352.129
352.048
351.991
351.916
351.849
351.807
351.789
351.798
351.838
351.85
351.82
351.757
351.657
351.54
351.414
351.287
351.172
351.077
351.009
350.971
350.944
350.922
350.905
350.891
350.884
350.893
350.897
350.917
350.941
350.956
350.952
350.902
350.805
350.689
350.584
350.504
350.421
350.346
350.278
350.221
350.165
350.122
350.087
350.062
350.045
350.027
350.002
349.968
349.929
349.883
349.839
349.804
349.783
349.771
349.767
349.766
349.762
349.753
349.736
349.712
349.689
349.671
349.658
349.646
349.632
349.613
349.581
349.543
349.5
349.455
349.409
349.363
349.317
349.271
349.224
349.173
349.117
349.058
349.005
348.963
348.931
348.905
348.879
348.849
348.816
348.782
348.748
348.716
348.683
348.649
348.61
348.552
)
;

boundaryField
{
    sides
    {
        type            zeroGradient;
    }
    inlet
    {
        type            zeroGradient;
    }
    outlet
    {
        type            zeroGradient;
    }
    empty
    {
        type            empty;
    }
}


// ************************************************************************* //
