/*--------------------------------*- C++ -*----------------------------------*\
| =========                 |                                                 |
| \\      /  F ield         | OpenFOAM: The Open Source CFD Toolbox           |
|  \\    /   O peration     | Version:  2306                                  |
|   \\  /    A nd           | Website:  www.openfoam.com                      |
|    \\/     M anipulation  |                                                 |
\*---------------------------------------------------------------------------*/
FoamFile
{
    version     2.0;
    format      ascii;
    arch        "LSB;label=32;scalar=64";
    class       volScalarField;
    location    "0.2";
    object      p;
}
// * * * * * * * * * * * * * * * * * * * * * * * * * * * * * * * * * * * * * //

dimensions      [1 -1 -2 0 0 0 0];

internalField   nonuniform List<scalar> 
6000
(
5.31149e+07
1.07663e+06
91919.4
84163
80795.8
85215.1
90212.5
100819
113442
128287
146007
166728
188354
204560
213789
221584
225196
226853
224721
198270
127155
99402.5
97142
99603.4
103332
107113
111834
118625
127426
136942
144904
150245
153978
157391
162018
170169
184002
201433
215474
220423
215995
192371
136450
114975
114492
116906
120716
123645
125891
128434
132150
137372
143494
149274
153584
156378
158478
160720
163992
168640
174517
183367
190653
189012
182292
156140
127296
123721
126547
131817
137510
141265
143386
144920
146692
149023
151804
154786
157770
160320
162174
163401
164786
168698
176709
184262
187552
183146
165682
138530
129010
127513
128975
132216
135988
139785
143754
147756
151470
155244
158979
162321
164707
165637
165317
164622
164172
165287
169759
177241
181532
181954
172609
151107
138654
136140
136705
139723
143800
146921
149593
151747
153400
155082
157098
159493
161950
163613
164170
163817
163336
163680
165773
167782
169806
169346
161520
145507
136900
134631
133943
134989
137322
140386
143027
145519
147190
148752
150999
154285
158130
161128
162765
163516
163723
164452
167366
171763
173973
175691
171227
159268
151597
150310
150354
152278
154718
156133
156766
157095
157312
157507
157713
157941
157890
157723
157206
156314
155500
154755
154980
157350
161274
162638
163094
159197
148752
142088
140884
141082
142773
145313
147367
149582
151552
153864
155862
158358
161725
164984
166593
167159
167653
168435
170087
172956
176038
176982
177477
172714
159508
151031
149890
149532
149917
150790
151522
152174
153178
154632
156737
159035
162212
166450
169190
169450
168529
167117
165992
165273
165627
166889
167522
166883
165097
159701
153696
152565
153810
155989
158729
160679
160990
160711
160406
160427
161132
162561
164928
167087
167374
166298
164718
162947
161939
161638
161964
162353
161847
160620
157004
151484
149974
150881
152583
154617
155578
155358
154077
152033
150389
149439
149232
150088
152034
154479
156155
157220
158557
160883
164702
169399
172681
173876
172329
166401
156413
151395
149961
149423
150080
151302
152282
152850
153509
154294
155477
156983
158956
162844
5.31015e+07
1.03181e+06
92517.2
83769.7
80496
84434.1
89122.1
99374
111874
126745
144863
166468
190025
206911
214489
218468
220366
220879
220304
196210
126942
98631.2
96650.9
99287.4
103339
107511
112525
119387
127755
136363
143612
148806
152721
156439
161536
170107
183929
201238
215497
220466
215986
193411
137818
114924
114555
117076
121036
124090
126319
128751
132220
137117
142956
148676
153194
156283
158629
160966
164136
168628
174649
184035
192005
190672
184051
157951
128332
124345
126678
131318
136555
140202
142425
144193
146310
148998
152034
155101
157957
160233
161750
162619
163716
167352
175425
184525
188399
184811
167848
139898
129754
128333
129907
133408
137394
140859
143966
146973
150196
153741
157465
160900
163508
164856
165054
164822
164839
166411
171067
178344
182121
181961
172450
150785
138572
136280
136974
140039
144134
147350
149844
151500
152746
154197
156212
158777
161541
163558
164411
164294
164014
164490
166659
168654
170496
169990
162323
146218
137377
135242
134714
135995
138581
141727
144230
146445
147710
148854
150733
153823
157650
160850
162724
163762
164252
165113
167926
172272
174082
175367
171030
158985
150757
149622
149640
151410
153707
155071
155493
155649
155904
156473
157269
158079
158857
158978
158682
157837
156967
156399
156759
159028
162331
163151
163127
158674
148003
142030
141173
141653
143658
146393
148397
150178
151631
153499
155267
157699
161108
164309
165768
166176
166545
167274
168788
171622
174500
175529
175346
170869
158864
150625
149713
149642
150367
151333
151895
152079
152607
153596
155103
157114
160100
164212
167183
167700
167108
166134
165455
165068
165688
167347
168194
167682
165986
160521
154319
153082
154229
156193
158790
160445
160577
160188
159705
159547
159932
161010
163137
165612
166428
165845
164686
163295
162493
162271
162617
162719
162015
160456
156256
150636
149284
150025
151526
153524
154516
154483
153588
152067
150915
150248
150182
151079
153105
155690
157467
158529
159673
161530
164518
168109
170352
171082
169663
164357
155395
151065
150039
149845
150775
152232
153200
153668
154002
154507
155256
156341
157750
161035
5.28542e+07
1.22761e+06
92718
82710.3
79543.7
83288.6
88166.5
98397.5
111036
126081
144602
167427
193209
209872
214709
214063
212862
212479
213283
193032
127413
97770.4
96062.8
99095.7
103789
108553
113889
120400
127673
134868
141163
146514
151197
155821
161708
170409
183884
200611
214702
219276
214785
194647
140287
115055
114875
117537
121691
124862
127014
129118
132068
136404
141906
147732
152741
156321
158883
161175
164077
168301
174465
184420
193414
192829
186743
161050
129875
125109
126644
130364
134906
138358
140891
143313
146093
149280
152611
155661
158184
160061
161077
161469
162246
165414
173343
183989
189126
187053
171552
142523
131131
129912
131782
135572
139360
141972
143840
145737
148328
151749
155590
159249
162122
163874
164599
164871
165488
167518
172504
179503
182493
181785
172003
150136
138513
136639
137565
140692
144795
147860
150015
151134
152015
153239
155228
157995
161125
163503
164654
164789
164567
165045
167383
169948
171777
171481
164007
147587
138265
136301
136024
137658
140594
143809
145991
147537
148264
148994
150433
153177
156963
160375
162589
164140
165011
165982
168586
172684
173914
174370
170489
158487
149810
148983
149064
150780
152856
153814
154042
154165
154347
154814
155884
157621
159266
159959
160030
159798
159472
159255
159721
161706
164021
164076
163454
158153
147370
142232
141895
142679
144919
147721
149468
150444
151529
152850
154376
156651
160101
163441
164883
165201
165546
166298
167575
169858
172178
172849
171826
167617
157602
149811
148973
149451
150730
152014
152314
152050
151917
152267
153208
154737
157297
161291
164886
165707
165348
164704
164327
164453
165570
167883
169093
168869
167353
161767
155181
153762
154772
156474
158891
160111
159991
159424
158741
158329
158344
159077
160921
163677
165181
165028
164345
163559
163224
163378
163782
163597
162772
160720
155590
149627
148136
148485
149664
151650
152876
153093
152882
152130
151474
151055
151164
152190
154508
157604
159657
160639
161483
162593
164234
166405
167539
167654
166373
161431
153687
150407
149991
150401
151863
153798
154679
155051
154923
154750
154900
155438
156339
159060
5.27922e+07
1.23173e+06
93785.5
82295
78958.4
81955.6
87338.8
97339.5
110026
125728
144946
168883
194795
210484
213141
210013
206363
204353
204756
188279
126919
96414
95706.8
99143.9
104476
109870
115400
121259
127222
132999
138398
143719
149093
154729
161542
170428
183322
199199
213489
218171
213691
196252
143875
115465
115370
118260
122683
126011
128034
129708
131985
135583
140655
146534
152024
156167
159023
161353
163998
167866
174111
184439
194683
195396
190053
165189
132142
126182
126966
129761
133444
136421
138932
141823
145317
149182
152916
156030
158269
159645
160053
160104
160758
163672
171425
183020
189458
189158
176073
146587
133332
132423
134347
137999
141134
142722
143562
144571
146491
149559
153378
157241
160487
162755
164090
164934
166138
168693
174052
180646
182690
181456
171370
149275
138343
137008
138315
141626
145714
148561
150129
150497
150892
151873
153863
156860
160388
163165
164625
164856
164690
165218
167627
171452
173398
173782
166975
150241
139833
138100
138176
140176
143459
146514
148151
148725
148782
149003
150012
152529
156478
160114
162743
164637
165706
166550
168844
172600
173702
173493
169812
157683
148395
147587
147615
149028
150891
151597
151968
152336
152761
153424
154694
156970
159498
161176
161561
162058
162584
162866
163532
164899
165889
165139
163830
157662
147094
142837
143091
144125
146398
148969
150269
150830
151407
152327
153512
155460
158807
162175
163653
163890
164224
164904
165913
167535
169348
169862
168683
165257
156865
149035
147846
148630
150321
152126
152540
152060
151288
150880
151134
152155
154252
157945
161705
163056
163180
162935
162839
163367
165125
168206
169751
169796
168427
162423
155206
153676
154466
155892
157913
158640
158354
157845
157103
156602
156373
156806
158578
161705
163781
164001
163685
163523
163819
164529
165033
164781
163885
161407
155322
148826
147046
146849
147571
149344
151074
151573
151853
151848
151749
151812
152401
153939
156848
160383
162400
162973
163209
163317
163638
164347
164403
164023
162662
158235
151793
149441
149664
150624
152808
155026
155863
156046
155481
154630
154190
154153
154545
156883
5.2926e+07
1.02597e+06
95270.2
82303.2
78724.3
80931.6
86786.9
96923.2
110102
126484
146191
170115
195045
209097
210700
206582
201959
198291
196848
182133
125093
94627.2
95593.8
99677.8
105697
111473
116731
121742
126559
131213
135981
141252
147059
153495
160993
170008
181905
196476
210970
216362
212256
197573
147936
116263
115874
119120
123862
127369
129195
130375
131989
134885
139438
145140
150881
155532
158840
161351
163802
167343
173460
183823
195261
197544
193019
169535
134504
126965
127221
129391
132504
134908
137025
139913
143952
148696
152999
156263
158148
158970
158976
158958
159691
162416
169828
181787
189093
190636
180452
151910
136254
135340
136887
139967
142362
143191
143354
143712
145071
147733
151411
155464
159115
161842
163635
164957
166575
169573
175350
181507
182520
180816
170398
148191
138015
137288
138955
142596
146622
149287
150150
150084
150026
150680
152558
155592
159113
161996
163640
164178
164342
164958
167431
172370
174891
176180
170784
154553
142288
140576
140917
143201
146687
149235
150106
149830
149326
149149
149925
152373
156483
160246
163269
165270
166427
167159
169193
172589
173776
172988
168883
156201
146080
145233
145401
146663
148305
149030
149834
150694
151798
152814
154280
156911
159960
162034
162902
163882
165219
166101
167185
168360
168472
167023
164790
157637
147439
143979
144565
145639
147667
149758
150567
150771
151025
151609
152465
154215
157370
160704
162219
162549
163140
163664
164370
165495
166795
167200
165891
162862
155843
148282
146834
147757
149491
151653
152360
151909
150980
150147
149825
150352
151966
155202
158942
160600
161102
161378
161622
162427
164691
168191
169723
169827
168324
161834
154449
153099
153575
154801
156387
156865
156511
155944
155185
154741
154431
154706
156622
159986
162264
162735
162811
163102
163783
165061
166045
166073
165248
162412
155435
148254
146228
145579
145886
147327
149101
149834
150252
150721
151186
152026
153455
155935
159688
163296
164644
164706
164188
163314
162634
162395
161712
160994
159626
155934
150466
148433
148980
150356
152887
155449
156528
156633
155827
154407
153406
152914
152844
155052
5.28514e+07
1.05979e+06
96932.7
82817.3
78449.2
80021.5
86013.3
96635.6
110566
127630
147540
170877
194842
207433
207853
203869
199406
194650
190985
175924
122401
93360.1
95531.9
100807
107239
112842
117458
121677
125644
129700
134347
139704
145719
152536
160184
168937
179564
192659
207175
214103
210745
198328
151710
117211
116147
119840
124914
128610
130282
131109
132252
134597
138576
143897
149664
154733
158502
161336
163821
167049
172746
182862
195200
198662
195085
173425
137118
128035
127871
129612
132357
134316
135823
138160
142198
147466
152623
156090
157740
158294
158251
158242
159081
161786
168691
180368
188508
191266
183710
157291
138999
137700
138698
141152
143093
143597
143406
143428
144287
146499
150001
154174
158136
161221
163338
164926
166700
169784
175535
181332
181939
179720
169109
147052
137424
137177
139134
143170
147288
149868
150388
149934
149463
149794
151381
154219
157606
160540
162250
162879
163236
164067
166819
172405
176050
178052
174434
159918
145716
143688
144106
146268
149589
151569
151800
151126
150298
149908
150668
153158
157425
161127
164218
166070
167094
167655
169304
172013
173098
171893
167310
154138
143347
142027
142113
143137
144850
146386
147977
149437
151226
152598
154276
156903
160150
162600
163832
165033
166789
168164
169664
171059
171356
169855
167536
159436
148741
145435
146098
147035
148620
150214
150753
150698
150617
150825
151493
153075
155892
158999
160563
161365
162144
162665
163137
164103
165020
165215
163673
160851
154481
147217
145663
146583
148396
150897
151902
151615
150812
149978
149540
149757
150976
153645
157008
158823
159702
160184
160844
162018
164509
167884
169013
168904
166836
159162
151733
150738
151048
152028
153323
153853
153525
153149
152763
152751
152758
153373
155374
158512
160685
161282
161563
162187
163191
164903
166573
167241
166631
163669
156031
148134
145903
145050
145030
146181
147809
148719
149292
149959
150764
152177
154435
157968
162324
165274
166001
165615
164363
162808
161443
160558
159777
159054
157980
155082
150015
147803
148364
150002
152616
155180
156316
156307
155312
153658
152390
151710
151412
153693
5.26285e+07
1.30416e+06
97939.9
83501.2
78297.3
79450.5
85571.7
97059.7
111847
129178
148734
171892
195113
206514
206149
202011
197637
192378
187142
171315
120257
92489.9
95067
101980
108468
113511
117486
121038
124623
128842
133757
139174
145249
151985
159380
167482
176848
188536
202680
210942
208726
198211
154377
118058
116544
120561
125885
129666
131209
131821
132748
134781
138305
143191
148715
153970
158263
161484
164108
167030
172101
181772
194488
198634
195896
176112
139398
128978
128873
130378
132957
134737
135718
137254
140565
145694
151387
155461
157274
157907
158009
158096
159128
161924
168319
179075
187522
190891
185160
161356
141033
139143
139675
141618
143409
143890
143643
143534
144162
146008
149237
153329
157565
160970
163254
164835
166422
169240
174703
180121
180502
178293
167915
146295
136971
136991
139057
143072
147263
149797
150201
149642
149052
149255
150653
153294
156571
159306
160979
161525
161768
162591
165514
171804
176610
179094
177134
164783
149319
146378
146723
148621
151546
153225
153303
152557
151744
151423
152387
155068
159351
162752
165508
166965
167494
167678
168971
171305
171918
170278
164934
151465
140189
138341
138283
139469
141845
144366
146601
148600
150714
152221
153954
156536
159944
162731
164384
165713
167357
168947
170693
172396
173307
172381
170902
163550
151967
147713
147847
148374
149531
150724
150989
150690
150349
150267
150825
152123
154402
157245
159014
160153
161094
161672
162393
163407
163948
163914
162276
159382
153011
146070
144645
145454
147149
149729
150982
151031
150594
150107
149905
150204
151282
153597
156580
158286
159108
159819
160779
162248
164690
167037
167595
167109
163655
154156
147141
146425
146713
147543
149044
150221
150468
150576
150844
151177
151628
152429
154326
157207
159178
159796
160079
160765
162002
164126
166677
168009
167952
165140
157210
148634
146156
145139
144966
145987
147532
148521
149169
149869
150888
152615
155317
159304
163440
165738
166286
165587
163931
161950
160420
159564
159256
158713
157873
155356
150288
147567
147942
149436
151706
154041
155088
154999
153965
152487
151498
150952
150781
153299
5.28584e+07
1.04275e+06
97201.3
83333.3
78151.9
79938.6
86442.6
98908.4
114005
131108
150526
173402
196115
206462
205693
201317
196445
190871
185102
169239
119437
92009.1
94530
102356
108816
113469
116864
120048
123867
128530
133894
139676
145806
152123
158740
165910
174157
184741
198369
207153
205868
196741
155229
118757
116961
121301
126689
130394
131945
132625
133525
135349
138570
143137
148435
153674
158233
161816
164631
167378
171768
180554
192928
197098
195128
177451
141350
129770
130065
131604
134176
135816
136557
137439
139761
144112
149518
154398
156925
157875
158245
158690
160056
163059
168886
178453
186222
189209
184763
163596
142417
139884
140126
141680
143438
144110
144042
143983
144507
146085
148991
153018
157402
161041
163357
164740
165937
168332
173125
178177
178574
176683
166855
145955
136574
136468
138421
142333
146676
149295
149805
149359
148881
149040
150311
152868
155989
158680
160239
160625
160614
161187
163995
170668
176711
179459
178650
168117
152009
147971
148208
149890
152630
154253
154410
153827
153284
153350
154646
157492
161510
164334
166542
167543
167742
167671
168627
170100
169949
167985
161958
148181
137333
135483
135442
136978
140008
143134
145615
147841
150067
151738
153538
156190
159816
162908
164649
165787
167098
168588
170345
172460
174075
173678
172955
167164
155818
150414
150185
150058
150674
151422
151461
150977
150440
150200
150563
151465
153229
155668
157657
158984
160218
160934
162045
162960
163444
163295
161803
158770
151999
145173
143851
144390
145895
148504
150036
150304
150259
150267
150538
151128
152332
154561
157381
159089
159849
160548
161506
162962
164812
165982
165776
164227
158477
147774
142046
141589
141995
143120
145284
147308
148129
148611
149161
149747
150477
151485
153355
156085
157950
158526
158742
159390
160723
163180
166519
168483
169122
166667
158683
149555
146881
145824
145691
146790
148409
149478
150062
150693
151705
153354
155882
159451
163166
165222
165551
164616
162788
160978
159850
159555
159996
159752
159135
156604
151021
147544
147494
148516
150243
152290
153235
153223
152467
151512
151003
150837
151096
153741
5.28926e+07
1.02003e+06
93955.4
81831.8
77967.9
81367.1
88765.6
101442
116011
132867
152042
175358
197749
207108
206362
201590
195969
190263
184526
168669
119716
92412.6
94622.7
102013
108291
112703
115958
119320
123660
129074
135117
141307
147194
152702
158311
164530
171995
181805
194798
203193
202678
194183
154038
119176
117569
122086
127287
130739
132306
133107
134156
136066
139236
143686
148995
154276
158852
162501
165303
167867
171724
179474
190698
194283
192979
177582
143067
130356
131275
133099
135877
137591
138121
138589
140133
143306
147916
152869
156520
158333
159242
160286
162002
165090
170197
178353
184823
186549
182955
164268
143272
140026
140130
141429
143324
144298
144447
144497
144971
146316
149087
153112
157563
161252
163369
164427
165117
166778
170693
175508
176231
174986
166198
146261
136391
135739
137312
140993
145464
148276
149202
149062
148809
149005
150328
152909
155999
158681
160086
160257
159960
160235
162820
169441
176334
179401
179115
169633
153340
148461
148559
150130
152960
154872
155299
154985
154712
155152
156735
159602
163223
165579
167111
167609
167444
167095
167581
168202
167311
164857
158497
145747
135873
134135
134204
135858
139122
142529
144923
146925
148938
150702
152711
155597
159447
162817
164562
165456
166329
167522
169202
171791
173937
174115
173744
169157
158564
152412
152094
152040
152534
152862
152542
151811
151149
150777
150720
151227
152427
154529
156731
158199
159502
160472
161564
162592
163368
163196
161919
158835
151572
144651
143376
143558
144759
147197
149164
149725
150008
150511
151302
152374
153917
156191
158814
160528
161325
161936
162724
163776
164642
164928
163813
160620
153236
143294
138723
138332
138813
140099
142595
145154
146554
147189
147648
148218
149117
150429
152457
155261
157251
157774
157978
158597
159943
162600
166428
168928
170071
168039
160408
150906
148060
147200
147361
148792
150631
151727
152126
152473
153065
154103
155886
158750
162169
163985
164110
163072
161539
160415
159916
160355
161482
161722
161451
158693
152197
147763
147318
147702
148967
150868
151715
151856
151399
150996
150890
151124
151631
154410
5.29737e+07
1.01211e+06
91226.6
81039.1
78688
82915.6
90775.5
103422
117840
134597
154179
177898
199599
208253
207614
202627
196523
190972
185422
169468
120459
93219.8
95052.7
101210
107130
111501
114990
118908
123990
130482
137536
143982
149200
153733
158282
163747
170742
180143
192467
199683
199348
191158
151821
119371
118396
122807
127571
130683
132203
133149
134359
136439
139850
144609
150205
155629
160106
163520
166085
168457
171890
178595
188082
190854
189554
176430
144160
130917
132262
134740
137872
139786
140254
140352
141139
143338
146951
151411
155889
159093
161070
162756
164730
167528
171781
178382
183546
183509
180283
163785
143125
138963
139475
140946
143103
144396
144728
144817
145222
146498
149195
153302
157764
161469
163369
164026
164139
164879
167651
172429
173944
173697
166320
147425
136513
135188
136147
139423
143785
146859
148297
148471
148428
148914
150598
153404
156654
159357
160559
160466
159832
159779
161978
168252
175348
178537
178630
169755
153425
147974
147876
149453
152538
154979
155853
155992
156035
156639
158319
161090
164325
166349
167365
167439
167015
166277
165892
165648
164356
161958
156530
145301
135685
133840
133949
135697
139106
142651
144916
146587
148199
149678
151675
154719
158718
162315
164111
164761
165247
166123
167754
170626
173189
173857
173680
169677
159677
153401
153084
153399
154291
154652
154104
152915
151843
151264
151096
151340
152160
154088
156409
157908
158863
159835
160830
162214
163430
163323
162254
159185
151482
144493
143208
143098
144010
146258
148469
149501
150117
151040
152381
154013
156011
158421
160931
162328
162718
163124
163512
164068
164366
163727
161523
157416
150553
141735
137107
136523
137000
138229
140595
143201
144753
145494
146032
146733
147681
149171
151553
154676
157069
157816
158131
158746
160055
162732
166728
169510
170811
169112
161912
152408
149608
149033
149648
151422
153261
154173
154310
154261
154334
154684
155656
157572
160421
162013
162101
161426
160768
160441
160713
162022
163572
164020
163692
160407
152940
148120
147387
147386
148413
150163
150918
151156
151105
151034
151164
151591
152392
155502
5.30322e+07
994718
88324.3
79320.5
78070.8
82854.9
91285
104241
118958
136261
156723
180596
201244
209215
209282
204546
198642
193563
187976
170875
120278
93633
95240.4
100105
105673
110254
114244
118908
125155
132982
140859
147217
151795
155465
159266
164073
170691
179996
191643
197101
196365
187956
148571
119467
119338
123483
127765
130536
131892
132810
134078
136298
140114
145576
151793
157363
161542
164471
166701
168915
172119
177926
185944
188025
186085
174190
144328
131426
133105
136572
139946
141949
142445
142440
142756
143977
146594
150519
155288
159902
163218
165372
167391
169932
173204
178265
182181
181076
177527
162854
142493
137569
138732
140526
142932
144453
144870
144903
145211
146405
149005
153167
157735
161381
163000
163260
162720
162567
164551
169572
172232
173267
167309
149476
137038
135065
135416
138127
142012
145015
146825
147699
148378
149454
151461
154467
157939
160519
161302
160880
159995
159625
161531
167335
174100
177239
177322
168817
152691
146857
146512
148154
151573
154721
156229
156901
157292
157853
159225
161636
164325
165896
166463
166009
165043
163927
163389
163499
162857
161230
156902
146157
136230
134299
134491
136196
139474
143027
145245
146769
148189
149475
151233
153980
157797
161416
163289
163861
164171
164912
166536
169435
172329
173334
173177
169449
159819
153516
153098
153598
155000
155892
155704
154695
153421
152501
152084
152061
152736
154444
156617
157887
158508
159179
160142
161819
163293
163356
162581
159596
151648
144634
143365
143099
143810
145870
148294
149713
150649
151873
153642
155741
158045
160484
162675
163672
163788
163750
163696
163768
163574
162577
160490
156955
150534
141632
136655
135955
136375
137463
139568
141984
143403
143966
144352
144991
146106
147964
150774
154477
157496
158726
159219
159803
161051
163572
167527
170277
171343
169836
162939
153539
151104
151129
152255
154460
156570
157447
157546
157145
156511
155926
155754
156535
158419
160040
160293
160307
160560
160999
162002
163874
165419
165761
164896
160945
152964
148167
147315
147191
148168
149931
150952
151221
151321
151543
151998
152781
154154
157714
5.30108e+07
1.01915e+06
86852.1
77733.6
76251.9
81386.6
90681.1
104250
119706
137509
158812
182529
202027
209150
211051
207008
202568
197942
192036
172330
119378
93888.2
95213
99072.7
104455
109321
113866
119441
127210
136208
144279
150072
153994
157287
160995
165938
172571
181864
192499
196564
195419
185139
144572
119300
120136
124279
127992
130353
131464
132199
133327
135588
139901
146286
153357
159222
162902
165199
166975
169043
172232
177494
184546
186288
183742
172229
143936
131614
133489
138096
141664
143578
144024
143928
144025
144863
146904
150421
155385
160943
165480
168023
169741
171537
174186
178082
181201
179807
175498
161998
141572
136358
137898
140488
143168
144822
145135
144918
144956
145867
148307
152481
157072
160643
162118
162028
160988
160412
162234
167585
171566
173855
169026
152194
138077
135446
135285
137491
140663
143208
145065
146670
148252
150249
152968
156165
159346
161432
161873
161345
160272
159807
161520
166770
172845
175780
175450
166979
151514
145592
145011
146738
150493
154365
156529
157553
158051
158491
159310
160789
162626
163800
163932
163144
162201
161471
162151
164013
164428
163332
159383
148619
137808
135621
135777
137188
140114
143521
145771
147214
148449
149602
151163
153627
157131
160588
162471
163057
163454
164309
165930
168617
171240
172095
171918
168480
159011
152540
151994
152345
154082
155892
156245
155827
154955
154041
153761
153947
154280
155654
157556
158360
158574
158963
159797
161434
163029
163330
162912
160072
152164
145098
143826
143487
144121
146140
148714
150374
151522
152902
154823
156990
159218
161467
163612
164474
164299
163542
162590
162093
162119
162292
161704
159331
153407
143496
137421
136574
136899
137777
139496
141533
142662
142947
143147
143686
144871
147000
150300
154542
158180
159886
160616
161291
162649
165226
168938
171139
171591
170123
163464
154226
152013
152586
154088
156643
159051
159933
159944
159242
158167
157127
156401
156345
157389
159020
159680
160141
160744
161751
163190
165177
166503
166521
165193
160892
153094
148593
147623
147451
148510
150257
151468
151803
152021
152477
153349
154722
156691
160411
5.30562e+07
950624
85760.8
75847.5
74352.3
79488.3
88897.9
103416
119892
138386
160169
182740
200977
207399
211325
210519
208198
203329
196326
173910
118597
93877.8
94812.3
98366.5
103775
108909
114075
120832
129627
138850
146625
151889
155327
158333
162142
167814
175706
186087
195600
198234
196464
183237
140531
118646
120335
124646
128141
130212
131014
131443
132275
134467
139304
146618
154600
160727
164042
165865
167147
168806
171875
176846
183896
186125
183399
171775
143326
131074
133102
138626
142562
144480
144828
144631
144705
145562
147604
151328
156399
162180
166637
169279
170809
172233
174450
178186
181191
179745
174796
161771
140810
135208
137078
140833
143821
145467
145561
144990
144633
145109
147219
151290
155810
159379
160789
160638
159607
159149
161144
166900
171897
175186
171143
155242
139657
136233
135617
137425
140060
142185
144093
146302
149021
152196
155519
158513
160998
162487
162737
161989
160802
160241
161745
166528
171777
174393
173527
164885
149927
144326
143719
145426
149344
153593
156152
157394
157785
157863
157968
158430
159495
160676
161007
160866
160546
160546
161909
164832
166417
166091
163318
153316
141125
138030
137875
138725
141019
144156
146544
147990
149066
149970
151182
153214
156247
159407
161303
162185
162949
163986
165608
168101
170166
170407
169964
166346
156836
150384
149846
150259
152057
154450
155587
155839
155855
155726
155895
156330
156943
158096
159244
159588
159329
159237
159750
161058
162678
163192
163075
160433
152789
145697
144385
144072
144778
146943
149714
151433
152521
153897
155509
157422
159543
161846
163935
164406
163610
162074
160589
160072
160696
162069
162604
161840
158043
148385
139981
138351
138511
139106
140462
142007
142546
142510
142525
142956
144200
146528
150143
154662
158732
161041
162278
163376
164910
167450
170579
172049
171682
170036
163500
154265
152083
152952
154652
157145
159470
160419
160265
159382
158301
157354
156876
157344
158708
160063
160451
160768
161393
162509
163951
165583
166646
166488
164871
160390
152899
148644
147630
147520
148746
150722
152217
152768
153159
153849
155068
156767
158921
162700
5.26955e+07
1.30845e+06
85632
75578.1
73720.4
78345.6
87620
102135
118706
137305
159191
181461
198570
204635
210437
214004
212888
208074
200594
176570
118847
94101
94759
98372.7
103911
109359
115124
122429
131190
140160
147856
153025
156371
159207
162938
168910
178127
190900
201027
203700
200630
182525
136683
117493
119610
124327
128013
129982
130546
130734
131364
133562
138786
146647
155127
161317
164393
165932
166917
168258
171457
176751
184761
188090
185160
172767
142606
129857
131862
138224
142542
144687
144958
144537
144568
145806
148608
152832
158010
162777
166217
168173
169628
171166
174031
178099
181645
180698
175513
162452
140739
134124
136196
140977
144596
146260
146165
145210
144506
144623
146401
150191
154683
158393
159995
160218
159560
159344
161492
167432
172976
176694
173137
158046
141379
137165
136066
137483
140041
142559
144888
147576
150711
153859
156869
159752
162099
163457
163619
162704
161424
160761
162067
166493
171001
173276
171875
162938
148446
143200
142615
144352
148136
152399
154926
156043
156120
155687
155233
155276
156381
158261
159580
160103
160162
160452
162002
165505
168051
168573
166916
158659
145884
141527
141057
141340
142784
145221
147412
148738
149659
150351
151261
152911
155593
158502
160498
161719
162835
164093
165611
167662
169192
168971
168288
164318
154259
147664
147189
147557
149324
152213
154315
155077
155854
156457
157217
158037
159095
160576
161549
161351
160576
160033
160083
161020
162520
163057
163050
160654
153500
146440
145068
144840
145689
148038
150929
152711
153442
154238
155582
157360
159332
161426
163219
163371
162229
160574
159485
159232
160143
162163
163401
163666
161878
154695
145443
142393
142027
142003
142458
143142
143307
143026
142834
143158
144394
146766
150422
155029
159275
162005
163651
165220
167147
169657
171644
172301
171522
169430
162870
153797
151404
152021
153567
155519
157438
158478
158427
157775
157010
156564
156867
158288
160666
162336
162689
162739
162767
163205
164152
165178
166004
165911
164192
159790
152720
148822
147878
147929
149366
151600
153228
154037
154646
155342
156230
157786
159970
163635
5.30463e+07
901960
88342.9
76982.6
74391.6
78431.5
86714.3
100919
117335
135549
156236
178181
195882
202449
209492
215707
216461
212408
203792
179507
119941
94264.3
95028.8
98905.3
104693
110373
116238
123096
131235
139818
147531
152982
156592
159416
163067
169303
179365
194269
206956
211276
206875
184486
134144
115477
117822
123274
127676
129523
130009
130167
130833
133114
138359
146191
154537
160502
163423
164815
165643
167125
170971
177547
187487
191950
188421
174803
142253
128036
129993
136494
141455
143558
143875
143539
143816
145759
149535
154360
158978
162401
164309
165220
166489
168478
172466
177916
182723
182590
177557
164153
141255
133394
135370
140566
144800
146752
146726
145579
144721
144600
146159
149659
154097
158011
159882
160395
160212
160429
162968
168929
174436
177874
174564
160112
142725
137865
136547
137810
140575
143762
146577
149285
151680
153749
156168
159062
161936
163775
164239
163420
162103
161323
162534
166596
170362
172263
170441
161240
147150
142331
141766
143391
146969
150821
152866
153547
153342
152819
152508
153023
154791
157510
159525
160373
160652
161113
162762
166341
169226
170126
169199
162565
150157
145045
144430
144474
145476
147145
148743
149842
150640
151170
151850
153215
155685
158413
160213
161446
162672
163933
165295
166928
168138
167752
166680
162240
151892
145225
144723
144997
146632
149747
152543
153991
155031
156050
157116
158287
159888
162017
163328
163165
162212
161277
161023
161619
162874
163324
163318
161088
154270
147210
145836
145730
146733
149250
151953
153225
153721
154348
155292
156529
158010
159720
161363
161711
161172
160247
159492
159266
160232
162534
164205
164620
163742
158872
150869
147624
147378
147229
146962
146444
145591
144686
144328
144594
145730
147812
151173
155614
159837
162790
164871
166833
168811
170529
171431
171395
170317
167915
161549
153018
150093
150180
151089
152406
154148
155477
155748
155543
155354
155487
156360
158343
161582
164182
164851
165052
164682
164332
164583
165001
165197
164749
163002
158727
152129
148787
148121
148457
150166
152573
154245
155011
155347
155758
156634
157931
159587
162509
5.26285e+07
1.31185e+06
89928.1
79179.8
76001
79226.1
86383.1
99531.6
115352
133116
152450
173622
192879
201705
209366
215876
217654
214140
205623
181935
121090
94317.4
95746.3
100167
106372
111999
117133
122927
130049
137813
145294
151168
155394
158834
162919
169362
180452
196630
211708
217690
212143
189019
135211
113385
115388
121016
126477
128941
129567
129982
131016
133535
138611
145708
153056
158528
161551
163132
164156
166143
170874
179058
190839
196556
192218
177502
142578
126386
127862
133795
139285
141803
142233
142192
143122
145955
150482
155291
158824
160733
161587
161799
162491
164751
169690
176699
183668
185242
180508
166691
142220
133072
134657
139499
144357
146784
146794
145887
145186
145193
146874
150231
154473
158287
160439
161264
161556
162281
165164
170922
175845
178420
175223
161331
143613
138534
137238
138578
141783
145600
148636
150836
152097
153289
155005
157447
160629
163164
164310
163986
162911
162205
163247
166926
169828
171442
169312
159730
145985
141612
141070
142530
145603
148757
150392
150829
150726
150599
150856
151990
154208
157254
159623
160901
161549
162219
163833
167199
170291
171387
170989
165155
153120
147730
146994
147076
148182
149720
150871
151697
152263
152658
153179
154387
156608
158949
160384
161365
162455
163406
164467
165797
166722
166118
164938
160427
150214
143672
143138
143457
144902
147760
150771
152675
153864
154950
156060
157379
159322
162016
163811
164110
163619
162965
162736
163243
164191
164497
164231
161950
155144
147983
146618
146610
147657
149964
152258
153310
153656
153935
154363
154980
155931
157485
159511
161016
161223
160838
160313
160162
161184
163405
164800
165195
164728
160939
154174
151331
151632
152097
152508
152115
150880
149354
148177
147884
148522
149926
152614
156701
161120
164308
165854
166977
168240
169356
169796
169304
167945
165101
159265
151808
148441
148026
148418
149451
151316
153143
153951
154186
154353
154880
156057
158324
161788
165014
166126
166370
165967
165252
164993
165023
164888
164173
162448
158034
151477
148553
148239
148814
150660
153054
154527
155024
155330
155654
156227
156974
157754
159892
5.29366e+07
932033
93613.1
81774.6
78179.7
80611.5
86552.7
98180.4
112906
129696
147922
168494
189958
202729
210359
215128
217004
213618
206164
183379
121922
94545.9
96720.9
102011
108413
113473
117578
122154
127859
134667
141897
148388
153568
157907
162796
169808
181563
198155
214566
221610
215342
193423
138409
112540
113053
117965
123983
127649
129081
130111
131688
134625
139358
145235
151079
155656
158689
160828
162757
165953
171950
181502
194426
200970
195811
180593
143554
125065
125921
130748
136292
139587
140419
141028
142877
146452
151093
155119
157333
158145
158447
158448
158918
160860
165999
174410
183896
187814
183869
169446
143179
133270
134244
138078
143013
146027
146611
146262
146019
146677
148774
152033
155877
159357
161641
162857
163586
164790
167871
173188
177062
178249
175079
161651
143874
138732
137933
139734
143490
147738
150610
151903
152003
152288
153318
155458
158661
161562
163536
164205
163907
163661
164729
167594
169665
171054
168559
158347
144935
140985
140444
141629
144057
146685
148220
148698
148731
148828
149416
150936
153565
157087
160079
161970
162984
163763
165240
168309
171000
172013
171754
166412
154932
149495
148551
148535
149913
151995
153295
154217
154807
155131
155477
156409
158083
159827
160608
161099
161764
162305
162968
164098
165010
164380
163204
158973
149410
143137
142534
142962
144175
146564
149330
151252
152460
153501
154564
155842
157848
160735
162997
163764
163956
164108
164532
165578
166679
166812
166150
163462
156058
148532
147136
147129
148021
150092
152034
152789
152899
152779
152744
153085
154031
155928
158806
160906
161497
161669
161660
161815
162813
164584
165642
165785
165191
161497
155254
152789
153372
154434
156071
157027
156849
156041
154653
153629
153450
154035
155943
159619
163395
165086
165529
165952
166259
166548
166398
165545
163977
161362
156920
150882
147397
146897
146875
147558
149253
151014
151852
152277
152749
153656
155246
157803
161484
164960
166264
166361
165949
165336
165015
165076
165088
164543
162720
157885
151163
148559
148491
149183
151164
153565
154477
154837
154860
154698
154557
154515
154629
156714
5.25434e+07
1.31612e+06
97996.5
85447
80840.4
82271.2
87069.8
96961.8
109963
125480
142932
163625
187604
204493
211742
214723
215047
211349
205398
183477
121804
94856.5
97767.7
103932
110089
114367
117603
121093
125558
131269
137905
144751
151074
156744
162816
170851
182988
199217
216098
223622
217063
197289
142618
112839
111423
115172
120916
125455
128087
130008
132520
135992
140220
144700
148957
152534
155521
158326
161797
166709
174214
184441
197406
204265
198837
183570
145023
124513
124112
127811
133114
136899
138671
140442
143124
146865
150906
153821
155096
155526
155725
155675
155902
157549
162234
171547
183168
188994
186885
172284
144469
134043
134199
136819
141057
144404
146022
146657
147454
149030
151538
154618
157990
161060
163420
164964
166034
167478
170356
174899
177835
177426
174175
161234
143540
138563
138703
141091
145409
149698
151973
152036
151510
151108
151534
153162
155859
159188
162249
163972
164732
165283
166652
168459
169786
170686
167784
156803
143846
140304
139697
140650
142698
145052
146489
146885
146891
147045
147815
149719
152925
157064
160705
163222
164633
165483
166771
169381
171495
172327
172003
166486
155171
150052
149025
149139
151016
153801
155567
156739
157669
158144
158376
158776
159502
160288
160462
160507
160586
160790
161056
162013
163121
162648
161704
158114
149364
143238
142505
143017
144038
146049
148431
150059
150943
151633
152479
153753
155881
158822
161222
162643
163620
164699
166009
167873
169534
169793
168987
165624
156719
148524
147262
147325
148125
149687
151024
151514
151424
151153
151119
151630
153001
155569
158745
160990
161904
162502
163096
163680
164708
165988
166596
166357
165216
161132
155374
153556
154316
155874
158674
161209
162077
162154
161440
160650
160263
160467
161809
164182
165651
165408
164722
163593
162287
161568
161158
160585
159690
158239
155285
150067
146347
145523
145209
145906
147652
149466
150382
150962
151673
152702
154277
156631
159988
163699
165681
166057
165733
165265
165071
165353
165613
165325
163662
158416
150790
148044
148236
149086
151023
153008
153919
154106
153576
152699
151931
151572
151643
154203
5.27489e+07
1.05997e+06
103625
89135.6
83067.7
83501
87286.9
95809.4
107171
121344
138491
159609
185922
205993
214143
215392
212764
208972
203687
182526
121433
95200.9
98671.4
105600
111309
114863
117484
120262
123735
128388
134326
141317
148729
155923
163386
172389
184535
199713
215833
223881
217806
200072
146678
113412
110597
113346
118214
122825
126661
130009
133469
137266
141070
144424
147295
149908
152742
156300
161145
167758
176539
186896
199024
206414
200905
185838
146409
124296
122619
125523
130446
134677
137790
140491
143712
147325
150542
152476
153210
153492
153589
153626
153895
155171
159491
169060
181993
188992
188996
174798
145724
134893
134216
135887
139261
142462
144928
147071
149207
151664
154382
157231
160031
162647
164908
166710
168165
169815
172389
176012
178131
176645
172872
160563
143308
138465
139378
142440
147094
151009
152557
152167
150929
149994
149929
151260
153722
156932
160523
163299
165229
166858
168440
169263
170505
170975
167128
155185
142947
139918
139227
139996
141858
143992
145232
145499
145411
145540
146387
148539
152253
157027
161283
164280
166130
167112
168175
170070
171624
172236
171714
166046
154989
150129
149035
149299
151663
154976
157139
158454
159717
160697
161209
161399
161423
161197
160440
159821
159345
159270
159284
160167
161619
161405
160686
157596
149444
143541
142758
143336
144227
145964
148012
149284
149831
150220
150803
151974
154102
156910
159463
161373
162855
164666
166902
169584
171948
172568
172018
168672
158774
149390
147570
147492
147764
148426
149265
149765
149834
149892
150172
150821
152372
155458
159165
161393
162385
163309
164276
165259
166280
167247
167492
166796
165036
160342
154582
153179
154028
156031
159970
163985
165839
166487
166335
165919
165819
166519
167975
168879
167781
165590
163034
160051
157313
156210
156261
156672
156914
156408
154077
149192
145430
144418
143993
144944
146846
148657
149495
150170
151019
152061
153491
155558
158574
162051
164110
164667
164698
164748
165054
165724
166212
166135
164755
159427
151073
148059
148279
149227
150949
152252
153052
152953
152000
150778
149890
149496
149469
152270
5.25768e+07
1.24689e+06
108018
92638.2
84482.2
83893.9
87247
94762.4
105090
118293
134888
156287
184437
206829
215823
215998
212074
207374
201746
180582
120222
95040
98912.6
106486
112073
115340
117497
119688
122610
126707
131996
138610
146316
154601
163344
173203
185633
200281
216000
224548
218908
202332
149354
113934
110421
112464
116474
120647
124846
129179
133459
137616
141389
144328
146492
148431
150895
154648
160389
168154
178120
189000
201004
208849
203117
187639
147332
124139
121827
124196
128534
132688
136419
139895
143529
147159
150061
151600
152109
152205
152157
152278
152787
154083
158210
167824
181003
188313
189854
175976
146302
135373
134384
135780
138702
141486
144153
147243
150529
153612
156463
159186
161806
164172
166237
167984
169663
171473
173783
176819
178419
176513
172321
160296
143093
138358
139516
143232
148107
151811
153047
152340
150640
149287
148906
150085
152513
155830
159271
162698
165683
167884
169224
169573
170770
170954
166418
153872
142180
139445
138871
139668
141442
143434
144531
144711
144574
144699
145610
147934
151950
157066
161685
164923
167139
168256
169089
170401
171702
172168
171532
165806
154923
150286
149268
149657
152222
155827
158373
159989
161268
162258
162790
163004
162685
161784
160624
159382
158227
157819
157663
158695
160590
160706
160224
157371
149524
143735
142876
143517
144343
145919
147701
148698
149040
149292
149781
150933
153069
155866
158352
160339
162414
164878
167741
170871
173600
174436
173972
170773
160410
150197
147721
147337
147025
147015
147608
148501
149122
149495
149889
150604
152307
155827
159808
161991
162814
163769
164628
165725
166776
167821
168069
167123
165062
159973
154188
152927
153909
156318
160740
165604
168500
169794
170259
170232
170464
171152
172185
172025
170078
166820
161259
155452
152660
152256
153112
154457
155422
155437
153342
148640
145024
143872
143476
144594
146528
148128
148835
149446
150215
151236
152750
154770
157775
161141
163197
163920
164216
164609
165320
166344
167160
166880
165361
159773
151057
147759
147958
148877
149987
151092
151707
151488
150538
149631
148937
148469
148284
151179
)
;

boundaryField
{
    sides
    {
        type            zeroGradient;
    }
    inlet
    {
        type            fixedValue;
        value           uniform 100000;
    }
    outlet
    {
        type            zeroGradient;
    }
    empty
    {
        type            empty;
    }
}


// ************************************************************************* //
