/*--------------------------------*- C++ -*----------------------------------*\
| =========                 |                                                 |
| \\      /  F ield         | OpenFOAM: The Open Source CFD Toolbox           |
|  \\    /   O peration     | Version:  2306                                  |
|   \\  /    A nd           | Website:  www.openfoam.com                      |
|    \\/     M anipulation  |                                                 |
\*---------------------------------------------------------------------------*/
FoamFile
{
    version     2.0;
    format      ascii;
    arch        "LSB;label=32;scalar=64";
    class       volScalarField;
    location    "0.2";
    object      rho;
}
// * * * * * * * * * * * * * * * * * * * * * * * * * * * * * * * * * * * * * //

dimensions      [1 -3 0 0 0 0 0];

internalField   nonuniform List<scalar> 
6000
(
3.64274
3.64274
3.64274
3.64274
3.64274
3.64274
3.64274
3.64274
3.64274
3.64274
3.64274
3.64274
3.64274
3.64274
3.64274
3.64274
3.64274
3.64274
3.64274
3.64274
3.64274
3.64274
3.64274
3.64274
3.64274
3.64274
3.64274
3.64274
3.64274
3.64274
3.64274
3.64274
3.64274
3.64274
3.64274
3.64274
3.64274
3.64274
3.64274
3.64274
3.64274
3.64274
3.64274
3.64274
3.64274
3.64274
3.64274
3.64274
3.64274
3.64274
3.64274
3.64274
3.64274
3.64274
3.64274
3.64274
3.64274
3.64274
3.64274
3.64274
3.64274
3.64274
3.64274
3.64274
3.64274
3.64274
3.64274
3.64274
3.64274
3.64274
3.64274
3.64274
3.64274
3.64274
3.64274
3.64274
3.64274
3.64274
3.64274
3.64274
3.64274
3.64274
3.64274
3.64274
3.64274
3.64274
3.64274
3.64274
3.64274
3.64274
3.64274
3.64274
3.64274
3.64274
3.64274
3.64274
3.64274
3.64274
3.64275
3.64276
3.64278
3.64282
3.6429
3.64305
3.64332
3.64378
3.64452
3.64554
3.64659
3.64716
3.64723
3.64721
3.64706
3.64669
3.646
3.64495
3.64356
3.64188
3.63999
3.63798
3.6359
3.63379
3.6317
3.62964
3.62761
3.62563
3.62369
3.62181
3.61997
3.61819
3.61647
3.61483
3.61328
3.6118
3.61044
3.6092
3.60809
3.6071
3.60622
3.60547
3.60482
3.60426
3.60376
3.60332
3.60291
3.60253
3.60215
3.60178
3.60144
3.60122
3.60113
3.60112
3.60112
3.60112
3.60114
3.60117
3.60122
3.60131
3.60142
3.60155
3.6017
3.60186
3.60202
3.60217
3.6023
3.60242
3.60248
3.60253
3.60256
3.60257
3.60259
3.60261
3.60263
3.60265
3.60268
3.60268
3.60268
3.60268
3.60267
3.60265
3.60263
3.60262
3.60259
3.60256
3.60252
3.60246
3.60239
3.6023
3.60221
3.60214
3.60207
3.60201
3.60197
3.60196
3.60196
3.60196
3.60196
3.60196
3.60197
3.60198
3.60201
3.60204
3.60209
3.60214
3.60219
3.60224
3.60228
3.60232
3.60235
3.60238
3.60239
3.60241
3.60242
3.60243
3.60245
3.60248
3.6025
3.60254
3.60258
3.6026
3.60262
3.60262
3.60262
3.60262
3.60261
3.60259
3.60256
3.60251
3.60245
3.60238
3.6023
3.60223
3.60217
3.60213
3.60209
3.60206
3.60203
3.602
3.60198
3.60197
3.60197
3.60198
3.60198
3.60199
3.602
3.60202
3.60204
3.60207
3.60211
3.60216
3.60222
3.60227
3.60232
3.60235
3.60237
3.60238
3.60239
3.6024
3.60241
3.60242
3.60244
3.60245
3.60246
3.60248
3.6025
3.60253
3.60257
3.60261
3.60265
3.60267
3.60266
3.60265
3.60263
3.6026
3.60256
3.60251
3.60245
3.60237
3.60229
3.60221
3.60215
3.60209
3.60205
3.60204
3.60203
3.60202
3.60201
3.60199
3.60198
3.60196
3.60195
3.60194
3.60195
3.60196
3.60198
3.60202
3.60205
3.6021
3.60214
3.60223
3.64274
3.64274
3.64274
3.64274
3.64274
3.64274
3.64274
3.64274
3.64274
3.64274
3.64274
3.64274
3.64274
3.64274
3.64274
3.64274
3.64274
3.64274
3.64274
3.64274
3.64274
3.64274
3.64274
3.64274
3.64274
3.64274
3.64274
3.64274
3.64274
3.64274
3.64274
3.64274
3.64274
3.64274
3.64274
3.64274
3.64274
3.64274
3.64274
3.64274
3.64274
3.64274
3.64274
3.64274
3.64274
3.64274
3.64274
3.64274
3.64274
3.64274
3.64274
3.64274
3.64274
3.64274
3.64274
3.64274
3.64274
3.64274
3.64274
3.64274
3.64274
3.64274
3.64274
3.64274
3.64274
3.64274
3.64274
3.64274
3.64274
3.64274
3.64274
3.64274
3.64274
3.64274
3.64274
3.64274
3.64274
3.64274
3.64274
3.64274
3.64274
3.64274
3.64274
3.64274
3.64274
3.64274
3.64274
3.64274
3.64274
3.64274
3.64274
3.64274
3.64274
3.64274
3.64274
3.64274
3.64274
3.64274
3.64275
3.64276
3.64278
3.64282
3.6429
3.64305
3.64332
3.64378
3.64452
3.64554
3.64659
3.64716
3.64723
3.64721
3.64706
3.64669
3.646
3.64495
3.64356
3.64188
3.63999
3.63798
3.63589
3.63379
3.63171
3.62964
3.62761
3.62563
3.62369
3.62181
3.61996
3.61819
3.61648
3.61484
3.61327
3.6118
3.61045
3.6092
3.60809
3.60709
3.60622
3.60547
3.60482
3.60426
3.60376
3.60332
3.60292
3.60253
3.60214
3.60177
3.60144
3.60122
3.60113
3.60112
3.60112
3.60112
3.60114
3.60117
3.60123
3.6013
3.60141
3.60154
3.6017
3.60187
3.60203
3.60218
3.60231
3.60241
3.60248
3.60252
3.60255
3.60257
3.60259
3.60261
3.60264
3.60266
3.60267
3.60268
3.60268
3.60268
3.60267
3.60266
3.60264
3.60262
3.6026
3.60256
3.60251
3.60245
3.60238
3.6023
3.60222
3.60214
3.60207
3.60201
3.60197
3.60196
3.60196
3.60196
3.60196
3.60196
3.60197
3.60199
3.60201
3.60205
3.60209
3.60214
3.60219
3.60224
3.60228
3.60232
3.60235
3.60238
3.6024
3.60241
3.60242
3.60243
3.60245
3.60247
3.6025
3.60254
3.60258
3.60261
3.60262
3.60262
3.60262
3.60262
3.60261
3.60259
3.60256
3.60251
3.60245
3.60238
3.6023
3.60223
3.60217
3.60213
3.60209
3.60206
3.60203
3.60201
3.60198
3.60197
3.60197
3.60197
3.60198
3.60199
3.602
3.60202
3.60204
3.60207
3.60212
3.60216
3.60222
3.60227
3.60232
3.60235
3.60237
3.60238
3.60239
3.6024
3.60241
3.60242
3.60244
3.60245
3.60246
3.60248
3.6025
3.60253
3.60257
3.60262
3.60265
3.60266
3.60266
3.60265
3.60263
3.6026
3.60257
3.60251
3.60245
3.60237
3.60229
3.60221
3.60215
3.60209
3.60206
3.60204
3.60203
3.60202
3.60201
3.60199
3.60197
3.60196
3.60195
3.60195
3.60195
3.60196
3.60198
3.60202
3.60205
3.6021
3.60214
3.60223
3.64274
3.64274
3.64274
3.64274
3.64274
3.64274
3.64274
3.64274
3.64274
3.64274
3.64274
3.64274
3.64274
3.64274
3.64274
3.64274
3.64274
3.64274
3.64274
3.64274
3.64274
3.64274
3.64274
3.64274
3.64274
3.64274
3.64274
3.64274
3.64274
3.64274
3.64274
3.64274
3.64274
3.64274
3.64274
3.64274
3.64274
3.64274
3.64274
3.64274
3.64274
3.64274
3.64274
3.64274
3.64274
3.64274
3.64274
3.64274
3.64274
3.64274
3.64274
3.64274
3.64274
3.64274
3.64274
3.64274
3.64274
3.64274
3.64274
3.64274
3.64274
3.64274
3.64274
3.64274
3.64274
3.64274
3.64274
3.64274
3.64274
3.64274
3.64274
3.64274
3.64274
3.64274
3.64274
3.64274
3.64274
3.64274
3.64274
3.64274
3.64274
3.64274
3.64274
3.64274
3.64274
3.64274
3.64274
3.64274
3.64274
3.64274
3.64274
3.64274
3.64274
3.64274
3.64274
3.64274
3.64274
3.64274
3.64275
3.64276
3.64278
3.64282
3.6429
3.64305
3.64332
3.64378
3.64452
3.64554
3.64659
3.64716
3.64723
3.64721
3.64706
3.64669
3.646
3.64495
3.64356
3.64188
3.63999
3.63797
3.63589
3.63379
3.63171
3.62964
3.62761
3.62563
3.62369
3.6218
3.61996
3.61819
3.61648
3.61484
3.61327
3.61181
3.61045
3.6092
3.60809
3.60708
3.60623
3.60547
3.60482
3.60426
3.60376
3.60333
3.60292
3.60253
3.60214
3.60176
3.60144
3.60122
3.60113
3.60112
3.60112
3.60113
3.60115
3.60118
3.60123
3.6013
3.6014
3.60153
3.60169
3.60187
3.60204
3.60219
3.60232
3.60241
3.60247
3.60251
3.60254
3.60257
3.6026
3.60262
3.60265
3.60266
3.60267
3.60267
3.60267
3.60267
3.60266
3.60266
3.60265
3.60263
3.6026
3.60256
3.60251
3.60245
3.60237
3.6023
3.60222
3.60215
3.60207
3.60201
3.60197
3.60196
3.60195
3.60195
3.60195
3.60196
3.60197
3.60199
3.60201
3.60205
3.60209
3.60213
3.60218
3.60223
3.60228
3.60232
3.60235
3.60238
3.6024
3.60241
3.60242
3.60243
3.60245
3.60247
3.6025
3.60254
3.60258
3.60261
3.60262
3.60262
3.60262
3.60261
3.6026
3.60258
3.60256
3.60251
3.60245
3.60238
3.6023
3.60223
3.60217
3.60213
3.60209
3.60206
3.60203
3.60201
3.60199
3.60198
3.60197
3.60197
3.60198
3.60199
3.602
3.60202
3.60204
3.60208
3.60212
3.60217
3.60222
3.60227
3.60232
3.60235
3.60237
3.60238
3.60239
3.6024
3.60241
3.60242
3.60243
3.60245
3.60246
3.60248
3.6025
3.60253
3.60257
3.60262
3.60265
3.60266
3.60266
3.60265
3.60263
3.6026
3.60257
3.60252
3.60245
3.60237
3.60229
3.60221
3.60214
3.6021
3.60206
3.60204
3.60203
3.60202
3.60201
3.60199
3.60197
3.60196
3.60195
3.60195
3.60195
3.60197
3.60199
3.60202
3.60205
3.60209
3.60214
3.60223
3.64274
3.64274
3.64274
3.64274
3.64274
3.64274
3.64274
3.64274
3.64274
3.64274
3.64274
3.64274
3.64274
3.64274
3.64274
3.64274
3.64274
3.64274
3.64274
3.64274
3.64274
3.64274
3.64274
3.64274
3.64274
3.64274
3.64274
3.64274
3.64274
3.64274
3.64274
3.64274
3.64274
3.64274
3.64274
3.64274
3.64274
3.64274
3.64274
3.64274
3.64274
3.64274
3.64274
3.64274
3.64274
3.64274
3.64274
3.64274
3.64274
3.64274
3.64274
3.64274
3.64274
3.64274
3.64274
3.64274
3.64274
3.64274
3.64274
3.64274
3.64274
3.64274
3.64274
3.64274
3.64274
3.64274
3.64274
3.64274
3.64274
3.64274
3.64274
3.64274
3.64274
3.64274
3.64274
3.64274
3.64274
3.64274
3.64274
3.64274
3.64274
3.64274
3.64274
3.64274
3.64274
3.64274
3.64274
3.64274
3.64274
3.64274
3.64274
3.64274
3.64274
3.64274
3.64274
3.64274
3.64274
3.64274
3.64275
3.64276
3.64278
3.64282
3.6429
3.64305
3.64332
3.64378
3.64452
3.64554
3.64659
3.64716
3.64723
3.64721
3.64706
3.64669
3.646
3.64496
3.64356
3.64188
3.63999
3.63797
3.63589
3.63379
3.63171
3.62964
3.62762
3.62563
3.6237
3.6218
3.61996
3.61819
3.61648
3.61484
3.61327
3.61182
3.61045
3.60921
3.60808
3.60708
3.60622
3.60547
3.60482
3.60426
3.60377
3.60333
3.60292
3.60253
3.60214
3.60176
3.60144
3.60122
3.60113
3.60112
3.60112
3.60113
3.60115
3.60118
3.60122
3.6013
3.6014
3.60153
3.60169
3.60187
3.60205
3.6022
3.60232
3.6024
3.60246
3.6025
3.60254
3.60257
3.6026
3.60263
3.60265
3.60267
3.60267
3.60267
3.60266
3.60266
3.60266
3.60266
3.60265
3.60263
3.60261
3.60256
3.60251
3.60244
3.60237
3.60229
3.60222
3.60215
3.60208
3.60202
3.60198
3.60196
3.60195
3.60195
3.60195
3.60196
3.60197
3.60199
3.60202
3.60205
3.60209
3.60213
3.60218
3.60223
3.60228
3.60232
3.60236
3.60238
3.6024
3.60241
3.60242
3.60243
3.60245
3.60247
3.6025
3.60254
3.60258
3.60261
3.60262
3.60263
3.60262
3.60261
3.6026
3.60258
3.60255
3.60251
3.60245
3.60238
3.6023
3.60223
3.60217
3.60213
3.60209
3.60206
3.60203
3.60201
3.60199
3.60198
3.60197
3.60197
3.60198
3.60199
3.602
3.60202
3.60205
3.60208
3.60212
3.60217
3.60222
3.60227
3.60231
3.60235
3.60237
3.60238
3.60239
3.6024
3.60241
3.60242
3.60243
3.60244
3.60246
3.60248
3.6025
3.60254
3.60258
3.60262
3.60265
3.60266
3.60266
3.60265
3.60263
3.60261
3.60257
3.60252
3.60245
3.60237
3.60229
3.60221
3.60214
3.6021
3.60207
3.60205
3.60203
3.60202
3.602
3.60198
3.60196
3.60195
3.60195
3.60195
3.60196
3.60197
3.60199
3.60202
3.60205
3.60209
3.60214
3.60223
3.64274
3.64274
3.64274
3.64274
3.64274
3.64274
3.64274
3.64274
3.64274
3.64274
3.64274
3.64274
3.64274
3.64274
3.64274
3.64274
3.64274
3.64274
3.64274
3.64274
3.64274
3.64274
3.64274
3.64274
3.64274
3.64274
3.64274
3.64274
3.64274
3.64274
3.64274
3.64274
3.64274
3.64274
3.64274
3.64274
3.64274
3.64274
3.64274
3.64274
3.64274
3.64274
3.64274
3.64274
3.64274
3.64274
3.64274
3.64274
3.64274
3.64274
3.64274
3.64274
3.64274
3.64274
3.64274
3.64274
3.64274
3.64274
3.64274
3.64274
3.64274
3.64274
3.64274
3.64274
3.64274
3.64274
3.64274
3.64274
3.64274
3.64274
3.64274
3.64274
3.64274
3.64274
3.64274
3.64274
3.64274
3.64274
3.64274
3.64274
3.64274
3.64274
3.64274
3.64274
3.64274
3.64274
3.64274
3.64274
3.64274
3.64274
3.64274
3.64274
3.64274
3.64274
3.64274
3.64274
3.64274
3.64274
3.64275
3.64276
3.64278
3.64282
3.6429
3.64305
3.64332
3.64378
3.64452
3.64554
3.64659
3.64716
3.64723
3.64721
3.64706
3.64669
3.646
3.64496
3.64356
3.64188
3.63999
3.63797
3.63589
3.63379
3.63171
3.62964
3.62762
3.62563
3.6237
3.62179
3.61996
3.61819
3.61648
3.61484
3.61327
3.61182
3.61045
3.60921
3.60808
3.60709
3.60622
3.60547
3.60482
3.60426
3.60377
3.60333
3.60292
3.60253
3.60214
3.60176
3.60143
3.60121
3.60113
3.60112
3.60113
3.60114
3.60115
3.60118
3.60122
3.60129
3.60139
3.60153
3.60169
3.60188
3.60205
3.6022
3.60232
3.6024
3.60245
3.6025
3.60254
3.60258
3.60261
3.60263
3.60265
3.60267
3.60267
3.60266
3.60266
3.60266
3.60266
3.60266
3.60265
3.60264
3.60261
3.60256
3.6025
3.60244
3.60237
3.6023
3.60222
3.60215
3.60208
3.60202
3.60198
3.60195
3.60195
3.60195
3.60195
3.60196
3.60198
3.602
3.60202
3.60205
3.60209
3.60213
3.60218
3.60223
3.60228
3.60232
3.60236
3.60238
3.6024
3.60241
3.60242
3.60243
3.60245
3.60247
3.6025
3.60254
3.60258
3.60261
3.60262
3.60263
3.60262
3.60262
3.6026
3.60258
3.60255
3.60251
3.60245
3.60238
3.6023
3.60223
3.60217
3.60213
3.60209
3.60206
3.60203
3.60201
3.60199
3.60198
3.60198
3.60197
3.60198
3.60199
3.602
3.60202
3.60204
3.60208
3.60212
3.60217
3.60222
3.60227
3.60231
3.60235
3.60237
3.60238
3.60239
3.6024
3.60241
3.60242
3.60243
3.60244
3.60246
3.60248
3.6025
3.60254
3.60258
3.60262
3.60265
3.60266
3.60265
3.60265
3.60263
3.60261
3.60257
3.60252
3.60245
3.60237
3.60229
3.60221
3.60214
3.6021
3.60207
3.60205
3.60204
3.60202
3.602
3.60198
3.60196
3.60195
3.60194
3.60195
3.60196
3.60198
3.60199
3.60202
3.60205
3.60209
3.60214
3.60223
3.64274
3.64274
3.64274
3.64274
3.64274
3.64274
3.64274
3.64274
3.64274
3.64274
3.64274
3.64274
3.64274
3.64274
3.64274
3.64274
3.64274
3.64274
3.64274
3.64274
3.64274
3.64274
3.64274
3.64274
3.64274
3.64274
3.64274
3.64274
3.64274
3.64274
3.64274
3.64274
3.64274
3.64274
3.64274
3.64274
3.64274
3.64274
3.64274
3.64274
3.64274
3.64274
3.64274
3.64274
3.64274
3.64274
3.64274
3.64274
3.64274
3.64274
3.64274
3.64274
3.64274
3.64274
3.64274
3.64274
3.64274
3.64274
3.64274
3.64274
3.64274
3.64274
3.64274
3.64274
3.64274
3.64274
3.64274
3.64274
3.64274
3.64274
3.64274
3.64274
3.64274
3.64274
3.64274
3.64274
3.64274
3.64274
3.64274
3.64274
3.64274
3.64274
3.64274
3.64274
3.64274
3.64274
3.64274
3.64274
3.64274
3.64274
3.64274
3.64274
3.64274
3.64274
3.64274
3.64274
3.64274
3.64274
3.64275
3.64276
3.64278
3.64282
3.6429
3.64305
3.64332
3.64378
3.64452
3.64554
3.64659
3.64716
3.64723
3.6472
3.64706
3.64669
3.646
3.64496
3.64356
3.64188
3.63999
3.63797
3.63589
3.63379
3.6317
3.62963
3.62762
3.62563
3.6237
3.62179
3.61997
3.61819
3.61648
3.61483
3.61327
3.61182
3.61045
3.60921
3.60808
3.60709
3.60622
3.60547
3.60482
3.60425
3.60377
3.60333
3.60292
3.60253
3.60214
3.60177
3.60143
3.60121
3.60113
3.60112
3.60113
3.60114
3.60115
3.60117
3.60122
3.60129
3.60139
3.60153
3.6017
3.60188
3.60205
3.6022
3.60231
3.6024
3.60245
3.6025
3.60254
3.60258
3.60261
3.60263
3.60265
3.60266
3.60266
3.60266
3.60266
3.60266
3.60267
3.60267
3.60265
3.60263
3.6026
3.60255
3.6025
3.60244
3.60237
3.6023
3.60223
3.60215
3.60208
3.60201
3.60197
3.60195
3.60195
3.60195
3.60195
3.60197
3.60198
3.602
3.60202
3.60205
3.60208
3.60213
3.60218
3.60223
3.60228
3.60233
3.60236
3.60238
3.60239
3.6024
3.60242
3.60243
3.60245
3.60247
3.6025
3.60254
3.60258
3.60261
3.60262
3.60262
3.60262
3.60262
3.60261
3.60259
3.60255
3.60251
3.60245
3.60237
3.6023
3.60223
3.60217
3.60213
3.60209
3.60206
3.60203
3.60201
3.60199
3.60198
3.60198
3.60198
3.60198
3.60199
3.602
3.60202
3.60204
3.60207
3.60212
3.60217
3.60222
3.60227
3.60231
3.60235
3.60237
3.60238
3.60239
3.6024
3.60241
3.60242
3.60243
3.60244
3.60246
3.60248
3.6025
3.60254
3.60258
3.60262
3.60265
3.60266
3.60265
3.60264
3.60263
3.60261
3.60257
3.60252
3.60245
3.60237
3.60229
3.6022
3.60214
3.60209
3.60207
3.60205
3.60204
3.60202
3.602
3.60198
3.60196
3.60194
3.60194
3.60195
3.60196
3.60198
3.602
3.60202
3.60205
3.60209
3.60214
3.60223
3.64274
3.64274
3.64274
3.64274
3.64274
3.64274
3.64274
3.64274
3.64274
3.64274
3.64274
3.64274
3.64274
3.64274
3.64274
3.64274
3.64274
3.64274
3.64274
3.64274
3.64274
3.64274
3.64274
3.64274
3.64274
3.64274
3.64274
3.64274
3.64274
3.64274
3.64274
3.64274
3.64274
3.64274
3.64274
3.64274
3.64274
3.64274
3.64274
3.64274
3.64274
3.64274
3.64274
3.64274
3.64274
3.64274
3.64274
3.64274
3.64274
3.64274
3.64274
3.64274
3.64274
3.64274
3.64274
3.64274
3.64274
3.64274
3.64274
3.64274
3.64274
3.64274
3.64274
3.64274
3.64274
3.64274
3.64274
3.64274
3.64274
3.64274
3.64274
3.64274
3.64274
3.64274
3.64274
3.64274
3.64274
3.64274
3.64274
3.64274
3.64274
3.64274
3.64274
3.64274
3.64274
3.64274
3.64274
3.64274
3.64274
3.64274
3.64274
3.64274
3.64274
3.64274
3.64274
3.64274
3.64274
3.64274
3.64275
3.64276
3.64278
3.64282
3.6429
3.64305
3.64332
3.64378
3.64452
3.64554
3.64659
3.64716
3.64723
3.6472
3.64706
3.64669
3.646
3.64496
3.64356
3.64188
3.63999
3.63797
3.63589
3.63379
3.6317
3.62964
3.62762
3.62564
3.62369
3.62179
3.61997
3.61819
3.61648
3.61482
3.61328
3.61181
3.61046
3.60921
3.60808
3.6071
3.60622
3.60547
3.60482
3.60426
3.60377
3.60333
3.60292
3.60252
3.60214
3.60177
3.60143
3.60121
3.60113
3.60112
3.60113
3.60113
3.60115
3.60117
3.60122
3.60129
3.6014
3.60154
3.6017
3.60188
3.60205
3.60219
3.60231
3.6024
3.60246
3.6025
3.60255
3.60258
3.60261
3.60263
3.60265
3.60265
3.60266
3.60266
3.60267
3.60267
3.60267
3.60267
3.60265
3.60263
3.60259
3.60255
3.6025
3.60244
3.60238
3.60231
3.60223
3.60215
3.60207
3.602
3.60197
3.60195
3.60195
3.60195
3.60196
3.60197
3.60198
3.602
3.60201
3.60204
3.60208
3.60212
3.60218
3.60224
3.60229
3.60233
3.60236
3.60238
3.60239
3.6024
3.60241
3.60243
3.60245
3.60248
3.60251
3.60254
3.60257
3.6026
3.60262
3.60262
3.60262
3.60262
3.60261
3.60259
3.60256
3.6025
3.60244
3.60237
3.6023
3.60223
3.60218
3.60213
3.60209
3.60206
3.60203
3.602
3.60198
3.60198
3.60198
3.60198
3.60199
3.60199
3.602
3.60202
3.60204
3.60207
3.60212
3.60217
3.60222
3.60227
3.60232
3.60235
3.60237
3.60238
3.60239
3.6024
3.60241
3.60242
3.60243
3.60245
3.60246
3.60248
3.6025
3.60254
3.60258
3.60262
3.60265
3.60266
3.60265
3.60264
3.60263
3.60261
3.60257
3.60252
3.60245
3.60237
3.60229
3.60221
3.60214
3.60209
3.60207
3.60205
3.60204
3.60203
3.602
3.60198
3.60195
3.60194
3.60194
3.60194
3.60196
3.60198
3.602
3.60202
3.60205
3.60209
3.60214
3.60223
3.64274
3.64274
3.64274
3.64274
3.64274
3.64274
3.64274
3.64274
3.64274
3.64274
3.64274
3.64274
3.64274
3.64274
3.64274
3.64274
3.64274
3.64274
3.64274
3.64274
3.64274
3.64274
3.64274
3.64274
3.64274
3.64274
3.64274
3.64274
3.64274
3.64274
3.64274
3.64274
3.64274
3.64274
3.64274
3.64274
3.64274
3.64274
3.64274
3.64274
3.64274
3.64274
3.64274
3.64274
3.64274
3.64274
3.64274
3.64274
3.64274
3.64274
3.64274
3.64274
3.64274
3.64274
3.64274
3.64274
3.64274
3.64274
3.64274
3.64274
3.64274
3.64274
3.64274
3.64274
3.64274
3.64274
3.64274
3.64274
3.64274
3.64274
3.64274
3.64274
3.64274
3.64274
3.64274
3.64274
3.64274
3.64274
3.64274
3.64274
3.64274
3.64274
3.64274
3.64274
3.64274
3.64274
3.64274
3.64274
3.64274
3.64274
3.64274
3.64274
3.64274
3.64274
3.64274
3.64274
3.64274
3.64274
3.64275
3.64276
3.64278
3.64282
3.6429
3.64305
3.64332
3.64378
3.64452
3.64554
3.64659
3.64716
3.64723
3.6472
3.64706
3.64669
3.646
3.64496
3.64356
3.64188
3.63999
3.63798
3.63589
3.63379
3.63169
3.62964
3.62762
3.62564
3.62369
3.6218
3.61997
3.61819
3.61648
3.61482
3.61328
3.61181
3.61046
3.6092
3.60809
3.6071
3.60622
3.60547
3.60481
3.60426
3.60377
3.60332
3.60292
3.60252
3.60214
3.60177
3.60144
3.60122
3.60113
3.60112
3.60112
3.60113
3.60114
3.60117
3.60122
3.6013
3.6014
3.60154
3.6017
3.60187
3.60204
3.60219
3.60231
3.6024
3.60246
3.60251
3.60255
3.60258
3.60261
3.60263
3.60264
3.60265
3.60266
3.60266
3.60267
3.60268
3.60267
3.60267
3.60265
3.60262
3.60259
3.60255
3.6025
3.60244
3.60238
3.60231
3.60223
3.60215
3.60207
3.602
3.60196
3.60195
3.60195
3.60195
3.60197
3.60198
3.60199
3.60199
3.60201
3.60204
3.60207
3.60212
3.60219
3.60225
3.60229
3.60233
3.60236
3.60237
3.60238
3.60239
3.60241
3.60244
3.60246
3.60248
3.60251
3.60254
3.60257
3.6026
3.60261
3.60262
3.60263
3.60263
3.60262
3.6026
3.60256
3.6025
3.60244
3.60237
3.6023
3.60223
3.60218
3.60214
3.6021
3.60206
3.60202
3.602
3.60198
3.60197
3.60198
3.60199
3.60199
3.602
3.602
3.60201
3.60203
3.60207
3.60211
3.60217
3.60222
3.60228
3.60232
3.60235
3.60237
3.60238
3.60239
3.6024
3.60241
3.60243
3.60244
3.60245
3.60246
3.60247
3.6025
3.60253
3.60258
3.60262
3.60265
3.60266
3.60265
3.60264
3.60263
3.60261
3.60257
3.60252
3.60246
3.60238
3.60229
3.60221
3.60214
3.60209
3.60206
3.60205
3.60204
3.60203
3.60201
3.60198
3.60196
3.60194
3.60194
3.60194
3.60196
3.60198
3.602
3.60203
3.60205
3.60209
3.60214
3.60222
3.64274
3.64274
3.64274
3.64274
3.64274
3.64274
3.64274
3.64274
3.64274
3.64274
3.64274
3.64274
3.64274
3.64274
3.64274
3.64274
3.64274
3.64274
3.64274
3.64274
3.64274
3.64274
3.64274
3.64274
3.64274
3.64274
3.64274
3.64274
3.64274
3.64274
3.64274
3.64274
3.64274
3.64274
3.64274
3.64274
3.64274
3.64274
3.64274
3.64274
3.64274
3.64274
3.64274
3.64274
3.64274
3.64274
3.64274
3.64274
3.64274
3.64274
3.64274
3.64274
3.64274
3.64274
3.64274
3.64274
3.64274
3.64274
3.64274
3.64274
3.64274
3.64274
3.64274
3.64274
3.64274
3.64274
3.64274
3.64274
3.64274
3.64274
3.64274
3.64274
3.64274
3.64274
3.64274
3.64274
3.64274
3.64274
3.64274
3.64274
3.64274
3.64274
3.64274
3.64274
3.64274
3.64274
3.64274
3.64274
3.64274
3.64274
3.64274
3.64274
3.64274
3.64274
3.64274
3.64274
3.64274
3.64274
3.64275
3.64276
3.64278
3.64282
3.6429
3.64305
3.64332
3.64378
3.64452
3.64554
3.64659
3.64716
3.64723
3.6472
3.64706
3.64669
3.646
3.64496
3.64356
3.64188
3.63999
3.63798
3.6359
3.63379
3.63169
3.62964
3.62762
3.62564
3.62368
3.62181
3.61997
3.61819
3.61647
3.61482
3.61328
3.61181
3.61046
3.6092
3.60809
3.6071
3.60623
3.60547
3.60481
3.60426
3.60376
3.60332
3.60292
3.60252
3.60215
3.60178
3.60144
3.60122
3.60113
3.60112
3.60112
3.60113
3.60114
3.60117
3.60123
3.6013
3.6014
3.60154
3.6017
3.60187
3.60204
3.60219
3.60231
3.6024
3.60246
3.60251
3.60255
3.60258
3.60261
3.60263
3.60264
3.60265
3.60266
3.60267
3.60267
3.60268
3.60267
3.60267
3.60265
3.60262
3.60259
3.60255
3.6025
3.60245
3.60238
3.60231
3.60223
3.60215
3.60207
3.602
3.60196
3.60195
3.60195
3.60196
3.60197
3.60198
3.60198
3.60199
3.602
3.60203
3.60207
3.60212
3.60219
3.60225
3.60229
3.60233
3.60236
3.60237
3.60238
3.60239
3.60241
3.60244
3.60246
3.60249
3.60251
3.60254
3.60257
3.60259
3.60261
3.60262
3.60263
3.60263
3.60262
3.6026
3.60255
3.6025
3.60244
3.60237
3.6023
3.60224
3.60218
3.60214
3.6021
3.60205
3.60202
3.602
3.60198
3.60198
3.60198
3.60199
3.602
3.602
3.602
3.60201
3.60203
3.60207
3.60211
3.60217
3.60223
3.60228
3.60232
3.60235
3.60236
3.60238
3.60239
3.6024
3.60242
3.60243
3.60244
3.60245
3.60246
3.60247
3.60249
3.60253
3.60257
3.60262
3.60265
3.60266
3.60266
3.60264
3.60263
3.6026
3.60257
3.60252
3.60246
3.60238
3.60229
3.60221
3.60214
3.60209
3.60206
3.60205
3.60204
3.60203
3.60201
3.60199
3.60196
3.60194
3.60194
3.60194
3.60195
3.60198
3.602
3.60203
3.60206
3.60209
3.60214
3.60222
3.64274
3.64274
3.64274
3.64274
3.64274
3.64274
3.64274
3.64274
3.64274
3.64274
3.64274
3.64274
3.64274
3.64274
3.64274
3.64274
3.64274
3.64274
3.64274
3.64274
3.64274
3.64274
3.64274
3.64274
3.64274
3.64274
3.64274
3.64274
3.64274
3.64274
3.64274
3.64274
3.64274
3.64274
3.64274
3.64274
3.64274
3.64274
3.64274
3.64274
3.64274
3.64274
3.64274
3.64274
3.64274
3.64274
3.64274
3.64274
3.64274
3.64274
3.64274
3.64274
3.64274
3.64274
3.64274
3.64274
3.64274
3.64274
3.64274
3.64274
3.64274
3.64274
3.64274
3.64274
3.64274
3.64274
3.64274
3.64274
3.64274
3.64274
3.64274
3.64274
3.64274
3.64274
3.64274
3.64274
3.64274
3.64274
3.64274
3.64274
3.64274
3.64274
3.64274
3.64274
3.64274
3.64274
3.64274
3.64274
3.64274
3.64274
3.64274
3.64274
3.64274
3.64274
3.64274
3.64274
3.64274
3.64274
3.64275
3.64276
3.64278
3.64282
3.6429
3.64305
3.64332
3.64378
3.64452
3.64554
3.64659
3.64716
3.64724
3.64721
3.64706
3.64669
3.646
3.64495
3.64356
3.64188
3.63999
3.63798
3.6359
3.63379
3.6317
3.62964
3.62762
3.62563
3.62368
3.62181
3.61997
3.61819
3.61647
3.61483
3.61328
3.61181
3.61045
3.6092
3.60809
3.60709
3.60623
3.60547
3.60481
3.60426
3.60376
3.60333
3.60292
3.60253
3.60215
3.60178
3.60144
3.60122
3.60113
3.60111
3.60112
3.60113
3.60115
3.60118
3.60123
3.6013
3.6014
3.60154
3.60169
3.60187
3.60204
3.60219
3.60232
3.6024
3.60247
3.60251
3.60254
3.60258
3.6026
3.60263
3.60265
3.60266
3.60267
3.60267
3.60267
3.60267
3.60267
3.60266
3.60265
3.60263
3.60259
3.60255
3.6025
3.60244
3.60238
3.60231
3.60223
3.60215
3.60207
3.602
3.60196
3.60195
3.60195
3.60195
3.60197
3.60197
3.60198
3.60199
3.602
3.60203
3.60207
3.60213
3.60219
3.60225
3.60229
3.60233
3.60235
3.60237
3.60238
3.60239
3.60242
3.60244
3.60246
3.60248
3.60251
3.60253
3.60257
3.60259
3.60261
3.60262
3.60263
3.60263
3.60262
3.6026
3.60255
3.6025
3.60244
3.60237
3.6023
3.60224
3.60218
3.60214
3.60209
3.60205
3.60202
3.602
3.60198
3.60198
3.60199
3.60199
3.602
3.602
3.60199
3.60201
3.60203
3.60206
3.60211
3.60217
3.60223
3.60228
3.60232
3.60234
3.60236
3.60237
3.60239
3.60241
3.60242
3.60243
3.60244
3.60245
3.60246
3.60247
3.60249
3.60252
3.60257
3.60263
3.60266
3.60266
3.60266
3.60264
3.60262
3.6026
3.60257
3.60252
3.60246
3.60238
3.6023
3.60221
3.60214
3.60208
3.60206
3.60204
3.60204
3.60203
3.60201
3.60199
3.60197
3.60194
3.60194
3.60194
3.60195
3.60197
3.602
3.60203
3.60206
3.6021
3.60214
3.60222
3.64274
3.64274
3.64274
3.64274
3.64274
3.64274
3.64274
3.64274
3.64274
3.64274
3.64274
3.64274
3.64274
3.64274
3.64274
3.64274
3.64274
3.64274
3.64274
3.64274
3.64274
3.64274
3.64274
3.64274
3.64274
3.64274
3.64274
3.64274
3.64274
3.64274
3.64274
3.64274
3.64274
3.64274
3.64274
3.64274
3.64274
3.64274
3.64274
3.64274
3.64274
3.64274
3.64274
3.64274
3.64274
3.64274
3.64274
3.64274
3.64274
3.64274
3.64274
3.64274
3.64274
3.64274
3.64274
3.64274
3.64274
3.64274
3.64274
3.64274
3.64274
3.64274
3.64274
3.64274
3.64274
3.64274
3.64274
3.64274
3.64274
3.64274
3.64274
3.64274
3.64274
3.64274
3.64274
3.64274
3.64274
3.64274
3.64274
3.64274
3.64274
3.64274
3.64274
3.64274
3.64274
3.64274
3.64274
3.64274
3.64274
3.64274
3.64274
3.64274
3.64274
3.64274
3.64274
3.64274
3.64274
3.64274
3.64275
3.64276
3.64278
3.64282
3.6429
3.64305
3.64332
3.64378
3.64452
3.64554
3.64659
3.64716
3.64723
3.64721
3.64706
3.64669
3.646
3.64495
3.64356
3.64188
3.63999
3.63798
3.6359
3.63379
3.6317
3.62964
3.62762
3.62563
3.62369
3.62181
3.61997
3.61819
3.61646
3.61484
3.61327
3.61181
3.61045
3.6092
3.60809
3.60709
3.60623
3.60546
3.60482
3.60426
3.60376
3.60333
3.60292
3.60253
3.60215
3.60177
3.60144
3.60121
3.60113
3.60111
3.60112
3.60113
3.60115
3.60118
3.60122
3.6013
3.6014
3.60153
3.60169
3.60187
3.60204
3.6022
3.60232
3.60241
3.60247
3.60251
3.60254
3.60257
3.6026
3.60263
3.60265
3.60267
3.60267
3.60267
3.60267
3.60266
3.60266
3.60266
3.60265
3.60263
3.6026
3.60255
3.6025
3.60244
3.60238
3.6023
3.60223
3.60215
3.60208
3.60201
3.60197
3.60195
3.60195
3.60195
3.60196
3.60197
3.60198
3.60199
3.60201
3.60204
3.60208
3.60213
3.60219
3.60224
3.60229
3.60233
3.60236
3.60237
3.60238
3.6024
3.60242
3.60244
3.60246
3.60248
3.60251
3.60253
3.60257
3.6026
3.60261
3.60262
3.60263
3.60263
3.60262
3.60259
3.60255
3.6025
3.60244
3.60237
3.6023
3.60224
3.60218
3.60214
3.60209
3.60205
3.60202
3.602
3.60198
3.60198
3.60198
3.60199
3.602
3.602
3.602
3.60201
3.60203
3.60206
3.60211
3.60217
3.60223
3.60228
3.60232
3.60234
3.60236
3.60237
3.60239
3.60241
3.60242
3.60243
3.60244
3.60245
3.60246
3.60247
3.60249
3.60252
3.60257
3.60262
3.60266
3.60266
3.60266
3.60264
3.60262
3.6026
3.60257
3.60252
3.60246
3.60238
3.6023
3.60221
3.60214
3.60208
3.60205
3.60204
3.60204
3.60203
3.60201
3.60199
3.60197
3.60195
3.60194
3.60194
3.60195
3.60197
3.602
3.60203
3.60206
3.6021
3.60214
3.60222
3.64274
3.64274
3.64274
3.64274
3.64274
3.64274
3.64274
3.64274
3.64274
3.64274
3.64274
3.64274
3.64274
3.64274
3.64274
3.64274
3.64274
3.64274
3.64274
3.64274
3.64274
3.64274
3.64274
3.64274
3.64274
3.64274
3.64274
3.64274
3.64274
3.64274
3.64274
3.64274
3.64274
3.64274
3.64274
3.64274
3.64274
3.64274
3.64274
3.64274
3.64274
3.64274
3.64274
3.64274
3.64274
3.64274
3.64274
3.64274
3.64274
3.64274
3.64274
3.64274
3.64274
3.64274
3.64274
3.64274
3.64274
3.64274
3.64274
3.64274
3.64274
3.64274
3.64274
3.64274
3.64274
3.64274
3.64274
3.64274
3.64274
3.64274
3.64274
3.64274
3.64274
3.64274
3.64274
3.64274
3.64274
3.64274
3.64274
3.64274
3.64274
3.64274
3.64274
3.64274
3.64274
3.64274
3.64274
3.64274
3.64274
3.64274
3.64274
3.64274
3.64274
3.64274
3.64274
3.64274
3.64274
3.64274
3.64275
3.64276
3.64278
3.64282
3.6429
3.64305
3.64332
3.64378
3.64452
3.64554
3.64659
3.64716
3.64723
3.64721
3.64706
3.64669
3.646
3.64495
3.64356
3.64188
3.63999
3.63798
3.6359
3.63379
3.6317
3.62964
3.62762
3.62562
3.62369
3.62181
3.61997
3.61819
3.61647
3.61484
3.61327
3.61181
3.61044
3.60921
3.60809
3.60709
3.60622
3.60546
3.60482
3.60425
3.60377
3.60333
3.60292
3.60253
3.60215
3.60177
3.60144
3.60121
3.60113
3.60112
3.60112
3.60114
3.60115
3.60118
3.60122
3.60129
3.6014
3.60153
3.60169
3.60187
3.60205
3.6022
3.60232
3.60241
3.60246
3.6025
3.60253
3.60257
3.60261
3.60263
3.60266
3.60267
3.60267
3.60267
3.60266
3.60266
3.60265
3.60266
3.60265
3.60264
3.60261
3.60256
3.6025
3.60244
3.60237
3.6023
3.60223
3.60215
3.60208
3.60202
3.60197
3.60195
3.60195
3.60195
3.60195
3.60196
3.60198
3.60199
3.60201
3.60204
3.60208
3.60213
3.60218
3.60224
3.60229
3.60233
3.60236
3.60238
3.60239
3.6024
3.60242
3.60244
3.60246
3.60248
3.6025
3.60253
3.60257
3.6026
3.60262
3.60262
3.60263
3.60262
3.60261
3.60259
3.60255
3.60251
3.60244
3.60237
3.6023
3.60223
3.60218
3.60213
3.60209
3.60205
3.60202
3.602
3.60198
3.60197
3.60198
3.60199
3.60199
3.602
3.602
3.60201
3.60203
3.60207
3.60211
3.60217
3.60223
3.60227
3.60232
3.60235
3.60236
3.60237
3.60239
3.6024
3.60242
3.60243
3.60244
3.60245
3.60246
3.60247
3.60249
3.60252
3.60257
3.60262
3.60265
3.60266
3.60266
3.60265
3.60263
3.6026
3.60257
3.60252
3.60246
3.60238
3.6023
3.60221
3.60214
3.60208
3.60205
3.60204
3.60203
3.60203
3.60201
3.60199
3.60197
3.60195
3.60194
3.60194
3.60195
3.60197
3.602
3.60203
3.60206
3.6021
3.60214
3.60222
3.64274
3.64274
3.64274
3.64274
3.64274
3.64274
3.64274
3.64274
3.64274
3.64274
3.64274
3.64274
3.64274
3.64274
3.64274
3.64274
3.64274
3.64274
3.64274
3.64274
3.64274
3.64274
3.64274
3.64274
3.64274
3.64274
3.64274
3.64274
3.64274
3.64274
3.64274
3.64274
3.64274
3.64274
3.64274
3.64274
3.64274
3.64274
3.64274
3.64274
3.64274
3.64274
3.64274
3.64274
3.64274
3.64274
3.64274
3.64274
3.64274
3.64274
3.64274
3.64274
3.64274
3.64274
3.64274
3.64274
3.64274
3.64274
3.64274
3.64274
3.64274
3.64274
3.64274
3.64274
3.64274
3.64274
3.64274
3.64274
3.64274
3.64274
3.64274
3.64274
3.64274
3.64274
3.64274
3.64274
3.64274
3.64274
3.64274
3.64274
3.64274
3.64274
3.64274
3.64274
3.64274
3.64274
3.64274
3.64274
3.64274
3.64274
3.64274
3.64274
3.64274
3.64274
3.64274
3.64274
3.64274
3.64274
3.64275
3.64276
3.64278
3.64282
3.6429
3.64305
3.64332
3.64378
3.64452
3.64554
3.64659
3.64716
3.64723
3.64721
3.64706
3.64669
3.646
3.64495
3.64356
3.64188
3.64
3.63798
3.63589
3.63379
3.6317
3.62964
3.62761
3.62562
3.6237
3.62181
3.61997
3.61818
3.61647
3.61484
3.61328
3.61181
3.61044
3.60921
3.60809
3.6071
3.60622
3.60546
3.60482
3.60425
3.60377
3.60332
3.60292
3.60253
3.60215
3.60177
3.60144
3.60121
3.60113
3.60112
3.60112
3.60114
3.60115
3.60118
3.60122
3.60129
3.6014
3.60153
3.60169
3.60187
3.60205
3.6022
3.60232
3.60241
3.60246
3.6025
3.60253
3.60257
3.60261
3.60264
3.60266
3.60267
3.60268
3.60267
3.60266
3.60266
3.60265
3.60265
3.60265
3.60264
3.60261
3.60257
3.6025
3.60244
3.60237
3.6023
3.60222
3.60215
3.60208
3.60202
3.60198
3.60195
3.60194
3.60194
3.60195
3.60196
3.60198
3.602
3.60202
3.60205
3.60209
3.60213
3.60218
3.60223
3.60228
3.60233
3.60236
3.60238
3.6024
3.60241
3.60242
3.60243
3.60245
3.60247
3.6025
3.60254
3.60257
3.60261
3.60262
3.60262
3.60262
3.60262
3.60261
3.60259
3.60256
3.60251
3.60245
3.60238
3.6023
3.60223
3.60217
3.60212
3.60209
3.60206
3.60203
3.602
3.60198
3.60197
3.60197
3.60198
3.60199
3.60199
3.60201
3.60202
3.60204
3.60207
3.60212
3.60216
3.60222
3.60227
3.60231
3.60235
3.60237
3.60238
3.60239
3.6024
3.60241
3.60243
3.60244
3.60245
3.60246
3.60247
3.6025
3.60253
3.60257
3.60262
3.60265
3.60266
3.60266
3.60265
3.60263
3.60261
3.60257
3.60252
3.60245
3.60238
3.60229
3.60221
3.60214
3.60209
3.60206
3.60204
3.60203
3.60203
3.60201
3.60199
3.60197
3.60195
3.60194
3.60194
3.60195
3.60197
3.60199
3.60202
3.60206
3.6021
3.60214
3.60222
3.64274
3.64274
3.64274
3.64274
3.64274
3.64274
3.64274
3.64274
3.64274
3.64274
3.64274
3.64274
3.64274
3.64274
3.64274
3.64274
3.64274
3.64274
3.64274
3.64274
3.64274
3.64274
3.64274
3.64274
3.64274
3.64274
3.64274
3.64274
3.64274
3.64274
3.64274
3.64274
3.64274
3.64274
3.64274
3.64274
3.64274
3.64274
3.64274
3.64274
3.64274
3.64274
3.64274
3.64274
3.64274
3.64274
3.64274
3.64274
3.64274
3.64274
3.64274
3.64274
3.64274
3.64274
3.64274
3.64274
3.64274
3.64274
3.64274
3.64274
3.64274
3.64274
3.64274
3.64274
3.64274
3.64274
3.64274
3.64274
3.64274
3.64274
3.64274
3.64274
3.64274
3.64274
3.64274
3.64274
3.64274
3.64274
3.64274
3.64274
3.64274
3.64274
3.64274
3.64274
3.64274
3.64274
3.64274
3.64274
3.64274
3.64274
3.64274
3.64274
3.64274
3.64274
3.64274
3.64274
3.64274
3.64274
3.64275
3.64276
3.64278
3.64282
3.6429
3.64305
3.64332
3.64378
3.64452
3.64554
3.64659
3.64716
3.64723
3.64721
3.64706
3.64669
3.646
3.64495
3.64356
3.64188
3.64
3.63798
3.63589
3.63379
3.6317
3.62964
3.62761
3.62562
3.6237
3.62181
3.61997
3.61818
3.61648
3.61483
3.61328
3.6118
3.61044
3.60921
3.60809
3.6071
3.60622
3.60547
3.60481
3.60425
3.60376
3.60332
3.60292
3.60253
3.60215
3.60177
3.60144
3.60121
3.60113
3.60112
3.60112
3.60113
3.60115
3.60118
3.60122
3.60129
3.6014
3.60153
3.60169
3.60187
3.60205
3.6022
3.60232
3.60241
3.60246
3.6025
3.60253
3.60257
3.6026
3.60263
3.60265
3.60267
3.60267
3.60267
3.60266
3.60266
3.60265
3.60265
3.60265
3.60263
3.60261
3.60257
3.60251
3.60244
3.60237
3.6023
3.60222
3.60215
3.60208
3.60202
3.60198
3.60195
3.60194
3.60194
3.60195
3.60196
3.60198
3.602
3.60202
3.60205
3.60209
3.60213
3.60218
3.60223
3.60228
3.60233
3.60236
3.60238
3.6024
3.60241
3.60241
3.60243
3.60244
3.60247
3.6025
3.60254
3.60258
3.60261
3.60262
3.60262
3.60262
3.60261
3.6026
3.60259
3.60256
3.60251
3.60245
3.60238
3.6023
3.60222
3.60217
3.60212
3.60209
3.60206
3.60203
3.60201
3.60199
3.60197
3.60197
3.60197
3.60198
3.60199
3.60201
3.60203
3.60205
3.60208
3.60212
3.60216
3.60221
3.60226
3.60231
3.60235
3.60237
3.60239
3.60239
3.6024
3.60241
3.60242
3.60243
3.60245
3.60246
3.60248
3.6025
3.60253
3.60257
3.60262
3.60264
3.60266
3.60266
3.60265
3.60264
3.60261
3.60257
3.60252
3.60245
3.60237
3.60229
3.60221
3.60214
3.60209
3.60206
3.60204
3.60203
3.60202
3.602
3.60198
3.60196
3.60195
3.60195
3.60195
3.60196
3.60197
3.60199
3.60202
3.60205
3.60209
3.60214
3.60223
3.64274
3.64274
3.64274
3.64274
3.64274
3.64274
3.64274
3.64274
3.64274
3.64274
3.64274
3.64274
3.64274
3.64274
3.64274
3.64274
3.64274
3.64274
3.64274
3.64274
3.64274
3.64274
3.64274
3.64274
3.64274
3.64274
3.64274
3.64274
3.64274
3.64274
3.64274
3.64274
3.64274
3.64274
3.64274
3.64274
3.64274
3.64274
3.64274
3.64274
3.64274
3.64274
3.64274
3.64274
3.64274
3.64274
3.64274
3.64274
3.64274
3.64274
3.64274
3.64274
3.64274
3.64274
3.64274
3.64274
3.64274
3.64274
3.64274
3.64274
3.64274
3.64274
3.64274
3.64274
3.64274
3.64274
3.64274
3.64274
3.64274
3.64274
3.64274
3.64274
3.64274
3.64274
3.64274
3.64274
3.64274
3.64274
3.64274
3.64274
3.64274
3.64274
3.64274
3.64274
3.64274
3.64274
3.64274
3.64274
3.64274
3.64274
3.64274
3.64274
3.64274
3.64274
3.64274
3.64274
3.64274
3.64274
3.64275
3.64276
3.64278
3.64282
3.6429
3.64305
3.64332
3.64378
3.64452
3.64554
3.64659
3.64716
3.64723
3.64721
3.64706
3.64669
3.646
3.64496
3.64356
3.64188
3.64
3.63798
3.63589
3.63379
3.6317
3.62965
3.62761
3.62563
3.62369
3.62181
3.61997
3.61818
3.61648
3.61483
3.61328
3.6118
3.61045
3.60921
3.60809
3.6071
3.60622
3.60547
3.60481
3.60425
3.60376
3.60332
3.60292
3.60253
3.60215
3.60177
3.60143
3.60121
3.60113
3.60112
3.60112
3.60113
3.60115
3.60118
3.60123
3.6013
3.6014
3.60153
3.60169
3.60187
3.60204
3.6022
3.60232
3.60241
3.60246
3.60251
3.60254
3.60257
3.6026
3.60263
3.60265
3.60266
3.60267
3.60267
3.60267
3.60266
3.60266
3.60265
3.60264
3.60263
3.6026
3.60256
3.60251
3.60245
3.60237
3.6023
3.60222
3.60215
3.60208
3.60202
3.60198
3.60195
3.60195
3.60194
3.60195
3.60196
3.60198
3.602
3.60202
3.60205
3.60209
3.60213
3.60218
3.60223
3.60228
3.60233
3.60236
3.60238
3.6024
3.6024
3.60241
3.60243
3.60244
3.60247
3.6025
3.60254
3.60258
3.60261
3.60262
3.60262
3.60262
3.60261
3.6026
3.60259
3.60256
3.60252
3.60245
3.60238
3.60229
3.60222
3.60216
3.60212
3.60209
3.60207
3.60204
3.60201
3.60199
3.60197
3.60197
3.60197
3.60198
3.60199
3.60201
3.60203
3.60205
3.60208
3.60211
3.60216
3.60221
3.60226
3.60231
3.60235
3.60238
3.60239
3.6024
3.6024
3.60241
3.60242
3.60243
3.60244
3.60246
3.60248
3.60251
3.60254
3.60257
3.60261
3.60264
3.60265
3.60266
3.60265
3.60264
3.60261
3.60257
3.60252
3.60245
3.60237
3.60229
3.60221
3.60214
3.6021
3.60207
3.60205
3.60203
3.60202
3.602
3.60198
3.60196
3.60195
3.60195
3.60195
3.60196
3.60198
3.60199
3.60202
3.60205
3.60209
3.60214
3.60223
3.64274
3.64274
3.64274
3.64274
3.64274
3.64274
3.64274
3.64274
3.64274
3.64274
3.64274
3.64274
3.64274
3.64274
3.64274
3.64274
3.64274
3.64274
3.64274
3.64274
3.64274
3.64274
3.64274
3.64274
3.64274
3.64274
3.64274
3.64274
3.64274
3.64274
3.64274
3.64274
3.64274
3.64274
3.64274
3.64274
3.64274
3.64274
3.64274
3.64274
3.64274
3.64274
3.64274
3.64274
3.64274
3.64274
3.64274
3.64274
3.64274
3.64274
3.64274
3.64274
3.64274
3.64274
3.64274
3.64274
3.64274
3.64274
3.64274
3.64274
3.64274
3.64274
3.64274
3.64274
3.64274
3.64274
3.64274
3.64274
3.64274
3.64274
3.64274
3.64274
3.64274
3.64274
3.64274
3.64274
3.64274
3.64274
3.64274
3.64274
3.64274
3.64274
3.64274
3.64274
3.64274
3.64274
3.64274
3.64274
3.64274
3.64274
3.64274
3.64274
3.64274
3.64274
3.64274
3.64274
3.64274
3.64274
3.64275
3.64276
3.64278
3.64282
3.6429
3.64305
3.64332
3.64378
3.64452
3.64554
3.64659
3.64716
3.64723
3.64721
3.64706
3.64669
3.646
3.64496
3.64356
3.64188
3.63999
3.63798
3.63589
3.63379
3.6317
3.62964
3.62761
3.62564
3.62369
3.62181
3.61996
3.61819
3.61648
3.61483
3.61328
3.6118
3.61046
3.6092
3.60809
3.6071
3.60622
3.60547
3.60481
3.60425
3.60376
3.60332
3.60292
3.60253
3.60215
3.60177
3.60143
3.60121
3.60113
3.60112
3.60112
3.60113
3.60115
3.60118
3.60123
3.6013
3.6014
3.60153
3.60169
3.60187
3.60204
3.60219
3.60232
3.6024
3.60246
3.60251
3.60255
3.60258
3.6026
3.60262
3.60264
3.60266
3.60267
3.60267
3.60267
3.60267
3.60266
3.60266
3.60264
3.60262
3.6026
3.60256
3.60251
3.60245
3.60238
3.6023
3.60222
3.60215
3.60207
3.60201
3.60197
3.60195
3.60195
3.60195
3.60195
3.60196
3.60198
3.602
3.60202
3.60205
3.60208
3.60213
3.60218
3.60223
3.60228
3.60233
3.60236
3.60238
3.6024
3.6024
3.60241
3.60243
3.60245
3.60247
3.6025
3.60254
3.60258
3.60261
3.60262
3.60262
3.60262
3.60261
3.6026
3.60259
3.60256
3.60251
3.60245
3.60238
3.60229
3.60222
3.60216
3.60212
3.60209
3.60207
3.60204
3.60201
3.60199
3.60197
3.60197
3.60197
3.60198
3.60199
3.60201
3.60203
3.60205
3.60208
3.60211
3.60216
3.60221
3.60226
3.60231
3.60236
3.60238
3.60239
3.6024
3.6024
3.60241
3.60242
3.60243
3.60245
3.60247
3.60248
3.60251
3.60254
3.60257
3.60261
3.60264
3.60265
3.60266
3.60265
3.60264
3.60262
3.60257
3.60252
3.60245
3.60237
3.60228
3.6022
3.60214
3.6021
3.60207
3.60205
3.60203
3.60202
3.602
3.60198
3.60196
3.60195
3.60195
3.60195
3.60196
3.60198
3.60199
3.60202
3.60205
3.60209
3.60214
3.60223
3.64274
3.64274
3.64274
3.64274
3.64274
3.64274
3.64274
3.64274
3.64274
3.64274
3.64274
3.64274
3.64274
3.64274
3.64274
3.64274
3.64274
3.64274
3.64274
3.64274
3.64274
3.64274
3.64274
3.64274
3.64274
3.64274
3.64274
3.64274
3.64274
3.64274
3.64274
3.64274
3.64274
3.64274
3.64274
3.64274
3.64274
3.64274
3.64274
3.64274
3.64274
3.64274
3.64274
3.64274
3.64274
3.64274
3.64274
3.64274
3.64274
3.64274
3.64274
3.64274
3.64274
3.64274
3.64274
3.64274
3.64274
3.64274
3.64274
3.64274
3.64274
3.64274
3.64274
3.64274
3.64274
3.64274
3.64274
3.64274
3.64274
3.64274
3.64274
3.64274
3.64274
3.64274
3.64274
3.64274
3.64274
3.64274
3.64274
3.64274
3.64274
3.64274
3.64274
3.64274
3.64274
3.64274
3.64274
3.64274
3.64274
3.64274
3.64274
3.64274
3.64274
3.64274
3.64274
3.64274
3.64274
3.64274
3.64275
3.64276
3.64278
3.64282
3.6429
3.64305
3.64332
3.64378
3.64452
3.64554
3.64659
3.64716
3.64723
3.6472
3.64706
3.64669
3.646
3.64496
3.64356
3.64188
3.63999
3.63798
3.63589
3.63379
3.6317
3.62964
3.62761
3.62564
3.62369
3.62181
3.61996
3.61819
3.61647
3.61483
3.61328
3.6118
3.61046
3.6092
3.60809
3.6071
3.60622
3.60547
3.60481
3.60426
3.60376
3.60333
3.60292
3.60253
3.60214
3.60177
3.60143
3.60122
3.60113
3.60112
3.60112
3.60113
3.60115
3.60118
3.60123
3.6013
3.6014
3.60154
3.60169
3.60187
3.60204
3.60219
3.60231
3.6024
3.60246
3.60251
3.60255
3.60258
3.6026
3.60262
3.60264
3.60265
3.60266
3.60267
3.60267
3.60268
3.60267
3.60266
3.60264
3.60262
3.60259
3.60256
3.60251
3.60245
3.60238
3.60231
3.60223
3.60215
3.60207
3.60201
3.60197
3.60195
3.60195
3.60195
3.60196
3.60197
3.60198
3.60199
3.60201
3.60204
3.60208
3.60213
3.60218
3.60224
3.60229
3.60233
3.60236
3.60238
3.60239
3.6024
3.60242
3.60243
3.60245
3.60247
3.6025
3.60254
3.60258
3.60261
3.60262
3.60262
3.60262
3.60262
3.60261
3.60259
3.60256
3.60251
3.60245
3.60238
3.60229
3.60222
3.60217
3.60213
3.60209
3.60207
3.60204
3.60201
3.60199
3.60197
3.60197
3.60197
3.60198
3.60199
3.60201
3.60203
3.60205
3.60208
3.60211
3.60216
3.60221
3.60226
3.60231
3.60235
3.60238
3.60239
3.6024
3.6024
3.60241
3.60242
3.60243
3.60245
3.60246
3.60248
3.60251
3.60254
3.60257
3.60261
3.60264
3.60265
3.60266
3.60265
3.60264
3.60261
3.60257
3.60252
3.60245
3.60237
3.60228
3.6022
3.60214
3.6021
3.60207
3.60205
3.60203
3.60202
3.602
3.60198
3.60196
3.60195
3.60195
3.60195
3.60196
3.60198
3.60199
3.60202
3.60205
3.60209
3.60214
3.60223
3.64274
3.64274
3.64274
3.64274
3.64274
3.64274
3.64274
3.64274
3.64274
3.64274
3.64274
3.64274
3.64274
3.64274
3.64274
3.64274
3.64274
3.64274
3.64274
3.64274
3.64274
3.64274
3.64274
3.64274
3.64274
3.64274
3.64274
3.64274
3.64274
3.64274
3.64274
3.64274
3.64274
3.64274
3.64274
3.64274
3.64274
3.64274
3.64274
3.64274
3.64274
3.64274
3.64274
3.64274
3.64274
3.64274
3.64274
3.64274
3.64274
3.64274
3.64274
3.64274
3.64274
3.64274
3.64274
3.64274
3.64274
3.64274
3.64274
3.64274
3.64274
3.64274
3.64274
3.64274
3.64274
3.64274
3.64274
3.64274
3.64274
3.64274
3.64274
3.64274
3.64274
3.64274
3.64274
3.64274
3.64274
3.64274
3.64274
3.64274
3.64274
3.64274
3.64274
3.64274
3.64274
3.64274
3.64274
3.64274
3.64274
3.64274
3.64274
3.64274
3.64274
3.64274
3.64274
3.64274
3.64274
3.64274
3.64275
3.64276
3.64278
3.64282
3.6429
3.64305
3.64332
3.64378
3.64452
3.64554
3.64659
3.64716
3.64723
3.6472
3.64706
3.64669
3.646
3.64496
3.64356
3.64188
3.63999
3.63797
3.63589
3.63379
3.6317
3.62964
3.62761
3.62564
3.62369
3.6218
3.61996
3.61819
3.61647
3.61483
3.61328
3.61181
3.61046
3.6092
3.60809
3.60709
3.60622
3.60547
3.60481
3.60426
3.60377
3.60333
3.60292
3.60252
3.60214
3.60176
3.60143
3.60122
3.60114
3.60112
3.60112
3.60113
3.60114
3.60117
3.60122
3.6013
3.6014
3.60154
3.6017
3.60188
3.60204
3.60219
3.60231
3.60239
3.60246
3.60252
3.60256
3.60258
3.60261
3.60262
3.60264
3.60265
3.60266
3.60267
3.60268
3.60268
3.60267
3.60266
3.60264
3.60262
3.60259
3.60255
3.60251
3.60245
3.60238
3.60231
3.60223
3.60214
3.60206
3.602
3.60197
3.60196
3.60196
3.60196
3.60196
3.60197
3.60197
3.60198
3.60201
3.60204
3.60208
3.60214
3.60219
3.60224
3.60229
3.60233
3.60235
3.60237
3.60239
3.60241
3.60242
3.60244
3.60245
3.60247
3.6025
3.60253
3.60257
3.6026
3.60262
3.60263
3.60263
3.60262
3.60261
3.60259
3.60255
3.60251
3.60244
3.60237
3.6023
3.60223
3.60217
3.60213
3.60209
3.60206
3.60203
3.60201
3.60199
3.60198
3.60197
3.60198
3.60198
3.60199
3.602
3.60202
3.60204
3.60207
3.60211
3.60216
3.60221
3.60227
3.60232
3.60235
3.60237
3.60239
3.60239
3.6024
3.60241
3.60242
3.60243
3.60245
3.60246
3.60248
3.6025
3.60253
3.60257
3.60262
3.60264
3.60266
3.60266
3.60265
3.60264
3.60261
3.60257
3.60252
3.60245
3.60237
3.60229
3.60221
3.60214
3.60209
3.60206
3.60205
3.60204
3.60202
3.60201
3.60198
3.60196
3.60195
3.60194
3.60195
3.60196
3.60197
3.602
3.60202
3.60206
3.60209
3.60214
3.60222
3.64274
3.64274
3.64274
3.64274
3.64274
3.64274
3.64274
3.64274
3.64274
3.64274
3.64274
3.64274
3.64274
3.64274
3.64274
3.64274
3.64274
3.64274
3.64274
3.64274
3.64274
3.64274
3.64274
3.64274
3.64274
3.64274
3.64274
3.64274
3.64274
3.64274
3.64274
3.64274
3.64274
3.64274
3.64274
3.64274
3.64274
3.64274
3.64274
3.64274
3.64274
3.64274
3.64274
3.64274
3.64274
3.64274
3.64274
3.64274
3.64274
3.64274
3.64274
3.64274
3.64274
3.64274
3.64274
3.64274
3.64274
3.64274
3.64274
3.64274
3.64274
3.64274
3.64274
3.64274
3.64274
3.64274
3.64274
3.64274
3.64274
3.64274
3.64274
3.64274
3.64274
3.64274
3.64274
3.64274
3.64274
3.64274
3.64274
3.64274
3.64274
3.64274
3.64274
3.64274
3.64274
3.64274
3.64274
3.64274
3.64274
3.64274
3.64274
3.64274
3.64274
3.64274
3.64274
3.64274
3.64274
3.64274
3.64275
3.64276
3.64278
3.64282
3.6429
3.64305
3.64332
3.64378
3.64452
3.64554
3.64659
3.64716
3.64723
3.6472
3.64706
3.64669
3.646
3.64496
3.64356
3.64188
3.63999
3.63797
3.63589
3.6338
3.6317
3.62964
3.62762
3.62564
3.62369
3.6218
3.61996
3.61819
3.61648
3.61482
3.61328
3.61181
3.61046
3.60921
3.60808
3.60709
3.60621
3.60547
3.60481
3.60427
3.60378
3.60334
3.60292
3.60251
3.60213
3.60176
3.60143
3.60122
3.60114
3.60113
3.60113
3.60113
3.60114
3.60117
3.60121
3.60129
3.6014
3.60155
3.60171
3.60188
3.60204
3.60219
3.6023
3.60239
3.60246
3.60252
3.60256
3.60258
3.60261
3.60262
3.60264
3.60265
3.60266
3.60267
3.60268
3.60268
3.60268
3.60267
3.60264
3.60262
3.60259
3.60255
3.60251
3.60245
3.60238
3.60231
3.60223
3.60214
3.60206
3.602
3.60197
3.60196
3.60196
3.60196
3.60197
3.60197
3.60196
3.60198
3.602
3.60204
3.60209
3.60214
3.60219
3.60224
3.60229
3.60232
3.60235
3.60237
3.60239
3.60241
3.60243
3.60244
3.60246
3.60247
3.6025
3.60253
3.60256
3.6026
3.60263
3.60263
3.60263
3.60263
3.60261
3.60258
3.60255
3.6025
3.60244
3.60237
3.6023
3.60224
3.60218
3.60213
3.60209
3.60206
3.60203
3.602
3.60199
3.60198
3.60198
3.60198
3.60198
3.60199
3.602
3.60201
3.60204
3.60207
3.60211
3.60217
3.60222
3.60227
3.60232
3.60235
3.60237
3.60238
3.60239
3.6024
3.60241
3.60243
3.60244
3.60245
3.60246
3.60247
3.60249
3.60253
3.60257
3.60262
3.60265
3.60266
3.60266
3.60265
3.60263
3.6026
3.60257
3.60252
3.60246
3.60238
3.60229
3.60221
3.60214
3.60209
3.60206
3.60204
3.60204
3.60203
3.60201
3.60199
3.60197
3.60195
3.60194
3.60194
3.60195
3.60197
3.602
3.60203
3.60206
3.6021
3.60214
3.60222
3.64274
3.64274
3.64274
3.64274
3.64274
3.64274
3.64274
3.64274
3.64274
3.64274
3.64274
3.64274
3.64274
3.64274
3.64274
3.64274
3.64274
3.64274
3.64274
3.64274
3.64274
3.64274
3.64274
3.64274
3.64274
3.64274
3.64274
3.64274
3.64274
3.64274
3.64274
3.64274
3.64274
3.64274
3.64274
3.64274
3.64274
3.64274
3.64274
3.64274
3.64274
3.64274
3.64274
3.64274
3.64274
3.64274
3.64274
3.64274
3.64274
3.64274
3.64274
3.64274
3.64274
3.64274
3.64274
3.64274
3.64274
3.64274
3.64274
3.64274
3.64274
3.64274
3.64274
3.64274
3.64274
3.64274
3.64274
3.64274
3.64274
3.64274
3.64274
3.64274
3.64274
3.64274
3.64274
3.64274
3.64274
3.64274
3.64274
3.64274
3.64274
3.64274
3.64274
3.64274
3.64274
3.64274
3.64274
3.64274
3.64274
3.64274
3.64274
3.64274
3.64274
3.64274
3.64274
3.64274
3.64274
3.64274
3.64275
3.64276
3.64278
3.64282
3.6429
3.64305
3.64332
3.64378
3.64452
3.64554
3.64659
3.64716
3.64723
3.6472
3.64706
3.64669
3.646
3.64496
3.64356
3.64188
3.63999
3.63797
3.63589
3.6338
3.6317
3.62963
3.62761
3.62564
3.6237
3.6218
3.61996
3.61819
3.61648
3.61483
3.61327
3.61181
3.61047
3.60922
3.60808
3.60708
3.6062
3.60546
3.60482
3.60427
3.60378
3.60334
3.60292
3.60251
3.60212
3.60176
3.60143
3.60122
3.60114
3.60113
3.60113
3.60114
3.60114
3.60116
3.60121
3.60129
3.6014
3.60155
3.60171
3.60188
3.60204
3.60218
3.6023
3.60239
3.60246
3.60252
3.60256
3.60259
3.60261
3.60262
3.60264
3.60265
3.60266
3.60267
3.60268
3.60268
3.60268
3.60267
3.60264
3.60262
3.60259
3.60255
3.60251
3.60245
3.60238
3.60231
3.60222
3.60213
3.60206
3.602
3.60197
3.60196
3.60197
3.60197
3.60197
3.60196
3.60196
3.60198
3.602
3.60204
3.60209
3.60214
3.6022
3.60224
3.60228
3.60232
3.60234
3.60236
3.60239
3.60242
3.60243
3.60244
3.60246
3.60247
3.60249
3.60252
3.60256
3.6026
3.60263
3.60264
3.60264
3.60263
3.60261
3.60258
3.60254
3.6025
3.60244
3.60237
3.60231
3.60224
3.60218
3.60213
3.60209
3.60205
3.60203
3.602
3.60199
3.60198
3.60199
3.60199
3.60199
3.60199
3.602
3.60201
3.60203
3.60207
3.60211
3.60217
3.60222
3.60228
3.60232
3.60235
3.60236
3.60238
3.60239
3.6024
3.60242
3.60243
3.60244
3.60245
3.60246
3.60247
3.60249
3.60253
3.60257
3.60262
3.60266
3.60266
3.60266
3.60265
3.60263
3.6026
3.60257
3.60252
3.60246
3.60238
3.60229
3.60221
3.60214
3.60208
3.60206
3.60204
3.60204
3.60203
3.60201
3.60199
3.60197
3.60195
3.60193
3.60194
3.60195
3.60197
3.602
3.60203
3.60206
3.6021
3.60214
3.60222
)
;

boundaryField
{
    sides
    {
        type            calculated;
        value           nonuniform List<scalar> 
600
(
3.64274
3.64274
3.64274
3.64274
3.64274
3.64274
3.64274
3.64274
3.64274
3.64274
3.64274
3.64274
3.64274
3.64274
3.64274
3.64274
3.64274
3.64274
3.64274
3.64274
3.64274
3.64274
3.64274
3.64274
3.64274
3.64274
3.64274
3.64274
3.64274
3.64274
3.64274
3.64274
3.64274
3.64274
3.64274
3.64274
3.64274
3.64274
3.64274
3.64274
3.64274
3.64274
3.64274
3.64274
3.64274
3.64274
3.64274
3.64274
3.64274
3.64274
3.64274
3.64274
3.64274
3.64274
3.64274
3.64274
3.64274
3.64274
3.64274
3.64274
3.64274
3.64274
3.64274
3.64274
3.64274
3.64274
3.64274
3.64274
3.64274
3.64274
3.64274
3.64274
3.64274
3.64274
3.64274
3.64274
3.64274
3.64274
3.64274
3.64274
3.64274
3.64274
3.64274
3.64274
3.64274
3.64274
3.64274
3.64274
3.64274
3.64274
3.64274
3.64274
3.64274
3.64274
3.64274
3.64274
3.64274
3.64274
3.64275
3.64276
3.64278
3.64282
3.6429
3.64305
3.64332
3.64378
3.64452
3.64554
3.64659
3.64716
3.64723
3.64721
3.64706
3.64669
3.646
3.64495
3.64356
3.64188
3.63999
3.63798
3.6359
3.63379
3.6317
3.62964
3.62761
3.62563
3.62369
3.62181
3.61997
3.61819
3.61647
3.61483
3.61328
3.6118
3.61044
3.6092
3.60809
3.6071
3.60622
3.60547
3.60482
3.60426
3.60376
3.60332
3.60291
3.60253
3.60215
3.60178
3.60144
3.60122
3.60113
3.60112
3.60112
3.60112
3.60114
3.60117
3.60122
3.60131
3.60142
3.60155
3.6017
3.60186
3.60202
3.60217
3.6023
3.60242
3.60248
3.60253
3.60256
3.60257
3.60259
3.60261
3.60263
3.60265
3.60268
3.60268
3.60268
3.60268
3.60267
3.60265
3.60263
3.60262
3.60259
3.60256
3.60252
3.60246
3.60239
3.6023
3.60221
3.60214
3.60207
3.60201
3.60197
3.60196
3.60196
3.60196
3.60196
3.60196
3.60197
3.60198
3.60201
3.60204
3.60209
3.60214
3.60219
3.60224
3.60228
3.60232
3.60235
3.60238
3.60239
3.60241
3.60242
3.60243
3.60245
3.60248
3.6025
3.60254
3.60258
3.6026
3.60262
3.60262
3.60262
3.60262
3.60261
3.60259
3.60256
3.60251
3.60245
3.60238
3.6023
3.60223
3.60217
3.60213
3.60209
3.60206
3.60203
3.602
3.60198
3.60197
3.60197
3.60198
3.60198
3.60199
3.602
3.60202
3.60204
3.60207
3.60211
3.60216
3.60222
3.60227
3.60232
3.60235
3.60237
3.60238
3.60239
3.6024
3.60241
3.60242
3.60244
3.60245
3.60246
3.60248
3.6025
3.60253
3.60257
3.60261
3.60265
3.60267
3.60266
3.60265
3.60263
3.6026
3.60256
3.60251
3.60245
3.60237
3.60229
3.60221
3.60215
3.60209
3.60205
3.60204
3.60203
3.60202
3.60201
3.60199
3.60198
3.60196
3.60195
3.60194
3.60195
3.60196
3.60198
3.60202
3.60205
3.6021
3.60214
3.60223
3.64274
3.64274
3.64274
3.64274
3.64274
3.64274
3.64274
3.64274
3.64274
3.64274
3.64274
3.64274
3.64274
3.64274
3.64274
3.64274
3.64274
3.64274
3.64274
3.64274
3.64274
3.64274
3.64274
3.64274
3.64274
3.64274
3.64274
3.64274
3.64274
3.64274
3.64274
3.64274
3.64274
3.64274
3.64274
3.64274
3.64274
3.64274
3.64274
3.64274
3.64274
3.64274
3.64274
3.64274
3.64274
3.64274
3.64274
3.64274
3.64274
3.64274
3.64274
3.64274
3.64274
3.64274
3.64274
3.64274
3.64274
3.64274
3.64274
3.64274
3.64274
3.64274
3.64274
3.64274
3.64274
3.64274
3.64274
3.64274
3.64274
3.64274
3.64274
3.64274
3.64274
3.64274
3.64274
3.64274
3.64274
3.64274
3.64274
3.64274
3.64274
3.64274
3.64274
3.64274
3.64274
3.64274
3.64274
3.64274
3.64274
3.64274
3.64274
3.64274
3.64274
3.64274
3.64274
3.64274
3.64274
3.64274
3.64275
3.64276
3.64278
3.64282
3.6429
3.64305
3.64332
3.64378
3.64452
3.64554
3.64659
3.64716
3.64723
3.6472
3.64706
3.64669
3.646
3.64496
3.64356
3.64188
3.63999
3.63797
3.63589
3.6338
3.6317
3.62963
3.62761
3.62564
3.6237
3.6218
3.61996
3.61819
3.61648
3.61483
3.61327
3.61181
3.61047
3.60922
3.60808
3.60708
3.6062
3.60546
3.60482
3.60427
3.60378
3.60334
3.60292
3.60251
3.60212
3.60176
3.60143
3.60122
3.60114
3.60113
3.60113
3.60114
3.60114
3.60116
3.60121
3.60129
3.6014
3.60155
3.60171
3.60188
3.60204
3.60218
3.6023
3.60239
3.60246
3.60252
3.60256
3.60259
3.60261
3.60262
3.60264
3.60265
3.60266
3.60267
3.60268
3.60268
3.60268
3.60267
3.60264
3.60262
3.60259
3.60255
3.60251
3.60245
3.60238
3.60231
3.60222
3.60213
3.60206
3.602
3.60197
3.60196
3.60197
3.60197
3.60197
3.60196
3.60196
3.60198
3.602
3.60204
3.60209
3.60214
3.6022
3.60224
3.60228
3.60232
3.60234
3.60236
3.60239
3.60242
3.60243
3.60244
3.60246
3.60247
3.60249
3.60252
3.60256
3.6026
3.60263
3.60264
3.60264
3.60263
3.60261
3.60258
3.60254
3.6025
3.60244
3.60237
3.60231
3.60224
3.60218
3.60213
3.60209
3.60205
3.60203
3.602
3.60199
3.60198
3.60199
3.60199
3.60199
3.60199
3.602
3.60201
3.60203
3.60207
3.60211
3.60217
3.60222
3.60228
3.60232
3.60235
3.60236
3.60238
3.60239
3.6024
3.60242
3.60243
3.60244
3.60245
3.60246
3.60247
3.60249
3.60253
3.60257
3.60262
3.60266
3.60266
3.60266
3.60265
3.60263
3.6026
3.60257
3.60252
3.60246
3.60238
3.60229
3.60221
3.60214
3.60208
3.60206
3.60204
3.60204
3.60203
3.60201
3.60199
3.60197
3.60195
3.60193
3.60194
3.60195
3.60197
3.602
3.60203
3.60206
3.6021
3.60214
3.60222
)
;
    }
    inlet
    {
        type            calculated;
        value           nonuniform List<scalar> 
20
(
3.64274
3.64274
3.64274
3.64274
3.64274
3.64274
3.64274
3.64274
3.64274
3.64274
3.64274
3.64274
3.64274
3.64274
3.64274
3.64274
3.64274
3.64274
3.64274
3.64274
)
;
    }
    outlet
    {
        type            calculated;
        value           nonuniform List<scalar> 
20
(
3.60223
3.60223
3.60223
3.60223
3.60223
3.60223
3.60223
3.60222
3.60222
3.60222
3.60222
3.60222
3.60222
3.60223
3.60223
3.60223
3.60223
3.60222
3.60222
3.60222
)
;
    }
    empty
    {
        type            empty;
    }
}


// ************************************************************************* //
