/*--------------------------------*- C++ -*----------------------------------*\
| =========                 |                                                 |
| \\      /  F ield         | OpenFOAM: The Open Source CFD Toolbox           |
|  \\    /   O peration     | Version:  2306                                  |
|   \\  /    A nd           | Website:  www.openfoam.com                      |
|    \\/     M anipulation  |                                                 |
\*---------------------------------------------------------------------------*/
FoamFile
{
    version     2.0;
    format      ascii;
    arch        "LSB;label=32;scalar=64";
    class       volScalarField;
    location    "0.2";
    object      T;
}
// * * * * * * * * * * * * * * * * * * * * * * * * * * * * * * * * * * * * * //

dimensions      [0 0 0 1 0 0 0];

internalField   nonuniform List<scalar> 
6000
(
3103.21
2586.93
1967.1
1844.83
1847.19
1897.41
1935.45
1999.75
2070.68
2148.22
2232.99
2322.84
2409.99
2474.54
2514.54
2551.92
2576.56
2590.46
2590.01
2507.3
2204.74
2033.19
2021.19
2038.43
2063.72
2089.76
2121.85
2165.45
2218.47
2272.64
2316.39
2346.55
2370.07
2393.64
2423.07
2465.68
2527.88
2600.89
2659.78
2683.55
2671.87
2590.1
2347.09
2224.06
2223.77
2241.2
2266.18
2286.8
2304.23
2323.78
2349.86
2383.79
2421.88
2457.77
2486.47
2508.37
2527.28
2546.56
2569.8
2597.64
2629.38
2673.04
2707.3
2703.7
2680.5
2567.04
2417.06
2396.3
2412.48
2441.19
2470.97
2490.11
2500.79
2508.53
2517.59
2529.71
2544.41
2560.54
2577.01
2591.61
2603.11
2611.8
2621.46
2643.01
2683.06
2721.09
2739.42
2724.32
2652.84
2524.09
2475.41
2470.14
2481.72
2503.5
2527.58
2551.87
2576.89
2601.55
2624.18
2646.83
2669.34
2690.54
2708.57
2719.25
2722.17
2723.65
2725.02
2733.23
2757.87
2796.46
2819.17
2822.98
2783
2680.53
2615.66
2603.09
2607.28
2625.02
2647.92
2665.74
2681.53
2694.88
2705.52
2716.15
2728.66
2743.52
2759.09
2771.37
2778.28
2780.28
2781.64
2786.12
2799.24
2812.6
2826
2826.46
2791.24
2710.83
2665.22
2654.05
2651.56
2659.05
2673.74
2692.22
2708.55
2723.97
2734.46
2743.92
2756.95
2775.59
2797.22
2814.52
2824.92
2830.91
2834.5
2840.72
2857.57
2882.14
2896.99
2909.01
2891.29
2835.42
2798.79
2796.18
2800.97
2815.4
2831.09
2842.14
2849.85
2856.23
2862.15
2868.01
2873.91
2879.73
2883.75
2886.92
2888.39
2888.48
2889.43
2890.14
2895.01
2910.67
2934.69
2946.49
2953.03
2936.61
2882.9
2848.09
2843.91
2847.27
2859.75
2876.25
2890.03
2905.22
2919.34
2934.92
2948.28
2964.29
2985.52
3006.98
3019.92
3026.79
3032.89
3040.27
3052.35
3071.18
3091.77
3102.13
3110.23
3091.45
3025.69
2982.07
2979.84
2983.25
2990.8
3000.12
3007.51
3014.41
3023.85
3036.13
3051.95
3068.56
3090.18
3118.08
3136.74
3140.64
3139.5
3136.15
3132.91
3130.9
3135.2
3145.58
3151.93
3151.48
3145.22
3117.82
3085.86
3081.5
3091.47
3106.52
3123.92
3137.28
3141.38
3141.9
3142.93
3146.01
3153.58
3164.9
3181.38
3196.34
3200.43
3198.08
3193.87
3188.23
3185.68
3186.74
3192.85
3199.39
3200.79
3199.12
3182.48
3153.14
3146.7
3155.64
3170.93
3187.41
3195.83
3196.79
3193.12
3184.94
3178.79
3176.17
3178.43
3188.86
3205.31
3223.89
3237.7
3248.03
3260.61
3279.72
3307.69
3340.01
3363.21
3373.46
3368.79
3341.18
3288.18
3262.99
3258.36
3258.6
3266.83
3278.85
3289.4
3297.85
3307.41
3318
3331.36
3347.3
3366.45
3394.32
3102.22
2557.77
1965.67
1842.31
1845.95
1893.11
1928.83
1990.75
2060.98
2138.83
2225.46
2319.2
2413.83
2480.38
2515.08
2540.83
2558.82
2568.51
2575.59
2501.47
2205.78
2029.06
2018.96
2037.8
2065.19
2093.6
2127.23
2170.93
2221.5
2271.07
2311.6
2341.27
2365.63
2390.37
2421.47
2465.52
2527.69
2600.48
2660.24
2683.94
2672.09
2594.43
2354.86
2224.35
2224.52
2242.5
2268.28
2289.55
2306.9
2325.85
2350.62
2382.81
2419.47
2455.09
2484.72
2507.87
2527.84
2547.53
2570.2
2597.31
2629.57
2675.4
2712.58
2710.22
2687.63
2575.34
2422.49
2399.47
2412.89
2438.32
2465.89
2484.63
2495.93
2504.93
2515.77
2529.68
2545.56
2562.02
2577.84
2591.25
2601.31
2608.43
2616.82
2637.17
2677.56
2722.38
2743.27
2731.75
2663.16
2531.69
2479.78
2474.96
2487.12
2510.17
2535.23
2557.62
2578.12
2597.74
2618.04
2639.73
2662.34
2684.01
2702.58
2715.18
2721.21
2724.42
2728.07
2738.89
2764.01
2801.44
2821.76
2822.99
2782.37
2678.95
2615.28
2603.96
2608.88
2626.86
2649.85
2668.22
2683.11
2693.86
2702.4
2711.99
2724.74
2740.64
2757.74
2771.49
2779.64
2782.88
2785.16
2790.45
2803.83
2816.98
2829.43
2829.72
2795.43
2714.88
2668.15
2657.72
2656.15
2664.99
2680.96
2699.76
2715.24
2729.1
2737.39
2744.62
2755.78
2773.48
2795.06
2813.37
2825
2832.43
2837.41
2844.31
2860.62
2884.75
2897.63
2907.66
2890.81
2834.44
2794.57
2792.54
2797.2
2810.88
2825.98
2836.81
2843.29
2848.58
2854.68
2862.56
2871.46
2880.18
2888.46
2893.22
2896.03
2896.24
2896.64
2898.42
2904.36
2919.34
2939.9
2948.7
2952.94
2934.04
2878.48
2847.19
2845.09
2850.3
2864.54
2882.15
2895.74
2908.44
2919.5
2932.57
2944.67
2960.47
2982.19
3003.51
3015.58
3021.44
3026.84
3034.22
3045.88
3064.85
3084.53
3094.73
3099.03
3081.86
3022.23
2979.84
2978.73
2983.73
2993.08
3002.83
3009.38
3013.69
3020.39
3030.09
3042.67
3057.76
3078.29
3105.33
3125.56
3131.28
3131.47
3130.4
3129.45
3129.34
3135.41
3147.86
3155.34
3155.54
3149.95
3122.24
3089.05
3084.05
3093.4
3107.32
3124.25
3135.71
3138.43
3138.69
3138.83
3140.66
3146.28
3156.02
3171.23
3188.25
3195.48
3195.26
3193.38
3189.81
3188.54
3190.3
3196.51
3201.21
3201.81
3198.21
3178.11
3148.15
3142.64
3150.68
3164.59
3180.63
3189.63
3192.04
3190.31
3185.38
3182.22
3181.37
3184.55
3195.17
3211.96
3231.47
3246.06
3256.5
3267.95
3284.24
3307.27
3333.25
3350.65
3358.47
3354.74
3330.26
3282.53
3261.42
3259.24
3261.73
3272.08
3285.32
3295.89
3303.71
3311.19
3320.15
3330.74
3344.13
3360.09
3384.68
3102.4
2644.74
1958.18
1836.15
1840.91
1886.64
1922.42
1982.79
2052.54
2129.92
2217.36
2316.12
2418.56
2484.48
2512.58
2521.05
2527.23
2535.91
2551.63
2490.71
2210.02
2025.25
2017.52
2039.87
2071.62
2103.78
2139.13
2180.48
2224.98
2267.25
2303.44
2334.18
2362.02
2390.21
2423.67
2467.34
2528
2599.22
2658.66
2680.65
2668.68
2600.26
2369.1
2226.62
2227.63
2246.31
2273.08
2294.95
2311.91
2329.06
2350.98
2380.09
2414.91
2450.94
2482.72
2507.89
2528.52
2547.83
2569.11
2595
2627.75
2675.89
2717.61
2718.17
2698
2588.94
2430.16
2402.86
2411.96
2432.64
2456.88
2474.94
2488.07
2500.56
2514.87
2531.25
2548.56
2564.76
2578.91
2590.54
2598.51
2603.65
2610.76
2628.97
2668.74
2720.64
2747.23
2742.12
2680.87
2546.35
2488.11
2484.46
2498.19
2522.46
2546.15
2563.89
2577.89
2591.89
2609.24
2630.59
2653.99
2676.7
2695.96
2710.15
2718.92
2724.43
2731.26
2744.26
2770.69
2806.65
2823.35
2822.32
2780.59
2675.88
2615.17
2606.2
2612.46
2630.84
2653.96
2671.68
2684.84
2692.76
2699.47
2708.28
2721.36
2738.42
2757.08
2771.99
2781.42
2786.15
2788.69
2794.21
2808.28
2823.85
2836.08
2837.41
2804.4
2722.89
2673.88
2664.41
2664.22
2675.13
2692.74
2711.73
2725.34
2735.48
2740.87
2745.98
2754.98
2771.02
2792.5
2811.85
2824.95
2835.08
2842.13
2849.8
2865.2
2887.79
2897.44
2903.72
2889.53
2833.1
2790.16
2789.29
2794.42
2807.82
2822.01
2830.68
2835.81
2840.78
2846.37
2853.49
2863.51
2876.8
2889.8
2897.9
2902.65
2905.73
2908.44
2912.19
2919.06
2932.61
2947.55
2952.02
2954.05
2930.63
2873.82
2846.88
2847.69
2855.41
2870.89
2889
2901.34
2909.39
2918.04
2927.99
2938.93
2954.23
2976.56
2998.7
3010.5
3015.72
3021.05
3028.96
3039.99
3056.65
3073.22
3080.69
3080.28
3064.4
3015.39
2975.51
2974.52
2982.4
2994.65
3005.81
3010.98
3012.99
3015.93
3021.77
3031.36
3043.86
3061.84
3087.79
3111.72
3119.95
3121.04
3121.22
3122
3125.31
3134.35
3149.67
3159.12
3160.9
3156.43
3128.5
3093.34
3087.24
3095.62
3107.98
3124.08
3132.86
3133.83
3133.52
3132.6
3132.89
3136.29
3144.51
3158.37
3177.14
3188.45
3190.42
3190.86
3190.43
3191.81
3196.6
3203.17
3205.98
3206.12
3199.49
3174.06
3142.35
3136.22
3141.83
3153.51
3169.14
3180
3184.63
3186.87
3186.4
3186.47
3187.24
3191.77
3202.75
3221.01
3243.79
3260.49
3270.89
3280.73
3292.59
3307.33
3324.93
3336.03
3340.85
3338.83
3315.52
3273.65
3258.09
3259.92
3267.57
3281.14
3297.35
3307.75
3314.87
3319.16
3323.69
3330.44
3340.55
3354.14
3376.11
3102.29
2646.92
1960.38
1834.3
1836.73
1877.05
1915.21
1972.35
2040.43
2119.49
2209.19
2312.32
2415.2
2479.54
2501.68
2498.95
2497.04
2502.04
2518.9
2472.8
2209.75
2018.83
2018.21
2044.58
2081.14
2117.51
2153.94
2191.38
2228.3
2262.97
2294.95
2326
2357.09
2389.09
2425.31
2468.75
2527.15
2595.9
2656.2
2678.33
2666.19
2607.88
2389.32
2231.5
2232.81
2252.77
2280.9
2303.49
2319.65
2334.3
2352.31
2377.27
2409.6
2445.62
2479.45
2506.95
2528.57
2547.48
2567.26
2591.49
2624.66
2674.49
2721.37
2727.32
2710.35
2606.74
2441.44
2407.69
2412.75
2428.58
2448.61
2464.57
2477.95
2493.18
2511.35
2531.23
2550.48
2566.9
2579.57
2589.04
2594.42
2597.87
2604.46
2621.66
2660.74
2717.2
2749.71
2752.15
2702.27
2568.65
2501.13
2499.25
2513.41
2536.47
2556.41
2568.7
2577.26
2586.67
2600.85
2620.72
2644.22
2667.88
2688.57
2704.65
2716.01
2724.44
2734.18
2749.64
2777.87
2811.7
2824.12
2821.12
2778.25
2671.97
2614.64
2608.68
2617.14
2636.7
2659.97
2676.68
2686.89
2690.99
2695.34
2703.28
2716.64
2734.83
2755.2
2771.58
2782.15
2787.27
2790.07
2796.19
2810.9
2832.14
2844.77
2849.36
2819.97
2738.13
2683.76
2675.78
2677.56
2690.35
2709.57
2727.45
2737.94
2742.79
2744.61
2747.12
2754.07
2769.08
2791.26
2811.53
2826.76
2838.79
2847.06
2854.46
2868.68
2889.35
2897.5
2900.83
2888.09
2830.63
2783.68
2782.31
2786.92
2798.77
2812.12
2819.43
2825.22
2831.48
2838.01
2845.37
2855.89
2872.06
2889.92
2903.28
2909.54
2915.93
2922.79
2928.94
2936.88
2947.28
2955.22
2955.56
2954.4
2925.69
2870.58
2848.6
2852.67
2862.07
2877.72
2894.73
2904.56
2910.09
2915.82
2923.67
2933.15
2947.13
2969
2991.05
3002.89
3007.8
3013.17
3020.9
3031.29
3045.11
3058.79
3064.64
3062.8
3050.98
3011.18
2971.49
2968.11
2976.81
2991.26
3005.55
3011.36
3011.93
3011.84
3012.98
3017.89
3027.83
3043.31
3067.53
3092.2
3103.61
3107.71
3109.48
3112.19
3118.39
3130.72
3149.92
3161.12
3164.29
3160.64
3130.73
3091.99
3085.15
3092.18
3102.92
3116.58
3122.58
3123.02
3123.28
3121.88
3121.74
3123.88
3130.43
3144.2
3165.19
3180.09
3184.41
3186.22
3189
3194.61
3203.4
3210.32
3212.47
3212.26
3203.21
3172.45
3137.83
3130.45
3132.84
3141.49
3155.71
3169.69
3176.49
3181.89
3185.91
3189.42
3193.69
3201.38
3214.7
3236.12
3261.56
3278.66
3287.42
3293.96
3299.66
3306.2
3314.7
3319.66
3323.34
3321.27
3299.51
3264.22
3253.56
3259.82
3272.06
3290.52
3309.18
3319.32
3324.99
3326.3
3326.33
3329.19
3335.36
3346.59
3367.7
3100.37
2552.69
1969.46
1835
1832.62
1866.53
1907.74
1963.77
2032.42
2114.01
2205.58
2308.07
2408.68
2469.18
2485.15
2479.05
2473.89
2474.22
2485.98
2448.17
2201.92
2010.22
2020.51
2052.12
2093.86
2132.94
2167.87
2200.22
2230.08
2258.76
2287.78
2319.08
2352.45
2387.64
2425.9
2469.28
2524.01
2588.38
2649.57
2673.94
2662.86
2614.84
2411.92
2239.5
2239.05
2261.14
2290.82
2314
2328.77
2340.35
2354.35
2375.2
2404.4
2439.24
2473.98
2503.44
2526.78
2546.1
2564.65
2587.32
2620.1
2669.99
2722.14
2735.26
2720.9
2625.15
2453.36
2411
2413.23
2425.93
2443.15
2456.41
2468.1
2483.73
2505.05
2529.59
2551.55
2568.53
2579.68
2586.51
2589.73
2593.13
2600.07
2616.44
2654.17
2712.48
2749.28
2760.16
2722.23
2596.58
2517.71
2516.04
2528.38
2548.15
2564.19
2572.5
2577.19
2583.28
2594.77
2612.75
2635.64
2660.11
2682.35
2700.11
2713.36
2724.09
2735.87
2753.59
2783.87
2815.36
2822.91
2818.75
2774.62
2667.09
2613.34
2610.7
2621.45
2643.04
2666.17
2682.1
2688.94
2690.88
2692.9
2699.14
2711.93
2730.39
2750.86
2767.71
2778.65
2784.8
2789.35
2796.23
2811.39
2837.89
2853.21
2862.14
2839.52
2762.04
2698.67
2691.11
2694.41
2708.54
2728.5
2743.48
2749.76
2749.97
2748.86
2749.41
2755.35
2769.97
2792.75
2813.47
2830.81
2843.44
2852.33
2859.41
2872.2
2890.72
2898.97
2899.65
2885.23
2824.87
2772.71
2770.4
2775.15
2786.14
2798.68
2806.31
2814.53
2823.16
2832.62
2841.19
2852.49
2870.76
2891.23
2906.38
2914.77
2923.34
2934.09
2942.96
2953
2962.29
2965.66
2963.21
2956.85
2923.3
2870.6
2853.2
2859.21
2868.57
2882.73
2897.12
2904.16
2907.58
2911.74
2918.24
2926.39
2939.5
2960.11
2981.54
2993.51
2999.05
3005.67
3012.78
3022.33
3034.01
3044.85
3049.68
3046.78
3037.18
3005.11
2967.06
2961.75
2970.35
2984.87
3001.68
3009.13
3009.58
3008.88
3007.82
3008.77
3015.26
3028.5
3050.49
3074.94
3087.6
3093.64
3098.37
3103.12
3110.87
3126
3147.46
3158.2
3161.47
3157
3124.42
3084.43
3078.55
3083.94
3093.91
3105.17
3109.87
3110.62
3110.7
3109.11
3109.57
3111.44
3116.93
3131.75
3154.43
3170.9
3176.91
3180.43
3185.74
3194.26
3206.41
3216.14
3219.76
3219.72
3209.03
3173.26
3134.77
3126.65
3126.38
3132.03
3144.64
3159.05
3167.34
3173.77
3181.03
3188.17
3197.35
3209.89
3228.58
3254.77
3280.84
3294.19
3299.89
3302.65
3302.13
3302.42
3305.46
3306.86
3309.06
3307.04
3289.31
3259.08
3250
3258.71
3273.84
3294.92
3315.66
3327.08
3331.95
3331.82
3329.09
3328.3
3331.09
3339.74
3360.72
3098.36
2558.32
1976.71
1839.7
1827.1
1854.72
1897.77
1956.24
2028.61
2112.71
2204.34
2303.84
2402.33
2458.96
2468.72
2463.74
2459.06
2455.6
2460.35
2421.97
2188.56
2003.97
2022.44
2062.23
2106.92
2145.26
2176.44
2203.72
2228.95
2254.66
2283.38
2315.58
2350.18
2386.89
2425.38
2467.72
2517.78
2576.92
2638.54
2668.28
2659.6
2620.37
2433.15
2248.92
2244.53
2269.23
2300.41
2324.03
2337.45
2346.63
2357.57
2374.95
2400.86
2433.4
2467.87
2498.74
2523.63
2544.35
2563.17
2584.49
2615.54
2664.34
2720.75
2739.06
2728.31
2641.48
2466.84
2416.17
2416.15
2426.68
2442.07
2453.19
2461.95
2475.11
2496.84
2524.37
2550.72
2568.56
2578.52
2584.01
2587.02
2590.44
2597.72
2614.04
2649.7
2707.01
2747.94
2764.24
2737.13
2623.51
2532.95
2529.56
2539.02
2555.71
2569.69
2576.21
2578.57
2582.68
2591.51
2607.55
2629.59
2654.44
2677.79
2696.81
2711.36
2723.49
2736.21
2754.48
2784.71
2814.31
2819.89
2814.51
2769.43
2662.06
2610.73
2610.65
2623.51
2647.25
2670.98
2686.57
2691.54
2691.62
2691.67
2696.02
2707.44
2725.03
2745.11
2762.33
2773.46
2779.91
2785.46
2793.43
2809.88
2839.47
2860.13
2872.38
2858.15
2790.77
2718.66
2709.52
2713.49
2726.82
2745.61
2757.58
2760.31
2758.08
2755.62
2755.31
2761.08
2775.91
2799.38
2819.66
2837.05
2849.03
2857.44
2863.45
2874.14
2889.26
2897.1
2895.91
2879.01
2815.62
2759.46
2754.17
2757.41
2767.11
2780.29
2792.49
2805.02
2816.51
2829.13
2839.17
2851.39
2869.74
2891.38
2908.09
2918
2927.36
2939.54
2950.31
2962.42
2973.22
2977.55
2974.77
2968.15
2930.55
2875.29
2859.19
2865.64
2874.05
2885.72
2897.38
2902.82
2904.99
2907.66
2912.35
2919.86
2931.95
2950.44
2970.52
2982.62
2990.3
2997.67
3005.08
3013.98
3025.22
3033.92
3037.43
3033.69
3025.31
2996.73
2960.01
2953.7
2961.94
2976.76
2995.5
3004.88
3006.32
3006.21
3005.49
3005.91
3010.46
3021.69
3040.22
3061.97
3074.82
3082.46
3088.22
3095.36
3105.31
3121.65
3141.98
3149.89
3151.69
3144.15
3104.98
3064.61
3060.82
3065.52
3074.49
3084.63
3090.11
3091.17
3092.37
3093.29
3096.7
3100.46
3107.74
3123.13
3145.05
3161.28
3168.19
3173.04
3180.43
3190.72
3205.38
3219.57
3226.97
3227.43
3216.52
3177.18
3134.5
3125.47
3123.87
3127.44
3138.83
3152.54
3161.89
3169.45
3178.15
3187.57
3200.39
3217.94
3242.88
3272.65
3295.12
3304.53
3306.68
3305.57
3301.86
3298.06
3297.76
3298.49
3300.12
3299.8
3287.35
3260.08
3249.94
3258.56
3275.65
3297.09
3317.5
3329.02
3333.09
3332.19
3328.1
3325.56
3327.17
3334.17
3355.55
3097.86
2649.78
1980.14
1844.49
1822.73
1846.95
1891.88
1955.19
2030.96
2114.51
2202.89
2302.04
2399.8
2452.81
2458.23
2453.41
2449.44
2444.56
2443.51
2401.4
2177.4
1999.28
2020.82
2070.73
2115.83
2150.97
2178.53
2202.32
2225.98
2252.55
2282.74
2315.26
2350.09
2386.42
2424.25
2464.41
2509.8
2563.75
2624.58
2659.5
2654.75
2622.78
2449.38
2257.8
2250.58
2276.98
2309.16
2332.73
2344.98
2352.52
2361.82
2377
2400.12
2430.09
2462.9
2494.03
2520.72
2543.08
2562.8
2583.21
2611.78
2658.7
2716.92
2738.46
2731.1
2652.72
2478.68
2420.94
2421.27
2430.5
2445.12
2455.44
2461.59
2470.76
2489.25
2516.48
2545.85
2566.77
2577.18
2582.92
2586.58
2590.3
2598.56
2615.32
2648.67
2702.08
2744.7
2763.76
2744.35
2643.65
2544.56
2538.02
2545.05
2559.43
2572.75
2579.06
2581.12
2584.21
2591.56
2605.66
2626.32
2650.59
2674.97
2695.17
2710.4
2722.64
2734.7
2751.87
2780.76
2808.55
2813.42
2808.68
2764.61
2659.06
2609.22
2610.69
2624.32
2648.02
2672.2
2687.63
2691.91
2691.53
2691.16
2694.85
2705.3
2721.79
2741.35
2757.72
2768.7
2774.7
2779.62
2787.53
2804.89
2837.84
2864.07
2878.59
2872.02
2816.19
2739.16
2725.15
2728.99
2740.98
2757.61
2767.91
2769.69
2767.08
2764.65
2764.7
2771.72
2787.5
2810.91
2829.57
2845.23
2855.29
2861.24
2865.17
2874.3
2887.82
2893.37
2890.05
2868.61
2802.73
2743.32
2734.81
2736.77
2747.22
2764.21
2781.87
2797.83
2811.97
2826.05
2836.54
2848.75
2866.57
2889.29
2907.76
2919.56
2929.29
2940.63
2952.14
2965.27
2977.51
2984.62
2984.06
2981.95
2948.64
2889.97
2869.12
2872.63
2878.92
2888.54
2898.04
2901.95
2903.3
2904.64
2907.37
2914.27
2924.99
2940.49
2959.04
2971.84
2980.92
2989.24
2997.34
3007.69
3019.27
3025.96
3028.27
3024.64
3015.98
2987.1
2951.61
2945.81
2953.48
2967.49
2986.52
2997.65
3001.39
3002.97
3004.13
3006.36
3011.68
3021.81
3038.13
3057.59
3069.63
3076.72
3083.42
3091.67
3102.8
3118.68
3133.25
3137.84
3137.44
3122.03
3072.11
3033.61
3031.55
3036.3
3044.47
3056.29
3066.36
3071
3075.05
3080.48
3086.3
3092.43
3100.66
3115.73
3136.63
3152.09
3159.44
3164.66
3172.57
3184.15
3201.18
3220.64
3231.97
3235.36
3225.39
3184.83
3138.13
3127.67
3125.08
3127.83
3138.64
3152
3161.93
3170.07
3179.05
3189.91
3204.85
3225.17
3252.65
3280.93
3299.77
3307.87
3308.19
3305.75
3300.02
3295.07
3294.02
3297.33
3300.35
3301.78
3292.25
3265.58
3252.53
3259.51
3275.28
3294.6
3313.91
3325.13
3328.88
3327.46
3323.82
3322.68
3324.85
3332.72
3355.67
3097.36
2554.13
1983.55
1843.24
1821.63
1849.15
1895.49
1963.19
2038.33
2119.1
2206.16
2304.87
2401.72
2450.77
2454.22
2449.33
2444.32
2438.66
2435.13
2391.48
2172.56
1996.45
2017.83
2073.35
2118.26
2151.19
2175.68
2198.01
2222.79
2251.78
2284.39
2318.72
2353.71
2388.2
2423.22
2460.02
2501.09
2550.88
2610.62
2648.37
2647.15
2620.32
2456.37
2265.15
2256.45
2284.57
2316.86
2339.71
2351.53
2358.84
2367.42
2381.08
2402.08
2430
2461.29
2491.93
2519.38
2542.94
2563.45
2583.41
2609.42
2652.7
2709.49
2731.63
2727.71
2658.44
2488.82
2425.11
2427.63
2437.06
2451.65
2461.38
2466.42
2472.26
2485.82
2509.66
2538
2563.04
2576.62
2583.57
2588.4
2593.77
2603.99
2621.61
2652.15
2700.29
2739.99
2757.64
2743.67
2655.38
2553.04
2542.75
2548.21
2560.6
2573.83
2581.18
2584.25
2587.64
2594.26
2606.65
2625.37
2649.06
2673.93
2695.07
2710.44
2721.77
2732.14
2747.51
2773.26
2799.48
2804.84
2801.8
2760.24
2658.03
2608.13
2609
2622.29
2645.71
2670.88
2686.95
2692.01
2692.15
2692.2
2695.64
2705.3
2721.17
2739.75
2755.94
2766.57
2771.71
2775.05
2781.54
2798.35
2833.22
2865.26
2881.26
2880.04
2833.41
2754.44
2734.73
2738
2749.05
2764.73
2774.62
2776.73
2774.98
2773.85
2775.82
2784.78
2801.32
2823.55
2839.44
2852.34
2860.04
2864.31
2867.2
2874.63
2883.7
2885.55
2880.59
2854.8
2786.22
2728.41
2719.73
2721.68
2734.07
2754.66
2775.53
2792.63
2807.83
2822.4
2833.76
2846.21
2863.95
2887.34
2907.53
2919.74
2928.38
2937.92
2948.75
2961.69
2975.97
2986.44
2987.29
2988.74
2963.86
2907.68
2881.01
2882.55
2885.74
2892.94
2899.89
2902.42
2903.24
2903.58
2904.92
2910.34
2919.15
2931.9
2948.02
2961.73
2972.02
2982.56
2991.65
3003.62
3014.3
3020.6
3022.39
3019.95
3010.56
2979.12
2943.82
2938.62
2944.99
2957.96
2977.04
2989.92
2995.15
2998.53
3002.24
3007.28
3014.11
3024.35
3040.31
3059.17
3071.34
3078.06
3084.46
3092.15
3102.45
3115.05
3123.22
3123.62
3118.01
3089.29
3031.29
2999.52
2998.91
3004.55
3014.55
3030.61
3046.22
3054.72
3061.31
3068.74
3076.23
3084.18
3093.75
3108.81
3129.19
3144.48
3151.99
3157.29
3165.31
3177.54
3196.37
3220.12
3235.51
3243.02
3234.44
3194.35
3144.67
3133.11
3130.36
3133.46
3144.83
3158.7
3169.37
3177.22
3185.71
3196.75
3211.23
3230.55
3255.58
3281.51
3298.8
3305.73
3305.7
3302.78
3297.89
3294.59
3296.13
3304.16
3309.63
3313.2
3303.91
3273.72
3255.3
3259.38
3272.46
3288.64
3306.52
3317.72
3322.33
3322.31
3321.27
3322.89
3327.82
3338.54
3362.22
3098.28
2571.89
1973.69
1833.77
1822.54
1859.6
1908.67
1976.23
2047.63
2126.42
2212.52
2313.21
2407.49
2452
2456.23
2450.45
2443.33
2437.23
2433.14
2388.19
2172.89
1998.9
2018.39
2071.34
2115.17
2146.76
2170.44
2193.53
2221.1
2254.22
2290.56
2327.07
2360.92
2391.81
2422.46
2455.6
2493.51
2540.3
2598.62
2636.31
2638.57
2614.54
2454.01
2270.28
2263.11
2292.27
2323.48
2344.8
2356.27
2363.73
2372.55
2386.06
2406.29
2433.07
2463.85
2494.16
2521.25
2544.68
2564.97
2584.18
2608.16
2647.26
2699.35
2719.36
2718.81
2659.16
2497.75
2428.42
2434.31
2445.32
2461.04
2471.29
2475.46
2479.32
2488.86
2506.82
2531.76
2557.55
2576.61
2587.18
2594.33
2602.53
2614.32
2632.43
2659.72
2701.21
2734.78
2746.98
2737
2659.79
2558.57
2544.21
2548.66
2559.7
2573.64
2582.7
2587.06
2591.08
2597.48
2608.35
2625.94
2649.33
2674.33
2695.59
2710.07
2719.98
2728.09
2740.2
2761.76
2787.19
2794.64
2794.12
2757.48
2659.97
2607.96
2606.28
2617.32
2639.99
2666.19
2683.33
2690.66
2692.42
2693.45
2697.1
2706.9
2722.72
2740.85
2756.87
2766.86
2770.92
2772.53
2777.29
2793.05
2827.67
2863.77
2881.42
2882.69
2841.33
2762.09
2737.94
2740.45
2751.03
2767.19
2778.52
2782.1
2781.85
2782.22
2786.35
2796.5
2813.14
2833.61
2847.39
2856.97
2862.15
2864.8
2866.34
2870.96
2875.9
2874.47
2866.6
2838.23
2773.96
2721.15
2713.08
2715.63
2728.61
2750.24
2772.48
2788.96
2802.87
2816.32
2828.26
2841.88
2860.6
2884.54
2905.77
2917.94
2925.19
2932.21
2941.39
2953.74
2970.57
2984.14
2987.63
2989.62
2971.01
2919.61
2889.26
2890.57
2894.57
2901.04
2905.35
2905.98
2905.72
2905.57
2906.22
2908.76
2915.05
2924.66
2938.99
2954.26
2965.82
2977.19
2987.54
2998.84
3009.67
3017.43
3019.27
3018.24
3008.28
2973.43
2937.44
2932.79
2937.55
2949.12
2967.04
2982.17
2988.96
2994.19
3000.84
3008.58
3017.61
3029.48
3045.52
3062.95
3074.78
3081.49
3087.28
3094.13
3102.31
3109.41
3112.88
3108.8
3094.17
3055.58
3000.98
2975.95
2975.77
2981.94
2993.21
3011.46
3030.45
3042.82
3050.75
3057.77
3065.46
3074.78
3086.37
3102.38
3123.36
3139.83
3147.56
3153.14
3161.3
3173.75
3193.71
3220.32
3239.1
3249.55
3243.06
3205.52
3153.99
3141.36
3140
3145.11
3158.52
3173.73
3184.74
3191.56
3198.26
3206.92
3218.11
3233.3
3254.56
3279.37
3295.21
3300.85
3300.53
3298.58
3297.23
3297.93
3304.87
3317.39
3325.6
3330.83
3320.25
3284.62
3260.35
3261.91
3270.75
3284.87
3302.34
3313.35
3319.26
3321.29
3323.64
3328.19
3336.25
3348.15
3371.66
3099.31
2570.04
1968.16
1828.9
1829.24
1872.63
1923.04
1989.8
2060.21
2138.24
2225.53
2326.2
2415.11
2456.08
2462.4
2455.98
2447.41
2441.55
2437.04
2390.21
2174.51
2003.7
2020.86
2066.26
2107.81
2138.9
2163.69
2189.62
2221.52
2260.42
2301.77
2339.41
2370.15
2396.78
2422.96
2452.92
2488.76
2533.91
2590.54
2625.18
2629.27
2606.93
2447.1
2273.83
2270.46
2298.92
2327.87
2347.43
2358.4
2366.25
2375.56
2389.67
2410.79
2438.38
2469.74
2499.88
2525.89
2548.09
2567.32
2585.68
2607.94
2642.86
2687.9
2704.44
2704.86
2654.5
2503.57
2431.84
2440.05
2454.64
2472.28
2483.74
2487.84
2490.02
2495.91
2508.86
2529.01
2553.01
2576.45
2593.28
2604.91
2615.93
2628.83
2645.78
2669.31
2703.52
2730.38
2734.11
2726.73
2658.45
2558.89
2539.34
2545.6
2557.47
2572.55
2583.34
2588.99
2593.23
2599.1
2609.25
2626.26
2650
2674.93
2696.07
2709.54
2717.85
2723.17
2731.04
2747.4
2773.11
2784.75
2787.99
2758.17
2666.54
2609.41
2604.37
2611.97
2632.65
2658.37
2676.89
2686.91
2690.38
2692.53
2697.62
2709.04
2725.95
2744.82
2760.93
2769.97
2772.74
2772.38
2775.16
2789.02
2821.96
2859.17
2877.45
2880.51
2842.09
2762.91
2735.7
2737.05
2747.75
2765.4
2779.43
2785.48
2787.82
2789.83
2794.87
2805.26
2821.27
2839.81
2852.25
2859.51
2862.75
2864.16
2863.49
2863.6
2864.61
2861.48
2853.29
2828.84
2772.07
2720.66
2711.98
2714.74
2728.21
2750.6
2773.49
2789.13
2801.12
2812.38
2822.9
2836.54
2855.97
2880.3
2902.11
2914.28
2920.18
2925.31
2932.95
2944.78
2962.85
2979.02
2985.3
2987.22
2971.38
2923.53
2892.79
2894.31
2900.19
2908.16
2912.39
2912.4
2909.74
2907.4
2907.06
2908.65
2913.36
2921.08
2934.6
2950.63
2962.46
2971.82
2981.99
2992.39
3004.81
3015.04
3017.61
3017.68
3007.3
2969.36
2933.19
2929.01
2932.23
2941.99
2958.85
2975.35
2984.87
2991.98
3000.69
3011.35
3023.5
3037.89
3054.54
3070.91
3080.45
3084.62
3089.18
3094.11
3099.73
3103.31
3101.74
3092.18
3071.73
3035.64
2987.17
2962.09
2961.04
2967.15
2978.65
2996.46
3015.91
3029.54
3038.42
3046.14
3054.89
3064.93
3077.98
3096.17
3118.99
3138.23
3147.84
3154.48
3163.04
3175.49
3195.53
3223.1
3243.67
3255.19
3250.53
3215.88
3164.72
3152.06
3152.51
3160.76
3176
3191.42
3201.48
3206.89
3211.49
3216.83
3224.06
3235.12
3251.23
3272.95
3287.5
3292.8
3294.21
3296.27
3299.48
3306.27
3319.41
3334.41
3343.24
3347.58
3334.55
3293.93
3268.45
3268.61
3274.24
3286.89
3303.5
3313.81
3320.49
3325.46
3330.53
3337.11
3346.51
3359.23
3383.72
3100.3
2563.41
1956.34
1816.59
1826.72
1875.54
1929.75
1999.86
2072.45
2153.17
2242.91
2340.94
2422.74
2460.84
2472.47
2465.88
2458.18
2453.42
2447.27
2394.49
2171.37
2006.1
2021.61
2058.74
2097.79
2129.72
2157.2
2187.63
2225.92
2271.61
2316.71
2353.65
2381.43
2404.5
2427.79
2454.81
2488.63
2533.23
2587.79
2616.84
2620.63
2598.1
2434.01
2276.3
2277.8
2304.59
2331.06
2348.98
2359.03
2366.51
2375.94
2390.56
2413.46
2444.28
2477.99
2508.03
2532.1
2551.88
2569.47
2586.97
2608.18
2639.41
2678.48
2692.01
2690.46
2644.92
2504.79
2435.09
2445.19
2465.07
2484.14
2496.31
2500.89
2502.73
2506.46
2514.9
2529.97
2551.29
2576.1
2599.79
2617.59
2630.74
2643.85
2659.67
2678.68
2705.51
2726.28
2724.68
2715.35
2654.55
2556.68
2532.6
2541.99
2555.4
2571.62
2583.64
2589.98
2593.75
2598.91
2608.42
2624.8
2648.93
2674.41
2695.06
2707.33
2714
2715.69
2719.22
2732.45
2759.74
2777.01
2786.27
2762.44
2677.65
2613.25
2604.73
2608.89
2626.55
2649.63
2667.75
2679.68
2686.76
2692.76
2700.77
2713.65
2731.51
2751.48
2767.09
2774.19
2775.28
2773.65
2774.45
2786.45
2817.21
2853.01
2871.22
2874.24
2837.42
2759.13
2730.01
2729.97
2741.05
2760.79
2778.57
2787.94
2793.05
2796.78
2801.43
2810.17
2824.3
2840.2
2850.8
2855.78
2855.93
2854.86
2852.62
2852.26
2854.67
2854.17
2850.2
2831.43
2777.11
2724.17
2715.08
2718.33
2731.59
2753.33
2776.17
2791.35
2802.33
2812.5
2822.01
2834.34
2852.11
2875.29
2896.98
2909.35
2914.82
2919.03
2925.98
2937.66
2955.88
2973.93
2981.64
2983.57
2969.19
2923.38
2892.67
2893.63
2900
2910.41
2917.49
2919.26
2917.69
2914.24
2912.2
2912.47
2915.47
2922.52
2934.69
2949.83
2960.62
2968
2975.93
2985.81
2999.53
3011.67
3015.86
3017.07
3006.9
2967.45
2931.2
2927.43
2929.6
2937.92
2953.66
2971.37
2982.99
2991.53
3001.71
3014.83
3029.67
3045.75
3062.4
3076.98
3084.27
3087.07
3089.82
3092
3094.47
3095.6
3092.71
3083.7
3066.12
3032.14
2983.01
2956
2954.33
2959.81
2970.36
2986.61
3005.31
3018.66
3026.76
3033.83
3042.65
3054.24
3069.97
3091.05
3117.42
3140.2
3152.89
3161.26
3170.17
3182.68
3201.8
3228.83
3249.21
3259.6
3256.46
3224.13
3173.78
3162.66
3166.53
3178.3
3195.99
3213.4
3223.52
3228.59
3231.12
3232.58
3234.08
3237.99
3248.34
3264.96
3279.58
3285.9
3290.66
3297.22
3305.61
3317.68
3334.85
3349.88
3357.16
3358.3
3341.97
3299.09
3274.99
3274.8
3279.35
3291.59
3308.08
3319.78
3326.74
3332.81
3339.79
3348.66
3360.14
3375.78
3402.38
3100.43
2573.26
1948.78
1806.7
1816.18
1868.48
1929.38
2004.63
2082.99
2166.38
2258.6
2353.3
2428.04
2463.29
2482.41
2477.16
2474.76
2471.08
2463.11
2399.83
2165.42
2007.69
2020.97
2051.13
2088.41
2121.63
2152.54
2188.54
2234.92
2286.22
2331.66
2365.45
2390.19
2411.99
2435.43
2463.19
2496.51
2540.6
2591.33
2615.67
2618.81
2589.51
2415.84
2276.66
2283.93
2310.48
2333.84
2349.66
2358.47
2365.1
2373.9
2388.71
2414
2449.35
2486.67
2517.47
2538.86
2555.52
2570.74
2587.19
2608.05
2636.82
2671.97
2684.19
2680.08
2636.11
2503.37
2436.62
2447.82
2473.87
2494.09
2506.18
2510.98
2512.73
2515.85
2522.76
2535.16
2554.12
2579.51
2607.49
2630.81
2645.92
2657.7
2669.95
2685.79
2706.97
2723.7
2720.38
2707.04
2650.86
2552.68
2526.48
2537.6
2555.11
2572.74
2585.5
2591.29
2593.6
2597.18
2604.96
2620.51
2644.9
2670.74
2691.08
2702.5
2707.21
2706.55
2707.96
2720.62
2750.07
2773.84
2788.98
2770.13
2691.74
2619.66
2607.72
2608.93
2623.73
2642.89
2658.51
2670.57
2681.43
2692.19
2704.98
2721.32
2739.87
2758.13
2771.31
2776.86
2777.39
2774.95
2775.14
2785.81
2813.94
2846.67
2864.06
2865.17
2828.15
2752.7
2723.26
2721.97
2733.37
2755.2
2776.94
2789.7
2796.59
2800.8
2804.78
2810.76
2820.28
2832.03
2840.47
2843.24
2841.95
2840.77
2840.22
2846.15
2857.98
2862.81
2861.02
2844.78
2790.9
2733.71
2723.39
2726.55
2738.19
2757.79
2779.61
2794.74
2805.15
2814.3
2823.08
2834.26
2850.38
2871.79
2892.54
2904.91
2910.42
2914.98
2922.42
2934.1
2951.32
2967.93
2974.76
2976.6
2963.65
2918.49
2886.8
2886.94
2892.11
2904.2
2916.33
2921.03
2922.25
2921.02
2918.78
2919.9
2924.01
2928.74
2939.15
2953.28
2961.82
2966.68
2972.44
2980.9
2994.13
3007.6
3013.81
3016.56
3007
2967.49
2930.55
2926.69
2928.36
2936.26
2951.73
2969.93
2982.56
2992.06
3003.04
3017.18
3032.52
3048.17
3063.89
3078.66
3085.56
3086.83
3085.93
3082.76
3081.71
3083.95
3087.57
3086.99
3076.74
3045.51
2990.8
2957.38
2954.82
2959.69
2969.08
2983.14
2999.69
3011.23
3017.83
3024.08
3032.8
3045.53
3063.48
3087.92
3117.61
3143.84
3159.41
3169.49
3179.27
3192.68
3212.19
3237.79
3254.92
3262.17
3260.28
3229.78
3179.86
3169.54
3176.75
3190.69
3210.75
3230.6
3241.17
3245.4
3245.85
3244.79
3243.62
3243.85
3248.91
3261.19
3275.92
3284.67
3292.26
3301.37
3313.6
3328.76
3347.33
3360.6
3365.18
3363.89
3345.5
3304.31
3282.68
3281.61
3285.34
3298.19
3314.73
3327.87
3335.2
3341.84
3350.31
3361.7
3376.84
3396.24
3423.57
3100.05
2515.55
1938.45
1795.49
1805.41
1858.86
1921.87
2003.55
2087.74
2174.49
2268.69
2358.03
2427.53
2459.33
2484.06
2493.37
2497.13
2491.29
2479.4
2406.74
2161.39
2007.68
2018.1
2045.7
2082.69
2117.37
2151.77
2194.1
2245.85
2297.8
2341.12
2371.86
2394.41
2415.43
2440.04
2471.25
2509.37
2557.21
2603.64
2622.98
2624
2583.4
2396.72
2274.08
2286.22
2313.39
2335.36
2349.7
2357.09
2362.35
2369.98
2384.91
2413.25
2453
2494.37
2525.9
2545.21
2559.41
2571.87
2585.95
2605.97
2633.05
2668.65
2683.44
2677.9
2633.64
2500.84
2434.3
2446.44
2477.33
2499.6
2512.39
2517.2
2518.65
2522.06
2529.6
2542.15
2562.23
2588.12
2616.73
2639.29
2654.03
2664.73
2675.26
2689.25
2709.64
2725.42
2721.48
2704.59
2650.06
2549.66
2520.96
2533.3
2556.66
2575.88
2588.62
2593.08
2593.64
2594.91
2599.96
2614.03
2638.13
2663.89
2684.4
2695.39
2699.54
2698.9
2701.02
2714.83
2746.45
2775.14
2794.91
2779.58
2707.02
2628.59
2612.59
2611.34
2623.65
2639.92
2653.22
2665.45
2679.43
2696.1
2714.89
2733.95
2751.14
2765.76
2776.02
2780.53
2779.84
2777.14
2776.76
2786.14
2812.1
2841.12
2857.14
2855.74
2817.51
2744.06
2716.26
2714.76
2726.04
2748.93
2772.82
2787.62
2795.58
2799.32
2801.45
2803.73
2808.12
2815.85
2824.27
2828.59
2830.65
2832.11
2835.3
2845.19
2862.57
2873.48
2874.96
2865.01
2816.28
2752.81
2737.86
2739.52
2747.93
2763.88
2783.9
2799.58
2809.91
2818.19
2825.64
2834.87
2848.61
2867.48
2886.65
2898.98
2905.87
2912.27
2920.53
2932.29
2948.54
2961.9
2965.39
2966.37
2952.28
2906.1
2873.86
2873.74
2879.11
2891.57
2907.15
2916.71
2921.26
2924.14
2926.22
2930.22
2935.52
2941.43
2951.06
2961.38
2967.11
2969.18
2971.99
2977.85
2988.76
3002.65
3010.52
3014.59
3005.57
2967.04
2929.68
2925.42
2927.13
2935.43
2951.7
2970.88
2983.73
2992.84
3003.61
3015.79
3029.71
3044.67
3060.69
3075.3
3080.38
3078.6
3073.06
3066.69
3065.28
3070.45
3081.15
3087.14
3085.69
3067.78
3015.41
2968.55
2961.44
2965.64
2974.08
2986.7
3000.58
3008.56
3013.05
3018.36
3026.71
3040.67
3060.29
3086.81
3118.26
3147.14
3166.25
3179.38
3191.68
3206.07
3225.42
3247.92
3260.6
3263.44
3261.88
3231.91
3182.02
3171.64
3180.43
3195.56
3215.35
3234.83
3245.9
3249.3
3248.8
3247.58
3246.81
3248.92
3257.29
3271.47
3284.55
3291.6
3298.57
3308.44
3321.86
3337.26
3353.4
3364.55
3367.68
3364.86
3345.73
3306.78
3286.54
3284.81
3288.6
3302.41
3320.31
3335.37
3344.29
3352.02
3362.08
3375.77
3393.09
3413.85
3441.44
3100.58
2662.92
1927.55
1796.81
1803.15
1853.5
1917.61
2000.37
2084.98
2172.62
2267.85
2356.18
2422.04
2451.31
2481.31
2507.69
2516.82
2508.7
2494.8
2418.17
2163.73
2008.93
2017.27
2044.81
2082.26
2118.48
2155.82
2200.75
2252.05
2302.82
2345.49
2375.28
2397.1
2417.92
2443.01
2475.99
2519.36
2576.21
2624.87
2644.63
2640.94
2581.37
2378.76
2269.17
2283.49
2312.62
2335.43
2349.28
2355.63
2359.8
2366.75
2382.22
2412.93
2455.21
2498.51
2529.88
2547.74
2560.4
2571.18
2583.32
2603.68
2631.8
2671.79
2691.71
2684.44
2637.21
2497.82
2428.43
2440.82
2476.38
2500.71
2514.77
2519.27
2519.57
2522.94
2532.77
2549.55
2572.42
2599.24
2623.44
2640.78
2652
2661.95
2672.98
2689.95
2711.61
2729.58
2727.45
2708.8
2653.8
2550.12
2516.06
2528.91
2557.18
2579.52
2592.22
2595.41
2593.9
2593.49
2596.46
2608.64
2631.51
2657.39
2678.74
2690.82
2696.95
2697.84
2701.32
2716.04
2748.52
2779.69
2801.39
2788.38
2720.75
2637.9
2617.84
2614
2623.99
2639.86
2655.14
2669.56
2685.98
2704.53
2722.75
2740.05
2756.57
2770.39
2780.02
2784.07
2782.4
2779.4
2778.48
2786.82
2811.17
2836.81
2851.26
2847.34
2807.36
2735.7
2709.66
2708.24
2719.72
2742.05
2766.18
2780.9
2788.51
2790.61
2789.78
2789.14
2791.16
2799.43
2811.52
2820.92
2826.47
2829.82
2834.5
2845.27
2865.63
2881.85
2887.77
2882.81
2844.38
2779.41
2758.33
2758.54
2763.38
2774.63
2790.55
2804.96
2814.61
2822.07
2828.34
2835.91
2847.55
2864.55
2882.41
2895.06
2903.57
2911.75
2921.1
2932.34
2946.24
2956.27
2957.21
2957.72
2941.52
2891.69
2857.73
2857.56
2862.79
2875.47
2894
2908.64
2915.94
2923.07
2929.31
2936.17
2943.03
2951.54
2963.44
2972.4
2974.42
2974.33
2974.44
2977.21
2986.08
2998.91
3006.56
3010.77
3002.6
2966.5
2929.34
2924.68
2926.86
2935.99
2953.07
2972.84
2986.09
2992.9
3000.06
3010.47
3023.24
3036.97
3051.5
3064.46
3068.17
3064.78
3058.75
3054.67
3054.75
3061.97
3075.96
3086.03
3090.78
3084.69
3047.92
2997.32
2982.27
2983.54
2988.34
2996.49
3005.67
3011.55
3015.1
3019.26
3027.02
3041.33
3061.41
3088.35
3120.64
3150.89
3172.59
3188.06
3202.95
3219.51
3238.77
3254.46
3262.31
3263.63
3260.25
3229.91
3181.83
3170.52
3177.2
3191.43
3208.04
3224.75
3236.43
3240.88
3241.67
3242.05
3244.29
3252.01
3266.89
3286.58
3301.6
3308.4
3313.52
3319.12
3328.53
3341.55
3354.1
3363.66
3367.12
3363.22
3344.26
3307.68
3289.91
3288.63
3293.36
3308.24
3327.67
3343.87
3354.91
3364.29
3374.2
3385.82
3402.18
3422.46
3449.08
3099.27
2469.15
1943.47
1809.44
1809.55
1855.6
1915.26
1997.03
2081.79
2167.99
2258.4
2346.58
2414.79
2444.42
2477.27
2513.59
2531.97
2525.09
2507.88
2431.5
2170.94
2009.74
2018.31
2046.95
2085.34
2122.39
2160.04
2202.45
2250.71
2299.7
2342.48
2373.56
2396.82
2418.08
2443.35
2478
2525.18
2590.35
2648.27
2674.09
2665.5
2590.38
2367.65
2259.32
2275.06
2308.36
2335
2348.34
2354.49
2358.7
2365.92
2381.83
2412.69
2455.16
2497.81
2528.05
2544.91
2556.39
2565.98
2578.26
2600.93
2634.44
2682.43
2707.01
2696.89
2645.27
2496.59
2419.55
2431.91
2469.12
2497.16
2510.94
2515.74
2516.41
2521.06
2534.64
2556.65
2583.12
2607.91
2625.79
2636.5
2643.36
2652.02
2664.46
2685.78
2713.07
2736.61
2737.72
2719.35
2662.82
2553.61
2512.81
2524.95
2555.05
2580.16
2594.17
2597.53
2594.52
2593.52
2595.59
2606.5
2628.11
2653.86
2676.27
2689.48
2696.96
2700.3
2705.86
2722.52
2754.86
2785.87
2806.22
2794.52
2730.62
2644.89
2621.43
2616.43
2625.51
2642.53
2661.28
2678.19
2694.5
2708.83
2721.21
2735.53
2752.27
2768.82
2780.79
2786.05
2784.61
2781.47
2780.12
2788.12
2810.86
2832.91
2845.5
2839.63
2798.09
2727.94
2704.06
2702.78
2713.72
2735.04
2757.16
2769.71
2775.16
2775.72
2774.49
2774.43
2779.03
2790.64
2807.08
2820.05
2827.15
2831.59
2837.11
2848.38
2869.19
2887.31
2895.34
2894.05
2864.68
2802.88
2778.25
2777.92
2781.32
2790.13
2801.76
2812.86
2821.3
2828.09
2833.41
2839.69
2849.83
2865.7
2882.43
2893.93
2902.44
2911.18
2920.6
2931.06
2942.5
2950.57
2950.93
2949.53
2930.62
2878.67
2843.59
2842.9
2847.58
2859.77
2879.79
2898.14
2909.12
2917.91
2926.35
2934.55
2943.22
2954.75
2969.69
2979.75
2981.68
2980.8
2978.8
2979.94
2986.98
2998.17
3004.78
3008.55
3000.92
2966.7
2929.7
2924.96
2927.72
2937.63
2955.44
2973.92
2984.15
2989.41
2995.32
3003.47
3013.36
3024.26
3036.07
3048.08
3053.13
3052.73
3050.87
3049.34
3049.92
3057.45
3072.51
3084.92
3090.93
3090.27
3067.77
3025.69
3010.09
3012.63
3017.28
3021.05
3023.12
3023.67
3024.21
3027.46
3035.03
3048.8
3067.32
3092.86
3124.67
3155.22
3178.35
3196.16
3212.81
3229.51
3244.82
3254.43
3258.37
3259.3
3253.96
3224.36
3179.85
3165.63
3169
3179.61
3192.61
3208.12
3221.58
3228.26
3231.36
3234.75
3240.69
3252.15
3270.25
3295.05
3315.78
3324.57
3330.17
3333.24
3337.54
3346.25
3355.78
3361.86
3363.35
3359.3
3339.95
3305.41
3290.55
3291.36
3298.74
3315.07
3335.48
3352
3362.99
3370.93
3379.01
3390.4
3405.13
3422.24
3444.42
3099.87
2665.06
1943.24
1824.47
1821.43
1862.59
1915.2
1990.81
2072.76
2157.25
2242.79
2329.98
2404.9
2441.69
2476.16
2514.14
2537.27
2532.5
2516.66
2443.24
2178.28
2009.16
2021.36
2052.83
2093.2
2129.6
2163.02
2199.75
2242.92
2287.96
2330.12
2363.92
2390.86
2415.27
2442.76
2478.91
2531.47
2602.23
2668.92
2700.41
2687.18
2609.92
2374.9
2248.52
2262.19
2297.11
2329.85
2346.74
2354.06
2360.06
2369.35
2386.31
2416.08
2455.08
2493.58
2522.04
2539.26
2550.77
2560.28
2574.17
2599.92
2640.05
2695.55
2724.67
2711.44
2656.46
2498.88
2411.62
2421.63
2456.83
2488.53
2504.89
2510.59
2513.23
2521.34
2539.14
2565.02
2591.5
2611.03
2622.76
2629.67
2632.79
2638.43
2651.47
2676.4
2710.16
2743.22
2751.89
2733.88
2675.89
2559.61
2511.6
2521.63
2549.77
2577.66
2593.63
2596.93
2594.93
2594.63
2597.61
2609.55
2630.36
2655.04
2677.08
2691.45
2700.09
2706.18
2714.22
2732.16
2763.53
2791.79
2808.05
2797.18
2736.37
2649.3
2624.59
2619.7
2629.14
2648.61
2670.67
2688.55
2701.87
2709.99
2717.86
2728.63
2743.27
2761.57
2776.78
2785.01
2785.85
2783.75
2783.07
2790.56
2811.52
2829.26
2840.34
2833.07
2789.48
2720.66
2699.08
2697.92
2708
2726.68
2745.27
2755.91
2760.24
2761.45
2762.32
2765.35
2773.31
2787.08
2805.13
2819.7
2828.84
2835.12
2841.77
2852.96
2872.61
2891.69
2900.87
2902.47
2877.93
2818.82
2792.98
2792.24
2795.87
2805.29
2816.19
2824.93
2831.95
2837.52
2842.06
2847.39
2856.71
2871.25
2885.81
2895.45
2902.62
2910.67
2918.53
2927.38
2937.04
2943.61
2943.11
2941.09
2921.49
2869.78
2835.05
2833.98
2838.8
2849.83
2868.48
2888.01
2901.39
2910.8
2919.47
2927.99
2937.55
2950.74
2968.22
2980.87
2985.21
2985.49
2985.12
2986.63
2993.01
3002.05
3007.38
3009.84
3002.1
2968.15
2930.81
2925.98
2929.17
2939.01
2955.11
2970.95
2979.69
2984.33
2988.55
2993.93
3000.75
3008.82
3019.51
3032.75
3043.7
3047.86
3048.57
3048.62
3050.23
3058.12
3072.32
3083.22
3089.27
3091.03
3075.15
3041.04
3028.21
3034.58
3043.68
3050.87
3053.39
3052.82
3050.71
3049.59
3053.71
3064.81
3079.9
3101.85
3131.93
3163.71
3188.08
3202.7
3214.73
3227.79
3240.07
3247.68
3250.04
3249.65
3240.3
3212.75
3174.3
3157.83
3158.63
3166.11
3177.79
3194.01
3210.15
3219.97
3225.83
3231.28
3239.57
3252.33
3271.82
3298.51
3323.54
3335.27
3341.02
3343.88
3346.08
3350.99
3357
3361.37
3362.73
3359.39
3338.59
3303.35
3290.14
3293.57
3303.51
3320.64
3340.86
3355.91
3365.13
3373.08
3380.76
3390.23
3401.67
3414.24
3432.38
3098.01
2485.09
1965.21
1839.98
1835.95
1872
1916.48
1982.86
2059.34
2140.06
2221.96
2308.5
2393.15
2444.21
2479.27
2512
2535.44
2531.39
2519.77
2450.33
2182.63
2008.05
2024.56
2060.97
2102.33
2135.53
2163.29
2193.48
2229.29
2270.28
2312.57
2350.6
2382.55
2411.24
2442.65
2482.04
2538.98
2612.74
2684.36
2718.68
2701.88
2628.56
2392.65
2244.33
2249.3
2280.91
2317.39
2341.02
2353.02
2362.77
2375.3
2394.63
2422.46
2455.03
2486.57
2511.48
2529.04
2542.61
2555.34
2573.78
2604.41
2650.17
2709.74
2741.11
2725.07
2669.66
2504.83
2405.46
2412.31
2442.48
2475.46
2496.35
2504.44
2510.99
2523.96
2545.39
2571.74
2594.15
2607.71
2615.66
2620.26
2621.85
2626.1
2637.45
2663.18
2703.11
2746.77
2765.55
2750.36
2689.73
2565.46
2513.27
2519.92
2542.7
2570.7
2588.86
2594.82
2595.88
2597.6
2604.02
2618.38
2638.39
2661
2681.7
2696.91
2707.32
2715.41
2725.57
2744.29
2773.64
2796.69
2806.49
2796.35
2737.96
2650.53
2625.25
2622.95
2634.91
2657.3
2681.52
2698.24
2706.61
2708.76
2711.96
2719.32
2732.38
2750.74
2767.49
2779.68
2785.52
2786.71
2788.65
2796.87
2813.66
2827.15
2837.14
2828.25
2781.46
2714.03
2694.69
2693.45
2701.95
2717.21
2733.18
2743.45
2748.13
2750.18
2752.42
2757.39
2767.41
2783.32
2803.72
2821.21
2833.34
2841.49
2848.74
2859.19
2877.15
2894.08
2902.92
2905.58
2883.98
2828.17
2802.44
2800.83
2803.96
2814.85
2828.67
2838.28
2845.79
2851.58
2855.87
2860.28
2867.94
2879.33
2890.88
2897.34
2902.03
2907.85
2913.56
2920.3
2928.92
2935.54
2935.01
2932.99
2914.52
2865.82
2832.5
2831.01
2836.31
2845.98
2861.92
2879.95
2893.24
2902.49
2910.74
2919.03
2928.45
2941.86
2960.1
2975.01
2981.79
2985.19
2988.86
2994.44
3003.25
3012
3015.66
3016.33
3006.79
2969.96
2930.81
2925.72
2928.79
2937.38
2951.72
2965.42
2972.52
2976
2978.46
2981.49
2986.6
2994.45
3007.07
3025.12
3039.08
3044.86
3048.44
3051.19
3055.08
3063.17
3074.92
3083.57
3088.09
3089.69
3074.52
3043.37
3033.14
3041.56
3054.19
3069.03
3079.73
3084.6
3087.19
3086.27
3086.88
3093.07
3104.13
3122.16
3149.79
3177.62
3193.42
3201.95
3210.74
3218.99
3226.73
3231.37
3232.74
3230.52
3221.24
3200.69
3170.13
3153.26
3154.1
3159.17
3168.59
3183.67
3199.18
3209.11
3216.31
3223.84
3234.27
3249.1
3270.14
3298.18
3324.96
3338.29
3343.82
3347.02
3349.37
3352.89
3358.59
3364.18
3367.39
3363.72
3340.32
3303.66
3292.1
3297.37
3308.61
3326.63
3347.17
3358.8
3366.96
3373.06
3377.71
3382.63
3388.81
3397.47
3416.19
3097.12
2660.7
1984.27
1864.19
1852.66
1881.19
1918.61
1974.84
2042.99
2119.23
2199.12
2287.44
2382.85
2448.56
2483.87
2511.41
2527.16
2523.11
2517.29
2451.77
2181.3
2006.7
2027.43
2068.88
2109.01
2138.18
2161.34
2185.67
2215.25
2251.58
2292.65
2334.2
2372.36
2407.03
2443.53
2488.04
2548.32
2622.24
2695.27
2729.69
2710.77
2644.47
2414.27
2246.56
2240.27
2265.46
2301.28
2329.94
2348.61
2363.52
2381.33
2403.53
2428.73
2454.34
2478.35
2498.87
2516.5
2533.07
2552.4
2577.84
2614.5
2662.85
2721.6
2752.96
2736.55
2682.63
2513.34
2403.31
2403.46
2428.23
2460.71
2484.58
2497.78
2510.62
2528.02
2550.41
2573.59
2590.93
2600.74
2606.84
2610.94
2612.44
2615.37
2625.28
2648.92
2693.06
2746.06
2772.62
2765.11
2704.03
2572.93
2517.96
2520.13
2536.36
2560.59
2579.96
2590.79
2596.95
2604
2615.31
2631.47
2650.39
2670.68
2689.56
2705.22
2717.09
2726.65
2737.89
2755.77
2781.57
2799.24
2801.31
2792.6
2736.18
2648.93
2623.91
2626.41
2641.98
2667.07
2691.27
2704.87
2706.84
2705.68
2705.46
2709.55
2720.04
2735.69
2754.57
2771.97
2782.85
2789.37
2795.35
2805.17
2816.82
2826.6
2834.19
2823.53
2772.72
2707.36
2690.29
2688.61
2695.69
2708.88
2723.47
2733.35
2737.69
2739.68
2742.46
2748.61
2760.76
2779.65
2803.12
2823.76
2838.95
2849.11
2856.77
2866.24
2881.66
2895.43
2903.61
2906.37
2884.09
2829.14
2805.29
2803.46
2807.29
2820.65
2838.19
2850.46
2859.36
2866.99
2872.28
2876.26
2880.83
2886.87
2893.44
2897.14
2899.86
2902.3
2906.19
2910.98
2918.86
2926.63
2926.79
2926
2910.63
2865.92
2833.43
2831.29
2836.98
2845.46
2859.17
2874.95
2886.46
2893.79
2900.09
2907.3
2916.75
2930.65
2948.78
2963.94
2973.9
2981.87
2990.55
3000.63
3013.42
3024.51
3028.2
3027.84
3014.89
2971.03
2928.33
2923.63
2926.98
2934.72
2946.1
2956.58
2962.36
2964.85
2966.55
2969.38
2975.09
2985.11
3001.85
3021.87
3036.6
3043.89
3049.47
3055.41
3061.73
3070.44
3079.93
3085.62
3087.87
3086.94
3069.73
3041.55
3035.21
3044.78
3059.95
3081.2
3101.37
3112.76
3119.83
3123.39
3126.76
3132.12
3140.93
3156.02
3176.4
3191.28
3196.06
3199.22
3199.61
3198.33
3200.06
3204.29
3207.26
3207.67
3205.05
3192.89
3166.41
3148.59
3148.1
3150.75
3159.94
3175.23
3190.94
3201.29
3209.64
3218.99
3230.24
3244.89
3264.51
3290.28
3318.34
3336.37
3344.32
3347.83
3350.5
3354.33
3361.46
3369.2
3374.28
3371.53
3345.84
3303.6
3290.7
3297.36
3309.99
3328.18
3346.49
3358.15
3364.82
3367.03
3367.05
3367.62
3371.49
3380.27
3402.77
3094.68
2547.51
2019.02
1888.69
1866.16
1887.56
1918.85
1967.24
2027.51
2098.98
2179.43
2270.92
2376.05
2452.95
2493.08
2513.7
2514.29
2513.18
2511.3
2448.9
2178.02
2006.14
2030.21
2076.03
2113.88
2139.34
2159.26
2179.8
2204.43
2236.09
2275.05
2318.92
2363.21
2404.73
2446.76
2495.73
2557.34
2628.43
2698.29
2733.19
2715.14
2655.66
2434.43
2250.36
2235.72
2255
2286.5
2316
2341.33
2364.05
2386.99
2410.94
2434.03
2454.09
2471.47
2487.56
2504.67
2524.9
2550.44
2583.15
2624.91
2673.44
2728.04
2760.66
2744.47
2692.54
2520.92
2403.04
2396.38
2416.38
2447.52
2474.08
2494.51
2512.45
2532.59
2554.23
2573.42
2586.34
2593.75
2598.88
2602.39
2604.85
2608.02
2615.98
2637.83
2683.44
2742.72
2774.08
2775.46
2716.49
2579.86
2522.82
2520.65
2531.45
2551.11
2569.65
2584.62
2598.35
2612.36
2628.16
2645.23
2662.86
2680.24
2696.89
2712.04
2725.09
2736.45
2748.74
2765.41
2786.57
2799.7
2797.26
2786.6
2732.89
2647.66
2623.11
2629.75
2648.82
2675.57
2697.9
2707.58
2707.02
2702.59
2699.56
2700.87
2709.79
2724.23
2742.42
2762.51
2778.57
2790.96
2802.25
2813.01
2820.03
2829.29
2834.69
2819.87
2763.79
2701.93
2687.74
2685.65
2691.61
2703.72
2717.13
2726.08
2729.83
2731.3
2734.11
2740.9
2754.41
2775.91
2802.52
2826.23
2843.77
2856.13
2864.53
2872.93
2884.7
2895.32
2902.61
2904.8
2881.78
2827.98
2805.56
2803.53
2808.14
2823.83
2844.01
2858.56
2868.51
2878.01
2886.03
2891.53
2894.63
2896.47
2897.94
2897.39
2897.03
2896.53
2898.48
2902.04
2909.83
2919.45
2920.83
2921.24
2908.37
2866.59
2835.37
2833.05
2839.11
2846.63
2858.7
2872.57
2882.11
2887.56
2892.27
2898.13
2907.01
2920.78
2937.99
2953.77
2966.22
2976.75
2989.34
3004.21
3021.11
3035.67
3040.83
3041.07
3028.59
2980.75
2932.09
2924.1
2926.24
2930.71
2937.16
2944.83
2950.8
2954.26
2957.62
2962
2968.15
2979.35
2999.21
3022.29
3036.96
3044.6
3051.87
3059.67
3068.06
3076.95
3085.14
3088.75
3088.2
3083.93
3063.39
3035.72
3031.81
3042
3059.49
3087.03
3115.11
3132.2
3143.17
3150.04
3155.99
3163.08
3174.28
3189.73
3201.72
3203.32
3199.57
3191.95
3181.05
3171.07
3170.19
3176.92
3186.61
3193.03
3194.55
3186.54
3161.99
3144.1
3142.7
3144.26
3154.82
3170.91
3186.69
3196.56
3205.47
3215.89
3227.41
3241.11
3258.75
3282.38
3309.25
3328.28
3337.83
3343.21
3348.4
3355.1
3364.64
3373.83
3380.42
3379.47
3353.76
3307.1
3292.13
3298.52
3311.84
3329.01
3343.14
3354.16
3358.83
3358.03
3355.87
3355.46
3358.93
3367.35
3391.81
3094.74
2640.9
2042.85
1911.1
1875.04
1889.85
1918.27
1960.74
2015.94
2083.74
2163.22
2257.5
2370.72
2455.85
2498.97
2515.19
2510.82
2506.55
2503.54
2440.9
2170.98
2004.11
2030.69
2080.17
2117.41
2141.37
2158.81
2176.26
2198.13
2227.25
2263.55
2306.43
2352.86
2399.57
2447.01
2499.57
2562.79
2632.27
2700.41
2736.47
2719.7
2664.49
2447.55
2253.6
2234.75
2249.87
2276.76
2304.17
2331.74
2359.87
2387.16
2413
2435.91
2453.95
2467.92
2480.85
2496.32
2517.62
2547.38
2585.13
2631.8
2682.21
2735.84
2769.85
2753.07
2700.16
2525.86
2402.63
2392.42
2409.25
2437.46
2463.9
2487.84
2510.01
2532.19
2553.81
2571.53
2582.65
2589.07
2593.17
2595.82
2598.91
2603.51
2611.38
2632.25
2678.3
2738.93
2772.02
2779.86
2722.02
2582.94
2525.46
2521.65
2530.84
2548.09
2564.45
2580.44
2598.98
2618.81
2637.72
2655.4
2672.28
2688.67
2704.03
2718.18
2730.96
2743.39
2756.43
2771.94
2790.18
2800.66
2796.59
2783.95
2731.49
2646.54
2622.46
2630.39
2652.86
2680.7
2701.99
2710
2707.71
2700.91
2695.98
2695.76
2703.39
2717.79
2736.56
2755.93
2775.31
2792.92
2807.03
2816.54
2821.17
2830.2
2834.27
2816.28
2756.79
2697.56
2684.92
2683.56
2689.71
2701.27
2713.89
2722.14
2725.47
2726.64
2729.5
2736.73
2751.17
2774.23
2802.56
2828.07
2846.78
2860.93
2870.04
2877.37
2886.29
2895.45
2901.98
2903.88
2880.55
2827.57
2806.31
2804.77
2810.13
2826.7
2848.25
2864.82
2876.51
2886.21
2894.28
2899.74
2902.68
2902.67
2901.08
2898.44
2894.88
2891.06
2891.21
2893.59
2902.26
2914.35
2917.48
2919.01
2907.44
2867.13
2836.56
2833.86
2840.22
2847.33
2858.43
2870.8
2878.86
2883.22
2887.2
2892.59
2901.35
2915.14
2932.28
2947.68
2960.53
2974.15
2990.02
3008.12
3027.28
3043.64
3049.78
3050.18
3038.67
2989.03
2936.28
2924.83
2925.14
2926.04
2928.63
2934.95
2943.06
2949.68
2954.69
2959.57
2966.15
2978.4
3000.74
3025.29
3039.62
3046.4
3053.8
3060.92
3069.85
3078.84
3087.74
3091.6
3089.22
3083.16
3060.65
3032.95
3029.95
3040.93
3060.75
3090.96
3123.58
3146.02
3160.81
3171.64
3179.48
3188.16
3198.88
3211.31
3218.07
3217.25
3207.65
3182.72
3155.39
3144.26
3146.77
3159.08
3174.35
3185.04
3189.24
3182.1
3158.88
3141.96
3139.75
3141.41
3152.91
3169.12
3183.71
3192.76
3201.18
3211.19
3222.73
3236.95
3254.26
3277.88
3304.24
3323.37
3334.09
3341.05
3348.07
3357.14
3368.68
3379.67
3385.05
3383.57
3356.34
3307.82
3290.97
3296.76
3309.78
3323.12
3336.02
3346.08
3350.23
3349.25
3348.81
3349.68
3352.72
3360.06
3385.22
)
;

boundaryField
{
    sides
    {
        type            zeroGradient;
    }
    inlet
    {
        type            zeroGradient;
    }
    outlet
    {
        type            zeroGradient;
    }
    empty
    {
        type            empty;
    }
}


// ************************************************************************* //
