/*--------------------------------*- C++ -*----------------------------------*\
| =========                 |                                                 |
| \\      /  F ield         | OpenFOAM: The Open Source CFD Toolbox           |
|  \\    /   O peration     | Version:  2306                                  |
|   \\  /    A nd           | Website:  www.openfoam.com                      |
|    \\/     M anipulation  |                                                 |
\*---------------------------------------------------------------------------*/
FoamFile
{
    version     2.0;
    format      ascii;
    arch        "LSB;label=32;scalar=64";
    class       volScalarField;
    location    "0.08";
    object      p;
}
// * * * * * * * * * * * * * * * * * * * * * * * * * * * * * * * * * * * * * //

dimensions      [1 -1 -2 0 0 0 0];

internalField   nonuniform List<scalar> 
6000
(
2.50278e+07
130057
85092.9
99963.8
114178
143175
178284
208171
217392
217874
217333
216124
211531
191274
134928
105320
105098
109139
116290
124087
131672
139224
147010
155215
164008
173686
184861
198200
209944
213927
213307
200158
154357
124462
123487
126292
132082
138001
142776
146885
150939
155223
159746
164354
168921
173679
179661
189225
201987
206947
205675
190256
153333
138818
138938
141621
146575
151207
154463
157040
159634
162536
165666
168687
171398
174065
177562
183708
191715
194606
193591
183794
158499
144296
143729
145150
148626
152779
155822
157828
159558
161497
163824
166376
168773
170861
173001
176116
181582
188020
189856
188389
179164
159005
148328
147632
148917
152422
156377
159108
160628
161816
163308
165353
167709
169918
172000
174973
180212
186740
187360
182988
168070
152905
149797
150365
153601
158309
161991
163857
164897
165998
167500
169342
171627
175214
180427
182451
179860
169261
155440
149831
150356
154656
160635
164944
166740
167515
168933
172814
179988
184366
180556
170170
156028
152004
153520
159414
166028
173424
182541
178500
167837
157739
156366
163864
174034
174151
169900
163759
162552
164296
168772
170133
169154
166857
165955
166302
167471
167885
167550
166634
166182
166269
166703
166961
166876
166508
166131
166108
166291
166695
166914
166902
166799
166691
166671
166682
166686
166662
166589
166470
166355
166279
166227
166183
166163
166160
166187
166246
166284
166277
166244
166179
166106
166060
166045
166043
166038
166026
166006
165976
165939
165899
165864
165850
165851
165862
165887
165917
165934
165935
165929
165920
165908
165891
165870
165838
165783
165687
165535
165320
165084
164931
164897
164932
165009
165122
165245
165384
165552
165757
165982
166164
166243
166258
166261
166209
166066
165803
165440
165111
164950
164862
164796
164770
164810
164916
165070
165187
165208
165176
165108
165020
164940
164892
164875
164876
164871
164831
164758
164664
164490
164323
164189
164124
164165
164298
164513
164780
165051
165263
165386
165418
165404
165386
165335
165216
165015
164817
164744
164766
164824
164931
165114
165389
165735
166103
166437
166711
2.50225e+07
118198
85698.3
99969.9
113975
142898
178139
208089
217280
217785
217260
216097
211579
191417
135058
105303
105091
109137
116296
124100
131693
139249
147040
155269
164133
173939
185237
198604
210364
214363
213720
200614
154594
124576
123599
126419
132219
138140
142918
147035
151100
155398
159939
164568
169152
173914
179870
189380
202000
206780
205371
189695
152802
138481
138605
141280
146213
150814
154038
156588
159154
162020
165100
168088
170800
173510
177130
183558
192023
195241
194274
184534
159064
144591
143980
145376
148831
152953
155941
157889
159566
161433
163655
166102
168458
170550
172697
175797
181292
187845
189826
188477
179403
159413
148755
148062
149328
152808
156720
159408
160889
162024
163438
165369
167590
169664
171658
174579
179760
186328
187030
182772
167987
152978
149995
150610
153869
158536
162159
163941
164879
165869
167278
169075
171339
174978
180420
182791
180267
169757
155851
150083
150545
154782
160717
164936
166634
167343
168687
172444
179541
184147
180460
170291
156184
152170
153692
159596
166129
173388
182321
178299
167738
157686
156280
163679
174335
174664
170248
163623
162145
163785
168464
170305
169467
167065
165833
166097
167250
167840
167616
166798
166239
166274
166632
166919
166862
166550
166190
166150
166302
166671
166893
166885
166793
166688
166667
166678
166685
166664
166597
166485
166375
166300
166247
166207
166189
166187
166214
166272
166308
166300
166269
166204
166129
166077
166054
166047
166041
166030
166012
165986
165954
165917
165882
165863
165861
165867
165884
165908
165926
165931
165925
165916
165902
165886
165864
165832
165776
165681
165529
165312
165071
164911
164872
164905
164981
165095
165222
165365
165537
165745
165971
166150
166224
166235
166235
166181
166040
165783
165429
165109
164953
164869
164808
164788
164831
164936
165086
165202
165223
165198
165144
165074
165009
164970
164949
164933
164912
164868
164785
164684
164525
164373
164255
164200
164242
164368
164568
164818
165073
165272
165380
165404
165386
165366
165312
165188
164983
164782
164710
164730
164782
164879
165045
165295
165619
165980
166319
166593
2.50247e+07
111302
86419.5
99768.9
113831
143072
178274
208023
217149
217662
217208
216111
211653
191596
135279
105330
105115
109144
116296
124109
131714
139271
147061
155297
164196
174053
185414
198906
210906
215099
214499
201248
154829
124741
123763
126607
132425
138354
143138
147264
151339
155648
160205
164856
169460
174236
180217
189770
202175
206604
205048
189026
152114
138124
138244
140899
145769
150303
153470
155956
158439
161214
164231
167209
169977
172812
176626
183301
192188
195803
195009
185506
159866
145008
144363
145761
149204
153267
156168
158028
159609
161367
163478
165816
168068
170079
172182
175287
180865
187585
189688
188430
179593
159864
149184
148511
149824
153359
157296
159948
161340
162366
163658
165447
167501
169405
171245
174026
179097
185748
186538
182417
167918
153075
150139
150812
154183
158928
162491
164124
164921
165771
167023
168646
170790
174473
180204
183085
180772
170478
156458
150473
150871
155012
160850
164971
166581
167187
168384
171954
178867
183719
180177
170448
156403
152353
153934
159906
166428
173472
181948
178140
167924
157648
155877
162743
174280
175555
171400
164192
161802
163098
167893
170396
169866
167516
165771
165837
166834
167714
167653
167059
166383
166329
166533
166821
166799
166583
166284
166232
166335
166642
166860
166858
166779
166679
166657
166667
166678
166661
166602
166499
166393
166320
166270
166235
166222
166224
166257
166312
166340
166332
166301
166240
166165
166107
166074
166058
166046
166034
166018
165997
165971
165941
165910
165885
165876
165876
165883
165897
165912
165921
165918
165908
165894
165877
165855
165823
165768
165674
165522
165306
165060
164890
164843
164871
164945
165060
165189
165338
165517
165732
165960
166132
166196
166202
166194
166135
165994
165745
165408
165106
164963
164888
164834
164820
164863
164964
165102
165214
165241
165229
165196
165148
165099
165060
165024
164987
164948
164895
164811
164714
164581
164454
164358
164317
164363
164480
164662
164885
165111
165290
165374
165386
165368
165343
165281
165151
164947
164745
164663
164675
164716
164798
164943
165171
165475
165824
166165
166446
2.49732e+07
166604
84597
98749.7
113892
143363
178498
208024
217039
217564
217148
216052
211571
191627
135551
105395
105158
109151
116292
124119
131744
139314
147108
155347
164272
174214
185701
199315
211617
216051
215448
202007
155076
124942
123969
126847
132694
138633
143419
147547
151627
155947
160522
165192
169805
174581
180565
190109
202231
206358
204666
188235
151291
137648
137762
140394
145200
149653
152745
155167
157602
160354
163391
166446
169340
172327
176306
183138
192366
196344
195697
186450
160728
145483
144811
146219
149657
153624
156363
158092
159577
161257
163273
165494
167630
169563
171636
174744
180393
187295
189554
188407
179788
160277
149582
148935
150319
153966
157971
160593
161883
162781
163923
165537
167384
169065
170722
173373
178408
185238
186143
182111
167830
153120
150213
150947
154442
159265
162760
164234
164870
165583
166654
168087
170164
173955
180058
183493
181449
171464
157314
150988
151261
155230
160939
164962
166449
166927
167980
171309
177969
183181
179836
170696
156705
152624
154257
160360
166794
173368
181273
178276
168832
158203
155599
160868
172904
176026
172679
165467
161899
162638
167135
170320
170074
167920
165731
165609
166409
167582
167707
167314
166573
166358
166436
166701
166748
166624
166399
166327
166380
166611
166822
166830
166765
166673
166648
166655
166669
166656
166607
166515
166412
166341
166301
166282
166276
166286
166322
166368
166385
166374
166343
166283
166209
166145
166103
166076
166058
166044
166031
166015
165995
165969
165938
165909
165891
165884
165881
165884
165893
165902
165904
165895
165882
165865
165844
165812
165758
165664
165513
165297
165047
164867
164809
164831
164901
165012
165142
165294
165481
165705
165938
166102
166156
166155
166140
166078
165940
165702
165384
165105
164978
164913
164867
164860
164904
164999
165123
165228
165259
165267
165259
165238
165207
165170
165125
165070
165011
164948
164870
164782
164679
164580
164507
164476
164522
164624
164780
164970
165160
165306
165362
165356
165336
165305
165236
165101
164905
164715
164623
164621
164648
164708
164826
165019
165284
165594
165905
166174
2.50594e+07
89247.9
84368.4
98750.8
113709
143264
178452
207993
217101
217667
217260
216131
211512
191613
135847
105471
105206
109158
116285
124127
131772
139353
147154
155410
164382
174398
185942
199637
212170
216796
216224
202710
155438
125156
124166
127066
132936
138886
143671
147796
151876
156202
160792
165479
170098
174867
180847
190383
202263
206115
204278
187428
150475
137217
137336
139947
144700
149102
152160
154563
156978
159711
162734
165793
168726
171797
175892
182851
192368
196683
196137
187083
161310
145789
145101
146531
150022
153995
156650
158253
159607
161161
163066
165202
167291
169198
171255
174353
180014
186988
189364
188307
179823
160452
149807
149203
150637
154358
158424
161063
162327
163167
164216
165681
167320
168782
170293
172882
177928
184960
185948
181996
167812
153127
150234
151013
154610
159457
162826
164148
164668
165234
166144
167502
169624
173596
180029
183982
182193
172499
158206
151506
151615
155349
160939
164915
166334
166709
167598
170636
176992
182640
179664
171037
157075
152950
154718
160816
166996
172992
180220
178684
170504
159779
156087
158977
170094
176260
173489
167036
162394
162546
166382
170023
170025
168178
165753
165457
166112
167439
167780
167505
166753
166343
166349
166577
166733
166677
166512
166414
166426
166583
166779
166801
166751
166669
166640
166645
166663
166653
166611
166521
166419
166355
166335
166331
166337
166359
166397
166432
166437
166424
166391
166331
166256
166187
166137
166102
166075
166056
166041
166025
166006
165980
165950
165919
165893
165879
165872
165869
165871
165878
165884
165879
165866
165851
165831
165800
165747
165655
165506
165291
165039
164850
164778
164793
164858
164964
165092
165245
165438
165671
165911
166069
166116
166107
166087
166026
165894
165669
165367
165106
164991
164936
164898
164896
164937
165026
165133
165227
165262
165291
165317
165332
165328
165295
165235
165159
165080
165004
164929
164862
164793
164727
164680
164663
164703
164787
164914
165066
165216
165305
165325
165303
165280
165242
165169
165039
164859
164690
164597
164580
164594
164634
164722
164873
165089
165341
165600
165839
2.49455e+07
200153
85269.1
98895.3
113343
142884
178054
207635
216983
217611
217282
216181
211482
191788
136345
105590
105266
109170
116285
124146
131809
139400
147211
155491
164514
174605
186219
199933
212557
217262
216696
203206
155819
125326
124302
127195
133070
139025
143810
147933
152008
156330
160916
165597
170206
174964
180944
190494
202191
205776
203815
186637
149749
136825
136969
139590
144351
148773
151860
154273
156695
159429
162441
165474
168377
171424
175523
182574
192342
196851
196365
187373
161513
145852
145159
146590
150112
154149
156824
158402
159695
161149
162973
165098
167182
169060
171096
174191
179869
186851
189210
188161
179669
160374
149853
149271
150703
154420
158510
161186
162470
163306
164322
165720
167290
168724
170229
172809
177870
185055
186131
182134
167825
153079
150200
151015
154680
159498
162704
163859
164278
164775
165687
167118
169351
173465
180196
184569
182981
173455
158949
151886
151853
155380
160847
164770
166128
166423
167191
170008
176134
182247
179619
171436
157501
153287
155020
161065
166952
172307
178694
178889
172127
161996
157154
157866
167069
175879
173716
168540
163093
162729
165689
169567
169866
168371
165923
165429
165946
167290
167813
167609
166882
166324
166292
166487
166739
166732
166614
166487
166471
166567
166740
166778
166740
166669
166640
166644
166665
166657
166617
166524
166423
166376
166371
166380
166403
166436
166471
166490
166484
166467
166431
166372
166297
166223
166163
166119
166084
166060
166044
166032
166016
165997
165971
165941
165910
165884
165868
165858
165854
165858
165866
165869
165860
165847
165829
165799
165746
165654
165507
165295
165041
164839
164756
164761
164822
164922
165050
165200
165394
165634
165881
166037
166079
166062
166033
165969
165841
165629
165352
165114
165011
164968
164939
164940
164978
165056
165146
165232
165271
165326
165383
165426
165438
165404
165332
165238
165143
165053
164981
164934
164901
164870
164848
164849
164882
164947
165044
165161
165255
165289
165279
165246
165216
165172
165100
164978
164816
164674
164592
164563
164561
164578
164628
164726
164879
165059
165250
165444
2.50602e+07
99353.4
84881.9
98911.7
113502
142403
177090
206900
216566
217271
217102
216178
211788
192514
137211
105750
105329
109183
116288
124171
131853
139455
147276
155565
164598
174705
186336
200049
212667
217401
216855
203492
156207
125448
124374
127238
133092
139039
143821
147935
151999
156305
160867
165515
170089
174815
180780
190326
201901
205304
203290
185986
149286
136616
136806
139449
144229
148671
151781
154233
156683
159426
162430
165447
168324
171328
175370
182354
192072
196568
196085
187147
161344
145666
144976
146425
149971
154043
156785
158439
159816
161364
163231
165289
167280
169118
171136
174243
179966
186901
189102
187958
179286
159917
149562
149013
150469
154211
158284
160936
162222
163077
164125
165586
167284
168857
170452
173087
178205
185570
186692
182543
167918
152989
150065
150882
154583
159349
162378
163375
163747
164301
165354
166953
169316
173595
180571
185209
183754
174231
159425
152107
151991
155370
160718
164561
165858
166106
166812
169501
175518
182024
179754
171865
157914
153518
155116
161101
166770
171518
177045
178746
173124
163985
158275
157466
164828
174836
174023
169614
163790
162885
165082
169059
169720
168542
166169
165455
165841
167120
167785
167641
166974
166328
166268
166437
166743
166789
166695
166549
166512
166561
166706
166761
166733
166677
166653
166658
166679
166669
166626
166531
166432
166398
166399
166422
166462
166502
166525
166527
166516
166497
166462
166407
166334
166257
166191
166137
166092
166058
166037
166025
166016
166003
165985
165961
165931
165897
165869
165853
165844
165844
165854
165865
165861
165850
165833
165803
165750
165660
165517
165312
165061
164848
164748
164743
164799
164893
165021
165167
165357
165596
165850
166008
166047
166025
165987
165921
165799
165601
165347
165131
165043
165010
164989
164991
165025
165090
165163
165243
165287
165365
165447
165509
165529
165493
165403
165292
165178
165080
165001
164970
164972
164975
164985
165005
165039
165094
165173
165253
165289
165286
165243
165201
165163
165114
165041
164929
164791
164679
164606
164559
164532
164525
164543
164587
164676
164782
164902
165037
2.50131e+07
151079
84320.5
98907.7
113675
141959
175935
205859
215911
216749
216769
216041
212022
193521
138527
105967
105413
109208
116298
124196
131893
139492
147293
155561
164566
174634
186228
199926
212572
217312
216781
203608
156624
125536
124388
127197
133018
138948
143705
147791
151824
156095
160618
165216
169732
174405
180338
189871
201435
204850
202889
185702
149159
136550
136779
139460
144289
148777
151922
154389
156843
159582
162577
165584
168449
171434
175436
182319
191792
196056
195499
186491
160807
145295
144614
146059
149609
153733
156588
158371
159882
161560
163540
165672
167672
169465
171441
174550
180306
187121
189099
187822
178845
159264
149119
148586
150009
153698
157732
160388
161721
162658
163827
165441
167267
168991
170743
173528
178807
186355
187475
183131
168041
152812
149838
150657
154343
159008
161877
162815
163231
163923
165141
166854
169381
173863
181106
185829
184366
174653
159565
152173
152029
155307
160554
164325
165589
165825
166512
169150
175158
181982
179967
172257
158196
153646
155183
161024
166567
170951
175885
178498
173612
165429
159214
157457
163459
173840
174340
170283
164302
162893
164607
168625
169651
168704
166412
165484
165763
166961
167751
167661
167057
166361
166265
166410
166741
166838
166762
166608
166546
166566
166681
166746
166729
166691
166676
166684
166702
166690
166640
166540
166445
166420
166425
166459
166510
166547
166555
166545
166532
166513
166477
166425
166358
166284
166213
166149
166094
166048
166018
166003
165998
166000
165994
165979
165955
165920
165883
165858
165847
165843
165850
165866
165869
165859
165844
165817
165766
165679
165541
165345
165102
164880
164759
164742
164794
164881
165010
165152
165331
165562
165818
165980
166018
165994
165950
165885
165772
165592
165363
165172
165097
165073
165059
165061
165088
165136
165193
165259
165310
165404
165501
165570
165592
165551
165445
165320
165188
165078
164996
164972
164999
165032
165077
165119
165163
165220
165287
165327
165322
165285
165219
165167
165119
165065
164991
164890
164780
164694
164633
164583
164534
164486
164462
164454
164480
164520
164576
164647
2.50622e+07
105199
84105.3
98599.2
113347
141459
175036
204897
215188
216142
216296
215727
211977
194367
140132
106379
105613
109299
116342
124228
131914
139500
147276
155501
164448
174433
185945
199595
212186
216902
216420
203578
157110
125596
124357
127089
132854
138754
143486
147541
151535
155759
160221
164755
169210
173838
179751
189292
201007
204582
202696
185645
149171
136550
136800
139517
144401
148952
152143
154638
157107
159853
162848
165844
168680
171613
175530
182290
191478
195431
194786
185649
160083
144858
144208
145647
149194
153385
156372
158284
159897
161672
163766
166033
168152
170017
172011
175111
180814
187360
189026
187600
178344
158566
148648
148133
149498
153073
157030
159712
161162
162260
163609
165395
167384
169234
171107
173991
179374
187055
188209
183775
168345
152738
149596
150346
153952
158532
161402
162456
163029
163842
165136
166924
169527
174153
181522
186096
184521
174644
159515
152154
152002
155253
160459
164171
165391
165604
166280
168936
175013
182102
180212
172514
158349
153691
155087
160831
166362
170587
175200
178301
173968
166177
159824
157649
162795
173115
174506
170657
164632
162874
164322
168338
169632
168815
166550
165474
165697
166858
167745
167692
167130
166394
166263
166391
166736
166878
166817
166665
166579
166578
166661
166731
166724
166707
166700
166717
166730
166714
166655
166550
166459
166438
166445
166485
166536
166561
166560
166549
166533
166510
166475
166427
166366
166297
166228
166160
166094
166035
165997
165979
165974
165983
165998
165993
165976
165948
165909
165876
165862
165855
165859
165875
165885
165877
165865
165841
165794
165711
165580
165396
165166
164941
164796
164764
164808
164890
165016
165155
165323
165541
165790
165956
165997
165975
165923
165860
165759
165600
165399
165235
165169
165152
165142
165143
165160
165188
165226
165273
165335
165430
165529
165595
165616
165571
165462
165323
165175
165054
164966
164946
164990
165049
165127
165195
165256
165320
165366
165365
165332
165265
165195
165134
165079
165021
164948
164864
164785
164724
164669
164611
164548
164476
164401
164336
164304
164288
164287
164292
2.50636e+07
108304
83082.5
98381.2
113286
141204
174751
204412
214550
215478
215635
215108
211578
194687
141577
106898
105911
109453
116429
124314
131995
139550
147270
155415
164249
174103
185470
198992
211485
216211
215821
203404
157629
125635
124295
126942
132648
138521
143229
147243
151185
155349
159749
164223
168641
173266
179212
188823
200707
204407
202591
185700
149278
136591
136846
139581
144506
149103
152334
154860
157362
160148
163179
166176
168958
171790
175576
182193
191133
194817
194099
184840
159429
144508
143892
145321
148855
153063
156106
158088
159781
161653
163862
166257
168514
170507
172594
175748
181452
187702
189055
187491
177926
157955
148270
147780
149119
152599
156479
159156
160642
161789
163213
165139
167349
169389
171326
174203
179575
187366
188660
184284
168749
152704
149317
149997
153551
158180
161234
162475
163146
164033
165378
167195
169853
174541
181859
186057
184332
174358
159311
152181
152065
155300
160454
164105
165259
165449
166150
168861
175034
182314
180462
172651
158385
153660
154954
160608
166109
170301
174891
178348
174269
166689
160212
157799
162460
172571
174503
170849
164860
162930
164271
168203
169573
168809
166578
165456
165671
166839
167766
167732
167180
166414
166263
166385
166735
166907
166859
166711
166609
166595
166654
166721
166725
166715
166716
166743
166753
166733
166668
166560
166472
166453
166459
166496
166538
166552
166545
166533
166515
166490
166457
166414
166361
166300
166235
166167
166095
166026
165982
165963
165956
165967
165994
166009
165999
165978
165942
165904
165882
165874
165874
165887
165901
165899
165889
165870
165831
165757
165637
165467
165252
165027
164862
164812
164846
164924
165043
165179
165335
165537
165774
165943
165987
165970
165911
165851
165762
165626
165455
165316
165258
165242
165233
165229
165232
165238
165260
165290
165353
165440
165527
165580
165592
165538
165431
165290
165138
165010
164917
164897
164956
165035
165138
165230
165311
165372
165392
165365
165312
165229
165155
165087
165025
164964
164902
164846
164803
164768
164720
164656
164576
164482
164378
164265
164161
164082
164037
163989
2.50779e+07
93760.5
83274.8
98265.1
112817
141149
175111
204524
214292
215082
215054
214328
210712
194408
142574
107314
106126
109526
116425
124309
132005
139553
147236
155297
163998
173689
184901
198253
210598
215326
215042
203086
158070
125673
124204
126794
132449
138314
143011
146996
150894
155007
159357
163792
168197
172844
178836
188512
200530
204333
202564
185837
149461
136662
136906
139635
144580
149220
152496
155061
157597
160419
163482
166485
169227
171975
175645
182114
190810
194284
193537
184234
158973
144311
143724
145144
148660
152867
155924
157920
159632
161543
163820
166300
168641
170714
172865
176092
181932
188031
189123
187508
177740
157592
148118
147664
148967
152403
156262
158951
160444
161579
162980
164884
167077
169163
171227
174191
179527
187303
188729
184552
169237
152794
149098
149754
153318
158075
161331
162727
163501
164454
165829
167637
170259
174904
182083
185728
183870
173769
158950
152263
152229
155533
160654
164215
165281
165429
166124
168886
175169
182373
180392
172492
158338
153719
155001
160543
165881
170120
174936
178334
174331
166932
160578
158045
162490
172352
174229
170707
164977
163098
164385
168209
169464
168695
166533
165506
165732
166897
167800
167757
167188
166422
166276
166397
166746
166920
166873
166732
166629
166612
166658
166712
166714
166707
166715
166752
166767
166745
166680
166572
166487
166467
166470
166502
166533
166532
166521
166506
166487
166463
166433
166396
166350
166297
166237
166169
166092
166019
165974
165956
165948
165958
165992
166025
166025
166010
165980
165939
165906
165895
165891
165899
165914
165917
165910
165896
165867
165807
165706
165556
165360
165140
164959
164887
164909
164983
165093
165226
165369
165555
165776
165945
165993
165979
165916
165855
165775
165661
165518
165403
165353
165336
165325
165314
165299
165292
165288
165311
165364
165434
165498
165534
165533
165470
165367
165233
165088
164959
164863
164843
164908
165001
165119
165223
165314
165368
165372
165334
165259
165176
165096
165017
164943
164881
164841
164819
164820
164813
164778
164720
164632
164519
164386
164239
164075
163926
163835
163745
2.50461e+07
107642
84374.3
98319.2
112958
141529
175508
204615
214104
214749
214535
213550
209738
193830
143195
107596
106255
109520
116346
124226
131936
139482
147136
155146
163756
173327
184424
197664
209835
214467
214257
202663
158329
125693
124129
126676
132300
138175
142884
146864
150742
154829
159154
163570
167965
172606
178592
188268
200379
204300
202599
186051
149720
136791
137021
139739
144697
149368
152667
155244
157786
160614
163680
166678
169404
172120
175731
182103
190645
193985
193218
183910
158758
144267
143702
145106
148595
152779
155823
157811
159516
161422
163701
166188
168534
170619
172796
176077
182066
188140
189108
187556
177746
157510
148216
147797
149064
152423
156277
158994
160493
161598
162931
164741
166867
168937
170990
173882
179094
186849
188427
184572
169881
153211
149130
149736
153288
158148
161612
163186
164044
165019
166367
168101
170609
175118
182113
185169
183051
172800
158335
152269
152388
155868
161083
164582
165520
165572
166207
169003
175337
182213
179987
171859
158147
153996
155406
160848
165951
170231
175240
178099
173696
166319
160581
158506
163364
172789
173784
170188
164742
163282
164733
168389
169355
168477
166362
165549
165845
167055
167843
167759
167151
166420
166301
166430
166767
166908
166856
166721
166637
166624
166670
166708
166699
166689
166701
166748
166776
166758
166695
166586
166499
166477
166477
166502
166517
166506
166489
166474
166459
166437
166410
166376
166337
166292
166237
166170
166093
166022
165979
165962
165954
165964
166000
166043
166056
166045
166020
165981
165939
165918
165913
165916
165929
165936
165933
165925
165903
165858
165777
165650
165476
165269
165083
164988
164997
165066
165165
165295
165426
165595
165798
165963
166013
165999
165936
165871
165797
165698
165578
165485
165445
165430
165415
165393
165364
165337
165326
165335
165369
165413
165448
165464
165447
165390
165295
165176
165046
164921
164822
164798
164857
164954
165075
165185
165278
165323
165312
165265
165186
165102
165010
164915
164826
164771
164759
164788
164825
164840
164829
164789
164711
164594
164438
164253
164043
163837
163691
163553
2.50249e+07
120729
86012.1
99431
112929
141226
175442
204598
213828
214391
214096
212991
209142
193516
143655
107752
106276
109465
116228
124096
131818
139389
147068
155069
163638
173146
184192
197371
209353
213842
213652
202255
158392
125686
124080
126614
132238
138138
142872
146866
150745
154822
159136
163552
167950
172588
178551
188190
200335
204312
202653
186275
150007
136951
137163
139865
144818
149490
152793
155379
157931
160745
163767
166721
169432
172166
175802
182188
190728
194001
193218
183890
158780
144399
143840
145221
148674
152813
155813
157762
159430
161297
163531
165963
168250
170299
172481
175782
181855
188045
188992
187585
177907
157689
148509
148149
149409
152704
156515
159229
160701
161749
163001
164724
166792
168818
170792
173496
178386
186005
187825
184488
170744
153935
149286
149804
153340
158350
162036
163738
164617
165545
166812
168447
170831
175177
181939
184424
182051
171658
157664
152229
152544
156273
161651
165122
165928
165873
166449
169301
175650
181911
179271
170696
157664
154239
155965
161401
166326
170951
176555
177898
172684
164690
159745
158825
165094
173865
173280
169386
164248
163388
165290
168749
169279
168168
166085
165571
166009
167299
167905
167750
167067
166405
166337
166491
166802
166882
166814
166681
166626
166632
166691
166707
166687
166671
166679
166735
166782
166769
166714
166610
166522
166495
166490
166503
166499
166480
166460
166445
166431
166415
166392
166365
166332
166292
166241
166176
166102
166034
165994
165978
165971
165982
166020
166069
166092
166085
166066
166032
165987
165951
165940
165939
165947
165956
165955
165949
165933
165900
165836
165732
165582
165393
165208
165099
165098
165166
165257
165381
165504
165654
165838
165995
166048
166031
165970
165898
165824
165731
165627
165555
165527
165514
165495
165461
165423
165391
165368
165358
165365
165377
165385
165380
165354
165300
165223
165122
165011
164896
164798
164767
164815
164904
165014
165114
165198
165232
165213
165159
165086
164996
164889
164774
164688
164656
164673
164720
164796
164861
164879
164864
164807
164699
164536
164319
164065
163807
163607
163413
2.50128e+07
138265
86012.5
99311.1
112771
141063
175254
204548
213726
214297
214019
212920
209070
193614
143960
107774
106221
109369
116099
123973
131728
139334
147046
155102
163714
173222
184232
197352
209211
213573
213364
201969
158282
125660
124065
126609
132256
138191
142958
146974
150868
154962
159299
163743
168169
172822
178766
188344
200433
204409
202769
186490
150287
137158
137357
140043
144981
149638
152912
155451
157944
160712
163727
166704
169438
172182
175854
182341
190988
194241
193440
184101
158991
144659
144102
145463
148889
152975
155903
157776
159369
161161
163316
165668
167885
169891
172065
175387
181501
187892
188909
187642
178138
157967
148869
148582
149854
153111
156883
159573
160998
161977
163151
164792
166761
168695
170575
173077
177618
184947
187250
184486
171723
154871
149517
149962
153425
158530
162374
164148
165004
165874
167073
168646
170932
175084
181499
183632
181137
170654
157075
152169
152674
156699
162251
165687
166390
166278
166867
169877
176315
181525
178403
168965
156858
154213
156540
162146
167090
172391
178516
177254
170716
162311
158513
159675
168041
174975
172656
167949
163592
163399
166209
169215
169257
167718
165740
165556
166240
167604
167986
167728
166945
166397
166377
166575
166833
166844
166749
166626
166597
166631
166704
166703
166672
166652
166660
166723
166786
166777
166729
166633
166547
166518
166506
166504
166489
166464
166439
166423
166415
166405
166388
166364
166334
166297
166250
166189
166118
166055
166018
166004
165999
166014
166056
166108
166137
166132
166118
166090
166047
166002
165975
165969
165972
165977
165977
165972
165960
165934
165883
165796
165665
165493
165315
165201
165198
165266
165358
165479
165597
165731
165887
166030
166085
166067
166008
165928
165850
165760
165670
165618
165597
165581
165556
165521
165483
165447
165412
165380
165354
165334
165319
165296
165259
165209
165148
165068
164977
164878
164789
164756
164790
164861
164950
165031
165092
165110
165078
165028
164952
164849
164724
164609
164551
164548
164575
164633
164739
164861
164923
164933
164902
164817
164662
164432
164142
163835
163575
163317
2.50308e+07
131516
84034.9
98094.4
112464
140908
175023
204491
213859
214500
214261
213218
209428
193978
143982
107677
106135
109287
116028
123916
131691
139339
147116
155235
163950
173566
184666
197806
209519
213751
213499
201947
158007
125624
124110
126686
132366
138328
143125
147173
151098
155223
159595
164075
168538
173220
179175
188726
200707
204618
202975
186711
150527
137379
137569
140231
145138
149763
153003
155501
157952
160680
163659
166610
169348
172144
175916
182547
191359
194656
193861
184516
159302
144963
144410
145757
149172
153215
156065
157850
159355
161059
163132
165413
167571
169533
171689
175014
181119
187747
188906
187680
178330
158199
149156
148931
150205
153435
157187
159890
161310
162256
163362
164898
166750
168587
170376
172703
176963
184063
186849
184596
172774
155922
149768
150088
153388
158494
162427
164288
165164
166005
167172
168695
170868
174819
181029
183172
180625
169994
156580
152000
152710
157043
162720
166092
166756
166683
167432
170792
177457
181187
177464
166753
155781
153826
157067
162972
168307
174667
180163
175691
167204
159433
157395
162092
172222
175109
171797
165797
162900
163603
167508
169700
169227
167080
165435
165509
166559
167898
168058
167669
166811
166422
166443
166674
166836
166794
166661
166565
166555
166631
166708
166695
166659
166638
166650
166724
166790
166781
166736
166651
166574
166541
166522
166503
166478
166450
166427
166414
166410
166406
166392
166371
166345
166311
166267
166211
166144
166087
166055
166044
166044
166063
166105
166157
166188
166186
166174
166149
166110
166058
166012
165992
165989
165992
165993
165989
165978
165954
165908
165831
165714
165555
165385
165276
165280
165353
165451
165574
165692
165817
165953
166078
166126
166106
166050
165964
165881
165792
165716
165675
165654
165636
165613
165584
165550
165511
165459
165401
165341
165297
165261
165206
165164
165123
165073
165014
164946
164870
164797
164763
164781
164832
164896
164952
164980
164974
164940
164882
164794
164671
164535
164445
164422
164432
164466
164537
164667
164835
164954
164991
164984
164924
164789
164563
164251
163891
163562
163257
2.50601e+07
107116
82676.7
96560.6
111631
140204
174469
204326
214146
214910
214806
213903
210126
194470
143993
107610
106118
109294
116057
123956
131746
139419
147246
155456
164285
174070
185331
198603
210328
214495
214160
202278
157676
125596
124206
126833
132558
138534
143343
147414
151373
155541
159958
164480
168974
173675
179642
189198
201047
204796
203102
186707
150543
137509
137703
140356
145240
149834
153041
155509
157935
160643
163611
166564
169323
172157
175998
182768
191787
195176
194389
184985
159553
145190
144645
145990
149417
153454
156267
157999
159445
161080
163079
165291
167396
169327
171481
174828
180946
187683
188986
187771
178473
158324
149302
149101
150375
153594
157331
160050
161482
162420
163492
164958
166715
168474
170193
172405
176487
183426
186764
184930
173853
156955
149969
150122
153198
158271
162307
164232
165112
165942
167054
168494
170593
174525
180882
183166
180526
169683
156241
151814
152660
157193
162862
166154
166880
167001
168147
172132
179024
181071
176439
164237
154369
153170
157342
163665
169758
177466
180297
173616
162742
157034
157697
166400
175597
174508
169856
163571
162353
164365
168926
170096
168996
166349
165238
165568
166972
168090
168078
167520
166699
166497
166563
166783
166818
166720
166554
166495
166514
166632
166705
166683
166651
166634
166663
166744
166797
166781
166736
166662
166600
166565
166537
166508
166474
166443
166423
166415
166417
166418
166407
166388
166365
166334
166295
166244
166185
166134
166107
166099
166102
166123
166162
166210
166240
166240
166229
166205
166165
166107
166044
166005
165992
165989
165989
165987
165980
165961
165922
165854
165746
165596
165431
165332
165345
165423
165528
165655
165773
165893
166016
166126
166168
166148
166093
166003
165917
165829
165764
165725
165704
165688
165672
165654
165625
165576
165503
165418
165334
165270
165200
165128
165081
165047
165004
164963
164916
164862
164809
164778
164784
164815
164852
164874
164874
164850
164806
164734
164625
164480
164354
164298
164294
164309
164350
164442
164605
164809
164974
165038
165049
165011
164900
164691
164376
163984
163595
163261
2.49909e+07
185844
84619.3
97579.7
111255
139239
173189
203735
214364
215219
215172
214415
210800
195269
144527
107647
106132
109327
116127
124056
131869
139563
147428
155732
164728
174745
186249
199702
211557
215753
215291
202901
157336
125585
124341
127026
132790
138750
143545
147623
151606
155805
160255
164805
169315
174024
180000
189567
201300
204926
203183
186595
150424
137554
137766
140428
145305
149884
153075
155530
157949
160656
163628
166598
169385
172256
176155
183027
192213
195677
194868
185352
159670
145301
144768
146107
149542
153589
156405
158138
159583
161212
163192
165370
167438
169347
171505
174887
181041
187804
189166
187942
178570
158328
149326
149129
150384
153581
157294
160022
161466
162401
163457
164897
166648
168410
170114
172265
176246
183104
186923
185415
174902
157872
150123
150126
152984
157985
162031
163977
164822
165566
166619
168074
170284
174445
181028
183453
180740
169631
156037
151593
152482
157028
162569
165831
166805
167334
169105
173886
180811
181049
175338
161754
152866
152327
157292
164137
171179
180106
179882
171467
159664
156232
159813
171217
176244
173734
167050
162119
162162
165792
169988
170183
168427
165702
165217
165867
167476
168127
167960
167227
166643
166604
166759
166881
166812
166608
166431
166406
166483
166641
166693
166664
166638
166634
166689
166777
166807
166781
166730
166666
166621
166588
166555
166513
166469
166438
166422
166420
166431
166437
166427
166411
166390
166365
166332
166291
166241
166195
166170
166164
166167
166183
166216
166257
166287
166288
166277
166253
166209
166142
166064
166006
165980
165972
165973
165975
165973
165962
165928
165863
165757
165609
165446
165360
165382
165464
165580
165713
165836
165954
166070
166168
166204
166184
166131
166044
165954
165870
165806
165767
165746
165736
165732
165729
165707
165640
165542
165432
165332
165248
165144
165059
165007
164979
164942
164916
164888
164853
164820
164799
164798
164808
164813
164803
164777
164739
164682
164595
164464
164315
164215
164180
164181
164193
164235
164339
164528
164770
164974
165063
165086
165069
164983
164798
164497
164100
163684
163325
2.50339e+07
139999
86605.6
98423.3
111012
138230
171627
202654
214148
215105
215051
214329
210813
195868
145663
107814
106129
109324
116175
124155
131989
139695
147589
155976
165169
175494
187314
200957
212962
217247
216649
203697
157036
125595
124497
127226
133014
138942
143703
147768
151753
155966
160440
165018
169552
174273
180255
189838
201492
204989
203205
186421
150231
137545
137777
140455
145334
149904
153084
155531
157947
160658
163640
166622
169423
172324
176276
183242
192552
196045
195214
185593
159727
145343
144811
146148
149597
153669
156509
158270
159748
161420
163444
165649
167724
169628
171788
175188
181345
188041
189377
188108
178570
158200
149247
149029
150229
153395
157125
159887
161362
162322
163405
164886
166667
168442
170146
172267
176172
182978
187232
185949
175829
158595
150180
150081
152757
157673
161654
163526
164304
165018
166115
167721
170146
174519
181307
183899
181133
169756
155848
151292
152161
156686
162146
165468
166728
167683
170103
175645
182375
181224
174406
159753
151705
151661
156995
164275
172378
182235
179795
170041
158433
156344
162273
173849
175890
171992
164705
161808
162788
167390
170307
169881
167463
165350
165373
166496
167981
168132
167690
166842
166612
166718
166983
167001
166818
166470
166310
166320
166481
166659
166678
166643
166619
166638
166725
166815
166821
166784
166724
166670
166638
166609
166574
166525
166474
166443
166429
166433
166452
166462
166452
166438
166421
166401
166377
166344
166300
166257
166230
166223
166223
166233
166257
166294
166323
166325
166314
166288
166240
166163
166072
165999
165963
165951
165951
165956
165957
165949
165917
165857
165756
165610
165455
165383
165412
165499
165624
165758
165884
166003
166113
166203
166237
166217
166165
166085
165993
165908
165841
165800
165780
165776
165786
165799
165781
165698
165575
165443
165337
165229
165102
165005
164946
164921
164890
164877
164865
164848
164831
164819
164813
164803
164779
164740
164692
164636
164566
164462
164319
164189
164113
164095
164097
164102
164138
164249
164460
164726
164958
165069
165104
165111
165049
164888
164603
164207
163774
163406
2.50538e+07
142713
85614.8
98125.9
110389
137366
170399
201501
213583
214607
214465
213793
210547
196363
147107
108065
106111
109292
116178
124194
132045
139767
147703
156172
165506
176029
188076
201921
214091
218496
217803
204418
156850
125643
124612
127396
133193
139089
143813
147855
151832
156050
160538
165139
169704
174459
180471
190062
201658
205110
203290
186294
150070
137560
137811
140507
145391
149954
153130
155577
157993
160706
163690
166672
169475
172392
176377
183404
192785
196276
195444
185745
159726
145337
144795
146119
149581
153681
156566
158377
159906
161631
163707
165955
168055
169969
172125
175505
181607
188195
189491
188171
178444
157953
149056
148827
150003
153146
156872
159657
161175
162183
163314
164839
166664
168481
170202
172315
176188
182997
187620
186486
176544
159051
150200
149978
152552
157391
161306
163094
163827
164567
165740
167467
170047
174644
181688
184412
181580
169916
155678
151019
151859
156342
161754
165101
166552
167892
170922
177065
183551
181525
173802
158417
150878
151081
156487
164040
173130
183632
179824
169124
157949
156500
163652
174327
174867
170530
163852
162313
163889
168429
170132
169101
166457
165280
165675
167266
168283
168141
167321
166549
166535
166846
167178
167135
166818
166341
166205
166256
166486
166663
166661
166623
166603
166643
166758
166843
166830
166782
166714
166670
166644
166618
166585
166533
166477
166448
166435
166445
166471
166484
166475
166462
166448
166434
166415
166387
166347
166303
166272
166261
166258
166263
166282
166315
166345
166350
166339
166314
166264
166182
166078
165990
165946
165932
165932
165938
165940
165933
165904
165845
165747
165609
165464
165400
165433
165519
165644
165777
165904
166027
166138
166225
166258
166238
166186
166108
166017
165929
165859
165819
165800
165804
165828
165854
165841
165744
165598
165452
165341
165214
165075
164969
164903
164878
164852
164848
164847
164845
164842
164839
164831
164808
164765
164705
164635
164557
164469
164354
164219
164120
164062
164054
164050
164042
164066
164179
164408
164692
164943
165071
165115
165138
165094
164950
164678
164285
163841
163468
2.5069e+07
143085
84740.7
97804.8
109924
136729
169422
200590
213054
214057
213864
213210
210234
196800
148147
108245
106104
109257
116153
124204
132107
139892
147888
156413
165798
176393
188566
202639
214955
219270
218483
204801
156699
125688
124692
127508
133304
139169
143860
147879
151844
156057
160552
165172
169768
174567
180626
190223
201719
205097
203259
186227
150018
137569
137828
140530
145416
149982
153161
155610
158028
160741
163724
166705
169513
172428
176421
183507
192940
196396
195524
185752
159678
145342
144832
146187
149666
153787
156697
158537
160100
161859
163960
166215
168305
170203
172353
175729
181806
188317
189557
188176
178350
157765
148887
148659
149827
152963
156683
159470
161010
162053
163230
164809
166688
168537
170270
172395
176293
183176
188004
186888
176891
159183
150145
149838
152328
157112
161003
162800
163556
164316
165540
167364
170098
174881
182104
184763
181788
169933
155508
150730
151556
156049
161539
165025
166649
168178
171461
177849
184011
181433
173177
157515
150322
150654
156190
164044
173677
184325
179728
168649
157814
156593
164118
174227
174394
170131
164023
162883
164616
168810
169692
168433
166012
165370
166018
167721
168390
168074
167054
166453
166523
166969
167278
167194
166780
166251
166148
166232
166497
166669
166659
166623
166606
166656
166781
166859
166841
166791
166721
166680
166656
166632
166598
166545
166486
166455
166444
166458
166488
166503
166496
166486
166475
166464
166448
166420
166378
166330
166294
166280
166275
166277
166294
166327
166358
166365
166354
166330
166278
166191
166077
165978
165928
165913
165914
165922
165927
165924
165896
165838
165742
165606
165468
165414
165450
165538
165664
165796
165923
166046
166157
166244
166277
166259
166209
166132
166041
165951
165878
165838
165817
165824
165854
165886
165872
165766
165610
165460
165345
165208
165061
164948
164877
164848
164827
164827
164834
164844
164849
164850
164840
164809
164753
164679
164592
164494
164389
164264
164138
164064
164024
164025
164027
164012
164030
164146
164383
164670
164923
165056
165108
165143
165118
165000
164746
164355
163902
163526
)
;

boundaryField
{
    sides
    {
        type            zeroGradient;
    }
    inlet
    {
        type            fixedValue;
        value           uniform 100000;
    }
    outlet
    {
        type            zeroGradient;
    }
    empty
    {
        type            empty;
    }
}


// ************************************************************************* //
