/*--------------------------------*- C++ -*----------------------------------*\
| =========                 |                                                 |
| \\      /  F ield         | OpenFOAM: The Open Source CFD Toolbox           |
|  \\    /   O peration     | Version:  2306                                  |
|   \\  /    A nd           | Website:  www.openfoam.com                      |
|    \\/     M anipulation  |                                                 |
\*---------------------------------------------------------------------------*/
FoamFile
{
    version     2.0;
    format      ascii;
    arch        "LSB;label=32;scalar=64";
    class       volScalarField;
    location    "0.08";
    object      rho;
}
// * * * * * * * * * * * * * * * * * * * * * * * * * * * * * * * * * * * * * //

dimensions      [1 -3 0 0 0 0 0];

internalField   nonuniform List<scalar> 
6000
(
3.64274
3.64274
3.64274
3.64274
3.64274
3.64274
3.64274
3.64274
3.64274
3.64274
3.64274
3.64274
3.64274
3.64274
3.64274
3.64274
3.64274
3.64274
3.64274
3.64274
3.64274
3.64274
3.64274
3.64274
3.64274
3.64274
3.64274
3.64274
3.64274
3.64274
3.64274
3.64274
3.64274
3.64274
3.64274
3.64275
3.64278
3.64285
3.64302
3.64342
3.64425
3.64573
3.6477
3.64903
3.64921
3.64909
3.64852
3.64716
3.64485
3.64167
3.63784
3.63367
3.62944
3.62531
3.62143
3.61792
3.61488
3.61228
3.61016
3.60847
3.60717
3.60615
3.60529
3.60457
3.60395
3.6034
3.60292
3.60248
3.60208
3.60172
3.60139
3.60116
3.60108
3.60107
3.60107
3.60108
3.60111
3.60117
3.60126
3.6014
3.60157
3.60174
3.60191
3.60205
3.60217
3.60226
3.60233
3.60239
3.60245
3.6025
3.60254
3.60257
3.6026
3.60262
3.60264
3.60265
3.60267
3.60268
3.60268
3.60268
3.60268
3.60267
3.60266
3.60263
3.60258
3.60253
3.60246
3.60238
3.60231
3.60223
3.60217
3.60211
3.60206
3.60201
3.60197
3.60195
3.60195
3.60195
3.60195
3.60195
3.60197
3.60199
3.60203
3.60208
3.60214
3.60219
3.60224
3.60228
3.60231
3.60233
3.60235
3.60237
3.60239
3.6024
3.60242
3.60243
3.60245
3.60247
3.6025
3.60253
3.60258
3.60263
3.60266
3.60267
3.60266
3.60266
3.60263
3.60258
3.60251
3.60243
3.60234
3.60228
3.60223
3.60219
3.60217
3.60214
3.60211
3.60207
3.60203
3.60199
3.60197
3.60196
3.60196
3.60196
3.60197
3.60198
3.602
3.60203
3.60208
3.60213
3.60218
3.60222
3.60226
3.60229
3.60232
3.60234
3.60236
3.60237
3.60238
3.6024
3.60241
3.60243
3.60244
3.60245
3.60246
3.60248
3.6025
3.60254
3.60259
3.60265
3.60269
3.60269
3.60269
3.60268
3.60267
3.60262
3.60254
3.60245
3.60235
3.60226
3.6022
3.60216
3.60213
3.60211
3.60209
3.60207
3.60204
3.60201
3.60198
3.60196
3.60194
3.60194
3.60194
3.60194
3.60194
3.60196
3.602
3.60204
3.6021
3.60215
3.60221
3.60226
3.60229
3.60233
3.60236
3.60237
3.60239
3.6024
3.6024
3.60241
3.60241
3.60242
3.60244
3.60246
3.60248
3.60251
3.60256
3.60262
3.60268
3.60275
3.60279
3.60279
3.60278
3.60276
3.60272
3.60265
3.60255
3.60243
3.60231
3.60222
3.60217
3.60214
3.60212
3.6021
3.60207
3.60204
3.60201
3.60197
3.60192
3.60188
3.60185
3.60185
3.60185
3.60185
3.60186
3.60188
3.60192
3.60198
3.60204
3.6021
3.60216
3.60221
3.60225
3.60229
3.60232
3.60235
3.60237
3.60239
3.60241
3.60243
3.60246
3.60249
3.60253
3.60257
3.6026
3.60264
3.60269
3.60277
3.60285
3.60292
3.60294
3.60293
3.60291
3.60287
3.6028
3.60268
3.60254
3.60238
3.60227
3.60215
3.64274
3.64274
3.64274
3.64274
3.64274
3.64274
3.64274
3.64274
3.64274
3.64274
3.64274
3.64274
3.64274
3.64274
3.64274
3.64274
3.64274
3.64274
3.64274
3.64274
3.64274
3.64274
3.64274
3.64274
3.64274
3.64274
3.64274
3.64274
3.64274
3.64274
3.64274
3.64274
3.64274
3.64274
3.64274
3.64275
3.64278
3.64285
3.64302
3.64342
3.64425
3.64573
3.6477
3.64903
3.64921
3.64909
3.64852
3.64716
3.64485
3.64166
3.63783
3.63368
3.62944
3.6253
3.62144
3.61794
3.61488
3.61226
3.61016
3.60849
3.60718
3.60614
3.60528
3.60458
3.60395
3.6034
3.60292
3.60248
3.60209
3.60172
3.60139
3.60117
3.60108
3.60107
3.60107
3.60108
3.60111
3.60117
3.60126
3.6014
3.60157
3.60174
3.60191
3.60205
3.60217
3.60226
3.60233
3.60239
3.60245
3.6025
3.60254
3.60257
3.6026
3.60262
3.60264
3.60265
3.60267
3.60268
3.60268
3.60268
3.60268
3.60267
3.60266
3.60263
3.60258
3.60253
3.60246
3.60238
3.6023
3.60223
3.60217
3.60211
3.60206
3.60201
3.60197
3.60195
3.60195
3.60195
3.60195
3.60195
3.60197
3.60199
3.60203
3.60208
3.60214
3.60219
3.60224
3.60228
3.60231
3.60233
3.60235
3.60237
3.60239
3.6024
3.60242
3.60243
3.60245
3.60247
3.6025
3.60253
3.60258
3.60263
3.60266
3.60267
3.60266
3.60266
3.60263
3.60258
3.60251
3.60243
3.60234
3.60228
3.60223
3.60219
3.60217
3.60214
3.60211
3.60207
3.60203
3.60199
3.60197
3.60196
3.60196
3.60196
3.60197
3.60198
3.602
3.60203
3.60208
3.60213
3.60218
3.60222
3.60226
3.60229
3.60232
3.60234
3.60236
3.60237
3.60239
3.6024
3.60241
3.60242
3.60244
3.60245
3.60246
3.60248
3.6025
3.60254
3.60259
3.60265
3.60269
3.60269
3.60269
3.60269
3.60267
3.60262
3.60254
3.60245
3.60235
3.60226
3.6022
3.60216
3.60213
3.60211
3.60209
3.60207
3.60204
3.60201
3.60198
3.60195
3.60194
3.60194
3.60194
3.60194
3.60195
3.60196
3.602
3.60204
3.60209
3.60215
3.60221
3.60226
3.60229
3.60233
3.60236
3.60237
3.60239
3.6024
3.6024
3.60241
3.60241
3.60242
3.60244
3.60246
3.60248
3.60251
3.60256
3.60262
3.60268
3.60275
3.60279
3.60279
3.60278
3.60277
3.60273
3.60265
3.60255
3.60243
3.60231
3.60222
3.60217
3.60214
3.60212
3.6021
3.60207
3.60204
3.60201
3.60197
3.60192
3.60188
3.60186
3.60185
3.60185
3.60185
3.60186
3.60189
3.60192
3.60197
3.60203
3.6021
3.60216
3.60221
3.60225
3.60229
3.60232
3.60235
3.60237
3.6024
3.60242
3.60244
3.60246
3.60249
3.60252
3.60256
3.60259
3.60264
3.60269
3.60276
3.60285
3.60292
3.60294
3.60293
3.60292
3.60288
3.60281
3.60269
3.60254
3.60239
3.60227
3.60215
3.64274
3.64274
3.64274
3.64274
3.64274
3.64274
3.64274
3.64274
3.64274
3.64274
3.64274
3.64274
3.64274
3.64274
3.64274
3.64274
3.64274
3.64274
3.64274
3.64274
3.64274
3.64274
3.64274
3.64274
3.64274
3.64274
3.64274
3.64274
3.64274
3.64274
3.64274
3.64274
3.64274
3.64274
3.64274
3.64275
3.64278
3.64285
3.64302
3.64342
3.64425
3.64573
3.6477
3.64903
3.64921
3.64909
3.64852
3.64716
3.64485
3.64166
3.63783
3.63368
3.62943
3.62529
3.62144
3.61794
3.61488
3.61226
3.61017
3.60848
3.60718
3.60614
3.60528
3.60458
3.60395
3.6034
3.60292
3.60248
3.60209
3.60172
3.60139
3.60117
3.60108
3.60107
3.60107
3.60108
3.60111
3.60117
3.60126
3.6014
3.60157
3.60174
3.60191
3.60205
3.60217
3.60226
3.60233
3.60239
3.60245
3.6025
3.60254
3.60257
3.6026
3.60262
3.60264
3.60265
3.60267
3.60268
3.60268
3.60268
3.60268
3.60267
3.60266
3.60263
3.60258
3.60253
3.60246
3.60238
3.60231
3.60224
3.60217
3.60212
3.60206
3.60201
3.60197
3.60195
3.60194
3.60194
3.60195
3.60195
3.60197
3.60199
3.60203
3.60208
3.60214
3.60219
3.60224
3.60228
3.60231
3.60233
3.60235
3.60237
3.60239
3.6024
3.60242
3.60243
3.60245
3.60247
3.6025
3.60253
3.60258
3.60263
3.60266
3.60267
3.60267
3.60266
3.60263
3.60258
3.60251
3.60243
3.60234
3.60227
3.60223
3.60219
3.60217
3.60214
3.60211
3.60207
3.60203
3.60199
3.60197
3.60196
3.60196
3.60197
3.60197
3.60198
3.602
3.60203
3.60207
3.60212
3.60218
3.60222
3.60226
3.60229
3.60232
3.60234
3.60236
3.60237
3.60239
3.6024
3.60241
3.60242
3.60243
3.60245
3.60246
3.60248
3.6025
3.60254
3.60259
3.60264
3.60269
3.6027
3.60269
3.60269
3.60267
3.60262
3.60254
3.60245
3.60235
3.60226
3.6022
3.60216
3.60213
3.60211
3.60209
3.60207
3.60205
3.60202
3.60198
3.60195
3.60194
3.60194
3.60194
3.60194
3.60195
3.60196
3.60199
3.60204
3.60209
3.60215
3.60221
3.60226
3.6023
3.60233
3.60236
3.60237
3.60239
3.6024
3.6024
3.60241
3.60241
3.60242
3.60244
3.60246
3.60248
3.60252
3.60256
3.60261
3.60268
3.60275
3.60278
3.60279
3.60278
3.60277
3.60273
3.60266
3.60255
3.60243
3.60231
3.60223
3.60217
3.60214
3.60211
3.60209
3.60207
3.60204
3.60201
3.60197
3.60192
3.60188
3.60186
3.60185
3.60185
3.60186
3.60187
3.60189
3.60192
3.60197
3.60202
3.60209
3.60215
3.6022
3.60225
3.60229
3.60232
3.60235
3.60237
3.6024
3.60242
3.60245
3.60247
3.60249
3.60252
3.60255
3.60259
3.60263
3.60269
3.60276
3.60285
3.60292
3.60294
3.60294
3.60292
3.60289
3.60281
3.60269
3.60254
3.60239
3.60227
3.60215
3.64274
3.64274
3.64274
3.64274
3.64274
3.64274
3.64274
3.64274
3.64274
3.64274
3.64274
3.64274
3.64274
3.64274
3.64274
3.64274
3.64274
3.64274
3.64274
3.64274
3.64274
3.64274
3.64274
3.64274
3.64274
3.64274
3.64274
3.64274
3.64274
3.64274
3.64274
3.64274
3.64274
3.64274
3.64274
3.64275
3.64278
3.64285
3.64302
3.64342
3.64425
3.64573
3.6477
3.64903
3.64921
3.64909
3.64852
3.64716
3.64485
3.64166
3.63784
3.63368
3.62943
3.6253
3.62145
3.61795
3.61487
3.61226
3.61017
3.60848
3.60718
3.60613
3.60529
3.60458
3.60395
3.6034
3.60291
3.60248
3.60209
3.60172
3.60139
3.60117
3.60108
3.60107
3.60107
3.60108
3.60111
3.60117
3.60126
3.6014
3.60157
3.60174
3.60191
3.60205
3.60217
3.60225
3.60233
3.60239
3.60245
3.6025
3.60254
3.60257
3.6026
3.60262
3.60264
3.60266
3.60267
3.60268
3.60268
3.60268
3.60268
3.60267
3.60266
3.60263
3.60258
3.60253
3.60246
3.60238
3.60231
3.60224
3.60217
3.60212
3.60206
3.60201
3.60197
3.60195
3.60194
3.60194
3.60195
3.60195
3.60197
3.60199
3.60203
3.60208
3.60214
3.60219
3.60224
3.60228
3.60231
3.60233
3.60235
3.60237
3.60239
3.6024
3.60242
3.60243
3.60245
3.60247
3.6025
3.60253
3.60258
3.60263
3.60266
3.60267
3.60267
3.60266
3.60263
3.60258
3.60251
3.60243
3.60234
3.60227
3.60223
3.60219
3.60217
3.60214
3.60211
3.60207
3.60203
3.60199
3.60197
3.60196
3.60196
3.60197
3.60197
3.60198
3.602
3.60203
3.60207
3.60212
3.60218
3.60222
3.60226
3.60229
3.60232
3.60234
3.60236
3.60238
3.60239
3.6024
3.60241
3.60242
3.60243
3.60245
3.60246
3.60248
3.6025
3.60254
3.60259
3.60264
3.60269
3.6027
3.6027
3.60269
3.60267
3.60262
3.60254
3.60245
3.60235
3.60226
3.6022
3.60215
3.60213
3.60211
3.60209
3.60207
3.60205
3.60202
3.60199
3.60195
3.60194
3.60193
3.60194
3.60194
3.60195
3.60196
3.60199
3.60204
3.60209
3.60215
3.60221
3.60226
3.6023
3.60233
3.60235
3.60237
3.60239
3.6024
3.6024
3.60241
3.60241
3.60242
3.60244
3.60246
3.60248
3.60252
3.60256
3.60261
3.60268
3.60274
3.60278
3.60279
3.60279
3.60277
3.60273
3.60266
3.60255
3.60243
3.60232
3.60223
3.60217
3.60214
3.60211
3.60209
3.60206
3.60203
3.602
3.60196
3.60192
3.60188
3.60186
3.60185
3.60186
3.60187
3.60188
3.6019
3.60192
3.60197
3.60202
3.60208
3.60214
3.6022
3.60225
3.60229
3.60232
3.60235
3.60238
3.60241
3.60243
3.60245
3.60248
3.6025
3.60252
3.60255
3.60258
3.60262
3.60268
3.60275
3.60284
3.60292
3.60294
3.60294
3.60293
3.6029
3.60282
3.6027
3.60255
3.60239
3.60226
3.60215
3.64274
3.64274
3.64274
3.64274
3.64274
3.64274
3.64274
3.64274
3.64274
3.64274
3.64274
3.64274
3.64274
3.64274
3.64274
3.64274
3.64274
3.64274
3.64274
3.64274
3.64274
3.64274
3.64274
3.64274
3.64274
3.64274
3.64274
3.64274
3.64274
3.64274
3.64274
3.64274
3.64274
3.64274
3.64274
3.64275
3.64278
3.64285
3.64302
3.64342
3.64425
3.64573
3.6477
3.64903
3.64921
3.64909
3.64852
3.64716
3.64485
3.64166
3.63784
3.63368
3.62942
3.6253
3.62144
3.61795
3.61485
3.61228
3.61017
3.60849
3.60718
3.60613
3.60529
3.60458
3.60395
3.60341
3.60291
3.60248
3.60209
3.60172
3.60139
3.60116
3.60108
3.60107
3.60107
3.60108
3.60111
3.60117
3.60126
3.6014
3.60157
3.60175
3.60191
3.60205
3.60216
3.60225
3.60233
3.60239
3.60245
3.6025
3.60254
3.60257
3.60259
3.60262
3.60264
3.60266
3.60267
3.60268
3.60268
3.60268
3.60268
3.60267
3.60266
3.60263
3.60258
3.60253
3.60246
3.60238
3.60231
3.60224
3.60217
3.60212
3.60206
3.60201
3.60197
3.60195
3.60194
3.60194
3.60195
3.60195
3.60197
3.60199
3.60203
3.60208
3.60214
3.60219
3.60224
3.60228
3.60231
3.60233
3.60235
3.60237
3.60239
3.6024
3.60242
3.60243
3.60245
3.60247
3.6025
3.60253
3.60258
3.60263
3.60266
3.60267
3.60267
3.60266
3.60263
3.60258
3.60251
3.60243
3.60235
3.60228
3.60223
3.60219
3.60216
3.60214
3.60211
3.60207
3.60203
3.60199
3.60197
3.60196
3.60196
3.60197
3.60197
3.60198
3.602
3.60203
3.60207
3.60212
3.60218
3.60222
3.60226
3.60229
3.60232
3.60234
3.60236
3.60238
3.60239
3.6024
3.60241
3.60242
3.60243
3.60244
3.60246
3.60248
3.6025
3.60254
3.60259
3.60264
3.60269
3.6027
3.6027
3.60269
3.60267
3.60262
3.60254
3.60245
3.60234
3.60226
3.6022
3.60215
3.60213
3.60211
3.60209
3.60207
3.60205
3.60202
3.60199
3.60195
3.60194
3.60193
3.60193
3.60194
3.60195
3.60196
3.60199
3.60204
3.60209
3.60215
3.60221
3.60226
3.6023
3.60233
3.60235
3.60237
3.60238
3.60239
3.6024
3.60241
3.60242
3.60243
3.60244
3.60246
3.60249
3.60252
3.60256
3.60261
3.60268
3.60274
3.60278
3.60278
3.60278
3.60277
3.60273
3.60266
3.60256
3.60243
3.60232
3.60223
3.60217
3.60214
3.60211
3.60209
3.60206
3.60203
3.602
3.60196
3.60192
3.60189
3.60186
3.60186
3.60186
3.60187
3.60188
3.6019
3.60192
3.60196
3.60202
3.60208
3.60214
3.60219
3.60224
3.60228
3.60232
3.60235
3.60238
3.60241
3.60244
3.60246
3.60248
3.6025
3.60252
3.60255
3.60258
3.60262
3.60267
3.60275
3.60284
3.60292
3.60294
3.60294
3.60294
3.6029
3.60283
3.6027
3.60255
3.60239
3.60226
3.60214
3.64274
3.64274
3.64274
3.64274
3.64274
3.64274
3.64274
3.64274
3.64274
3.64274
3.64274
3.64274
3.64274
3.64274
3.64274
3.64274
3.64274
3.64274
3.64274
3.64274
3.64274
3.64274
3.64274
3.64274
3.64274
3.64274
3.64274
3.64274
3.64274
3.64274
3.64274
3.64274
3.64274
3.64274
3.64274
3.64275
3.64278
3.64285
3.64302
3.64342
3.64425
3.64573
3.6477
3.64903
3.64921
3.64909
3.64852
3.64716
3.64485
3.64166
3.63784
3.63368
3.62942
3.62531
3.62144
3.61795
3.61485
3.61228
3.61016
3.60849
3.60718
3.60612
3.6053
3.60457
3.60395
3.6034
3.60291
3.60248
3.60209
3.60172
3.60139
3.60116
3.60108
3.60107
3.60107
3.60108
3.60111
3.60117
3.60126
3.6014
3.60157
3.60175
3.60191
3.60205
3.60216
3.60225
3.60233
3.6024
3.60245
3.6025
3.60254
3.60257
3.60259
3.60262
3.60264
3.60266
3.60267
3.60268
3.60268
3.60268
3.60268
3.60267
3.60266
3.60263
3.60258
3.60253
3.60246
3.60238
3.60231
3.60224
3.60217
3.60212
3.60206
3.60201
3.60197
3.60195
3.60194
3.60194
3.60194
3.60195
3.60197
3.60199
3.60203
3.60209
3.60214
3.60219
3.60224
3.60228
3.60231
3.60233
3.60235
3.60237
3.60238
3.6024
3.60242
3.60244
3.60245
3.60247
3.6025
3.60253
3.60258
3.60263
3.60266
3.60267
3.60267
3.60266
3.60263
3.60258
3.60251
3.60243
3.60235
3.60228
3.60223
3.60219
3.60216
3.60214
3.60211
3.60207
3.60203
3.60199
3.60197
3.60196
3.60196
3.60197
3.60197
3.60198
3.602
3.60203
3.60207
3.60212
3.60217
3.60222
3.60226
3.60229
3.60232
3.60234
3.60236
3.60238
3.60239
3.6024
3.60241
3.60242
3.60243
3.60244
3.60246
3.60248
3.6025
3.60254
3.60259
3.60265
3.60269
3.6027
3.6027
3.60269
3.60267
3.60262
3.60254
3.60244
3.60234
3.60226
3.60219
3.60216
3.60213
3.60211
3.60209
3.60207
3.60205
3.60202
3.60199
3.60195
3.60194
3.60193
3.60193
3.60194
3.60195
3.60196
3.602
3.60204
3.60209
3.60215
3.60221
3.60226
3.6023
3.60233
3.60235
3.60237
3.60238
3.60239
3.6024
3.60241
3.60242
3.60243
3.60244
3.60246
3.60249
3.60252
3.60256
3.60261
3.60268
3.60274
3.60278
3.60278
3.60278
3.60277
3.60273
3.60266
3.60256
3.60244
3.60232
3.60223
3.60218
3.60214
3.60211
3.60209
3.60206
3.60203
3.60199
3.60196
3.60192
3.60189
3.60187
3.60186
3.60187
3.60187
3.60188
3.6019
3.60192
3.60196
3.60202
3.60207
3.60213
3.60219
3.60224
3.60228
3.60232
3.60235
3.60239
3.60242
3.60244
3.60246
3.60248
3.6025
3.60252
3.60254
3.60258
3.60262
3.60267
3.60274
3.60283
3.60291
3.60294
3.60295
3.60294
3.60291
3.60283
3.6027
3.60254
3.60238
3.60226
3.60214
3.64274
3.64274
3.64274
3.64274
3.64274
3.64274
3.64274
3.64274
3.64274
3.64274
3.64274
3.64274
3.64274
3.64274
3.64274
3.64274
3.64274
3.64274
3.64274
3.64274
3.64274
3.64274
3.64274
3.64274
3.64274
3.64274
3.64274
3.64274
3.64274
3.64274
3.64274
3.64274
3.64274
3.64274
3.64274
3.64275
3.64278
3.64285
3.64302
3.64342
3.64425
3.64573
3.6477
3.64903
3.64921
3.64909
3.64852
3.64716
3.64485
3.64166
3.63784
3.63367
3.62942
3.62531
3.62145
3.61794
3.61485
3.61229
3.61016
3.6085
3.60717
3.60613
3.6053
3.60457
3.60395
3.6034
3.60291
3.60249
3.60208
3.60172
3.60139
3.60116
3.60108
3.60107
3.60107
3.60108
3.60111
3.60117
3.60126
3.6014
3.60157
3.60175
3.60191
3.60205
3.60216
3.60225
3.60233
3.6024
3.60245
3.6025
3.60254
3.60257
3.60259
3.60262
3.60264
3.60266
3.60267
3.60268
3.60268
3.60268
3.60268
3.60267
3.60266
3.60263
3.60258
3.60252
3.60246
3.60238
3.60231
3.60224
3.60217
3.60211
3.60206
3.60201
3.60197
3.60195
3.60194
3.60194
3.60194
3.60195
3.60197
3.602
3.60204
3.60209
3.60214
3.60219
3.60224
3.60228
3.60231
3.60233
3.60235
3.60237
3.60239
3.6024
3.60242
3.60244
3.60245
3.60247
3.6025
3.60253
3.60258
3.60263
3.60266
3.60267
3.60267
3.60266
3.60263
3.60258
3.60251
3.60243
3.60235
3.60228
3.60223
3.60219
3.60216
3.60214
3.60211
3.60207
3.60203
3.60199
3.60197
3.60196
3.60196
3.60197
3.60197
3.60198
3.602
3.60203
3.60207
3.60212
3.60217
3.60222
3.60226
3.60229
3.60232
3.60234
3.60236
3.60238
3.60239
3.6024
3.60241
3.60242
3.60243
3.60244
3.60246
3.60248
3.6025
3.60254
3.60259
3.60265
3.60269
3.6027
3.6027
3.60269
3.60267
3.60262
3.60254
3.60244
3.60234
3.60225
3.60219
3.60216
3.60213
3.60211
3.6021
3.60207
3.60205
3.60202
3.60199
3.60196
3.60194
3.60193
3.60193
3.60193
3.60194
3.60196
3.60199
3.60204
3.6021
3.60216
3.60221
3.60226
3.6023
3.60233
3.60235
3.60237
3.60238
3.60239
3.60239
3.6024
3.60241
3.60243
3.60244
3.60247
3.6025
3.60253
3.60256
3.60261
3.60268
3.60274
3.60278
3.60278
3.60278
3.60276
3.60273
3.60266
3.60256
3.60244
3.60232
3.60224
3.60218
3.60214
3.60212
3.60209
3.60206
3.60202
3.60199
3.60195
3.60192
3.60189
3.60187
3.60187
3.60187
3.60187
3.60188
3.6019
3.60192
3.60196
3.60202
3.60207
3.60213
3.60219
3.60224
3.60228
3.60232
3.60236
3.60239
3.60241
3.60244
3.60246
3.60248
3.6025
3.60252
3.60254
3.60258
3.60262
3.60267
3.60274
3.60283
3.60291
3.60295
3.60296
3.60294
3.6029
3.60282
3.6027
3.60254
3.60238
3.60226
3.60213
3.64274
3.64274
3.64274
3.64274
3.64274
3.64274
3.64274
3.64274
3.64274
3.64274
3.64274
3.64274
3.64274
3.64274
3.64274
3.64274
3.64274
3.64274
3.64274
3.64274
3.64274
3.64274
3.64274
3.64274
3.64274
3.64274
3.64274
3.64274
3.64274
3.64274
3.64274
3.64274
3.64274
3.64274
3.64274
3.64275
3.64278
3.64285
3.64302
3.64342
3.64425
3.64573
3.6477
3.64903
3.64921
3.64909
3.64852
3.64716
3.64485
3.64166
3.63784
3.63367
3.62942
3.62531
3.62145
3.61793
3.61486
3.61228
3.61016
3.6085
3.60716
3.60614
3.60529
3.60457
3.60396
3.6034
3.60291
3.60249
3.60208
3.60172
3.60139
3.60116
3.60108
3.60107
3.60107
3.60108
3.60111
3.60117
3.60127
3.6014
3.60157
3.60174
3.60191
3.60205
3.60216
3.60226
3.60233
3.6024
3.60245
3.6025
3.60254
3.60257
3.6026
3.60262
3.60264
3.60266
3.60267
3.60268
3.60268
3.60268
3.60268
3.60267
3.60265
3.60263
3.60258
3.60253
3.60246
3.60238
3.60231
3.60224
3.60217
3.60211
3.60206
3.60201
3.60197
3.60195
3.60194
3.60194
3.60194
3.60195
3.60197
3.602
3.60204
3.60209
3.60214
3.60219
3.60224
3.60228
3.60231
3.60233
3.60235
3.60237
3.60239
3.6024
3.60242
3.60244
3.60245
3.60247
3.6025
3.60253
3.60258
3.60263
3.60266
3.60267
3.60267
3.60266
3.60263
3.60258
3.60251
3.60243
3.60235
3.60228
3.60223
3.60219
3.60216
3.60214
3.60211
3.60207
3.60203
3.60199
3.60197
3.60196
3.60196
3.60197
3.60197
3.60198
3.602
3.60203
3.60207
3.60212
3.60217
3.60222
3.60226
3.60229
3.60232
3.60234
3.60236
3.60238
3.60239
3.6024
3.60241
3.60242
3.60243
3.60244
3.60246
3.60247
3.6025
3.60254
3.60259
3.60265
3.60269
3.6027
3.6027
3.60269
3.60267
3.60262
3.60254
3.60244
3.60234
3.60225
3.60219
3.60216
3.60213
3.60212
3.6021
3.60208
3.60205
3.60202
3.60199
3.60196
3.60194
3.60193
3.60193
3.60193
3.60194
3.60196
3.60199
3.60204
3.6021
3.60216
3.60222
3.60226
3.6023
3.60233
3.60235
3.60237
3.60238
3.60238
3.60239
3.6024
3.60241
3.60243
3.60245
3.60247
3.6025
3.60253
3.60256
3.60261
3.60268
3.60274
3.60277
3.60278
3.60277
3.60276
3.60273
3.60266
3.60256
3.60244
3.60232
3.60224
3.60218
3.60215
3.60212
3.60209
3.60206
3.60202
3.60198
3.60195
3.60191
3.60188
3.60187
3.60187
3.60187
3.60187
3.60188
3.6019
3.60193
3.60196
3.60202
3.60207
3.60213
3.60219
3.60224
3.60228
3.60233
3.60236
3.60239
3.60241
3.60243
3.60245
3.60247
3.60249
3.60252
3.60254
3.60258
3.60262
3.60267
3.60274
3.60283
3.60292
3.60296
3.60296
3.60295
3.6029
3.60282
3.6027
3.60254
3.60237
3.60225
3.60213
3.64274
3.64274
3.64274
3.64274
3.64274
3.64274
3.64274
3.64274
3.64274
3.64274
3.64274
3.64274
3.64274
3.64274
3.64274
3.64274
3.64274
3.64274
3.64274
3.64274
3.64274
3.64274
3.64274
3.64274
3.64274
3.64274
3.64274
3.64274
3.64274
3.64274
3.64274
3.64274
3.64274
3.64274
3.64274
3.64275
3.64278
3.64285
3.64302
3.64342
3.64425
3.64573
3.6477
3.64903
3.64921
3.64909
3.64852
3.64716
3.64485
3.64166
3.63784
3.63366
3.62943
3.62531
3.62145
3.61792
3.61488
3.61228
3.61017
3.60849
3.60716
3.60615
3.60529
3.60458
3.60395
3.60339
3.60292
3.60248
3.60208
3.60172
3.60139
3.60116
3.60108
3.60107
3.60107
3.60108
3.60111
3.60117
3.60127
3.6014
3.60157
3.60174
3.60191
3.60205
3.60216
3.60226
3.60233
3.6024
3.60245
3.6025
3.60254
3.60257
3.6026
3.60262
3.60264
3.60266
3.60267
3.60268
3.60268
3.60268
3.60268
3.60267
3.60265
3.60262
3.60258
3.60253
3.60246
3.60238
3.60231
3.60224
3.60217
3.60211
3.60206
3.60201
3.60197
3.60195
3.60194
3.60194
3.60194
3.60195
3.60197
3.602
3.60204
3.60209
3.60214
3.60219
3.60224
3.60228
3.60231
3.60233
3.60235
3.60237
3.60239
3.6024
3.60242
3.60244
3.60245
3.60247
3.6025
3.60253
3.60258
3.60263
3.60266
3.60267
3.60266
3.60265
3.60263
3.60258
3.60252
3.60243
3.60235
3.60228
3.60223
3.60219
3.60216
3.60214
3.60211
3.60207
3.60203
3.60199
3.60197
3.60196
3.60196
3.60197
3.60197
3.60198
3.602
3.60203
3.60207
3.60212
3.60217
3.60222
3.60226
3.60229
3.60232
3.60234
3.60236
3.60238
3.60239
3.6024
3.60241
3.60242
3.60243
3.60244
3.60246
3.60247
3.6025
3.60254
3.60259
3.60265
3.60269
3.6027
3.6027
3.60269
3.60267
3.60262
3.60254
3.60244
3.60234
3.60225
3.60219
3.60216
3.60214
3.60212
3.6021
3.60208
3.60205
3.60202
3.60199
3.60196
3.60194
3.60193
3.60192
3.60193
3.60194
3.60196
3.60199
3.60205
3.60211
3.60216
3.60222
3.60227
3.6023
3.60233
3.60235
3.60237
3.60238
3.60238
3.60239
3.6024
3.60241
3.60243
3.60245
3.60247
3.6025
3.60253
3.60257
3.60261
3.60268
3.60274
3.60277
3.60278
3.60277
3.60276
3.60272
3.60265
3.60256
3.60244
3.60233
3.60224
3.60218
3.60215
3.60212
3.60209
3.60206
3.60202
3.60198
3.60195
3.60191
3.60188
3.60187
3.60187
3.60187
3.60187
3.60188
3.6019
3.60193
3.60196
3.60202
3.60208
3.60213
3.60219
3.60224
3.60228
3.60233
3.60236
3.60239
3.60241
3.60243
3.60245
3.60247
3.60249
3.60251
3.60254
3.60258
3.60262
3.60267
3.60275
3.60284
3.60293
3.60296
3.60296
3.60295
3.6029
3.60282
3.60269
3.60253
3.60236
3.60224
3.60213
3.64274
3.64274
3.64274
3.64274
3.64274
3.64274
3.64274
3.64274
3.64274
3.64274
3.64274
3.64274
3.64274
3.64274
3.64274
3.64274
3.64274
3.64274
3.64274
3.64274
3.64274
3.64274
3.64274
3.64274
3.64274
3.64274
3.64274
3.64274
3.64274
3.64274
3.64274
3.64274
3.64274
3.64274
3.64274
3.64275
3.64278
3.64285
3.64302
3.64342
3.64425
3.64573
3.6477
3.64903
3.64921
3.64909
3.64852
3.64716
3.64485
3.64166
3.63784
3.63366
3.62943
3.62531
3.62145
3.61792
3.61488
3.61227
3.61017
3.60848
3.60717
3.60615
3.60529
3.60458
3.60395
3.60339
3.60292
3.60248
3.60209
3.60172
3.60138
3.60116
3.60108
3.60107
3.60107
3.60108
3.60111
3.60117
3.60127
3.6014
3.60157
3.60174
3.60191
3.60205
3.60217
3.60226
3.60233
3.6024
3.60245
3.6025
3.60254
3.60257
3.6026
3.60262
3.60264
3.60265
3.60267
3.60268
3.60268
3.60268
3.60268
3.60267
3.60265
3.60263
3.60258
3.60253
3.60246
3.60238
3.60231
3.60223
3.60217
3.60211
3.60206
3.60201
3.60197
3.60195
3.60194
3.60194
3.60194
3.60196
3.60197
3.602
3.60204
3.60209
3.60214
3.60219
3.60224
3.60228
3.60231
3.60233
3.60235
3.60237
3.60239
3.60241
3.60242
3.60244
3.60245
3.60247
3.6025
3.60253
3.60258
3.60263
3.60266
3.60266
3.60266
3.60265
3.60263
3.60258
3.60252
3.60244
3.60235
3.60228
3.60223
3.60219
3.60216
3.60214
3.60211
3.60207
3.60203
3.60199
3.60197
3.60196
3.60197
3.60197
3.60197
3.60198
3.602
3.60203
3.60208
3.60212
3.60217
3.60222
3.60226
3.60229
3.60232
3.60235
3.60236
3.60238
3.60239
3.6024
3.60241
3.60242
3.60243
3.60244
3.60246
3.60247
3.6025
3.60254
3.60259
3.60265
3.6027
3.6027
3.6027
3.60269
3.60267
3.60261
3.60254
3.60244
3.60234
3.60225
3.60219
3.60216
3.60214
3.60212
3.6021
3.60208
3.60205
3.60202
3.60199
3.60195
3.60194
3.60193
3.60192
3.60193
3.60194
3.60196
3.60199
3.60205
3.60211
3.60217
3.60222
3.60227
3.6023
3.60233
3.60235
3.60236
3.60237
3.60238
3.60239
3.6024
3.60241
3.60243
3.60245
3.60248
3.6025
3.60253
3.60257
3.60261
3.60268
3.60274
3.60278
3.60278
3.60277
3.60276
3.60272
3.60265
3.60256
3.60244
3.60233
3.60224
3.60218
3.60215
3.60212
3.60209
3.60206
3.60202
3.60198
3.60195
3.60191
3.60188
3.60187
3.60187
3.60187
3.60187
3.60188
3.6019
3.60193
3.60196
3.60202
3.60208
3.60214
3.60219
3.60224
3.60229
3.60233
3.60236
3.60239
3.60241
3.60243
3.60245
3.60247
3.60249
3.60251
3.60254
3.60257
3.60262
3.60267
3.60275
3.60285
3.60294
3.60296
3.60296
3.60294
3.6029
3.60282
3.60269
3.60253
3.60236
3.60224
3.60213
3.64274
3.64274
3.64274
3.64274
3.64274
3.64274
3.64274
3.64274
3.64274
3.64274
3.64274
3.64274
3.64274
3.64274
3.64274
3.64274
3.64274
3.64274
3.64274
3.64274
3.64274
3.64274
3.64274
3.64274
3.64274
3.64274
3.64274
3.64274
3.64274
3.64274
3.64274
3.64274
3.64274
3.64274
3.64274
3.64275
3.64278
3.64285
3.64302
3.64342
3.64425
3.64573
3.6477
3.64903
3.64921
3.64909
3.64852
3.64716
3.64485
3.64166
3.63784
3.63366
3.62944
3.62531
3.62144
3.61793
3.61488
3.61228
3.61017
3.60847
3.60718
3.60614
3.60529
3.60458
3.60394
3.6034
3.60292
3.60248
3.60209
3.60171
3.60139
3.60116
3.60108
3.60107
3.60107
3.60108
3.60111
3.60117
3.60127
3.6014
3.60157
3.60174
3.60191
3.60205
3.60217
3.60226
3.60233
3.60239
3.60245
3.6025
3.60254
3.60257
3.6026
3.60262
3.60263
3.60265
3.60267
3.60268
3.60268
3.60268
3.60268
3.60267
3.60265
3.60263
3.60259
3.60253
3.60246
3.60238
3.60231
3.60223
3.60217
3.60211
3.60206
3.60202
3.60197
3.60195
3.60194
3.60194
3.60195
3.60196
3.60197
3.602
3.60204
3.60208
3.60214
3.60219
3.60224
3.60228
3.6023
3.60233
3.60235
3.60237
3.60239
3.60241
3.60242
3.60244
3.60245
3.60247
3.6025
3.60253
3.60258
3.60263
3.60266
3.60266
3.60266
3.60265
3.60263
3.60259
3.60252
3.60244
3.60235
3.60228
3.60223
3.60219
3.60216
3.60214
3.60211
3.60207
3.60203
3.60199
3.60197
3.60197
3.60197
3.60197
3.60197
3.60198
3.602
3.60203
3.60208
3.60212
3.60217
3.60222
3.60226
3.60229
3.60232
3.60235
3.60236
3.60238
3.60239
3.6024
3.60241
3.60242
3.60243
3.60244
3.60246
3.60247
3.6025
3.60253
3.60259
3.60265
3.6027
3.60271
3.6027
3.60269
3.60266
3.60261
3.60254
3.60244
3.60234
3.60225
3.60219
3.60216
3.60214
3.60212
3.6021
3.60208
3.60205
3.60202
3.60199
3.60195
3.60193
3.60193
3.60192
3.60193
3.60194
3.60196
3.602
3.60205
3.60211
3.60217
3.60222
3.60227
3.6023
3.60233
3.60235
3.60236
3.60237
3.60238
3.60239
3.6024
3.60241
3.60243
3.60245
3.60248
3.6025
3.60253
3.60257
3.60261
3.60267
3.60274
3.60278
3.60278
3.60277
3.60276
3.60272
3.60265
3.60255
3.60244
3.60233
3.60224
3.60218
3.60215
3.60212
3.60209
3.60206
3.60202
3.60199
3.60195
3.60192
3.60189
3.60187
3.60186
3.60187
3.60187
3.60188
3.6019
3.60192
3.60196
3.60202
3.60208
3.60213
3.60219
3.60224
3.60229
3.60233
3.60236
3.60239
3.60241
3.60243
3.60245
3.60247
3.60249
3.60251
3.60254
3.60257
3.60261
3.60267
3.60275
3.60286
3.60294
3.60296
3.60296
3.60294
3.6029
3.60282
3.60269
3.60252
3.60236
3.60224
3.60213
3.64274
3.64274
3.64274
3.64274
3.64274
3.64274
3.64274
3.64274
3.64274
3.64274
3.64274
3.64274
3.64274
3.64274
3.64274
3.64274
3.64274
3.64274
3.64274
3.64274
3.64274
3.64274
3.64274
3.64274
3.64274
3.64274
3.64274
3.64274
3.64274
3.64274
3.64274
3.64274
3.64274
3.64274
3.64274
3.64275
3.64278
3.64285
3.64302
3.64342
3.64425
3.64573
3.6477
3.64903
3.64921
3.64909
3.64852
3.64716
3.64485
3.64167
3.63783
3.63367
3.62944
3.62531
3.62143
3.61794
3.61487
3.61229
3.61016
3.60847
3.60719
3.60613
3.60529
3.60458
3.60394
3.60341
3.60291
3.60248
3.60209
3.60171
3.60139
3.60116
3.60108
3.60107
3.60107
3.60108
3.60111
3.60117
3.60127
3.6014
3.60157
3.60174
3.60191
3.60205
3.60217
3.60225
3.60233
3.60239
3.60245
3.6025
3.60254
3.60257
3.60259
3.60261
3.60263
3.60265
3.60267
3.60268
3.60268
3.60268
3.60268
3.60267
3.60265
3.60263
3.60259
3.60253
3.60246
3.60238
3.6023
3.60223
3.60217
3.60212
3.60206
3.60201
3.60197
3.60194
3.60194
3.60194
3.60195
3.60196
3.60197
3.602
3.60204
3.60208
3.60214
3.6022
3.60224
3.60228
3.6023
3.60233
3.60235
3.60237
3.60239
3.60241
3.60242
3.60244
3.60245
3.60247
3.6025
3.60253
3.60258
3.60263
3.60266
3.60266
3.60266
3.60265
3.60263
3.60259
3.60252
3.60244
3.60235
3.60228
3.60223
3.60219
3.60216
3.60214
3.6021
3.60207
3.60203
3.60199
3.60197
3.60197
3.60197
3.60197
3.60197
3.60198
3.602
3.60203
3.60208
3.60212
3.60217
3.60222
3.60226
3.60229
3.60232
3.60235
3.60237
3.60238
3.60239
3.6024
3.60241
3.60242
3.60243
3.60244
3.60246
3.60247
3.6025
3.60253
3.60259
3.60265
3.6027
3.60271
3.6027
3.60269
3.60267
3.60261
3.60254
3.60244
3.60234
3.60225
3.60219
3.60216
3.60213
3.60212
3.6021
3.60208
3.60205
3.60202
3.60199
3.60195
3.60193
3.60193
3.60193
3.60193
3.60194
3.60196
3.602
3.60205
3.6021
3.60216
3.60222
3.60227
3.6023
3.60233
3.60235
3.60236
3.60238
3.60238
3.60239
3.6024
3.60241
3.60243
3.60245
3.60247
3.6025
3.60253
3.60256
3.60261
3.60267
3.60274
3.60278
3.60278
3.60278
3.60276
3.60273
3.60266
3.60255
3.60244
3.60232
3.60224
3.60218
3.60214
3.60212
3.60209
3.60205
3.60202
3.60199
3.60196
3.60192
3.60189
3.60187
3.60186
3.60187
3.60187
3.60188
3.6019
3.60192
3.60196
3.60201
3.60207
3.60213
3.60219
3.60224
3.60229
3.60233
3.60236
3.60239
3.60241
3.60243
3.60245
3.60247
3.60249
3.60251
3.60254
3.60257
3.60261
3.60267
3.60276
3.60286
3.60294
3.60296
3.60296
3.60294
3.6029
3.60282
3.60269
3.60253
3.60236
3.60224
3.60213
3.64274
3.64274
3.64274
3.64274
3.64274
3.64274
3.64274
3.64274
3.64274
3.64274
3.64274
3.64274
3.64274
3.64274
3.64274
3.64274
3.64274
3.64274
3.64274
3.64274
3.64274
3.64274
3.64274
3.64274
3.64274
3.64274
3.64274
3.64274
3.64274
3.64274
3.64274
3.64274
3.64274
3.64274
3.64274
3.64275
3.64278
3.64285
3.64302
3.64342
3.64425
3.64573
3.6477
3.64903
3.64921
3.64909
3.64852
3.64716
3.64485
3.64167
3.63783
3.63367
3.62944
3.62531
3.62142
3.61795
3.61487
3.61229
3.61014
3.60849
3.60718
3.60613
3.6053
3.60457
3.60395
3.60341
3.60291
3.60248
3.60209
3.60171
3.60139
3.60116
3.60107
3.60107
3.60107
3.60108
3.60111
3.60117
3.60127
3.6014
3.60157
3.60174
3.60191
3.60205
3.60216
3.60225
3.60233
3.60239
3.60245
3.6025
3.60254
3.60257
3.60259
3.60261
3.60264
3.60266
3.60267
3.60268
3.60268
3.60268
3.60268
3.60267
3.60265
3.60263
3.60259
3.60253
3.60246
3.60238
3.6023
3.60223
3.60217
3.60212
3.60206
3.60201
3.60197
3.60195
3.60194
3.60194
3.60195
3.60196
3.60197
3.602
3.60204
3.60208
3.60214
3.6022
3.60224
3.60228
3.6023
3.60233
3.60235
3.60237
3.60239
3.60241
3.60242
3.60244
3.60245
3.60247
3.6025
3.60253
3.60258
3.60263
3.60266
3.60266
3.60266
3.60265
3.60263
3.60259
3.60252
3.60244
3.60235
3.60228
3.60223
3.60219
3.60216
3.60214
3.6021
3.60207
3.60203
3.60199
3.60197
3.60197
3.60197
3.60197
3.60197
3.60198
3.602
3.60203
3.60207
3.60212
3.60217
3.60222
3.60226
3.60229
3.60232
3.60235
3.60236
3.60238
3.60239
3.6024
3.60241
3.60242
3.60243
3.60244
3.60245
3.60247
3.6025
3.60253
3.60259
3.60265
3.6027
3.60271
3.6027
3.60269
3.60267
3.60261
3.60254
3.60244
3.60234
3.60225
3.60219
3.60216
3.60213
3.60212
3.6021
3.60208
3.60205
3.60202
3.60199
3.60196
3.60193
3.60193
3.60193
3.60193
3.60194
3.60196
3.602
3.60205
3.6021
3.60216
3.60222
3.60227
3.6023
3.60233
3.60235
3.60236
3.60238
3.60239
3.60239
3.6024
3.60242
3.60243
3.60245
3.60247
3.6025
3.60252
3.60256
3.60261
3.60267
3.60274
3.60277
3.60278
3.60278
3.60277
3.60273
3.60266
3.60256
3.60244
3.60232
3.60224
3.60218
3.60214
3.60211
3.60208
3.60205
3.60202
3.60199
3.60196
3.60193
3.6019
3.60187
3.60187
3.60186
3.60187
3.60188
3.60189
3.60192
3.60196
3.60201
3.60207
3.60213
3.60219
3.60224
3.60229
3.60233
3.60236
3.60239
3.60241
3.60243
3.60245
3.60247
3.60249
3.60251
3.60254
3.60257
3.60261
3.60267
3.60276
3.60285
3.60293
3.60296
3.60296
3.60294
3.6029
3.60282
3.60269
3.60253
3.60236
3.60225
3.60214
3.64274
3.64274
3.64274
3.64274
3.64274
3.64274
3.64274
3.64274
3.64274
3.64274
3.64274
3.64274
3.64274
3.64274
3.64274
3.64274
3.64274
3.64274
3.64274
3.64274
3.64274
3.64274
3.64274
3.64274
3.64274
3.64274
3.64274
3.64274
3.64274
3.64274
3.64274
3.64274
3.64274
3.64274
3.64274
3.64275
3.64278
3.64285
3.64302
3.64342
3.64425
3.64573
3.6477
3.64903
3.64921
3.64909
3.64852
3.64716
3.64485
3.64166
3.63783
3.63367
3.62944
3.6253
3.62143
3.61795
3.61488
3.61229
3.61014
3.6085
3.60717
3.60614
3.6053
3.60456
3.60396
3.6034
3.60291
3.60248
3.60208
3.60172
3.60139
3.60116
3.60108
3.60107
3.60107
3.60108
3.60111
3.60117
3.60127
3.6014
3.60157
3.60174
3.60191
3.60205
3.60216
3.60225
3.60233
3.6024
3.60245
3.6025
3.60254
3.60257
3.60259
3.60262
3.60264
3.60266
3.60267
3.60268
3.60268
3.60268
3.60268
3.60267
3.60265
3.60263
3.60258
3.60253
3.60246
3.60238
3.60231
3.60224
3.60217
3.60211
3.60206
3.60201
3.60197
3.60195
3.60194
3.60194
3.60195
3.60195
3.60197
3.602
3.60204
3.60209
3.60214
3.6022
3.60224
3.60228
3.6023
3.60233
3.60235
3.60237
3.60239
3.60241
3.60242
3.60243
3.60245
3.60247
3.6025
3.60253
3.60258
3.60263
3.60266
3.60266
3.60266
3.60266
3.60263
3.60259
3.60252
3.60243
3.60235
3.60228
3.60223
3.60219
3.60216
3.60213
3.6021
3.60207
3.60203
3.60199
3.60197
3.60197
3.60197
3.60197
3.60197
3.60198
3.602
3.60203
3.60207
3.60212
3.60217
3.60222
3.60226
3.60229
3.60232
3.60235
3.60236
3.60238
3.60239
3.6024
3.60241
3.60242
3.60243
3.60244
3.60245
3.60247
3.6025
3.60253
3.60259
3.60265
3.60269
3.6027
3.6027
3.60269
3.60267
3.60262
3.60254
3.60244
3.60234
3.60225
3.6022
3.60216
3.60214
3.60211
3.60209
3.60207
3.60205
3.60202
3.60199
3.60196
3.60193
3.60193
3.60193
3.60193
3.60194
3.60197
3.602
3.60205
3.6021
3.60216
3.60221
3.60226
3.6023
3.60233
3.60235
3.60236
3.60238
3.60239
3.6024
3.60241
3.60242
3.60243
3.60245
3.60247
3.60249
3.60252
3.60256
3.60261
3.60267
3.60274
3.60277
3.60278
3.60279
3.60277
3.60273
3.60266
3.60256
3.60244
3.60232
3.60223
3.60218
3.60214
3.60211
3.60208
3.60205
3.60202
3.60199
3.60196
3.60193
3.6019
3.60188
3.60187
3.60187
3.60187
3.60188
3.60189
3.60192
3.60196
3.60201
3.60207
3.60213
3.60219
3.60225
3.60229
3.60233
3.60236
3.60239
3.60241
3.60243
3.60245
3.60247
3.60249
3.60251
3.60254
3.60257
3.60261
3.60268
3.60276
3.60285
3.60293
3.60295
3.60295
3.60294
3.6029
3.60282
3.60269
3.60253
3.60237
3.60225
3.60214
3.64274
3.64274
3.64274
3.64274
3.64274
3.64274
3.64274
3.64274
3.64274
3.64274
3.64274
3.64274
3.64274
3.64274
3.64274
3.64274
3.64274
3.64274
3.64274
3.64274
3.64274
3.64274
3.64274
3.64274
3.64274
3.64274
3.64274
3.64274
3.64274
3.64274
3.64274
3.64274
3.64274
3.64274
3.64274
3.64275
3.64278
3.64285
3.64302
3.64342
3.64425
3.64573
3.6477
3.64903
3.64921
3.64909
3.64852
3.64716
3.64485
3.64166
3.63783
3.63367
3.62944
3.6253
3.62144
3.61794
3.61488
3.61228
3.61015
3.6085
3.60716
3.60614
3.60529
3.60456
3.60396
3.6034
3.60291
3.60249
3.60208
3.60172
3.60139
3.60116
3.60108
3.60107
3.60107
3.60108
3.60111
3.60117
3.60127
3.6014
3.60157
3.60174
3.60191
3.60205
3.60216
3.60226
3.60233
3.6024
3.60245
3.6025
3.60254
3.60257
3.6026
3.60262
3.60264
3.60266
3.60267
3.60268
3.60268
3.60268
3.60268
3.60267
3.60265
3.60263
3.60258
3.60253
3.60246
3.60238
3.60231
3.60224
3.60217
3.60211
3.60206
3.60201
3.60197
3.60195
3.60194
3.60194
3.60194
3.60195
3.60197
3.602
3.60204
3.60209
3.60214
3.60219
3.60224
3.60227
3.6023
3.60233
3.60235
3.60237
3.60239
3.6024
3.60242
3.60243
3.60245
3.60247
3.6025
3.60253
3.60258
3.60263
3.60266
3.60266
3.60267
3.60266
3.60263
3.60259
3.60252
3.60243
3.60235
3.60228
3.60223
3.60219
3.60216
3.60213
3.6021
3.60207
3.60203
3.602
3.60197
3.60196
3.60196
3.60197
3.60197
3.60199
3.60201
3.60203
3.60207
3.60212
3.60217
3.60222
3.60226
3.6023
3.60232
3.60234
3.60236
3.60238
3.60239
3.6024
3.60241
3.60242
3.60243
3.60244
3.60245
3.60247
3.6025
3.60254
3.60259
3.60265
3.60269
3.6027
3.6027
3.60269
3.60267
3.60262
3.60254
3.60244
3.60234
3.60225
3.6022
3.60216
3.60214
3.60211
3.60209
3.60207
3.60205
3.60202
3.60199
3.60196
3.60194
3.60193
3.60193
3.60193
3.60195
3.60197
3.602
3.60204
3.6021
3.60215
3.60221
3.60226
3.6023
3.60233
3.60235
3.60237
3.60238
3.60239
3.6024
3.60241
3.60242
3.60244
3.60245
3.60247
3.60249
3.60252
3.60255
3.60261
3.60267
3.60274
3.60277
3.60278
3.60279
3.60277
3.60273
3.60266
3.60256
3.60244
3.60232
3.60223
3.60218
3.60214
3.6021
3.60207
3.60205
3.60202
3.60199
3.60197
3.60193
3.6019
3.60188
3.60187
3.60187
3.60186
3.60187
3.60189
3.60192
3.60196
3.60201
3.60208
3.60214
3.6022
3.60225
3.60229
3.60233
3.60236
3.60238
3.60241
3.60243
3.60245
3.60247
3.60249
3.60252
3.60254
3.60258
3.60262
3.60268
3.60276
3.60285
3.60292
3.60295
3.60295
3.60293
3.60289
3.60281
3.60269
3.60254
3.60238
3.60226
3.60215
3.64274
3.64274
3.64274
3.64274
3.64274
3.64274
3.64274
3.64274
3.64274
3.64274
3.64274
3.64274
3.64274
3.64274
3.64274
3.64274
3.64274
3.64274
3.64274
3.64274
3.64274
3.64274
3.64274
3.64274
3.64274
3.64274
3.64274
3.64274
3.64274
3.64274
3.64274
3.64274
3.64274
3.64274
3.64274
3.64275
3.64278
3.64285
3.64302
3.64342
3.64425
3.64573
3.6477
3.64903
3.64921
3.64909
3.64852
3.64716
3.64485
3.64166
3.63784
3.63367
3.62944
3.6253
3.62145
3.61793
3.61488
3.61227
3.61016
3.6085
3.60716
3.60614
3.60529
3.60457
3.60396
3.6034
3.60291
3.60248
3.60208
3.60172
3.60139
3.60116
3.60108
3.60107
3.60107
3.60108
3.60111
3.60117
3.60127
3.6014
3.60157
3.60174
3.60191
3.60205
3.60216
3.60226
3.60233
3.6024
3.60245
3.60249
3.60253
3.60257
3.6026
3.60262
3.60264
3.60265
3.60267
3.60268
3.60268
3.60268
3.60268
3.60267
3.60265
3.60262
3.60258
3.60252
3.60246
3.60239
3.60231
3.60224
3.60217
3.60211
3.60206
3.60201
3.60198
3.60195
3.60194
3.60194
3.60194
3.60195
3.60197
3.602
3.60204
3.60209
3.60214
3.60219
3.60224
3.60227
3.60231
3.60233
3.60235
3.60237
3.60239
3.6024
3.60242
3.60243
3.60245
3.60247
3.6025
3.60253
3.60258
3.60263
3.60266
3.60267
3.60267
3.60266
3.60263
3.60258
3.60251
3.60243
3.60235
3.60228
3.60223
3.60219
3.60216
3.60213
3.6021
3.60207
3.60203
3.602
3.60197
3.60196
3.60196
3.60196
3.60197
3.60199
3.60201
3.60203
3.60207
3.60212
3.60217
3.60222
3.60226
3.6023
3.60232
3.60234
3.60236
3.60238
3.60239
3.6024
3.60241
3.60242
3.60243
3.60244
3.60245
3.60247
3.6025
3.60254
3.60259
3.60265
3.60269
3.6027
3.6027
3.60269
3.60267
3.60262
3.60254
3.60244
3.60234
3.60225
3.6022
3.60216
3.60214
3.60212
3.60209
3.60207
3.60205
3.60202
3.60199
3.60196
3.60194
3.60193
3.60193
3.60193
3.60195
3.60197
3.602
3.60204
3.6021
3.60215
3.60221
3.60226
3.6023
3.60233
3.60235
3.60237
3.60238
3.60239
3.6024
3.60241
3.60243
3.60244
3.60245
3.60246
3.60248
3.60251
3.60255
3.6026
3.60267
3.60274
3.60278
3.60279
3.60279
3.60277
3.60273
3.60266
3.60256
3.60244
3.60232
3.60223
3.60217
3.60213
3.6021
3.60208
3.60205
3.60202
3.602
3.60197
3.60193
3.6019
3.60188
3.60187
3.60186
3.60186
3.60186
3.60188
3.60192
3.60196
3.60202
3.60208
3.60214
3.6022
3.60225
3.6023
3.60233
3.60236
3.60238
3.6024
3.60242
3.60244
3.60247
3.60249
3.60252
3.60255
3.60259
3.60263
3.60268
3.60276
3.60285
3.60292
3.60294
3.60294
3.60293
3.60289
3.60281
3.60269
3.60254
3.60238
3.60227
3.60216
3.64274
3.64274
3.64274
3.64274
3.64274
3.64274
3.64274
3.64274
3.64274
3.64274
3.64274
3.64274
3.64274
3.64274
3.64274
3.64274
3.64274
3.64274
3.64274
3.64274
3.64274
3.64274
3.64274
3.64274
3.64274
3.64274
3.64274
3.64274
3.64274
3.64274
3.64274
3.64274
3.64274
3.64274
3.64274
3.64275
3.64278
3.64285
3.64302
3.64342
3.64425
3.64573
3.6477
3.64903
3.64921
3.64909
3.64852
3.64716
3.64485
3.64166
3.63784
3.63367
3.62944
3.6253
3.62145
3.61793
3.61488
3.61227
3.61016
3.6085
3.60716
3.60614
3.60529
3.60457
3.60396
3.6034
3.60291
3.60248
3.60208
3.60172
3.60139
3.60116
3.60108
3.60107
3.60107
3.60108
3.60111
3.60117
3.60127
3.6014
3.60157
3.60174
3.60191
3.60205
3.60216
3.60226
3.60233
3.60239
3.60245
3.60249
3.60253
3.60257
3.6026
3.60262
3.60264
3.60265
3.60267
3.60268
3.60268
3.60268
3.60268
3.60267
3.60265
3.60262
3.60258
3.60253
3.60246
3.60239
3.60231
3.60224
3.60217
3.60211
3.60206
3.60202
3.60198
3.60195
3.60194
3.60194
3.60194
3.60195
3.60197
3.602
3.60204
3.60209
3.60214
3.60219
3.60224
3.60227
3.60231
3.60233
3.60235
3.60237
3.60239
3.6024
3.60242
3.60244
3.60245
3.60247
3.6025
3.60253
3.60258
3.60263
3.60266
3.60267
3.60267
3.60266
3.60263
3.60258
3.60251
3.60243
3.60235
3.60228
3.60223
3.60219
3.60216
3.60213
3.6021
3.60207
3.60203
3.602
3.60197
3.60196
3.60196
3.60196
3.60197
3.60199
3.60201
3.60203
3.60207
3.60212
3.60217
3.60222
3.60226
3.6023
3.60232
3.60234
3.60236
3.60238
3.60239
3.6024
3.60241
3.60242
3.60243
3.60244
3.60245
3.60247
3.6025
3.60254
3.60259
3.60265
3.60269
3.6027
3.6027
3.60269
3.60267
3.60262
3.60254
3.60244
3.60234
3.60225
3.6022
3.60216
3.60214
3.60212
3.60209
3.60207
3.60205
3.60202
3.60199
3.60196
3.60194
3.60193
3.60193
3.60194
3.60195
3.60197
3.602
3.60205
3.6021
3.60215
3.60221
3.60226
3.6023
3.60233
3.60235
3.60236
3.60238
3.60239
3.6024
3.60242
3.60243
3.60244
3.60245
3.60246
3.60248
3.60251
3.60255
3.6026
3.60267
3.60274
3.60278
3.60279
3.60279
3.60277
3.60273
3.60266
3.60256
3.60244
3.60232
3.60223
3.60217
3.60213
3.6021
3.60208
3.60205
3.60203
3.602
3.60197
3.60193
3.6019
3.60188
3.60187
3.60185
3.60185
3.60186
3.60188
3.60191
3.60196
3.60202
3.60209
3.60215
3.60221
3.60226
3.6023
3.60233
3.60236
3.60238
3.6024
3.60242
3.60244
3.60246
3.60249
3.60252
3.60256
3.6026
3.60264
3.60269
3.60276
3.60285
3.60292
3.60294
3.60294
3.60292
3.60288
3.6028
3.60268
3.60254
3.60239
3.60228
3.60217
3.64274
3.64274
3.64274
3.64274
3.64274
3.64274
3.64274
3.64274
3.64274
3.64274
3.64274
3.64274
3.64274
3.64274
3.64274
3.64274
3.64274
3.64274
3.64274
3.64274
3.64274
3.64274
3.64274
3.64274
3.64274
3.64274
3.64274
3.64274
3.64274
3.64274
3.64274
3.64274
3.64274
3.64274
3.64274
3.64275
3.64278
3.64285
3.64302
3.64342
3.64425
3.64573
3.6477
3.64903
3.64921
3.64909
3.64852
3.64716
3.64485
3.64166
3.63784
3.63367
3.62943
3.6253
3.62146
3.61793
3.61487
3.61228
3.61016
3.6085
3.60716
3.60614
3.60529
3.60457
3.60396
3.6034
3.60291
3.60248
3.60208
3.60172
3.60139
3.60116
3.60108
3.60107
3.60107
3.60108
3.60111
3.60117
3.60127
3.6014
3.60157
3.60174
3.60191
3.60205
3.60217
3.60226
3.60233
3.60239
3.60245
3.60249
3.60254
3.60257
3.6026
3.60262
3.60264
3.60265
3.60267
3.60268
3.60268
3.60268
3.60268
3.60267
3.60265
3.60262
3.60258
3.60253
3.60246
3.60238
3.60231
3.60223
3.60217
3.60211
3.60206
3.60202
3.60198
3.60195
3.60194
3.60194
3.60194
3.60195
3.60197
3.602
3.60204
3.60209
3.60214
3.60219
3.60224
3.60228
3.60231
3.60233
3.60235
3.60237
3.60239
3.6024
3.60242
3.60244
3.60245
3.60247
3.6025
3.60253
3.60258
3.60263
3.60266
3.60267
3.60267
3.60265
3.60263
3.60258
3.60252
3.60243
3.60235
3.60228
3.60223
3.60219
3.60216
3.60213
3.6021
3.60207
3.60203
3.602
3.60197
3.60196
3.60196
3.60196
3.60197
3.60198
3.602
3.60203
3.60207
3.60212
3.60217
3.60222
3.60226
3.6023
3.60232
3.60234
3.60236
3.60238
3.60239
3.6024
3.60241
3.60242
3.60243
3.60244
3.60246
3.60248
3.6025
3.60254
3.60259
3.60265
3.60269
3.6027
3.6027
3.60269
3.60266
3.60261
3.60254
3.60244
3.60234
3.60226
3.6022
3.60216
3.60214
3.60212
3.6021
3.60207
3.60205
3.60202
3.60198
3.60195
3.60193
3.60193
3.60193
3.60194
3.60195
3.60197
3.602
3.60205
3.6021
3.60216
3.60221
3.60226
3.6023
3.60232
3.60235
3.60236
3.60238
3.60239
3.60241
3.60242
3.60242
3.60244
3.60245
3.60246
3.60248
3.60251
3.60255
3.6026
3.60267
3.60274
3.60278
3.60279
3.60279
3.60277
3.60273
3.60266
3.60256
3.60243
3.60232
3.60223
3.60217
3.60213
3.6021
3.60208
3.60206
3.60204
3.60201
3.60197
3.60193
3.6019
3.60187
3.60186
3.60185
3.60185
3.60186
3.60188
3.60191
3.60196
3.60202
3.60209
3.60216
3.60222
3.60226
3.6023
3.60233
3.60235
3.60237
3.60239
3.60241
3.60243
3.60246
3.60248
3.60252
3.60257
3.6026
3.60264
3.60269
3.60276
3.60285
3.60292
3.60294
3.60293
3.60291
3.60287
3.60279
3.60268
3.60254
3.60239
3.60228
3.60217
3.64274
3.64274
3.64274
3.64274
3.64274
3.64274
3.64274
3.64274
3.64274
3.64274
3.64274
3.64274
3.64274
3.64274
3.64274
3.64274
3.64274
3.64274
3.64274
3.64274
3.64274
3.64274
3.64274
3.64274
3.64274
3.64274
3.64274
3.64274
3.64274
3.64274
3.64274
3.64274
3.64274
3.64274
3.64274
3.64275
3.64278
3.64285
3.64302
3.64342
3.64425
3.64573
3.6477
3.64903
3.64921
3.64909
3.64852
3.64716
3.64485
3.64166
3.63784
3.63368
3.62942
3.62531
3.62146
3.61794
3.61486
3.61228
3.61017
3.6085
3.60716
3.60614
3.60529
3.60457
3.60396
3.6034
3.60291
3.60248
3.60208
3.60172
3.60139
3.60115
3.60108
3.60107
3.60107
3.60108
3.60111
3.60117
3.60126
3.6014
3.60157
3.60174
3.60191
3.60205
3.60217
3.60226
3.60233
3.60239
3.60245
3.6025
3.60254
3.60257
3.6026
3.60262
3.60263
3.60265
3.60267
3.60268
3.60268
3.60268
3.60268
3.60267
3.60265
3.60263
3.60258
3.60253
3.60246
3.60238
3.6023
3.60223
3.60217
3.60212
3.60207
3.60202
3.60197
3.60194
3.60194
3.60194
3.60195
3.60196
3.60197
3.602
3.60204
3.60208
3.60214
3.6022
3.60224
3.60228
3.60231
3.60233
3.60235
3.60237
3.60239
3.60241
3.60242
3.60244
3.60245
3.60247
3.6025
3.60253
3.60258
3.60263
3.60266
3.60267
3.60266
3.60265
3.60263
3.60258
3.60252
3.60243
3.60235
3.60228
3.60223
3.60219
3.60217
3.60214
3.60211
3.60207
3.60203
3.60199
3.60197
3.60196
3.60196
3.60197
3.60197
3.60198
3.602
3.60203
3.60208
3.60212
3.60218
3.60222
3.60226
3.60229
3.60232
3.60234
3.60236
3.60238
3.60239
3.6024
3.60241
3.60242
3.60243
3.60244
3.60246
3.60248
3.6025
3.60254
3.60259
3.60265
3.60269
3.6027
3.6027
3.60269
3.60266
3.60261
3.60254
3.60244
3.60234
3.60226
3.6022
3.60216
3.60214
3.60212
3.6021
3.60208
3.60205
3.60202
3.60198
3.60195
3.60193
3.60193
3.60193
3.60194
3.60195
3.60197
3.602
3.60204
3.6021
3.60216
3.60222
3.60226
3.6023
3.60232
3.60234
3.60236
3.60238
3.6024
3.60241
3.60241
3.60242
3.60243
3.60245
3.60246
3.60249
3.60251
3.60255
3.6026
3.60267
3.60274
3.60279
3.60279
3.60279
3.60277
3.60273
3.60266
3.60255
3.60243
3.60232
3.60223
3.60216
3.60213
3.6021
3.60208
3.60206
3.60204
3.60201
3.60198
3.60194
3.6019
3.60187
3.60185
3.60184
3.60185
3.60186
3.60188
3.60191
3.60196
3.60202
3.6021
3.60217
3.60222
3.60227
3.6023
3.60233
3.60235
3.60236
3.60238
3.6024
3.60243
3.60245
3.60248
3.60253
3.60257
3.6026
3.60264
3.6027
3.60277
3.60285
3.60292
3.60293
3.60293
3.60291
3.60286
3.60279
3.60267
3.60254
3.60239
3.60229
3.60217
3.64274
3.64274
3.64274
3.64274
3.64274
3.64274
3.64274
3.64274
3.64274
3.64274
3.64274
3.64274
3.64274
3.64274
3.64274
3.64274
3.64274
3.64274
3.64274
3.64274
3.64274
3.64274
3.64274
3.64274
3.64274
3.64274
3.64274
3.64274
3.64274
3.64274
3.64274
3.64274
3.64274
3.64274
3.64274
3.64275
3.64278
3.64285
3.64302
3.64342
3.64425
3.64573
3.6477
3.64903
3.64921
3.64909
3.64852
3.64716
3.64485
3.64166
3.63784
3.63368
3.62943
3.62529
3.62145
3.61795
3.61486
3.61226
3.61016
3.6085
3.60717
3.60613
3.60528
3.60457
3.60396
3.6034
3.60291
3.60248
3.60208
3.60172
3.60139
3.60116
3.60108
3.60107
3.60107
3.60108
3.60111
3.60117
3.60127
3.6014
3.60157
3.60175
3.60191
3.60205
3.60217
3.60226
3.60233
3.60239
3.60245
3.6025
3.60254
3.60257
3.6026
3.60262
3.60263
3.60265
3.60267
3.60268
3.60268
3.60268
3.60268
3.60267
3.60265
3.60263
3.60258
3.60253
3.60246
3.60238
3.6023
3.60223
3.60217
3.60212
3.60207
3.60202
3.60197
3.60194
3.60194
3.60194
3.60195
3.60196
3.60197
3.602
3.60203
3.60208
3.60214
3.6022
3.60224
3.60228
3.6023
3.60232
3.60234
3.60237
3.60239
3.60241
3.60242
3.60243
3.60245
3.60247
3.6025
3.60254
3.60259
3.60263
3.60266
3.60266
3.60266
3.60265
3.60263
3.60259
3.60252
3.60243
3.60235
3.60227
3.60223
3.60219
3.60217
3.60214
3.60211
3.60207
3.60203
3.60199
3.60197
3.60196
3.60196
3.60197
3.60197
3.60198
3.602
3.60203
3.60208
3.60213
3.60218
3.60222
3.60226
3.60229
3.60232
3.60235
3.60236
3.60238
3.60239
3.6024
3.60241
3.60242
3.60243
3.60245
3.60246
3.60248
3.6025
3.60254
3.60259
3.60265
3.60269
3.6027
3.6027
3.60269
3.60266
3.60261
3.60253
3.60244
3.60234
3.60226
3.6022
3.60216
3.60214
3.60212
3.6021
3.60208
3.60205
3.60201
3.60198
3.60195
3.60193
3.60193
3.60193
3.60194
3.60195
3.60197
3.602
3.60205
3.6021
3.60216
3.60222
3.60226
3.60229
3.60232
3.60234
3.60236
3.60238
3.6024
3.6024
3.60241
3.60242
3.60243
3.60245
3.60246
3.60249
3.60252
3.60255
3.6026
3.60267
3.60275
3.60279
3.60279
3.60279
3.60277
3.60273
3.60266
3.60255
3.60243
3.60232
3.60222
3.60216
3.60213
3.6021
3.60209
3.60207
3.60204
3.60201
3.60198
3.60194
3.60189
3.60186
3.60185
3.60184
3.60185
3.60186
3.60188
3.60191
3.60196
3.60202
3.6021
3.60217
3.60222
3.60227
3.6023
3.60233
3.60234
3.60236
3.60238
3.6024
3.60242
3.60245
3.60249
3.60254
3.60257
3.60261
3.60265
3.6027
3.60277
3.60286
3.60292
3.60293
3.60292
3.6029
3.60286
3.60278
3.60267
3.60254
3.6024
3.60229
3.60218
)
;

boundaryField
{
    sides
    {
        type            calculated;
        value           nonuniform List<scalar> 
600
(
3.64274
3.64274
3.64274
3.64274
3.64274
3.64274
3.64274
3.64274
3.64274
3.64274
3.64274
3.64274
3.64274
3.64274
3.64274
3.64274
3.64274
3.64274
3.64274
3.64274
3.64274
3.64274
3.64274
3.64274
3.64274
3.64274
3.64274
3.64274
3.64274
3.64274
3.64274
3.64274
3.64274
3.64274
3.64274
3.64275
3.64278
3.64285
3.64302
3.64342
3.64425
3.64573
3.6477
3.64903
3.64921
3.64909
3.64852
3.64716
3.64485
3.64167
3.63784
3.63367
3.62944
3.62531
3.62143
3.61792
3.61488
3.61228
3.61016
3.60847
3.60717
3.60615
3.60529
3.60457
3.60395
3.6034
3.60292
3.60248
3.60208
3.60172
3.60139
3.60116
3.60108
3.60107
3.60107
3.60108
3.60111
3.60117
3.60126
3.6014
3.60157
3.60174
3.60191
3.60205
3.60217
3.60226
3.60233
3.60239
3.60245
3.6025
3.60254
3.60257
3.6026
3.60262
3.60264
3.60265
3.60267
3.60268
3.60268
3.60268
3.60268
3.60267
3.60266
3.60263
3.60258
3.60253
3.60246
3.60238
3.60231
3.60223
3.60217
3.60211
3.60206
3.60201
3.60197
3.60195
3.60195
3.60195
3.60195
3.60195
3.60197
3.60199
3.60203
3.60208
3.60214
3.60219
3.60224
3.60228
3.60231
3.60233
3.60235
3.60237
3.60239
3.6024
3.60242
3.60243
3.60245
3.60247
3.6025
3.60253
3.60258
3.60263
3.60266
3.60267
3.60266
3.60266
3.60263
3.60258
3.60251
3.60243
3.60234
3.60228
3.60223
3.60219
3.60217
3.60214
3.60211
3.60207
3.60203
3.60199
3.60197
3.60196
3.60196
3.60196
3.60197
3.60198
3.602
3.60203
3.60208
3.60213
3.60218
3.60222
3.60226
3.60229
3.60232
3.60234
3.60236
3.60237
3.60238
3.6024
3.60241
3.60243
3.60244
3.60245
3.60246
3.60248
3.6025
3.60254
3.60259
3.60265
3.60269
3.60269
3.60269
3.60268
3.60267
3.60262
3.60254
3.60245
3.60235
3.60226
3.6022
3.60216
3.60213
3.60211
3.60209
3.60207
3.60204
3.60201
3.60198
3.60196
3.60194
3.60194
3.60194
3.60194
3.60194
3.60196
3.602
3.60204
3.6021
3.60215
3.60221
3.60226
3.60229
3.60233
3.60236
3.60237
3.60239
3.6024
3.6024
3.60241
3.60241
3.60242
3.60244
3.60246
3.60248
3.60251
3.60256
3.60262
3.60268
3.60275
3.60279
3.60279
3.60278
3.60276
3.60272
3.60265
3.60255
3.60243
3.60231
3.60222
3.60217
3.60214
3.60212
3.6021
3.60207
3.60204
3.60201
3.60197
3.60192
3.60188
3.60185
3.60185
3.60185
3.60185
3.60186
3.60188
3.60192
3.60198
3.60204
3.6021
3.60216
3.60221
3.60225
3.60229
3.60232
3.60235
3.60237
3.60239
3.60241
3.60243
3.60246
3.60249
3.60253
3.60257
3.6026
3.60264
3.60269
3.60277
3.60285
3.60292
3.60294
3.60293
3.60291
3.60287
3.6028
3.60268
3.60254
3.60238
3.60227
3.60215
3.64274
3.64274
3.64274
3.64274
3.64274
3.64274
3.64274
3.64274
3.64274
3.64274
3.64274
3.64274
3.64274
3.64274
3.64274
3.64274
3.64274
3.64274
3.64274
3.64274
3.64274
3.64274
3.64274
3.64274
3.64274
3.64274
3.64274
3.64274
3.64274
3.64274
3.64274
3.64274
3.64274
3.64274
3.64274
3.64275
3.64278
3.64285
3.64302
3.64342
3.64425
3.64573
3.6477
3.64903
3.64921
3.64909
3.64852
3.64716
3.64485
3.64166
3.63784
3.63368
3.62943
3.62529
3.62145
3.61795
3.61486
3.61226
3.61016
3.6085
3.60717
3.60613
3.60528
3.60457
3.60396
3.6034
3.60291
3.60248
3.60208
3.60172
3.60139
3.60116
3.60108
3.60107
3.60107
3.60108
3.60111
3.60117
3.60127
3.6014
3.60157
3.60175
3.60191
3.60205
3.60217
3.60226
3.60233
3.60239
3.60245
3.6025
3.60254
3.60257
3.6026
3.60262
3.60263
3.60265
3.60267
3.60268
3.60268
3.60268
3.60268
3.60267
3.60265
3.60263
3.60258
3.60253
3.60246
3.60238
3.6023
3.60223
3.60217
3.60212
3.60207
3.60202
3.60197
3.60194
3.60194
3.60194
3.60195
3.60196
3.60197
3.602
3.60203
3.60208
3.60214
3.6022
3.60224
3.60228
3.6023
3.60232
3.60234
3.60237
3.60239
3.60241
3.60242
3.60243
3.60245
3.60247
3.6025
3.60254
3.60259
3.60263
3.60266
3.60266
3.60266
3.60265
3.60263
3.60259
3.60252
3.60243
3.60235
3.60227
3.60223
3.60219
3.60217
3.60214
3.60211
3.60207
3.60203
3.60199
3.60197
3.60196
3.60196
3.60197
3.60197
3.60198
3.602
3.60203
3.60208
3.60213
3.60218
3.60222
3.60226
3.60229
3.60232
3.60235
3.60236
3.60238
3.60239
3.6024
3.60241
3.60242
3.60243
3.60245
3.60246
3.60248
3.6025
3.60254
3.60259
3.60265
3.60269
3.6027
3.6027
3.60269
3.60266
3.60261
3.60253
3.60244
3.60234
3.60226
3.6022
3.60216
3.60214
3.60212
3.6021
3.60208
3.60205
3.60201
3.60198
3.60195
3.60193
3.60193
3.60193
3.60194
3.60195
3.60197
3.602
3.60205
3.6021
3.60216
3.60222
3.60226
3.60229
3.60232
3.60234
3.60236
3.60238
3.6024
3.6024
3.60241
3.60242
3.60243
3.60245
3.60246
3.60249
3.60252
3.60255
3.6026
3.60267
3.60275
3.60279
3.60279
3.60279
3.60277
3.60273
3.60266
3.60255
3.60243
3.60232
3.60222
3.60216
3.60213
3.6021
3.60209
3.60207
3.60204
3.60201
3.60198
3.60194
3.60189
3.60186
3.60185
3.60184
3.60185
3.60186
3.60188
3.60191
3.60196
3.60202
3.6021
3.60217
3.60222
3.60227
3.6023
3.60233
3.60234
3.60236
3.60238
3.6024
3.60242
3.60245
3.60249
3.60254
3.60257
3.60261
3.60265
3.6027
3.60277
3.60286
3.60292
3.60293
3.60292
3.6029
3.60286
3.60278
3.60267
3.60254
3.6024
3.60229
3.60218
)
;
    }
    inlet
    {
        type            calculated;
        value           nonuniform List<scalar> 
20
(
3.64274
3.64274
3.64274
3.64274
3.64274
3.64274
3.64274
3.64274
3.64274
3.64274
3.64274
3.64274
3.64274
3.64274
3.64274
3.64274
3.64274
3.64274
3.64274
3.64274
)
;
    }
    outlet
    {
        type            calculated;
        value           nonuniform List<scalar> 
20
(
3.60215
3.60215
3.60215
3.60215
3.60214
3.60214
3.60213
3.60213
3.60213
3.60213
3.60213
3.60213
3.60214
3.60214
3.60215
3.60216
3.60217
3.60217
3.60217
3.60218
)
;
    }
    empty
    {
        type            empty;
    }
}


// ************************************************************************* //
