/*--------------------------------*- C++ -*----------------------------------*\
| =========                 |                                                 |
| \\      /  F ield         | OpenFOAM: The Open Source CFD Toolbox           |
|  \\    /   O peration     | Version:  2306                                  |
|   \\  /    A nd           | Website:  www.openfoam.com                      |
|    \\/     M anipulation  |                                                 |
\*---------------------------------------------------------------------------*/
FoamFile
{
    version     2.0;
    format      ascii;
    arch        "LSB;label=32;scalar=64";
    class       volScalarField;
    location    "0.08";
    object      T;
}
// * * * * * * * * * * * * * * * * * * * * * * * * * * * * * * * * * * * * * //

dimensions      [0 0 0 1 0 0 0];

internalField   nonuniform List<scalar> 
6000
(
3944.82
2708.51
2220
2368.59
2519.42
2720.59
2911.98
3055.47
3109.19
3128.33
3149.49
3171.73
3181.72
3121.67
2840.32
2633.75
2644.79
2689.37
2752.73
2819.27
2883.38
2946.24
3009.72
3075.01
3143.04
3215.19
3294.29
3383.12
3463.01
3503.18
3520.86
3483.81
3252.59
3052.73
3057.01
3091.92
3145.17
3198.42
3243.76
3284.39
3324.45
3365.81
3408.56
3451.72
3494.43
3537.97
3588.24
3657.91
3743.83
3784.45
3792.16
3727.57
3514.13
3417.58
3428.37
3459.73
3504.61
3547.06
3580.27
3609.01
3638.11
3669.54
3702.81
3735.77
3767.14
3798.66
3835.81
3889.29
3954.1
3986.79
3997.79
3960.37
3811.92
3719.3
3727.77
3754.48
3794.59
3839.04
3875.85
3905.14
3932.37
3960.74
3990.81
4020.51
4046.06
4065.25
4079.55
4093.94
4115.91
4138.36
4126.78
4082.35
3985.16
3817.09
3707.2
3670.5
3644.92
3632.84
3623.07
3604.49
3577.43
3548.66
3522.22
3499.29
3478.16
3456.02
3433.22
3416.11
3411.38
3412.57
3379.13
3316.12
3203.92
3088.83
3042.36
3016.62
3000.92
2989.61
2968.15
2931.66
2886.45
2837.42
2786.07
2732.21
2676.53
2622.6
2571.83
2505.2
2417.57
2300.21
2176.99
2091.53
2031.06
1983.84
1941.28
1891.06
1831.54
1768.94
1708.43
1653.69
1604.58
1542.94
1456.72
1352.08
1235.18
1134.88
1036.1
934.974
826.566
719.052
623.141
535.056
467.693
423.314
400.026
390.714
387.057
380.101
372.13
364.787
361.555
360.486
361.238
360.643
358.682
356.305
355.159
354.895
355.152
355.122
354.642
353.865
353.434
353.338
353.415
353.407
353.166
352.734
352.337
352.174
352.132
352.227
352.251
352.146
351.987
351.85
351.775
351.717
351.655
351.574
351.46
351.32
351.181
351.064
350.964
350.873
350.798
350.736
350.697
350.678
350.649
350.592
350.519
350.428
350.336
350.262
350.211
350.167
350.124
350.079
350.027
349.97
349.91
349.848
349.791
349.75
349.717
349.693
349.677
349.665
349.645
349.616
349.583
349.549
349.515
349.479
349.442
349.399
349.342
349.261
349.147
348.995
348.829
348.709
348.666
348.678
348.704
348.749
348.803
348.869
348.951
349.055
349.175
349.274
349.311
349.308
349.295
349.246
349.146
348.977
348.747
348.538
348.43
348.368
348.319
348.296
348.311
348.363
348.446
348.508
348.511
348.482
348.429
348.365
348.307
348.267
348.246
348.241
348.23
348.195
348.139
348.07
347.955
347.845
347.752
347.702
347.721
347.792
347.913
348.067
348.221
348.335
348.396
348.408
348.394
348.374
348.334
348.254
348.124
347.996
347.943
347.948
347.971
348.026
348.129
348.289
348.49
348.702
348.891
349.048
3943.51
2542.76
2232.07
2370.18
2517.85
2718.88
2911.1
3054.92
3108.5
3127.73
3148.92
3171.28
3181.5
3121.92
2840.84
2633.27
2644.4
2689.04
2752.47
2819.08
2883.29
2946.24
3009.82
3075.29
3143.71
3216.5
3296.15
3385
3464.88
3505.15
3522.81
3486.06
3254.04
3053.4
3057.68
3092.68
3145.96
3199.19
3244.51
3285.15
3325.23
3366.63
3409.44
3452.67
3495.45
3538.97
3589.05
3658.34
3743.36
3783
3790.13
3724.11
3510.18
3414.83
3425.64
3456.94
3501.71
3543.99
3577
3605.57
3634.5
3665.71
3698.68
3731.47
3762.88
3794.72
3832.69
3887.94
3955.61
3990.31
4001.51
3964.67
3815.65
3721.29
3729.43
3755.92
3795.87
3840.07
3876.47
3905.31
3932.17
3960.04
3989.38
4018.36
4043.64
4062.87
4077.2
4091.48
4113.67
4136.84
4126.2
4082.75
3986.54
3819.69
3710.05
3673.33
3647.55
3635.17
3624.98
3605.94
3578.49
3549.23
3522.17
3498.41
3476.34
3453.36
3430.01
3412.6
3407.53
3408.89
3375.93
3313.54
3201.93
3087.81
3042.14
3016.6
3001.07
2989.63
2968.02
2931.33
2885.91
2836.74
2785.44
2731.88
2676.62
2623.47
2574.19
2509.3
2422.09
2305.1
2181.43
2095.29
2034.56
1986.97
1944.05
1893.23
1832.98
1769.69
1708.45
1652.82
1602.9
1541.23
1454.84
1350.38
1233.35
1133.07
1034.63
934.136
826.491
719.621
624.339
536.91
469.893
425.461
401.886
392.168
388.446
381.243
372.823
364.966
361.478
360.287
361.1
360.766
358.915
356.429
355.078
354.774
355.016
355.085
354.696
353.963
353.463
353.336
353.373
353.378
353.158
352.758
352.37
352.196
352.137
352.211
352.236
352.134
351.982
351.847
351.771
351.713
351.653
351.574
351.464
351.328
351.192
351.076
350.975
350.886
350.813
350.752
350.712
350.693
350.663
350.605
350.533
350.443
350.349
350.271
350.215
350.169
350.125
350.08
350.03
349.976
349.917
349.858
349.801
349.756
349.723
349.695
349.675
349.659
349.64
349.613
349.581
349.547
349.512
349.476
349.439
349.396
349.339
349.258
349.143
348.991
348.822
348.698
348.652
348.662
348.688
348.734
348.791
348.859
348.944
349.05
349.17
349.266
349.301
349.296
349.28
349.23
349.132
348.966
348.742
348.537
348.433
348.373
348.327
348.307
348.324
348.376
348.456
348.516
348.52
348.495
348.45
348.398
348.349
348.315
348.291
348.274
348.255
348.216
348.154
348.081
347.975
347.875
347.792
347.747
347.767
347.834
347.947
348.09
348.233
348.339
348.392
348.4
348.383
348.361
348.319
348.236
348.104
347.974
347.922
347.926
347.945
347.995
348.088
348.231
348.42
348.628
348.82
348.976
3942.67
2465.62
2238.91
2370.57
2516.9
2719.29
2911.27
3054.1
3107.37
3126.63
3148.13
3170.69
3180.92
3121.65
2841.15
2632.46
2643.56
2688.12
2751.6
2818.39
2882.83
2945.98
3009.73
3075.37
3144.03
3217.08
3296.97
3386.31
3467.2
3508.41
3526.33
3488.99
3255.15
3054.15
3058.47
3093.6
3146.93
3200.12
3245.38
3285.98
3326
3367.33
3410.1
3453.34
3496.12
3539.63
3589.75
3659.14
3742.79
3780.56
3787.11
3719.14
3504.3
3411.12
3421.89
3453.03
3497.39
3539.23
3571.87
3600.02
3628.4
3659.02
3691.61
3724.37
3756.19
3788.88
3828.14
3885.08
3955.49
3992.72
4004.82
3969.57
3820.4
3723.53
3731.42
3757.95
3797.81
3841.58
3877.36
3905.59
3931.75
3958.84
3987.39
4015.61
4040.17
4058.85
4072.86
4087.14
4109.89
4134.17
4124.5
4081.96
3987.28
3822.25
3712.6
3675.97
3650.36
3638.1
3627.75
3608.08
3579.61
3549.25
3521.01
3495.94
3472.47
3448.17
3423.69
3405.26
3399.3
3400.93
3368.39
3306.48
3196.09
3083.08
3037.81
3012.76
2998.18
2987.62
2966.31
2929.61
2884.48
2835.87
2785.27
2732.53
2678.39
2627.17
2580.73
2519.11
2433.46
2317.76
2193.67
2106.68
2045.71
1997.42
1953.56
1901.41
1839.46
1774.09
1710.4
1652.09
1599.44
1536.24
1448.54
1344
1226.63
1126.57
1029.74
931.973
827.35
723.368
630.745
545.713
479.617
434.348
409.221
397.619
392.857
384.663
375.234
366.096
361.679
360.142
360.894
360.878
359.241
356.714
355.041
354.62
354.772
355
354.734
354.117
353.536
353.351
353.311
353.31
353.113
352.773
352.418
352.235
352.15
352.189
352.209
352.112
351.969
351.837
351.761
351.702
351.644
351.568
351.463
351.332
351.198
351.084
350.986
350.9
350.829
350.771
350.735
350.714
350.679
350.621
350.55
350.462
350.369
350.288
350.224
350.174
350.127
350.08
350.031
349.979
349.925
349.87
349.816
349.768
349.731
349.7
349.674
349.652
349.631
349.607
349.577
349.543
349.508
349.473
349.436
349.393
349.337
349.257
349.143
348.99
348.819
348.688
348.638
348.646
348.671
348.717
348.776
348.848
348.937
349.047
349.168
349.261
349.29
349.281
349.26
349.207
349.109
348.947
348.733
348.539
348.442
348.387
348.345
348.328
348.344
348.393
348.466
348.523
348.53
348.513
348.481
348.441
348.402
348.368
348.335
348.305
348.274
348.231
348.168
348.097
348.007
347.921
347.851
347.816
347.838
347.9
348.001
348.128
348.253
348.347
348.387
348.388
348.369
348.344
348.299
348.212
348.08
347.95
347.892
347.891
347.904
347.944
348.024
348.155
348.331
348.532
348.726
348.887
3942.58
2811.96
2221.81
2361.42
2515.89
2720.41
2911.97
3053.5
3106.23
3125.56
3147.2
3169.54
3179.22
3120
2841.06
2631.45
2642.38
2686.75
2750.29
2817.38
2882.19
2945.66
3009.66
3075.48
3144.36
3217.83
3298.23
3387.97
3470.14
3512.46
3530.45
3492.36
3256.08
3054.82
3059.18
3094.49
3147.89
3201.01
3246.13
3286.59
3326.49
3367.72
3410.42
3453.58
3496.22
3539.52
3589.46
3658.61
3740.53
3776.68
3782.66
3712.36
3496.46
3405.6
3416.32
3447.3
3491.29
3532.67
3564.89
3592.7
3620.83
3651.38
3684.15
3717.45
3750.11
3783.77
3824.08
3882.04
3954.57
3993.89
4006.72
3973.29
3824.58
3725.19
3732.93
3759.63
3799.56
3842.7
3877.39
3904.72
3930.17
3956.71
3984.63
4012.06
4035.85
4054.02
4067.86
4082.19
4105.51
4131.06
4122.63
4081.31
3988.03
3824.53
3714.92
3678.4
3653.07
3641.24
3630.91
3610.48
3580.7
3548.81
3518.87
3491.97
3466.52
3440.18
3414
3394.32
3387.56
3389.46
3356.91
3294.6
3184.74
3072.57
3027.6
3003.27
2990.1
2981.01
2960.69
2924.72
2880.59
2833.41
2784.35
2733.42
2682.07
2634.46
2592.7
2535.94
2453.25
2340.11
2216.12
2128.05
2066.78
2017.35
1971.93
1917.5
1852.32
1782.97
1714.75
1651.44
1593.88
1527.65
1437.48
1332.48
1214.9
1116.14
1022.86
930.617
831.898
734.33
647.86
567.728
502.811
455.058
425.89
409.379
401.268
390.7
379.216
368.283
362.282
360.146
360.603
360.884
359.461
357.002
355.037
354.494
354.535
354.914
354.768
354.272
353.631
353.34
353.235
353.217
353.065
352.789
352.473
352.275
352.16
352.162
352.174
352.083
351.951
351.823
351.744
351.684
351.628
351.554
351.457
351.331
351.201
351.089
350.998
350.922
350.855
350.803
350.768
350.743
350.701
350.642
350.571
350.484
350.391
350.306
350.237
350.181
350.13
350.083
350.036
349.988
349.939
349.886
349.832
349.782
349.74
349.705
349.673
349.646
349.622
349.599
349.572
349.54
349.506
349.471
349.435
349.393
349.338
349.258
349.145
348.993
348.819
348.683
348.626
348.63
348.652
348.696
348.756
348.831
348.925
349.04
349.164
349.251
349.275
349.263
349.236
349.182
349.084
348.929
348.725
348.545
348.456
348.407
348.37
348.357
348.371
348.416
348.48
348.532
348.541
348.535
348.519
348.494
348.465
348.431
348.394
348.352
348.309
348.26
348.199
348.135
348.063
347.993
347.937
347.909
347.931
347.984
348.069
348.175
348.277
348.353
348.377
348.367
348.345
348.317
348.268
348.178
348.052
347.928
347.864
347.855
347.86
347.886
347.95
348.06
348.213
348.392
348.568
348.721
3942.56
2324.59
2216.65
2359.87
2514.25
2719.54
2911.29
3052.77
3105.84
3125.43
3146.96
3168.76
3177.32
3117.98
2840.95
2630.54
2641.27
2685.42
2749.02
2816.4
2881.54
2945.26
3009.45
3075.48
3144.67
3218.47
3299
3388.92
3472.06
3515.32
3533.51
3495.15
3257.43
3055.3
3059.48
3094.83
3148.28
3201.35
3246.35
3286.66
3326.4
3367.49
3410.06
3453.08
3495.48
3538.46
3588.1
3656.94
3737.33
3771.94
3777.25
3704.52
3487.69
3399.45
3410.21
3441.07
3484.79
3525.97
3558.14
3586.01
3614.23
3644.85
3677.73
3711.21
3744.21
3778.4
3819.35
3878.02
3952.21
3993.39
4006.67
3974.59
3826.45
3725.33
3732.95
3759.82
3800.14
3843.36
3877.49
3903.91
3928.44
3954.04
3981.18
4008.1
4031.69
4049.86
4063.76
4078.18
4101.82
4128.08
4120.66
4080.39
3988.07
3825.53
3716.38
3680.12
3654.94
3643.31
3632.98
3612.15
3581.56
3548.6
3517.21
3488.42
3460.73
3432.11
3404.04
3382.96
3375.09
3376.52
3342.92
3279.65
3169.27
3056.99
3011.93
2988.02
2976.12
2968.47
2949.44
2915.11
2873.1
2827.97
2781.14
2733.24
2686
2643.32
2607.27
2556.71
2478.24
2368.59
2245.26
2156.4
2095.01
2044.16
1996.85
1939.53
1870.07
1795.32
1720.9
1650.89
1586.91
1516.87
1424.06
1318.41
1201.52
1105.84
1018.68
933.504
844.186
756.925
679.478
605.805
541.342
488.846
452.556
427.758
413.055
398.902
383.851
371.122
363.174
360.26
360.273
360.742
359.498
357.212
355.074
354.417
354.38
354.819
354.798
354.383
353.713
353.298
353.149
353.114
353.031
352.807
352.523
352.305
352.166
352.127
352.129
352.048
351.928
351.806
351.725
351.663
351.609
351.537
351.444
351.32
351.191
351.085
351.008
350.94
350.882
350.837
350.804
350.773
350.724
350.664
350.593
350.507
350.414
350.327
350.254
350.192
350.137
350.088
350.041
349.994
349.945
349.893
349.841
349.79
349.744
349.706
349.672
349.642
349.615
349.591
349.567
349.538
349.504
349.47
349.435
349.394
349.34
349.262
349.151
349
348.826
348.686
348.622
348.621
348.64
348.68
348.739
348.814
348.912
349.033
349.16
349.244
349.263
349.247
349.217
349.162
349.068
348.919
348.724
348.554
348.472
348.428
348.395
348.383
348.395
348.435
348.488
348.533
348.541
348.548
348.553
348.551
348.536
348.504
348.457
348.403
348.347
348.288
348.231
348.179
348.127
348.076
348.036
348.018
348.036
348.077
348.145
348.227
348.306
348.348
348.352
348.33
348.306
348.274
348.223
348.136
348.019
347.908
347.843
347.824
347.824
347.837
347.883
347.967
348.091
348.235
348.38
348.516
3941.6
2927.84
2227.64
2362.3
2511.37
2716.59
2908.71
3050.57
3104.6
3124.52
3146.32
3168.12
3176.03
3117.21
2842.46
2630.24
2640.5
2684.39
2748.05
2815.72
2881.12
2944.98
3009.25
3075.43
3144.9
3219.03
3299.75
3389.56
3472.98
3516.55
3534.73
3496.58
3258.73
3055.44
3059.3
3094.52
3147.91
3200.91
3245.83
3286.04
3325.63
3366.54
3408.9
3451.67
3493.76
3536.4
3585.72
3654.29
3733.31
3766.37
3771.04
3696.22
3478.93
3392.91
3403.89
3434.89
3478.8
3520.31
3552.9
3581.07
3609.56
3640.44
3673.45
3706.94
3739.86
3773.97
3815.01
3874.32
3950.15
3992.56
4006.08
3974.34
3825.88
3723.81
3731.33
3758.11
3798.5
3842.06
3876.32
3902.59
3926.78
3951.8
3978.42
4005.31
4029.01
4047.21
4061.23
4075.95
4100.04
4126.51
4119.17
4079.18
3987.04
3825.03
3716.79
3680.68
3655.4
3643.61
3633.25
3612.4
3581.58
3548.09
3515.9
3485.99
3456.97
3427.06
3397.58
3374.88
3365.38
3365.62
3330.4
3264.95
3152.27
3038.71
2992.87
2968.57
2957.11
2950.16
2932.19
2899.88
2860.87
2819.09
2775.81
2731.72
2688.48
2650.48
2620.1
2575.77
2501.95
2395.88
2273.48
2184.28
2123.21
2071.19
2021.99
1961.64
1887.71
1807.36
1726.6
1649.95
1579.78
1506.2
1411.12
1305.47
1190.65
1099.48
1019.11
943.472
866.386
790.999
722.525
654.6
588.815
529.75
483.894
449.034
425.775
407.163
388.121
373.854
364.118
360.453
359.911
360.476
359.441
357.38
355.192
354.403
354.299
354.72
354.796
354.432
353.758
353.248
353.074
353.026
353.003
352.821
352.564
352.323
352.167
352.091
352.08
352.012
351.904
351.789
351.708
351.645
351.592
351.521
351.428
351.304
351.176
351.082
351.015
350.956
350.909
350.872
350.838
350.797
350.742
350.682
350.609
350.525
350.433
350.344
350.266
350.199
350.14
350.089
350.043
349.998
349.953
349.906
349.857
349.808
349.759
349.716
349.678
349.644
349.614
349.588
349.566
349.541
349.509
349.477
349.442
349.402
349.348
349.271
349.162
349.014
348.841
348.695
348.625
348.617
348.636
348.674
348.731
348.804
348.903
349.027
349.158
349.241
349.257
349.235
349.199
349.142
349.048
348.907
348.726
348.569
348.494
348.456
348.427
348.415
348.424
348.458
348.499
348.538
348.548
348.569
348.592
348.605
348.601
348.568
348.513
348.448
348.381
348.314
348.257
348.217
348.187
348.157
348.134
348.127
348.138
348.168
348.218
348.278
348.323
348.334
348.319
348.289
348.262
348.228
348.174
348.091
347.986
347.893
347.834
347.807
347.798
347.799
347.821
347.873
347.959
348.059
348.165
348.274
3941.86
2394.52
2221.75
2360.14
2511.77
2713.67
2903.51
3046.58
3101.96
3122.3
3144.9
3167.51
3176.49
3119.51
2847
2630.62
2640.01
2683.51
2747.2
2815.13
2880.76
2944.8
3009.2
3075.48
3145.02
3219.19
3299.89
3389.56
3472.84
3516.46
3534.5
3496.8
3260.01
3055.35
3058.78
3093.71
3146.91
3199.8
3244.66
3284.77
3324.22
3364.92
3406.97
3449.32
3490.95
3533.13
3582.05
3650.32
3728.39
3760.32
3764.58
3688.65
3472.13
3387.93
3399.26
3430.44
3474.51
3516.23
3549.07
3577.62
3606.46
3637.54
3670.66
3704.18
3737.04
3770.93
3811.62
3870.51
3946.06
3988.31
4001.69
3970.04
3821.68
3719.35
3726.87
3753.76
3794.29
3838.06
3872.76
3899.63
3924.51
3950.33
3977.38
4003.96
4027.27
4045.51
4059.85
4075.2
4100
4126.53
4118.58
4078.19
3985.17
3822.67
3715.64
3679.79
3654.55
3642.82
3632.24
3611.08
3580.07
3546.36
3513.98
3483.92
3454.92
3424.89
3394.87
3371.32
3360.75
3359.97
3322.57
3253.88
3137.48
3021.26
2973.46
2947.63
2935.38
2927.96
2910.02
2879.21
2843.42
2806.11
2767.78
2728.29
2688.82
2654.61
2628.73
2588.87
2518.59
2415.29
2293.69
2204.7
2144.28
2091.62
2040.99
1978.19
1900.67
1815.87
1730.1
1648.33
1573.49
1497.27
1400.98
1296.1
1184.07
1097.63
1024.35
959.641
894.198
828.518
766.035
701.321
632.491
566.497
511.062
466.978
435.962
413.23
391.543
375.766
364.913
360.59
359.543
360.158
359.364
357.52
355.341
354.409
354.237
354.602
354.751
354.429
353.776
353.21
353.017
352.956
352.968
352.829
352.586
352.329
352.161
352.058
352.033
351.976
351.878
351.773
351.695
351.633
351.58
351.508
351.414
351.289
351.164
351.08
351.017
350.968
350.933
350.9
350.861
350.81
350.753
350.692
350.622
350.541
350.452
350.362
350.281
350.209
350.145
350.087
350.039
349.997
349.956
349.915
349.872
349.826
349.779
349.731
349.686
349.65
349.617
349.59
349.568
349.548
349.521
349.489
349.455
349.415
349.363
349.287
349.181
349.038
348.866
348.715
348.635
348.619
348.64
348.676
348.734
348.804
348.899
349.022
349.156
349.239
349.254
349.228
349.187
349.128
349.036
348.901
348.734
348.59
348.523
348.489
348.464
348.451
348.458
348.484
348.514
348.547
348.559
348.595
348.634
348.656
348.653
348.621
348.555
348.478
348.399
348.328
348.265
348.232
348.227
348.22
348.215
348.217
348.228
348.251
348.289
348.328
348.34
348.328
348.291
348.257
348.226
348.187
348.133
348.055
347.963
347.889
347.838
347.8
347.774
347.762
347.765
347.783
347.83
347.886
347.95
348.024
3941.31
2731.15
2217.53
2359.19
2512.23
2710.64
2897.13
3041.05
3098.14
3119.26
3142.8
3166.31
3176.73
3123.71
2854.9
2631.73
2639.91
2682.86
2746.34
2814.36
2880.13
2944.23
3008.62
3074.85
3144.27
3218.23
3298.7
3388.22
3471.58
3515.17
3533.06
3496.07
3261.41
3055.04
3057.81
3092.24
3145.18
3197.95
3242.66
3282.59
3321.82
3362.23
3403.91
3445.79
3486.87
3528.52
3577.08
3645.15
3723.12
3754.97
3759.23
3683.73
3468.18
3384.49
3396.04
3427.37
3471.67
3513.6
3546.6
3575.21
3604.06
3635.14
3668.24
3701.71
3734.48
3768.16
3808.43
3866.42
3940.15
3980.76
3993.58
3961.26
3813.31
3712.14
3719.68
3746.49
3787.01
3831.14
3866.59
3894.33
3920.12
3946.83
3974.75
4002.1
4025.89
4044.47
4059.41
4075.73
4101.65
4128.39
4119.82
4079.16
3984.89
3821
3715.28
3679.59
3654.08
3641.95
3630.95
3609.52
3578.4
3544.76
3512.58
3482.84
3453.96
3424.12
3394.32
3370.84
3360.24
3359.2
3320.2
3248.31
3127.18
3007.21
2956.95
2928.85
2914.54
2905.11
2885.78
2855.48
2822.06
2788.74
2755.4
2720.86
2686.04
2655.47
2632.8
2595.23
2526.66
2424.46
2303.31
2215
2155.17
2102.32
2050.93
1986.76
1907.22
1819.86
1731.2
1646.3
1568.59
1490.84
1394.13
1290.41
1180.91
1098.72
1032.23
975.43
917.689
857.578
797.555
733.513
661.49
590.317
528
477.686
441.62
416.381
393.59
376.875
365.424
360.612
359.245
359.875
359.304
357.628
355.464
354.4
354.169
354.477
354.691
354.407
353.784
353.186
352.971
352.898
352.926
352.824
352.594
352.33
352.149
352.03
351.988
351.939
351.85
351.758
351.685
351.627
351.575
351.503
351.405
351.278
351.157
351.079
351.02
350.98
350.952
350.92
350.873
350.816
350.758
350.698
350.628
350.55
350.465
350.378
350.295
350.219
350.149
350.085
350.032
349.989
349.952
349.92
349.886
349.846
349.802
349.754
349.704
349.663
349.63
349.6
349.579
349.563
349.541
349.511
349.479
349.441
349.39
349.316
349.213
349.075
348.908
348.752
348.658
348.631
348.652
348.686
348.744
348.813
348.902
349.02
349.154
349.238
349.252
349.225
349.179
349.119
349.03
348.904
348.753
348.625
348.565
348.536
348.512
348.498
348.5
348.517
348.536
348.56
348.576
348.621
348.669
348.694
348.69
348.657
348.581
348.494
348.404
348.327
348.26
348.23
348.241
348.252
348.27
348.283
348.299
348.322
348.353
348.369
348.357
348.322
348.271
348.232
348.195
348.153
348.097
348.024
347.95
347.892
347.849
347.81
347.771
347.733
347.71
347.698
347.706
347.722
347.748
347.784
3940.81
2431.01
2216.93
2356.45
2508.71
2706.22
2891.38
3035.68
3093.94
3115.72
3140.01
3164.36
3175.97
3127.2
2864.41
2634.48
2640.86
2682.89
2745.86
2813.57
2879.11
2943.04
3007.23
3073.21
3142.29
3215.8
3295.83
3385.14
3468.31
3511.77
3529.79
3494.31
3263
3054.35
3056.3
3090.06
3142.61
3195.16
3239.71
3279.45
3318.45
3358.57
3399.87
3441.32
3481.98
3523.29
3571.64
3639.71
3718.46
3751.03
3755.45
3680.56
3465.42
3381.61
3393.25
3424.69
3469.25
3511.46
3544.65
3573.31
3602.12
3633.09
3666
3699.21
3731.61
3764.79
3804.36
3861.38
3933.1
3971.71
3983.99
3950.62
3802.71
3703.29
3710.97
3737.62
3777.97
3822.42
3858.66
3887.21
3913.6
3940.93
3969.73
3998.25
4023.39
4043.32
4059.61
4077.51
4104.77
4131.36
4122.12
4081.51
3986.51
3821.4
3717.3
3681.95
3656.12
3643.23
3631.59
3610.02
3579.21
3545.98
3514.25
3484.94
3456.53
3426.94
3397.17
3373.38
3362.34
3360.91
3321.07
3247.47
3122.88
2998.67
2945.17
2914.27
2897.02
2884.75
2863.49
2832.77
2800.17
2768.77
2738.5
2708.12
2677.91
2651.74
2632.28
2596.08
2528.22
2426.25
2305.55
2217.73
2158.22
2105.48
2053.97
1989.31
1909.02
1820.67
1730.76
1644.41
1565.28
1486.84
1389.98
1287.1
1179.45
1099.96
1037.03
984.039
929.754
871.72
812.098
747.918
674.291
600.43
534.938
481.849
443.507
417.277
394.384
377.371
365.696
360.587
359.051
359.677
359.261
357.682
355.511
354.355
354.09
354.376
354.643
354.385
353.784
353.159
352.922
352.843
352.879
352.808
352.592
352.329
352.134
352.006
351.947
351.9
351.821
351.743
351.677
351.627
351.574
351.501
351.4
351.272
351.154
351.081
351.024
350.989
350.963
350.924
350.871
350.815
350.756
350.695
350.626
350.551
350.471
350.388
350.308
350.231
350.156
350.086
350.029
349.985
349.949
349.922
349.901
349.869
349.83
349.785
349.736
349.689
349.655
349.625
349.603
349.589
349.572
349.544
349.514
349.478
349.428
349.357
349.256
349.125
348.966
348.809
348.698
348.659
348.677
348.708
348.763
348.83
348.913
349.023
349.152
349.236
349.252
349.227
349.175
349.116
349.032
348.918
348.783
348.671
348.617
348.591
348.568
348.553
348.55
348.553
348.56
348.57
348.594
348.64
348.688
348.711
348.706
348.67
348.593
348.497
348.396
348.311
348.24
348.211
348.234
348.262
348.299
348.328
348.352
348.378
348.398
348.391
348.359
348.306
348.253
348.208
348.166
348.122
348.067
348.005
347.949
347.905
347.864
347.822
347.775
347.722
347.668
347.62
347.594
347.576
347.569
347.565
3940.86
2468.9
2206.73
2350.54
2506.14
2703.57
2888.86
3032.46
3090.24
3112
3136.44
3161.03
3173.48
3127.89
2872.5
2638.16
2642.63
2683.44
2745.8
2813.18
2878.4
2941.91
3005.63
3071.06
3139.48
3212.28
3291.64
3380.49
3463.39
3506.98
3525.26
3491.58
3264.48
3053.24
3054.3
3087.35
3139.5
3191.86
3236.24
3275.72
3314.42
3354.2
3395.15
3436.26
3476.67
3517.93
3566.47
3634.95
3714.63
3747.77
3752.35
3678.17
3463.53
3379.26
3390.84
3422.32
3467.02
3509.42
3542.73
3571.45
3600.29
3631.28
3664.15
3697.08
3728.87
3761.18
3799.68
3855.53
3925.46
3962.31
3974.06
3939.54
3791.88
3694.46
3702.17
3728.43
3768.36
3812.62
3848.98
3877.8
3904.59
3932.52
3962.2
3991.96
4018.72
4040.6
4059.03
4079.19
4108.86
4135.84
4126.51
4086.6
3991.15
3825.34
3723.66
3689.11
3663.35
3649.9
3637.72
3615.9
3584.88
3551.31
3519.27
3489.99
3462.08
3432.75
3402.39
3377.55
3365.38
3363.5
3323.45
3249.03
3122.76
2994.58
2937.63
2904.18
2884.16
2869.42
2846.31
2814.02
2779.96
2747.95
2718.24
2689.77
2662.89
2640.86
2625.21
2590.74
2524.29
2423.21
2303.72
2217.39
2158.38
2105.83
2054.25
1989.37
1908.75
1820.09
1729.79
1642.96
1563.32
1484.64
1387.49
1284.63
1177.8
1099.63
1037.74
985.636
932.126
874.558
815.083
751.176
677.291
602.865
536.488
482.612
443.557
417.077
394.455
377.488
365.803
360.573
358.976
359.56
359.193
357.656
355.497
354.312
354.041
354.324
354.611
354.364
353.767
353.123
352.875
352.794
352.833
352.782
352.579
352.32
352.117
351.986
351.915
351.868
351.799
351.728
351.67
351.628
351.575
351.501
351.397
351.269
351.154
351.083
351.026
350.99
350.96
350.916
350.86
350.804
350.746
350.685
350.619
350.549
350.474
350.398
350.321
350.245
350.167
350.093
350.034
349.991
349.956
349.931
349.917
349.899
349.865
349.824
349.776
349.727
349.688
349.659
349.634
349.618
349.604
349.581
349.552
349.518
349.472
349.405
349.312
349.189
349.038
348.881
348.756
348.705
348.717
348.744
348.793
348.856
348.932
349.033
349.153
349.238
349.256
349.234
349.178
349.12
349.044
348.942
348.823
348.726
348.678
348.653
348.63
348.612
348.601
348.589
348.583
348.584
348.608
348.649
348.689
348.704
348.694
348.652
348.576
348.479
348.375
348.285
348.211
348.182
348.214
348.254
348.306
348.349
348.383
348.407
348.412
348.389
348.345
348.283
348.228
348.176
348.13
348.084
348.037
347.992
347.958
347.929
347.891
347.844
347.787
347.722
347.65
347.574
347.504
347.449
347.412
347.375
3939.8
2405.12
2203.38
2349.9
2502.98
2702.51
2889.65
3031.98
3088.25
3109.35
3133.02
3156.68
3168.7
3125.57
2877.57
2641.16
2643.87
2683.48
2745.18
2812.36
2877.48
2940.73
3004.01
3068.82
3136.45
3208.42
3287.12
3375.34
3457.75
3501.42
3520.03
3488.21
3265.49
3052.13
3052.1
3084.62
3136.36
3188.6
3232.87
3272.17
3310.62
3350.14
3390.84
3431.76
3472.13
3513.53
3562.35
3631.23
3711.64
3745.24
3749.94
3676.68
3462.57
3377.46
3388.86
3420.18
3464.92
3507.49
3540.97
3569.81
3598.69
3629.7
3662.52
3695.21
3726.44
3757.9
3795.32
3849.84
3917.86
3953.16
3964.49
3929.26
3782.03
3686.26
3693.82
3719.54
3758.84
3802.66
3838.73
3867.32
3894
3922.07
3952.27
3982.96
4011.1
4034.84
4055.57
4078.48
4111.67
4140.64
4132.43
4094.98
4000.71
3835.05
3736.21
3703.15
3678.01
3664.78
3652.69
3630.85
3599.4
3564.95
3531.7
3501
3471.5
3440.86
3409.66
3383.71
3369.84
3366.69
3326.37
3251.82
3125.23
2993.94
2933.81
2898.39
2876.09
2859.32
2834.15
2799.33
2762.52
2727.95
2696.29
2666.85
2640.34
2620.05
2606.73
2573.62
2510.16
2411.65
2295.59
2212.84
2155.27
2103.83
2052.66
1987.81
1907.12
1818.47
1728.23
1641.56
1562.17
1483.04
1385.03
1281.24
1174.06
1095.76
1033.37
980.41
926.189
868.666
809.864
746.536
673.623
600.321
534.828
481.386
442.556
416.238
393.857
377.15
365.73
360.56
358.953
359.498
359.07
357.534
355.427
354.3
354.031
354.309
354.579
354.325
353.718
353.075
352.832
352.752
352.791
352.744
352.546
352.295
352.095
351.966
351.891
351.841
351.774
351.71
351.659
351.625
351.576
351.502
351.398
351.271
351.158
351.088
351.031
350.993
350.958
350.907
350.851
350.796
350.739
350.68
350.618
350.551
350.482
350.411
350.338
350.262
350.183
350.107
350.049
350.008
349.973
349.95
349.941
349.932
349.905
349.867
349.822
349.771
349.725
349.694
349.667
349.648
349.634
349.613
349.586
349.555
349.514
349.456
349.373
349.261
349.121
348.966
348.831
348.765
348.769
348.794
348.836
348.895
348.962
349.052
349.163
349.247
349.267
349.248
349.189
349.13
349.06
348.971
348.868
348.784
348.74
348.714
348.692
348.672
348.648
348.625
348.604
348.602
348.62
348.65
348.674
348.678
348.664
348.614
348.54
348.446
348.346
348.255
348.18
348.152
348.187
348.234
348.294
348.344
348.383
348.403
348.4
348.369
348.312
348.25
348.19
348.131
348.078
348.031
347.998
347.975
347.968
347.955
347.924
347.878
347.817
347.741
347.653
347.555
347.448
347.35
347.285
347.223
3936.96
2444.21
2216.19
2353.64
2505.13
2704.55
2890.92
3031.49
3086.43
3106.72
3129.5
3151.99
3163.25
3121.76
2880.28
2643.15
2644.57
2683.13
2744.22
2811.28
2876.38
2939.49
3002.44
3066.82
3133.88
3205.23
3283.44
3371.28
3452.95
3496.21
3515.12
3484.72
3265.68
3051.16
3050.28
3082.35
3133.8
3186.06
3230.41
3269.69
3308.05
3347.44
3388.03
3428.88
3469.22
3510.6
3559.38
3628.25
3709.15
3743.29
3748.23
3675.96
3462.49
3376.52
3387.7
3418.8
3463.47
3506.09
3539.6
3568.37
3597.14
3628.02
3660.65
3693.04
3723.84
3754.74
3791.41
3844.85
3911.43
3945.51
3956.31
3920.47
3773.38
3678.5
3685.82
3710.89
3749.5
3792.66
3828.19
3856.31
3882.59
3910.38
3940.53
3971.52
4000.41
4025.58
4048.55
4074.66
4111.99
4144.12
4138.81
4106.29
4015.16
3850.68
3755.1
3724.28
3700.54
3687.91
3676.49
3655.12
3623.5
3588.19
3553.42
3520.68
3489.03
3456.32
3422.9
3394.15
3377.14
3371.68
3330.53
3256.08
3130.61
2996.85
2933.25
2896.17
2871.68
2852.9
2825.74
2788.32
2748.07
2709.61
2674
2640.94
2611.61
2589.68
2575.82
2542.18
2480.9
2385.61
2274.69
2197.35
2142.53
2093.79
2044.67
1981.17
1901.53
1813.97
1724.86
1639.45
1561.09
1481.43
1381.92
1275.33
1165.65
1084.39
1018.37
961.66
904.59
846.264
788.417
726.589
656.693
587.418
526.127
475.856
439.299
414.051
392.17
376.117
365.216
360.436
358.976
359.465
358.88
357.274
355.23
354.235
354.008
354.321
354.531
354.249
353.626
353.01
352.787
352.714
352.75
352.686
352.487
352.247
352.066
351.945
351.875
351.82
351.751
351.689
351.643
351.617
351.578
351.506
351.405
351.279
351.168
351.098
351.041
351.001
350.959
350.903
350.846
350.792
350.74
350.684
350.624
350.562
350.498
350.433
350.363
350.288
350.209
350.134
350.077
350.037
350.003
349.98
349.972
349.969
349.949
349.913
349.87
349.819
349.768
349.73
349.703
349.68
349.664
349.645
349.619
349.59
349.553
349.503
349.431
349.333
349.207
349.059
348.919
348.839
348.834
348.856
348.89
348.946
349.005
349.086
349.184
349.264
349.285
349.265
349.206
349.145
349.08
349.002
348.911
348.837
348.798
348.775
348.752
348.723
348.69
348.656
348.63
348.62
348.629
348.642
348.646
348.64
348.618
348.569
348.499
348.414
348.323
348.235
348.158
348.128
348.159
348.208
348.267
348.319
348.36
348.375
348.365
348.328
348.269
348.205
348.137
348.067
348.004
347.963
347.949
347.958
347.969
347.969
347.955
347.919
347.861
347.783
347.681
347.561
347.427
347.293
347.195
347.103
3935.61
2545.54
2228.89
2363.94
2507.54
2703.72
2890.24
3030.55
3084.11
3103.77
3126.13
3148.14
3159.46
3119.39
2882.29
2644.22
2644.54
2682.42
2743.06
2809.97
2875.1
2938.34
3001.46
3065.83
3132.67
3203.68
3281.61
3369.13
3449.87
3492.41
3511.44
3481.82
3265.2
3050.33
3049.02
3080.93
3132.36
3184.76
3229.26
3268.64
3307.04
3346.43
3387
3427.88
3468.25
3509.61
3558.23
3626.81
3707.75
3742.08
3747.15
3675.73
3463.01
3376.24
3387.2
3418.08
3462.57
3505.04
3538.38
3567.04
3595.69
3626.26
3658.35
3690.17
3720.55
3751.21
3787.61
3840.66
3906.65
3939.82
3950
3913.41
3766.13
3671.89
3678.81
3703.15
3740.95
3783.24
3817.93
3845.29
3870.89
3898.06
3927.71
3958.41
3987.42
4013.51
4038.48
4067.52
4109.21
4145.86
4144.71
4119.14
4033.13
3870.89
3778.62
3750.89
3729.55
3718.36
3707.95
3687.34
3655.83
3619.92
3583.86
3549.25
3515.41
3480.16
3443.66
3410.88
3388.99
3379.88
3337.73
3263.53
3139.72
3003.3
2934.65
2895.72
2869.16
2848.77
2819.89
2779.74
2735.68
2692.65
2651.99
2613.77
2579.47
2553.09
2535.36
2498.3
2437.11
2343.83
2238.24
2166.56
2115.15
2070.31
2024.81
1964.49
1887.89
1803.54
1717.67
1635.38
1559.28
1479.08
1377.42
1266.04
1151.53
1063.78
989.8
924.931
861.561
800.901
744.268
684.569
620.653
558.902
506.002
462.913
431.983
409.526
389.034
374.286
364.27
360.136
359.036
359.458
358.625
356.878
354.91
354.114
353.969
354.35
354.467
354.14
353.488
352.926
352.741
352.684
352.711
352.614
352.408
352.182
352.027
351.923
351.869
351.807
351.734
351.672
351.629
351.611
351.586
351.519
351.423
351.302
351.192
351.122
351.065
351.02
350.968
350.909
350.851
350.798
350.748
350.697
350.643
350.586
350.526
350.464
350.396
350.323
350.245
350.172
350.116
350.076
350.042
350.019
350.012
350.011
349.996
349.962
349.921
349.872
349.82
349.772
349.741
349.715
349.695
349.675
349.649
349.621
349.587
349.542
349.48
349.394
349.282
349.145
349.006
348.916
348.903
348.925
348.955
349.007
349.06
349.129
349.215
349.288
349.31
349.288
349.23
349.165
349.101
349.029
348.947
348.884
348.851
348.828
348.802
348.766
348.727
348.692
348.659
348.637
348.632
348.624
348.612
348.594
348.565
348.518
348.457
348.383
348.304
348.222
348.147
348.114
348.137
348.178
348.23
348.275
348.312
348.323
348.307
348.265
348.209
348.141
348.062
347.98
347.92
347.894
347.898
347.915
347.951
347.981
347.983
347.964
347.917
347.844
347.738
347.599
347.438
347.273
347.141
347.016
3935.35
2694.55
2229.54
2365.39
2507
2702.76
2889.13
3029.77
3082.74
3102.09
3124.37
3146.56
3158.19
3119.21
2883.76
2644.17
2643.79
2681.28
2741.64
2808.55
2873.89
2937.41
3000.82
3065.58
3132.69
3203.7
3281.48
3368.76
3448.87
3490.73
3509.66
3479.89
3263.97
3049.65
3048.44
3080.4
3131.9
3184.4
3228.99
3268.42
3306.87
3346.37
3387.11
3428.19
3468.75
3510.21
3558.73
3626.9
3707.43
3741.72
3746.9
3676.11
3464.11
3376.87
3387.69
3418.36
3462.62
3504.81
3537.76
3565.89
3593.91
3623.87
3655.59
3687.18
3717.33
3747.67
3783.9
3837.09
3903.14
3935.64
3945.19
3908.03
3760.56
3666.57
3673.07
3696.69
3733.73
3775.08
3808.72
3835.05
3859.68
3885.95
3914.8
3944.92
3973.76
4000.41
4026.9
4058.58
4104.32
4146.08
4149.6
4131.77
4051.98
3892.49
3803.5
3779.29
3761.06
3752.2
3743.48
3723.93
3692.8
3656.64
3619.67
3583.46
3547.27
3509.15
3469.37
3432.36
3405.31
3391.51
3348.89
3274.64
3152.21
3012.92
2938.02
2896.75
2867.82
2845.58
2814.83
2771.92
2724.12
2676.63
2630.96
2587.32
2547.19
2514.63
2490.41
2448.18
2384.83
2291.33
2189.13
2121.58
2072.91
2032.06
1990.75
1934.8
1863.19
1784.39
1704.18
1627.3
1555.19
1474.43
1370.79
1253.52
1133.82
1037.79
953.473
877.257
804.577
739.469
682.62
624.67
568.426
517.205
475.866
443.407
420.886
402.409
384.562
371.56
363.071
359.719
359.268
359.473
358.331
356.34
354.51
353.941
353.926
354.397
354.403
354.006
353.323
352.839
352.692
352.664
352.67
352.531
352.316
352.109
351.98
351.902
351.863
351.797
351.722
351.662
351.621
351.612
351.601
351.541
351.45
351.336
351.23
351.16
351.101
351.048
350.99
350.928
350.869
350.817
350.772
350.726
350.675
350.621
350.562
350.501
350.435
350.364
350.287
350.216
350.161
350.123
350.088
350.066
350.06
350.06
350.047
350.013
349.975
349.929
349.876
349.823
349.781
349.753
349.728
349.705
349.678
349.649
349.616
349.574
349.519
349.443
349.342
349.215
349.079
348.985
348.971
348.994
349.023
349.072
349.123
349.182
349.251
349.314
349.335
349.313
349.256
349.186
349.122
349.051
348.978
348.927
348.896
348.871
348.841
348.804
348.765
348.727
348.69
348.657
348.628
348.6
348.575
348.547
348.511
348.466
348.413
348.352
348.285
348.214
348.145
348.111
348.125
348.153
348.19
348.225
348.25
348.253
348.228
348.187
348.128
348.052
347.963
347.882
347.839
347.83
347.836
347.861
347.917
347.981
348.008
348.006
347.975
347.913
347.812
347.666
347.484
347.289
347.12
346.956
3936.27
2696.98
2213.05
2354.41
2502.9
2701.21
2887.92
3029.07
3082.37
3101.69
3123.83
3146.31
3158.44
3119.82
2883.17
2642.64
2642.36
2679.89
2740.31
2807.32
2872.81
2936.64
3000.49
3065.62
3133.31
3204.98
3283.35
3370.8
3450.15
3491.29
3510.03
3479.55
3261.94
3048.96
3048.34
3080.46
3132.03
3184.58
3229.23
3268.74
3307.27
3346.86
3387.76
3429.03
3469.82
3511.51
3560.17
3628.23
3708.22
3742.24
3747.57
3677.07
3465.4
3378.14
3388.85
3419.28
3463.2
3505.03
3537.6
3565.23
3592.66
3622.04
3653.14
3684.16
3713.91
3744.16
3780.61
3834.27
3900.8
3933.05
3942.14
3904.56
3756.41
3662.31
3668.45
3691.48
3727.95
3768.52
3801.14
3826.41
3850.02
3875.34
3903.36
3932.88
3961.47
3988.38
4015.89
4049.56
4098.23
4145.11
4153.35
4141.62
4068.61
3912.07
3826.07
3805.14
3789.96
3783.92
3777.52
3759.61
3729.31
3693.38
3655.86
3618.18
3579.81
3539.07
3496.26
3455.42
3423.81
3405.85
3362.82
3288.08
3166.71
3024.3
2942.32
2898.26
2866.4
2842.11
2809.36
2764.13
2713.25
2661.99
2612.03
2563.47
2517.64
2478.68
2447.88
2400.55
2333.24
2237.01
2135.11
2069.05
2021.7
1983.69
1945.69
1893.99
1828.14
1756.17
1683.23
1613.44
1546.74
1465.58
1361
1238.7
1116.16
1013.24
919.97
832.477
749.885
678.923
618.868
561.532
512.154
472.151
442.777
422.3
408.51
393.654
379.549
368.111
361.812
359.423
359.681
359.493
357.98
355.684
354.12
353.733
353.924
354.437
354.332
353.854
353.154
352.777
352.661
352.656
352.614
352.44
352.215
352.039
351.931
351.886
351.858
351.789
351.714
351.659
351.626
351.627
351.623
351.568
351.482
351.376
351.277
351.206
351.144
351.082
351.019
350.955
350.898
350.848
350.805
350.763
350.714
350.66
350.603
350.543
350.478
350.408
350.333
350.265
350.213
350.175
350.142
350.121
350.114
350.112
350.1
350.067
350.028
349.983
349.931
349.873
349.818
349.779
349.751
349.726
349.699
349.67
349.637
349.596
349.543
349.472
349.379
349.26
349.128
349.037
349.028
349.052
349.085
349.135
349.186
349.24
349.297
349.348
349.364
349.34
349.284
349.211
349.145
349.074
349.009
348.965
348.934
348.907
348.877
348.842
348.805
348.767
348.722
348.675
348.623
348.578
348.542
348.496
348.457
348.416
348.37
348.321
348.27
348.212
348.153
348.118
348.121
348.137
348.158
348.178
348.186
348.177
348.146
348.1
348.034
347.945
347.85
347.786
347.763
347.76
347.769
347.803
347.873
347.966
348.027
348.039
348.026
347.978
347.888
347.744
347.549
347.323
347.112
346.919
3935.84
2440.12
2210.64
2341.71
2495.51
2696.66
2885.09
3027.99
3082.87
3102.52
3124.71
3147.37
3159.57
3120.5
2881.92
2640.65
2640.82
2678.61
2739.23
2806.38
2872.04
2936.1
3000.33
3066.07
3134.51
3207.16
3286.41
3374.45
3453.73
3494.5
3513.02
3481.27
3259.84
3048.27
3048.52
3080.95
3132.72
3185.27
3229.89
3269.44
3308.08
3347.83
3388.89
3430.32
3471.27
3513.11
3561.93
3630.12
3709.43
3742.72
3748
3676.93
3465.32
3378.92
3389.65
3419.94
3463.62
3505.14
3537.34
3564.59
3591.65
3620.64
3651.34
3681.99
3711.47
3741.55
3778.06
3832.17
3899.46
3931.8
3940.52
3902.32
3752.81
3658.47
3664.39
3687.04
3723.25
3763.43
3795.46
3820.06
3842.96
3867.53
3894.8
3923.7
3951.97
3978.99
4007.22
4042.39
4093.22
4143.78
4156.07
4148.63
4081.24
3927.4
3843.81
3825.34
3812.65
3809.22
3805.23
3789.08
3759.71
3724.23
3686.56
3647.97
3607.98
3565.22
3520.06
3476.32
3441.35
3420.13
3377.4
3302.12
3181.36
3035.68
2946.5
2899.49
2864.43
2838.15
2804.04
2756.92
2703.5
2649.31
2595.88
2543.31
2493.04
2449.36
2414.02
2362.16
2290.08
2189.8
2086.03
2019.31
1971.55
1934.44
1897.85
1849.08
1788.32
1722.89
1657.36
1595.06
1533.67
1452.3
1347.92
1222.89
1100.89
994.905
896.35
800.751
710.253
633.536
567.541
510.451
465.393
435.021
415.592
405.193
397.177
385.316
374.152
364.767
360.705
359.437
360.147
359.458
357.494
355.02
353.817
353.597
354.006
354.434
354.229
353.659
353.009
352.752
352.668
352.66
352.544
352.337
352.11
351.969
351.886
351.874
351.851
351.78
351.713
351.666
351.649
351.658
351.653
351.597
351.515
351.418
351.329
351.257
351.19
351.123
351.054
350.988
350.932
350.884
350.844
350.804
350.756
350.704
350.648
350.588
350.524
350.456
350.385
350.319
350.27
350.232
350.2
350.179
350.168
350.164
350.15
350.117
350.078
350.032
349.979
349.916
349.849
349.797
349.761
349.732
349.704
349.676
349.646
349.609
349.559
349.493
349.405
349.291
349.161
349.075
349.073
349.098
349.135
349.188
349.239
349.29
349.34
349.381
349.393
349.368
349.313
349.238
349.169
349.1
349.041
348.998
348.967
348.94
348.914
348.885
348.851
348.807
348.752
348.688
348.62
348.563
348.507
348.451
348.408
348.372
348.33
348.293
348.254
348.21
348.162
348.13
348.124
348.126
348.132
348.135
348.128
348.103
348.066
348.011
347.932
347.831
347.744
347.699
347.687
347.685
347.7
347.746
347.836
347.951
348.04
348.068
348.065
348.031
347.955
347.821
347.625
347.379
347.131
346.92
3936.32
2891.02
2224.03
2352.69
2495.09
2691.56
2878.84
3025.53
3083.8
3103.68
3125.62
3148.43
3160.74
3122.11
2883.26
2639.08
2639.08
2677.07
2738.02
2805.49
2871.48
2935.87
3000.5
3066.93
3136.4
3210.36
3290.86
3379.71
3459.46
3500.34
3518.48
3484.69
3257.87
3047.8
3049.13
3081.97
3133.88
3186.21
3230.6
3270.06
3308.71
3348.53
3389.69
3431.22
3472.22
3514.13
3563.08
3631.41
3710.16
3742.94
3748.17
3676.19
3464.38
3379.15
3390.01
3420.28
3463.8
3505.09
3537.03
3564.06
3590.94
3619.77
3650.3
3680.8
3710.14
3740.13
3776.64
3831.02
3898.88
3931.27
3939.57
3900.54
3749.4
3654.92
3660.73
3683.1
3719.16
3759.23
3791.13
3815.6
3838.34
3862.7
3889.66
3918.16
3946.1
3973.07
4001.71
4037.89
4090.35
4143.16
4158.08
4153.51
4089.66
3937.52
3855.83
3839.17
3828.07
3826.14
3823.8
3809.2
3780.64
3745.53
3707.9
3668.95
3628.32
3584.65
3538.14
3492.54
3455.38
3432.14
3390.08
3314.5
3194.21
3045.48
2950.07
2900.49
2862.61
2834.31
2798.75
2750.21
2694.95
2638.51
2582.69
2527.83
2475.34
2429.42
2391.23
2335.96
2259.87
2155.65
2049.23
1980.64
1931.48
1893.62
1856.78
1809.49
1752.5
1692.25
1632.85
1576.89
1519.18
1437.08
1333.58
1208.15
1089.23
983.402
883.273
783.753
688.704
607.58
535.769
477.976
435.617
411.485
398.702
394.359
388.097
378.978
369.101
362.41
359.863
359.759
360.445
359.22
356.859
354.464
353.662
353.607
354.184
354.355
354.044
353.396
352.907
352.76
352.728
352.67
352.483
352.22
352.003
351.894
351.853
351.869
351.842
351.77
351.713
351.679
351.68
351.7
351.686
351.626
351.544
351.455
351.377
351.306
351.234
351.159
351.083
351.017
350.962
350.918
350.882
350.845
350.798
350.745
350.69
350.632
350.571
350.506
350.439
350.376
350.327
350.29
350.257
350.233
350.217
350.207
350.192
350.159
350.12
350.073
350.016
349.947
349.871
349.806
349.762
349.73
349.702
349.675
349.646
349.614
349.567
349.503
349.417
349.303
349.174
349.097
349.099
349.126
349.17
349.226
349.28
349.331
349.375
349.41
349.418
349.392
349.338
349.265
349.194
349.127
349.069
349.026
348.994
348.971
348.952
348.932
348.9
348.847
348.778
348.698
348.62
348.552
348.475
348.411
348.365
348.332
348.294
348.267
348.24
348.207
348.172
348.146
348.132
348.122
348.112
348.095
348.07
348.038
347.993
347.928
347.836
347.734
347.662
347.629
347.619
347.616
347.631
347.685
347.791
347.929
348.042
348.084
348.088
348.068
348.005
347.885
347.698
347.449
347.185
346.959
3935.21
2562.19
2249.13
2361.12
2495.23
2686.63
2871.65
3021.41
3083.37
3103.52
3124.97
3147.47
3159.6
3123.02
2887.96
2638.71
2637.35
2675.38
2736.76
2804.68
2870.99
2935.69
3000.7
3067.77
3138.43
3214.09
3296.2
3385.89
3466.2
3507.45
3525.18
3489.17
3256.3
3047.62
3050.05
3083.19
3135.14
3187.14
3231.19
3270.43
3308.96
3348.76
3389.97
3431.6
3472.72
3514.74
3563.82
3632.32
3710.71
3742.97
3748.23
3675.28
3463.03
3379.11
3390.11
3420.4
3463.83
3504.94
3536.71
3563.58
3590.32
3619.04
3649.47
3679.88
3709.13
3739.11
3775.73
3830.41
3898.68
3930.96
3938.95
3899.22
3746.88
3652.23
3657.9
3680.07
3716.09
3756.23
3788.23
3812.83
3835.75
3860.31
3887.47
3916.04
3943.91
3970.81
3999.56
4036.23
4089.46
4143.21
4159.5
4156.7
4094.33
3942.68
3862.38
3846.65
3836.24
3834.93
3833.7
3820.29
3792.35
3757.6
3720.23
3681.45
3640.72
3596.65
3549.49
3502.91
3464.46
3440.08
3399.37
3323.88
3203.99
3052.63
2952.22
2900.96
2860.95
2831.03
2793.98
2744.1
2687.63
2630.16
2573.54
2518.15
2465.13
2418.29
2378.75
2321.72
2243.06
2135.86
2026.73
1956.32
1905.83
1866.99
1829.51
1782.84
1727.97
1670.83
1615.42
1563.68
1507.52
1424.67
1321.72
1196.84
1081.68
977.398
877.413
776.891
680.543
597.003
521.129
462.145
421.177
399.848
390.659
388.337
382.464
374.302
365.718
361.196
359.567
360.195
360.354
358.737
356.075
354.137
353.651
353.834
354.411
354.291
353.784
353.108
352.842
352.788
352.817
352.704
352.441
352.107
351.908
351.828
351.837
351.873
351.833
351.761
351.711
351.694
351.714
351.741
351.715
351.649
351.566
351.484
351.413
351.344
351.271
351.19
351.109
351.043
350.988
350.947
350.916
350.88
350.832
350.78
350.726
350.67
350.613
350.553
350.489
350.427
350.376
350.338
350.303
350.274
350.253
350.239
350.223
350.19
350.15
350.102
350.042
349.967
349.883
349.809
349.758
349.723
349.694
349.667
349.64
349.609
349.563
349.502
349.418
349.306
349.183
349.115
349.121
349.149
349.198
349.256
349.311
349.362
349.403
349.433
349.439
349.413
349.359
349.291
349.22
349.151
349.092
349.048
349.016
348.997
348.985
348.974
348.946
348.883
348.799
348.706
348.625
348.543
348.451
348.379
348.328
348.297
348.264
348.245
348.227
348.204
348.18
348.159
348.141
348.121
348.092
348.057
348.019
347.978
347.924
347.848
347.749
347.66
347.601
347.579
347.569
347.562
347.574
347.631
347.75
347.902
348.033
348.088
348.099
348.094
348.046
347.94
347.761
347.514
347.24
347.009
3937.07
2687.17
2229.88
2354.91
2490.29
2682.1
2866.25
3017.16
3081.62
3101.89
3122.7
3145.18
3158.15
3124.62
2895.51
2639.75
2636.15
2674.07
2735.81
2804.03
2870.53
2935.43
3000.84
3068.51
3140.04
3216.78
3300.04
3390.66
3471.66
3513.44
3530.93
3493.26
3255.46
3047.83
3050.8
3084.28
3136.2
3187.92
3231.66
3270.67
3309.08
3348.82
3390.04
3431.73
3473.01
3515.26
3564.58
3633.21
3711.35
3743.5
3748.76
3674.72
3461.99
3379.3
3390.45
3420.81
3464.19
3505.19
3536.86
3563.65
3590.3
3618.9
3649.23
3679.52
3708.7
3738.7
3775.41
3830.29
3898.79
3930.94
3938.86
3898.65
3745.33
3650.64
3656.22
3678.2
3714.17
3754.36
3786.53
3811.37
3834.52
3859.35
3886.79
3915.6
3943.62
3970.59
3999.37
4036.07
4089.34
4143.16
4160.16
4158.29
4096.05
3943.98
3864.38
3849.02
3838.9
3837.75
3836.92
3824.13
3796.68
3762.31
3725.28
3686.7
3646.1
3602.07
3554.78
3507.9
3469.06
3444.48
3405.34
3330.01
3210.23
3056.8
2953.35
2900.8
2859.59
2828.65
2790.74
2739.97
2682.89
2625.19
2568.63
2513.38
2460.47
2413.83
2374.32
2316.67
2236.58
2127.38
2016.35
1944.89
1893.68
1854.18
1816.25
1769.69
1715.77
1660.32
1607.26
1557.75
1501.63
1417.77
1314.4
1189.79
1077.3
974.341
874.868
774.618
678.752
594.512
516.392
456.422
416.021
395.585
387.755
385.485
379.475
371.737
364.243
360.875
359.726
360.492
360.053
358.025
355.379
354.033
353.772
354.233
354.563
354.247
353.515
352.911
352.784
352.833
352.909
352.76
352.417
352.014
351.834
351.781
351.829
351.874
351.824
351.752
351.708
351.704
351.742
351.769
351.733
351.66
351.574
351.499
351.433
351.365
351.292
351.209
351.125
351.059
351.004
350.965
350.938
350.903
350.855
350.803
350.751
350.698
350.644
350.586
350.524
350.461
350.408
350.367
350.33
350.297
350.273
350.257
350.241
350.21
350.169
350.121
350.06
349.981
349.89
349.807
349.75
349.714
349.685
349.659
349.632
349.602
349.558
349.497
349.415
349.306
349.19
349.127
349.135
349.163
349.211
349.269
349.325
349.378
349.419
349.447
349.452
349.426
349.373
349.306
349.234
349.165
349.104
349.06
349.03
349.014
349.011
349.008
348.984
348.911
348.814
348.712
348.629
348.535
348.436
348.358
348.302
348.271
348.242
348.227
348.216
348.202
348.188
348.172
348.153
348.124
348.084
348.037
347.987
347.931
347.866
347.783
347.689
347.619
347.572
347.555
347.541
347.527
347.531
347.589
347.719
347.882
348.024
348.09
348.106
348.111
348.074
347.978
347.807
347.561
347.281
347.047
3937.98
2715.51
2218.86
2349.89
2485.97
2678.46
2861.83
3013.64
3079.74
3099.87
3120.49
3143.09
3157.02
3126.62
2901.49
2640.94
2635.76
2673.46
2735.34
2803.8
2870.62
2935.9
3001.71
3069.73
3141.52
3218.6
3302.45
3394.13
3475.75
3517.09
3534.23
3495.41
3254.66
3048.08
3051.35
3085.04
3136.89
3188.38
3231.87
3270.72
3309.02
3348.71
3389.93
3431.71
3473.16
3515.67
3565.28
3633.97
3711.59
3743.39
3748.65
3674.42
3461.67
3379.42
3390.63
3421.01
3464.39
3505.38
3537.03
3563.79
3590.41
3618.97
3649.24
3679.48
3708.67
3738.64
3775.38
3830.55
3899.28
3931.18
3938.89
3898.25
3744.53
3650.19
3656.02
3678.24
3714.25
3754.48
3786.73
3811.67
3834.99
3859.98
3887.54
3916.39
3944.36
3971.25
4000.04
4036.79
4090.02
4143.55
4160.51
4158.75
4096.33
3943.62
3864.15
3848.86
3838.79
3837.7
3836.95
3824.31
3797.06
3762.95
3726.21
3687.96
3647.64
3603.74
3556.46
3509.63
3470.93
3446.73
3408.52
3333.06
3212.76
3058.06
2953.35
2900.15
2858.29
2826.92
2788.78
2737.97
2680.93
2623.27
2566.87
2511.98
2459.62
2413.51
2374.42
2316.22
2235.22
2125.06
2013.17
1941.1
1889.73
1850.14
1812.41
1766.31
1712.99
1658.19
1605.86
1556.99
1500.07
1415.08
1310.94
1186.36
1075.3
973.051
874.16
774.507
679.129
594.594
515.429
455.083
414.966
394.72
387.187
384.646
378.536
371.049
364.039
360.98
359.988
360.624
359.719
357.521
355.092
354.086
353.957
354.499
354.63
354.182
353.347
352.85
352.775
352.896
352.964
352.786
352.386
351.955
351.798
351.763
351.833
351.877
351.823
351.753
351.712
351.713
351.759
351.782
351.743
351.67
351.583
351.511
351.446
351.379
351.306
351.221
351.135
351.068
351.014
350.977
350.951
350.918
350.871
350.82
350.77
350.719
350.666
350.608
350.544
350.48
350.423
350.38
350.342
350.308
350.282
350.266
350.25
350.22
350.18
350.132
350.07
349.988
349.89
349.8
349.739
349.702
349.674
349.65
349.625
349.597
349.554
349.493
349.412
349.305
349.193
349.136
349.146
349.175
349.224
349.281
349.337
349.39
349.431
349.459
349.463
349.439
349.387
349.32
349.249
349.178
349.116
349.072
349.04
349.026
349.027
349.027
349.002
348.925
348.821
348.717
348.631
348.532
348.428
348.345
348.286
348.253
348.227
348.215
348.208
348.202
348.192
348.179
348.159
348.124
348.077
348.022
347.962
347.893
347.817
347.728
347.641
347.586
347.549
347.538
347.527
347.509
347.51
347.569
347.704
347.869
348.012
348.081
348.101
348.113
348.089
348.008
347.847
347.603
347.318
347.082
)
;

boundaryField
{
    sides
    {
        type            zeroGradient;
    }
    inlet
    {
        type            zeroGradient;
    }
    outlet
    {
        type            zeroGradient;
    }
    empty
    {
        type            empty;
    }
}


// ************************************************************************* //
