/*--------------------------------*- C++ -*----------------------------------*\
| =========                 |                                                 |
| \\      /  F ield         | OpenFOAM: The Open Source CFD Toolbox           |
|  \\    /   O peration     | Version:  2306                                  |
|   \\  /    A nd           | Website:  www.openfoam.com                      |
|    \\/     M anipulation  |                                                 |
\*---------------------------------------------------------------------------*/
FoamFile
{
    version     2.0;
    format      ascii;
    arch        "LSB;label=32;scalar=64";
    class       volScalarField;
    location    "0.05";
    object      p;
}
// * * * * * * * * * * * * * * * * * * * * * * * * * * * * * * * * * * * * * //

dimensions      [1 -1 -2 0 0 0 0];

internalField   nonuniform List<scalar> 
6000
(
556770
556770
556770
556770
556770
556770
556770
556770
556770
556770
556770
556770
556770
556770
556770
556770
556770
556770
556770
556771
556774
556785
556818
556908
557126
557559
558132
558432
558437
558341
558016
557378
556437
555298
554091
552917
551868
550998
550323
549806
549428
549143
548919
548735
548571
548433
548315
548214
548130
548052
547979
547916
547877
547867
547867
547868
547874
547886
547908
547939
547976
548013
548047
548074
548097
548116
548133
548148
548161
548173
548182
548190
548196
548201
548205
548208
548211
548215
548217
548217
548217
548216
548214
548208
548199
548187
548173
548157
548141
548126
548112
548100
548089
548079
548070
548062
548058
548057
548057
548058
548062
548068
548077
548088
548100
548110
548119
548127
548133
548139
548143
548148
548152
548156
548160
548163
548166
548169
548173
548179
548187
548199
548212
548218
548218
548216
548212
548201
548185
548165
548147
548133
548123
548116
548110
548104
548097
548089
548080
548072
548066
548063
548062
548064
548065
548067
548070
548077
548085
548096
548106
548115
548123
548129
548135
548140
548146
548151
548154
548157
548159
548161
548163
548165
548167
548170
548173
548179
548187
548200
548216
548225
548227
548226
548221
548210
548191
548168
548146
548128
548117
548108
548103
548098
548093
548088
548082
548077
548071
548065
548059
548057
548057
548057
548058
548061
548067
548077
548089
548101
548113
548122
548130
548137
548144
548149
548153
548155
548157
548158
548160
548160
548162
548166
548171
548176
548183
548193
548207
548224
548242
548249
548249
548245
548236
548217
548190
548161
548136
548120
548111
548104
548100
548096
548091
548084
548078
548070
548062
548051
548039
548034
548033
548034
548036
548041
548051
548065
548079
548093
548106
548116
548125
548132
548135
548138
548143
548148
548153
548158
548165
548175
548185
548191
548197
548204
548213
548224
548239
548260
548277
548280
548277
548269
548251
548223
548188
548156
548133
548118
548107
548098
548090
548079
548066
548056
548048
548040
548034
548029
548026
548022
548020
548021
548023
548027
548034
548042
548049
548072
556770
556770
556770
556770
556770
556770
556770
556770
556770
556770
556770
556770
556770
556770
556770
556770
556770
556770
556770
556771
556774
556785
556818
556908
557126
557559
558132
558432
558437
558341
558016
557377
556437
555300
554088
552914
551872
551002
550320
549803
549431
549146
548921
548734
548570
548433
548317
548215
548130
548051
547978
547917
547877
547867
547866
547868
547874
547886
547907
547939
547976
548013
548046
548074
548097
548116
548133
548148
548161
548173
548183
548190
548196
548201
548205
548208
548211
548215
548217
548217
548217
548216
548214
548208
548199
548187
548173
548157
548141
548126
548112
548100
548089
548079
548070
548062
548058
548057
548057
548058
548062
548068
548077
548088
548100
548110
548119
548127
548133
548139
548143
548148
548152
548156
548160
548163
548166
548169
548173
548179
548187
548199
548212
548218
548218
548216
548212
548201
548185
548165
548147
548133
548123
548116
548110
548104
548097
548089
548080
548072
548066
548063
548062
548063
548064
548066
548070
548076
548085
548096
548106
548115
548123
548130
548135
548141
548146
548151
548154
548156
548158
548161
548163
548165
548167
548170
548173
548179
548188
548201
548216
548226
548227
548226
548221
548210
548191
548168
548146
548128
548117
548108
548103
548098
548093
548088
548082
548077
548071
548065
548059
548056
548056
548057
548058
548061
548067
548077
548089
548102
548113
548123
548130
548137
548144
548149
548153
548155
548157
548158
548159
548160
548162
548166
548171
548176
548183
548192
548206
548224
548241
548249
548249
548246
548236
548217
548191
548162
548136
548120
548110
548104
548099
548096
548090
548084
548077
548070
548062
548052
548041
548035
548034
548034
548037
548042
548051
548064
548078
548092
548105
548116
548125
548132
548136
548140
548144
548149
548154
548158
548165
548176
548185
548190
548196
548203
548212
548223
548238
548259
548277
548281
548278
548269
548251
548223
548187
548155
548133
548118
548108
548099
548089
548078
548065
548056
548048
548040
548034
548030
548026
548022
548020
548020
548022
548026
548033
548043
548050
548073
556770
556770
556770
556770
556770
556770
556770
556770
556770
556770
556770
556770
556770
556770
556770
556770
556770
556770
556770
556771
556774
556785
556818
556908
557126
557559
558132
558432
558437
558341
558016
557376
556438
555300
554087
552914
551872
551003
550318
549803
549433
549144
548921
548733
548570
548434
548316
548214
548130
548051
547978
547917
547877
547867
547866
547869
547874
547886
547907
547939
547975
548013
548047
548074
548097
548116
548133
548148
548162
548173
548183
548190
548196
548201
548205
548208
548211
548215
548217
548217
548217
548217
548214
548208
548199
548187
548173
548157
548141
548126
548112
548099
548089
548079
548070
548062
548058
548057
548057
548059
548062
548068
548077
548088
548100
548110
548119
548127
548133
548139
548143
548148
548152
548155
548160
548163
548166
548169
548173
548179
548187
548199
548212
548218
548218
548216
548211
548201
548185
548165
548146
548132
548123
548116
548111
548104
548097
548089
548080
548072
548066
548063
548062
548063
548064
548066
548070
548076
548085
548096
548107
548116
548124
548130
548136
548141
548147
548151
548153
548156
548158
548160
548162
548165
548167
548170
548174
548179
548188
548201
548217
548226
548227
548226
548221
548209
548190
548167
548145
548128
548117
548108
548103
548098
548094
548089
548083
548077
548071
548064
548059
548056
548056
548056
548058
548061
548067
548077
548089
548102
548113
548123
548131
548137
548144
548149
548153
548155
548157
548158
548159
548160
548163
548166
548171
548177
548183
548192
548205
548223
548241
548249
548249
548246
548236
548218
548192
548162
548137
548120
548110
548104
548099
548095
548090
548083
548077
548069
548061
548052
548043
548037
548035
548035
548037
548042
548051
548063
548077
548092
548104
548114
548123
548131
548136
548141
548146
548150
548155
548160
548166
548175
548184
548190
548196
548203
548211
548221
548236
548259
548278
548281
548279
548271
548252
548223
548187
548155
548132
548118
548108
548099
548090
548077
548065
548056
548048
548040
548034
548030
548026
548022
548020
548020
548021
548025
548033
548042
548052
548075
556770
556770
556770
556770
556770
556770
556770
556770
556770
556770
556770
556770
556770
556770
556770
556770
556770
556770
556770
556771
556774
556785
556818
556908
557126
557559
558132
558432
558437
558341
558016
557376
556438
555300
554085
552916
551872
551004
550315
549806
549432
549144
548921
548732
548570
548435
548315
548215
548130
548050
547979
547917
547877
547867
547867
547868
547874
547886
547907
547939
547975
548013
548046
548074
548097
548116
548133
548148
548162
548173
548183
548190
548196
548201
548204
548208
548211
548215
548217
548217
548218
548217
548214
548208
548199
548187
548173
548157
548141
548126
548112
548099
548089
548079
548070
548063
548058
548057
548057
548059
548062
548068
548077
548088
548100
548110
548119
548127
548133
548139
548143
548148
548152
548155
548160
548163
548166
548169
548174
548179
548188
548199
548212
548218
548218
548216
548211
548201
548184
548164
548146
548132
548123
548116
548111
548105
548098
548090
548081
548072
548066
548063
548062
548063
548063
548065
548069
548076
548085
548096
548107
548116
548124
548131
548137
548142
548147
548150
548153
548155
548157
548159
548162
548165
548167
548170
548174
548180
548188
548202
548218
548226
548227
548225
548220
548208
548190
548167
548145
548128
548116
548109
548103
548099
548094
548089
548084
548077
548071
548064
548058
548056
548055
548056
548057
548060
548067
548078
548090
548102
548114
548123
548131
548137
548143
548149
548153
548155
548157
548158
548159
548161
548163
548167
548171
548177
548184
548192
548204
548222
548241
548248
548249
548246
548237
548219
548192
548163
548138
548120
548110
548103
548098
548093
548089
548083
548076
548069
548061
548052
548045
548039
548036
548036
548038
548042
548050
548061
548076
548091
548103
548113
548122
548129
548136
548142
548147
548152
548157
548162
548167
548174
548183
548190
548196
548202
548210
548219
548236
548259
548278
548282
548280
548272
548254
548223
548186
548154
548132
548118
548108
548099
548090
548078
548065
548056
548048
548041
548035
548030
548025
548021
548019
548019
548021
548025
548032
548042
548053
548077
556770
556770
556770
556770
556770
556770
556770
556770
556770
556770
556770
556770
556770
556770
556770
556770
556770
556770
556770
556771
556774
556785
556818
556908
557126
557559
558132
558432
558437
558341
558016
557376
556439
555300
554084
552918
551872
551004
550313
549809
549430
549145
548922
548730
548572
548435
548314
548216
548129
548050
547979
547916
547876
547867
547867
547868
547873
547885
547907
547939
547975
548013
548046
548074
548097
548116
548133
548149
548162
548173
548182
548190
548196
548201
548204
548208
548211
548215
548217
548218
548218
548217
548214
548209
548199
548187
548172
548157
548141
548126
548112
548099
548089
548079
548070
548063
548058
548057
548057
548059
548062
548068
548077
548088
548100
548110
548119
548127
548133
548139
548143
548148
548152
548155
548159
548163
548166
548169
548174
548179
548188
548200
548212
548218
548218
548216
548211
548201
548184
548164
548145
548131
548122
548116
548111
548105
548098
548090
548081
548072
548066
548063
548062
548062
548063
548065
548068
548075
548084
548096
548107
548117
548125
548131
548137
548142
548147
548150
548153
548155
548157
548159
548161
548164
548167
548170
548174
548180
548189
548203
548218
548227
548227
548225
548219
548208
548189
548166
548145
548128
548116
548109
548104
548100
548095
548090
548084
548077
548070
548064
548058
548055
548055
548055
548057
548060
548068
548078
548091
548103
548114
548123
548131
548137
548143
548149
548152
548155
548156
548157
548159
548161
548164
548168
548172
548177
548184
548192
548204
548221
548239
548248
548248
548246
548237
548219
548193
548164
548139
548121
548110
548103
548097
548092
548088
548082
548075
548068
548060
548052
548045
548041
548039
548037
548039
548043
548050
548061
548074
548089
548102
548112
548121
548129
548136
548143
548148
548154
548159
548163
548169
548174
548181
548188
548194
548201
548208
548219
548236
548259
548279
548283
548281
548274
548255
548223
548186
548153
548130
548117
548107
548098
548089
548078
548068
548058
548049
548042
548035
548029
548023
548019
548018
548019
548020
548024
548031
548041
548054
548079
556770
556770
556770
556770
556770
556770
556770
556770
556770
556770
556770
556770
556770
556770
556770
556770
556770
556770
556770
556771
556774
556785
556818
556908
557126
557559
558132
558432
558437
558341
558016
557377
556439
555299
554084
552918
551874
551002
550313
549811
549428
549146
548921
548729
548573
548434
548314
548216
548128
548050
547980
547915
547877
547868
547867
547868
547873
547885
547908
547939
547975
548013
548046
548074
548097
548116
548133
548149
548162
548173
548182
548190
548196
548201
548204
548207
548211
548215
548217
548218
548218
548217
548214
548209
548199
548187
548172
548157
548141
548125
548112
548099
548089
548079
548070
548063
548058
548057
548057
548059
548062
548068
548077
548088
548100
548110
548120
548127
548133
548139
548143
548148
548152
548155
548159
548163
548166
548169
548173
548179
548188
548200
548213
548218
548218
548217
548212
548201
548184
548164
548145
548131
548122
548116
548111
548105
548098
548090
548082
548073
548066
548063
548062
548062
548063
548064
548068
548075
548084
548096
548107
548117
548125
548132
548138
548143
548147
548150
548152
548154
548156
548158
548161
548164
548167
548170
548175
548181
548190
548203
548218
548227
548227
548225
548219
548207
548188
548166
548144
548128
548116
548109
548105
548100
548096
548091
548084
548077
548070
548063
548057
548055
548054
548055
548057
548061
548068
548079
548092
548104
548115
548123
548131
548137
548142
548147
548152
548154
548156
548157
548159
548162
548165
548169
548173
548178
548184
548192
548204
548220
548238
548247
548248
548246
548237
548219
548193
548165
548140
548122
548110
548103
548097
548092
548086
548081
548074
548067
548060
548052
548045
548041
548040
548039
548039
548043
548050
548060
548073
548087
548101
548112
548121
548129
548136
548143
548150
548155
548160
548165
548169
548175
548180
548186
548192
548199
548207
548219
548236
548260
548281
548285
548283
548275
548255
548223
548185
548152
548129
548115
548105
548096
548087
548079
548070
548062
548053
548044
548035
548028
548022
548017
548016
548017
548019
548023
548030
548042
548055
548081
556770
556770
556770
556770
556770
556770
556770
556770
556770
556770
556770
556770
556770
556770
556770
556770
556770
556770
556770
556771
556774
556785
556818
556908
557126
557559
558132
558432
558437
558341
558016
557377
556439
555298
554085
552918
551875
550998
550317
549810
549428
549147
548919
548730
548574
548433
548315
548216
548127
548051
547980
547915
547877
547867
547867
547868
547873
547886
547908
547939
547975
548013
548046
548074
548097
548116
548134
548149
548162
548173
548182
548190
548196
548201
548204
548207
548211
548214
548217
548218
548218
548217
548214
548208
548199
548187
548172
548157
548141
548125
548111
548099
548089
548080
548071
548063
548058
548057
548057
548059
548062
548068
548076
548088
548099
548110
548120
548127
548134
548139
548144
548148
548152
548156
548159
548162
548165
548169
548173
548179
548188
548200
548213
548218
548218
548217
548212
548201
548184
548164
548145
548130
548122
548116
548111
548105
548098
548090
548082
548073
548067
548063
548063
548062
548062
548064
548068
548075
548084
548096
548107
548117
548125
548132
548138
548143
548147
548150
548152
548154
548156
548158
548160
548163
548167
548171
548175
548181
548190
548204
548218
548227
548227
548225
548219
548207
548188
548165
548144
548127
548117
548110
548105
548101
548096
548091
548085
548077
548069
548063
548057
548054
548054
548055
548057
548061
548069
548080
548092
548104
548115
548124
548131
548136
548141
548146
548150
548153
548155
548157
548160
548163
548166
548170
548174
548178
548184
548192
548204
548220
548237
548245
548247
548245
548237
548219
548194
548165
548141
548124
548112
548103
548097
548091
548085
548079
548074
548067
548060
548053
548046
548042
548041
548041
548040
548043
548050
548060
548072
548085
548099
548111
548121
548129
548137
548145
548151
548156
548161
548165
548169
548174
548179
548184
548190
548197
548206
548219
548237
548263
548283
548287
548285
548276
548255
548223
548185
548151
548126
548112
548102
548094
548087
548080
548072
548064
548056
548047
548036
548028
548022
548016
548014
548014
548016
548021
548030
548042
548056
548083
556770
556770
556770
556770
556770
556770
556770
556770
556770
556770
556770
556770
556770
556770
556770
556770
556770
556770
556770
556771
556774
556785
556818
556908
557126
557559
558132
558432
558437
558341
558016
557377
556439
555297
554087
552917
551875
550995
550321
549808
549429
549147
548917
548733
548574
548432
548316
548215
548127
548052
547979
547915
547877
547867
547867
547868
547873
547886
547908
547939
547975
548013
548046
548074
548097
548117
548134
548148
548161
548172
548182
548190
548196
548201
548204
548207
548211
548215
548218
548219
548218
548217
548214
548208
548199
548187
548172
548157
548140
548125
548111
548099
548089
548080
548071
548063
548058
548057
548057
548059
548062
548067
548076
548087
548099
548110
548120
548128
548134
548139
548144
548148
548152
548156
548159
548162
548165
548168
548173
548178
548188
548200
548213
548219
548219
548217
548212
548201
548184
548164
548145
548130
548121
548115
548111
548105
548098
548090
548082
548073
548067
548064
548063
548062
548062
548064
548068
548075
548084
548096
548107
548117
548125
548132
548138
548143
548147
548150
548152
548154
548156
548158
548160
548163
548167
548171
548176
548182
548190
548204
548218
548226
548227
548224
548218
548206
548188
548165
548144
548128
548117
548111
548106
548101
548096
548091
548084
548077
548069
548062
548056
548053
548053
548054
548057
548062
548070
548081
548093
548105
548115
548124
548130
548136
548141
548145
548148
548152
548155
548158
548161
548163
548167
548171
548175
548179
548184
548192
548203
548219
548236
548244
548246
548245
548237
548220
548194
548166
548141
548124
548113
548104
548097
548091
548085
548078
548072
548067
548060
548053
548046
548042
548041
548041
548041
548043
548050
548060
548072
548085
548097
548110
548120
548130
548139
548146
548152
548157
548161
548165
548169
548173
548178
548183
548188
548195
548205
548219
548239
548265
548285
548289
548287
548277
548256
548223
548184
548148
548123
548109
548100
548093
548088
548082
548074
548066
548058
548049
548039
548029
548021
548015
548012
548011
548013
548019
548029
548043
548058
548084
556770
556770
556770
556770
556770
556770
556770
556770
556770
556770
556770
556770
556770
556770
556770
556770
556770
556770
556770
556771
556774
556785
556818
556908
557126
557559
558132
558432
558437
558341
558016
557378
556439
555296
554088
552918
551874
550995
550322
549805
549431
549146
548916
548734
548572
548432
548316
548214
548127
548052
547978
547916
547877
547867
547867
547868
547874
547887
547908
547938
547975
548012
548046
548075
548097
548117
548133
548148
548161
548172
548183
548191
548196
548200
548203
548207
548210
548215
548218
548219
548218
548217
548214
548208
548199
548187
548173
548157
548140
548125
548111
548099
548090
548080
548071
548063
548058
548057
548057
548059
548062
548067
548076
548087
548099
548110
548120
548128
548134
548139
548144
548148
548152
548156
548159
548162
548165
548168
548172
548178
548187
548200
548213
548219
548219
548218
548213
548202
548185
548164
548145
548130
548121
548115
548110
548105
548098
548090
548082
548073
548067
548064
548063
548062
548062
548064
548068
548075
548084
548096
548107
548117
548125
548132
548138
548143
548147
548150
548152
548154
548156
548158
548160
548163
548167
548172
548176
548181
548190
548204
548218
548226
548227
548224
548219
548206
548187
548165
548144
548128
548118
548111
548106
548101
548096
548091
548084
548076
548068
548061
548055
548053
548053
548055
548058
548063
548070
548081
548093
548105
548116
548124
548130
548136
548140
548144
548147
548151
548155
548159
548162
548164
548167
548171
548176
548180
548185
548192
548203
548219
548235
548243
548245
548245
548237
548220
548194
548166
548142
548125
548114
548106
548097
548090
548084
548077
548071
548066
548060
548053
548047
548043
548041
548041
548042
548044
548050
548060
548072
548084
548097
548108
548120
548131
548140
548147
548153
548158
548162
548165
548168
548172
548176
548181
548187
548194
548204
548220
548241
548267
548286
548290
548288
548279
548257
548223
548182
548145
548120
548107
548098
548092
548089
548084
548075
548067
548059
548051
548042
548031
548020
548013
548010
548009
548011
548017
548028
548044
548058
548084
556770
556770
556770
556770
556770
556770
556770
556770
556770
556770
556770
556770
556770
556770
556770
556770
556770
556770
556770
556771
556774
556785
556818
556908
557126
557559
558132
558432
558437
558341
558016
557378
556438
555296
554088
552919
551870
550998
550322
549806
549432
549143
548918
548735
548570
548433
548316
548213
548129
548052
547978
547916
547877
547867
547867
547868
547874
547886
547908
547938
547975
548012
548046
548075
548097
548116
548133
548147
548161
548173
548183
548191
548196
548200
548203
548207
548211
548216
548218
548219
548218
548216
548214
548208
548199
548187
548173
548156
548140
548124
548111
548100
548090
548081
548072
548063
548058
548057
548057
548059
548061
548067
548075
548087
548099
548110
548121
548129
548134
548139
548144
548148
548152
548156
548159
548162
548164
548168
548172
548178
548187
548200
548213
548219
548219
548218
548213
548202
548185
548164
548145
548130
548121
548115
548110
548104
548098
548090
548082
548074
548068
548064
548063
548062
548062
548064
548068
548075
548084
548096
548107
548116
548125
548132
548138
548143
548147
548150
548152
548154
548156
548158
548160
548163
548167
548172
548176
548181
548190
548203
548218
548226
548226
548225
548219
548206
548187
548165
548144
548128
548118
548111
548106
548101
548096
548090
548084
548076
548068
548061
548055
548052
548052
548055
548059
548063
548071
548081
548093
548105
548116
548124
548130
548135
548140
548144
548147
548150
548156
548160
548162
548164
548167
548171
548176
548180
548185
548192
548202
548218
548235
548242
548244
548245
548237
548220
548195
548166
548142
548125
548115
548106
548097
548090
548083
548077
548070
548066
548060
548053
548047
548043
548041
548041
548042
548045
548050
548060
548071
548084
548096
548108
548120
548132
548141
548148
548153
548158
548162
548165
548167
548170
548175
548181
548187
548194
548204
548220
548242
548267
548287
548291
548289
548279
548257
548222
548181
548143
548119
548106
548097
548092
548091
548084
548076
548068
548060
548052
548044
548033
548020
548011
548008
548008
548010
548015
548026
548043
548059
548085
556770
556770
556770
556770
556770
556770
556770
556770
556770
556770
556770
556770
556770
556770
556770
556770
556770
556770
556770
556771
556774
556785
556818
556908
557126
557559
558132
558432
558437
558341
558016
557378
556438
555297
554088
552920
551867
551002
550319
549808
549432
549141
548921
548733
548570
548434
548315
548213
548130
548051
547978
547916
547877
547867
547867
547869
547874
547886
547907
547938
547975
548012
548047
548075
548097
548116
548132
548147
548161
548174
548183
548190
548196
548200
548203
548207
548212
548216
548218
548218
548218
548216
548214
548208
548200
548187
548172
548156
548139
548124
548111
548100
548090
548081
548071
548063
548058
548057
548058
548059
548061
548067
548075
548086
548099
548110
548121
548128
548134
548139
548144
548149
548153
548156
548159
548162
548164
548168
548172
548178
548187
548200
548213
548219
548219
548218
548213
548202
548185
548164
548145
548130
548121
548115
548110
548104
548097
548090
548082
548074
548068
548064
548063
548062
548062
548064
548068
548075
548084
548095
548106
548116
548125
548132
548138
548143
548147
548150
548152
548154
548156
548158
548160
548163
548167
548171
548176
548181
548190
548203
548218
548226
548226
548225
548219
548207
548188
548165
548144
548128
548118
548111
548106
548101
548095
548090
548084
548076
548069
548061
548055
548053
548053
548055
548059
548063
548071
548081
548093
548105
548115
548123
548130
548136
548140
548144
548147
548151
548156
548160
548162
548164
548167
548171
548175
548180
548185
548192
548202
548218
548234
548242
548244
548246
548238
548221
548195
548166
548142
548125
548115
548106
548097
548089
548083
548076
548070
548065
548060
548053
548047
548043
548042
548042
548043
548044
548050
548059
548071
548083
548096
548108
548120
548133
548141
548148
548153
548158
548162
548165
548167
548170
548175
548181
548187
548194
548203
548219
548242
548268
548288
548291
548290
548280
548257
548221
548180
548143
548119
548106
548097
548092
548089
548084
548076
548068
548060
548052
548045
548034
548019
548011
548008
548008
548010
548015
548025
548041
548058
548086
556770
556770
556770
556770
556770
556770
556770
556770
556770
556770
556770
556770
556770
556770
556770
556770
556770
556770
556770
556771
556774
556785
556818
556908
557126
557559
558132
558432
558437
558341
558016
557378
556437
555298
554089
552920
551866
551004
550317
549811
549430
549141
548922
548731
548571
548434
548313
548214
548130
548050
547979
547916
547877
547867
547867
547868
547874
547886
547907
547938
547975
548013
548048
548074
548097
548116
548132
548148
548162
548174
548183
548190
548195
548199
548203
548208
548212
548216
548218
548218
548218
548217
548214
548209
548200
548187
548172
548155
548139
548125
548112
548100
548090
548080
548071
548062
548058
548058
548058
548059
548061
548066
548075
548086
548099
548111
548121
548128
548134
548139
548144
548149
548153
548156
548159
548162
548164
548168
548172
548178
548188
548200
548213
548218
548219
548218
548213
548202
548185
548164
548145
548130
548121
548115
548110
548104
548097
548090
548082
548074
548067
548064
548063
548062
548062
548064
548068
548075
548084
548095
548106
548116
548125
548132
548138
548143
548147
548150
548152
548155
548156
548158
548161
548163
548167
548171
548175
548181
548190
548203
548218
548226
548226
548225
548219
548207
548188
548165
548144
548128
548118
548111
548106
548101
548095
548089
548083
548076
548070
548063
548056
548053
548053
548054
548058
548063
548070
548081
548092
548104
548115
548123
548130
548136
548141
548144
548148
548151
548156
548160
548162
548164
548167
548170
548174
548179
548184
548192
548203
548218
548235
548243
548245
548245
548238
548221
548195
548167
548142
548125
548114
548105
548097
548090
548083
548077
548070
548065
548060
548053
548047
548043
548042
548042
548043
548044
548049
548059
548071
548083
548096
548108
548120
548132
548141
548148
548153
548158
548162
548166
548168
548171
548175
548181
548187
548194
548203
548218
548240
548267
548288
548291
548289
548280
548257
548222
548181
548144
548120
548107
548098
548092
548087
548082
548075
548067
548060
548052
548045
548035
548022
548011
548008
548008
548010
548015
548024
548040
548056
548085
556770
556770
556770
556770
556770
556770
556770
556770
556770
556770
556770
556770
556770
556770
556770
556770
556770
556770
556770
556771
556774
556785
556818
556908
557126
557559
558132
558432
558437
558341
558016
557378
556437
555299
554089
552917
551869
551004
550317
549812
549427
549144
548922
548730
548572
548434
548313
548215
548129
548050
547979
547916
547877
547867
547867
547868
547873
547885
547907
547939
547975
548014
548047
548074
548097
548116
548133
548149
548162
548173
548182
548189
548195
548200
548204
548208
548211
548215
548217
548218
548218
548217
548215
548209
548200
548187
548171
548155
548140
548125
548112
548100
548089
548079
548070
548063
548059
548058
548058
548059
548061
548066
548075
548087
548100
548111
548120
548127
548133
548139
548144
548149
548153
548156
548159
548162
548165
548168
548172
548179
548188
548200
548212
548218
548219
548218
548213
548202
548185
548164
548145
548130
548122
548116
548110
548104
548097
548090
548081
548074
548067
548064
548063
548062
548062
548064
548068
548075
548084
548095
548106
548116
548125
548132
548138
548143
548147
548150
548152
548155
548157
548159
548161
548163
548166
548170
548175
548181
548190
548203
548218
548226
548226
548225
548220
548208
548189
548166
548143
548127
548117
548111
548106
548101
548095
548088
548082
548076
548070
548064
548057
548054
548054
548054
548057
548062
548070
548080
548092
548104
548114
548123
548130
548136
548141
548146
548149
548153
548156
548159
548161
548164
548167
548170
548173
548178
548184
548192
548204
548219
548236
548244
548245
548245
548237
548220
548195
548166
548142
548125
548113
548104
548097
548091
548084
548078
548071
548065
548060
548053
548047
548043
548042
548042
548043
548043
548049
548059
548071
548084
548096
548109
548120
548130
548139
548147
548153
548158
548162
548166
548169
548173
548177
548182
548188
548194
548203
548217
548238
548265
548286
548290
548288
548279
548257
548223
548183
548147
548122
548108
548100
548093
548087
548080
548073
548065
548058
548051
548043
548035
548025
548014
548010
548009
548011
548016
548025
548039
548054
548082
556770
556770
556770
556770
556770
556770
556770
556770
556770
556770
556770
556770
556770
556770
556770
556770
556770
556770
556770
556771
556774
556785
556818
556908
557126
557559
558132
558432
558437
558341
558016
557378
556437
555299
554089
552916
551872
551003
550318
549812
549425
549145
548921
548729
548573
548434
548313
548216
548129
548050
547980
547916
547877
547867
547867
547868
547873
547885
547908
547939
547976
548014
548046
548074
548097
548116
548134
548149
548162
548173
548182
548189
548195
548200
548205
548208
548211
548214
548217
548218
548219
548218
548215
548209
548199
548186
548171
548156
548140
548126
548112
548100
548088
548079
548070
548063
548059
548058
548058
548058
548061
548066
548076
548088
548100
548111
548120
548127
548133
548139
548144
548149
548153
548156
548159
548162
548165
548168
548173
548179
548188
548199
548212
548218
548219
548218
548213
548202
548184
548164
548144
548131
548122
548116
548111
548104
548097
548089
548081
548074
548068
548064
548062
548061
548062
548065
548069
548076
548085
548095
548106
548116
548125
548133
548138
548143
548147
548149
548152
548155
548157
548159
548161
548164
548166
548170
548175
548181
548190
548203
548218
548226
548226
548225
548220
548208
548190
548166
548144
548127
548116
548110
548105
548101
548095
548088
548082
548076
548071
548064
548058
548055
548054
548055
548056
548061
548069
548080
548092
548103
548114
548123
548130
548136
548142
548147
548151
548154
548156
548158
548160
548163
548166
548169
548172
548178
548184
548192
548204
548220
548237
548246
548247
548245
548237
548220
548194
548166
548142
548124
548111
548103
548097
548091
548085
548079
548073
548066
548059
548052
548046
548043
548042
548042
548042
548043
548050
548059
548071
548084
548098
548110
548121
548129
548137
548145
548152
548157
548162
548166
548170
548174
548179
548183
548189
548195
548204
548218
548238
548263
548284
548288
548286
548278
548257
548224
548185
548149
548124
548110
548101
548094
548086
548078
548070
548063
548056
548049
548042
548034
548025
548017
548013
548012
548013
548018
548026
548039
548053
548080
556770
556770
556770
556770
556770
556770
556770
556770
556770
556770
556770
556770
556770
556770
556770
556770
556770
556770
556770
556771
556774
556785
556818
556908
557126
557559
558132
558432
558437
558341
558016
557377
556438
555299
554088
552916
551874
551001
550318
549811
549425
549146
548920
548729
548573
548433
548313
548216
548128
548050
547980
547916
547877
547867
547867
547868
547873
547885
547908
547939
547976
548014
548046
548074
548097
548116
548134
548149
548162
548173
548182
548189
548196
548201
548205
548207
548210
548214
548217
548218
548219
548218
548215
548209
548199
548186
548172
548156
548141
548126
548112
548099
548088
548079
548070
548063
548059
548058
548058
548058
548061
548067
548077
548088
548100
548111
548119
548126
548132
548139
548144
548149
548152
548156
548159
548162
548165
548169
548174
548179
548188
548199
548211
548218
548219
548217
548212
548201
548184
548163
548145
548132
548123
548117
548111
548104
548097
548089
548081
548074
548067
548063
548061
548061
548062
548065
548069
548076
548085
548095
548106
548115
548125
548132
548138
548143
548146
548149
548152
548155
548157
548160
548162
548164
548166
548170
548174
548181
548190
548203
548218
548226
548226
548225
548220
548209
548190
548167
548144
548127
548116
548109
548105
548100
548095
548088
548082
548077
548071
548065
548059
548056
548055
548055
548056
548060
548068
548079
548091
548103
548114
548123
548130
548136
548143
548149
548152
548155
548156
548158
548160
548162
548164
548168
548172
548177
548184
548192
548204
548221
548239
548247
548248
548245
548237
548219
548193
548165
548140
548123
548111
548103
548097
548092
548086
548081
548074
548067
548059
548052
548045
548042
548041
548040
548040
548043
548050
548060
548072
548086
548100
548111
548121
548129
548136
548143
548150
548156
548160
548165
548170
548175
548180
548185
548190
548197
548206
548219
548237
548262
548281
548285
548284
548276
548256
548224
548186
548152
548128
548114
548103
548095
548086
548077
548068
548060
548052
548046
548040
548033
548026
548019
548016
548016
548017
548020
548027
548039
548052
548077
556770
556770
556770
556770
556770
556770
556770
556770
556770
556770
556770
556770
556770
556770
556770
556770
556770
556770
556770
556771
556774
556785
556818
556908
557126
557559
558132
558432
558437
558341
558016
557377
556439
555299
554086
552917
551874
551001
550317
549812
549426
549146
548920
548729
548573
548434
548313
548216
548128
548050
547980
547916
547877
547866
547867
547868
547873
547885
547908
547939
547976
548013
548046
548074
548097
548116
548133
548149
548162
548173
548182
548190
548196
548201
548204
548207
548210
548214
548217
548218
548218
548217
548214
548208
548199
548187
548172
548157
548141
548126
548111
548098
548088
548079
548071
548063
548059
548058
548057
548058
548061
548068
548077
548088
548100
548110
548119
548126
548133
548139
548144
548148
548152
548155
548159
548162
548166
548170
548174
548179
548187
548199
548211
548218
548219
548217
548212
548201
548184
548163
548145
548132
548124
548117
548111
548104
548097
548089
548081
548074
548067
548063
548061
548061
548062
548065
548070
548076
548085
548095
548106
548115
548124
548132
548138
548143
548146
548149
548152
548155
548157
548160
548162
548164
548167
548170
548174
548180
548189
548203
548218
548226
548226
548225
548220
548209
548190
548167
548145
548127
548116
548109
548104
548099
548094
548088
548083
548077
548071
548065
548059
548056
548055
548055
548056
548060
548067
548078
548090
548102
548114
548123
548131
548137
548144
548149
548152
548155
548157
548158
548159
548161
548163
548167
548172
548177
548184
548192
548205
548222
548240
548248
548248
548245
548236
548218
548192
548163
548139
548121
548111
548104
548098
548093
548088
548082
548075
548068
548059
548051
548044
548040
548039
548038
548039
548043
548051
548061
548075
548089
548102
548112
548121
548128
548136
548142
548148
548153
548158
548164
548170
548176
548181
548187
548193
548200
548208
548220
548236
548260
548278
548282
548280
548273
548255
548224
548187
548154
548131
548117
548106
548097
548086
548076
548066
548057
548049
548042
548037
548032
548026
548021
548019
548019
548021
548024
548028
548039
548051
548075
556770
556770
556770
556770
556770
556770
556770
556770
556770
556770
556770
556770
556770
556770
556770
556770
556770
556770
556770
556771
556774
556785
556818
556908
557126
557559
558132
558432
558437
558341
558016
557377
556439
555300
554085
552917
551875
551003
550315
549812
549427
549146
548921
548729
548573
548434
548313
548216
548128
548050
547980
547916
547876
547866
547867
547868
547873
547886
547908
547939
547976
548013
548046
548074
548097
548116
548133
548148
548161
548173
548182
548190
548197
548201
548204
548207
548210
548214
548217
548218
548218
548217
548214
548208
548199
548187
548173
548157
548141
548125
548111
548099
548089
548080
548071
548063
548058
548057
548057
548058
548062
548068
548077
548088
548100
548110
548119
548126
548133
548139
548144
548148
548152
548155
548159
548163
548166
548170
548174
548179
548187
548199
548212
548218
548218
548217
548212
548201
548184
548164
548145
548132
548124
548117
548111
548104
548097
548089
548081
548073
548067
548063
548062
548062
548063
548065
548070
548077
548085
548096
548106
548115
548124
548131
548137
548142
548146
548149
548152
548155
548158
548160
548162
548164
548167
548170
548174
548180
548189
548202
548218
548226
548227
548225
548221
548209
548190
548167
548145
548128
548116
548108
548103
548099
548094
548088
548083
548078
548072
548065
548059
548056
548056
548056
548057
548060
548067
548077
548089
548102
548114
548123
548131
548138
548145
548149
548152
548155
548157
548158
548158
548160
548162
548166
548171
548177
548184
548193
548206
548223
548241
548248
548249
548246
548236
548218
548191
548162
548137
548121
548111
548105
548100
548095
548090
548083
548076
548068
548060
548051
548043
548038
548036
548036
548038
548043
548051
548063
548077
548091
548103
548114
548122
548128
548135
548140
548146
548151
548156
548162
548168
548176
548183
548190
548196
548203
548211
548221
548235
548258
548276
548280
548278
548271
548253
548225
548188
548156
548134
548120
548109
548099
548087
548074
548063
548054
548046
548039
548034
548031
548027
548024
548022
548022
548024
548027
548031
548038
548049
548074
556770
556770
556770
556770
556770
556770
556770
556770
556770
556770
556770
556770
556770
556770
556770
556770
556770
556770
556770
556771
556774
556785
556818
556908
557126
557559
558132
558432
558437
558341
558016
557376
556439
555301
554084
552917
551874
551005
550314
549811
549428
549145
548921
548729
548572
548434
548313
548215
548129
548050
547979
547916
547876
547866
547867
547869
547874
547886
547908
547939
547976
548013
548046
548074
548097
548116
548133
548148
548161
548173
548183
548191
548197
548201
548204
548207
548211
548215
548217
548218
548217
548216
548213
548208
548199
548188
548173
548157
548141
548125
548111
548099
548089
548080
548071
548062
548057
548057
548057
548059
548063
548068
548077
548088
548100
548111
548120
548127
548133
548138
548143
548147
548151
548155
548160
548163
548166
548169
548173
548179
548188
548199
548212
548218
548218
548216
548211
548201
548184
548164
548146
548132
548123
548117
548111
548104
548097
548089
548081
548072
548066
548062
548062
548062
548063
548066
548070
548076
548085
548096
548106
548116
548124
548131
548136
548141
548146
548150
548153
548156
548158
548160
548162
548165
548167
548170
548174
548179
548188
548201
548217
548226
548227
548226
548221
548209
548190
548167
548145
548128
548117
548109
548103
548098
548093
548088
548083
548078
548072
548065
548059
548056
548055
548056
548057
548060
548067
548076
548088
548101
548113
548124
548132
548139
548145
548149
548152
548155
548156
548157
548158
548159
548162
548166
548171
548177
548184
548194
548207
548224
548241
548249
548249
548245
548236
548217
548189
548160
548136
548121
548111
548106
548102
548097
548091
548084
548077
548069
548060
548050
548040
548035
548034
548034
548037
548043
548052
548065
548080
548093
548105
548115
548123
548128
548133
548139
548144
548149
548154
548159
548166
548176
548186
548193
548199
548205
548213
548222
548234
548256
548274
548278
548276
548268
548252
548226
548190
548159
548136
548122
548111
548101
548087
548072
548061
548053
548045
548037
548032
548029
548028
548026
548024
548024
548026
548029
548033
548037
548047
548071
556770
556770
556770
556770
556770
556770
556770
556770
556770
556770
556770
556770
556770
556770
556770
556770
556770
556770
556770
556771
556774
556785
556818
556908
557126
557559
558132
558432
558437
558341
558016
557376
556439
555301
554086
552916
551874
551005
550315
549808
549431
549145
548921
548730
548571
548435
548314
548216
548129
548049
547979
547916
547876
547866
547866
547869
547874
547886
547908
547939
547976
548013
548046
548074
548097
548116
548132
548147
548161
548173
548183
548191
548197
548201
548204
548207
548211
548215
548217
548218
548217
548216
548213
548208
548200
548188
548173
548157
548140
548125
548112
548100
548090
548080
548070
548061
548057
548056
548057
548059
548063
548068
548077
548087
548100
548111
548121
548128
548133
548138
548142
548147
548151
548156
548160
548163
548166
548169
548173
548179
548188
548200
548212
548217
548217
548216
548211
548201
548185
548165
548146
548132
548122
548116
548111
548105
548098
548089
548080
548071
548065
548062
548062
548063
548064
548066
548070
548076
548085
548096
548107
548116
548124
548130
548135
548140
548146
548150
548154
548156
548158
548160
548162
548165
548167
548170
548174
548179
548188
548200
548216
548225
548227
548226
548221
548209
548190
548167
548145
548128
548117
548109
548102
548097
548093
548088
548083
548078
548072
548065
548059
548056
548055
548056
548057
548060
548067
548076
548088
548101
548113
548124
548133
548139
548145
548149
548152
548155
548156
548157
548157
548159
548162
548166
548171
548177
548185
548195
548208
548224
548241
548249
548249
548245
548235
548216
548188
548158
548135
548120
548112
548107
548103
548098
548091
548084
548077
548069
548061
548049
548038
548033
548032
548033
548036
548043
548054
548067
548081
548094
548106
548116
548124
548128
548132
548138
548143
548147
548152
548157
548165
548177
548188
548194
548201
548207
548215
548223
548233
548255
548273
548277
548274
548266
548251
548227
548192
548160
548137
548123
548112
548102
548088
548072
548060
548051
548043
548036
548030
548028
548028
548027
548026
548026
548028
548031
548034
548036
548046
548070
556770
556770
556770
556770
556770
556770
556770
556770
556770
556770
556770
556770
556770
556770
556770
556770
556770
556770
556770
556771
556774
556785
556818
556908
557126
557559
558132
558432
558437
558341
558016
557377
556437
555301
554089
552915
551869
551006
550320
549806
549427
549143
548922
548732
548570
548433
548313
548216
548129
548051
547978
547916
547876
547867
547867
547869
547874
547887
547908
547939
547976
548013
548046
548074
548097
548116
548133
548147
548160
548173
548183
548191
548197
548201
548204
548208
548211
548215
548217
548217
548217
548215
548213
548208
548200
548188
548173
548157
548140
548125
548112
548101
548090
548080
548069
548061
548057
548057
548058
548060
548062
548068
548076
548087
548100
548112
548121
548128
548133
548137
548142
548147
548152
548157
548160
548163
548165
548169
548173
548179
548188
548200
548212
548217
548217
548215
548211
548202
548185
548166
548147
548131
548122
548116
548111
548105
548098
548089
548079
548071
548065
548062
548063
548063
548064
548066
548070
548076
548085
548096
548107
548116
548123
548129
548135
548140
548146
548151
548154
548156
548158
548160
548162
548165
548168
548170
548174
548179
548187
548200
548215
548225
548228
548226
548221
548209
548190
548167
548145
548129
548117
548109
548102
548097
548092
548088
548084
548078
548072
548065
548059
548056
548055
548056
548058
548061
548066
548076
548088
548101
548113
548124
548133
548140
548145
548149
548152
548155
548156
548157
548157
548159
548162
548166
548171
548177
548185
548196
548208
548225
548242
548249
548249
548245
548235
548215
548187
548158
548135
548120
548112
548109
548104
548098
548092
548085
548077
548070
548061
548048
548037
548033
548032
548032
548036
548043
548056
548069
548082
548095
548107
548117
548124
548127
548131
548136
548141
548146
548151
548156
548164
548179
548190
548196
548202
548208
548216
548223
548232
548253
548271
548275
548273
548265
548250
548228
548193
548161
548138
548124
548113
548102
548089
548071
548059
548050
548042
548035
548029
548027
548029
548029
548027
548027
548029
548032
548034
548035
548045
548070
)
;

boundaryField
{
    sides
    {
        type            zeroGradient;
    }
    inlet
    {
        type            zeroGradient;
    }
    outlet
    {
        type            zeroGradient;
    }
    empty
    {
        type            empty;
    }
}


// ************************************************************************* //
