/*--------------------------------*- C++ -*----------------------------------*\
| =========                 |                                                 |
| \\      /  F ield         | OpenFOAM: The Open Source CFD Toolbox           |
|  \\    /   O peration     | Version:  2306                                  |
|   \\  /    A nd           | Website:  www.openfoam.com                      |
|    \\/     M anipulation  |                                                 |
\*---------------------------------------------------------------------------*/
FoamFile
{
    version     2.0;
    format      ascii;
    arch        "LSB;label=32;scalar=64";
    class       volScalarField;
    location    "0.05";
    object      rho;
}
// * * * * * * * * * * * * * * * * * * * * * * * * * * * * * * * * * * * * * //

dimensions      [1 -3 0 0 0 0 0];

internalField   nonuniform List<scalar> 
6000
(
12.4788
0.763606
0.203174
0.205304
0.189642
0.1596
0.126901
0.122578
0.12356
0.129066
0.137381
0.147236
0.158104
0.170449
0.183672
0.19284
0.195079
0.194251
0.192424
0.187487
0.165545
0.130659
0.122991
0.123204
0.125949
0.130277
0.134458
0.138121
0.141533
0.144967
0.148554
0.15241
0.157124
0.16421
0.172523
0.175669
0.176181
0.169404
0.144453
0.131984
0.132879
0.136504
0.142188
0.147656
0.152247
0.156342
0.160272
0.164226
0.168375
0.17308
0.179455
0.188463
0.196347
0.198871
0.194665
0.17567
0.1643
0.165522
0.16966
0.176704
0.18409
0.190531
0.196255
0.201896
0.208103
0.215963
0.226822
0.240357
0.247325
0.248253
0.236924
0.227805
0.232088
0.241874
0.256901
0.273254
0.28834
0.303108
0.320615
0.343541
0.366094
0.379986
0.382871
0.378269
0.391793
0.420242
0.464265
0.522934
0.598842
0.690207
0.76672
0.829652
0.891145
0.990267
1.14586
1.33806
1.44144
1.48213
1.50036
1.53386
1.59228
1.62738
1.63054
1.62268
1.62055
1.62476
1.63284
1.63423
1.63203
1.62656
1.62034
1.61507
1.60984
1.60497
1.60317
1.60407
1.60626
1.61057
1.61616
1.62188
1.62779
1.6344
1.64152
1.64706
1.64933
1.64987
1.65004
1.64997
1.64934
1.64753
1.6434
1.63551
1.62428
1.61528
1.61287
1.61312
1.61435
1.61771
1.62439
1.63421
1.64315
1.6469
1.64745
1.64748
1.64677
1.64447
1.63984
1.63253
1.62303
1.61303
1.60525
1.60136
1.60023
1.60008
1.60037
1.60129
1.6034
1.60734
1.61277
1.61781
1.62079
1.62187
1.62199
1.62013
1.61488
1.60666
1.59893
1.59448
1.59271
1.59196
1.59166
1.59261
1.59584
1.60208
1.61113
1.62196
1.63352
1.64559
1.65855
1.67287
1.68888
1.70664
1.72577
1.74556
1.76545
1.78508
1.80338
1.81728
1.82326
1.82374
1.82289
1.81975
1.80945
1.78063
1.71525
1.62018
1.55933
1.54797
1.54762
1.5477
1.54793
1.54834
1.54884
1.54931
1.5497
1.55002
1.55031
1.55061
1.55094
1.55128
1.55164
1.552
1.55235
1.5527
1.55304
1.55339
1.55375
1.55411
1.55447
1.55484
1.5552
1.55557
1.55595
1.55632
1.5567
1.55708
1.55747
1.55786
1.55825
1.55865
1.55904
1.55944
1.55984
1.56025
1.56066
1.56107
1.56149
1.56192
1.56234
1.56277
1.56321
1.56364
1.56409
1.56454
1.56499
1.56545
1.56591
1.56638
1.56685
1.56732
1.5678
1.56829
1.56879
1.56929
1.5698
1.5703
1.57081
1.57133
1.57185
1.57238
1.57292
1.57346
1.57401
1.57455
1.57511
1.57571
1.57634
1.57701
1.57767
1.57823
1.57865
1.57894
1.5792
1.57956
1.58018
1.58111
1.58224
1.5834
1.58442
1.58527
1.58597
1.58661
1.58724
1.5879
1.58857
1.58927
1.58998
1.59071
1.59144
1.5922
1.59296
1.59374
1.59454
1.59535
1.59617
1.597
1.59785
1.59873
1.59954
1.60096
12.4723
0.76458
0.203284
0.205458
0.189574
0.159104
0.126743
0.122645
0.12367
0.129209
0.137479
0.147238
0.158015
0.170149
0.183089
0.192368
0.194907
0.194237
0.192465
0.187648
0.166123
0.131054
0.123094
0.123313
0.126072
0.130411
0.134584
0.138235
0.141642
0.145077
0.148661
0.152501
0.157189
0.164254
0.172528
0.175618
0.176134
0.16933
0.144383
0.132011
0.13295
0.136625
0.142343
0.147834
0.152461
0.156617
0.160648
0.164731
0.168963
0.173699
0.180062
0.189031
0.196605
0.198957
0.194246
0.175059
0.164272
0.165617
0.169853
0.176951
0.18431
0.190748
0.196497
0.202206
0.208528
0.216484
0.227385
0.240754
0.247519
0.247924
0.236258
0.227618
0.232141
0.242083
0.257144
0.273351
0.288443
0.303412
0.321217
0.344362
0.366507
0.380199
0.382585
0.378038
0.391841
0.420481
0.46461
0.523043
0.598476
0.688997
0.764607
0.826827
0.888095
0.986819
1.14205
1.33534
1.43983
1.48084
1.49881
1.53258
1.59192
1.62733
1.63041
1.62218
1.61991
1.6241
1.63221
1.63363
1.63141
1.62588
1.61966
1.6146
1.6097
1.6052
1.60368
1.60459
1.60671
1.61084
1.61622
1.62169
1.6273
1.63369
1.64079
1.6465
1.64893
1.64952
1.64972
1.64967
1.64913
1.6475
1.64364
1.63609
1.62515
1.61622
1.61369
1.61381
1.61486
1.61799
1.62439
1.63393
1.64283
1.64671
1.64732
1.64736
1.64667
1.64442
1.63987
1.63265
1.62325
1.61343
1.60599
1.60254
1.60169
1.60156
1.60178
1.60268
1.60486
1.60887
1.61411
1.61816
1.61941
1.61976
1.61915
1.61675
1.61148
1.60385
1.59698
1.5936
1.5927
1.59233
1.59282
1.5947
1.59851
1.60478
1.61337
1.62359
1.63481
1.64677
1.65963
1.67379
1.68962
1.70719
1.72613
1.74561
1.76466
1.78257
1.79934
1.81361
1.82127
1.82256
1.82175
1.81896
1.80934
1.78155
1.71746
1.62255
1.5601
1.54801
1.54762
1.5477
1.54793
1.54834
1.54884
1.54931
1.5497
1.55002
1.55031
1.55061
1.55094
1.55128
1.55164
1.552
1.55235
1.5527
1.55304
1.55339
1.55375
1.55411
1.55447
1.55484
1.5552
1.55557
1.55595
1.55632
1.5567
1.55708
1.55747
1.55786
1.55825
1.55865
1.55904
1.55944
1.55984
1.56025
1.56066
1.56107
1.56149
1.56192
1.56234
1.56277
1.56321
1.56364
1.56409
1.56454
1.56499
1.56545
1.56591
1.56638
1.56685
1.56732
1.5678
1.56829
1.56879
1.56929
1.5698
1.5703
1.57081
1.57133
1.57185
1.57238
1.57292
1.57346
1.57401
1.57455
1.57511
1.57571
1.57634
1.57701
1.57767
1.57823
1.57865
1.57894
1.5792
1.57956
1.58018
1.58111
1.58224
1.58339
1.58442
1.58527
1.58597
1.58661
1.58724
1.5879
1.58857
1.58927
1.58998
1.59071
1.59145
1.5922
1.59296
1.59374
1.59454
1.59534
1.59617
1.597
1.59785
1.59873
1.59954
1.60096
12.4677
0.767007
0.203902
0.206127
0.18976
0.158431
0.126579
0.122808
0.123882
0.129451
0.13768
0.147344
0.157896
0.169665
0.182275
0.191703
0.194547
0.194035
0.192338
0.18787
0.167002
0.1316
0.123172
0.123373
0.126147
0.130513
0.134683
0.138319
0.141719
0.145169
0.148788
0.152661
0.157371
0.164467
0.172706
0.175785
0.176343
0.169388
0.14433
0.132233
0.133259
0.137059
0.142872
0.148416
0.153115
0.157372
0.161513
0.165689
0.17003
0.174905
0.181501
0.19074
0.197904
0.20003
0.194309
0.17431
0.164546
0.16612
0.170592
0.177831
0.18515
0.191489
0.197156
0.202834
0.209259
0.217547
0.228902
0.242131
0.248582
0.247993
0.235285
0.22744
0.232395
0.242672
0.25784
0.27385
0.288726
0.303767
0.322104
0.346072
0.368058
0.38155
0.382638
0.377779
0.392218
0.421186
0.465326
0.523027
0.597036
0.685049
0.757984
0.817895
0.877177
0.974557
1.12852
1.32395
1.43291
1.47666
1.49487
1.52945
1.59006
1.62719
1.63053
1.62178
1.61912
1.62337
1.63173
1.63324
1.63094
1.62501
1.61857
1.61376
1.60944
1.60566
1.60441
1.60534
1.60752
1.61156
1.61668
1.62176
1.62692
1.63286
1.63968
1.64551
1.64819
1.64887
1.64909
1.64905
1.64856
1.64706
1.64352
1.63667
1.62651
1.6177
1.61482
1.6149
1.61594
1.61887
1.62475
1.63361
1.64228
1.6464
1.64712
1.64715
1.64645
1.64427
1.63986
1.63283
1.62358
1.61388
1.60673
1.60374
1.60312
1.60307
1.60353
1.60486
1.60759
1.61191
1.61615
1.61787
1.61824
1.618
1.61648
1.61265
1.60605
1.59834
1.59349
1.59256
1.59265
1.59326
1.59463
1.59723
1.60161
1.60808
1.61645
1.62623
1.63701
1.64857
1.6611
1.67499
1.6906
1.708
1.7268
1.74593
1.76383
1.77962
1.79383
1.80718
1.81728
1.82045
1.81978
1.81732
1.80849
1.78255
1.72109
1.62657
1.56143
1.54809
1.54762
1.5477
1.54793
1.54834
1.54884
1.54932
1.5497
1.55001
1.55031
1.55061
1.55094
1.55128
1.55164
1.552
1.55235
1.5527
1.55304
1.55339
1.55375
1.55411
1.55447
1.55484
1.5552
1.55558
1.55595
1.55632
1.5567
1.55708
1.55747
1.55786
1.55825
1.55865
1.55904
1.55944
1.55984
1.56025
1.56066
1.56107
1.56149
1.56192
1.56234
1.56277
1.56321
1.56365
1.56409
1.56454
1.56499
1.56545
1.56591
1.56638
1.56685
1.56732
1.5678
1.56829
1.56879
1.56929
1.5698
1.5703
1.57081
1.57133
1.57185
1.57238
1.57292
1.57347
1.57401
1.57456
1.57511
1.57571
1.57634
1.57702
1.57767
1.57823
1.57865
1.57894
1.5792
1.57956
1.58018
1.58111
1.58224
1.58339
1.58442
1.58527
1.58597
1.58661
1.58725
1.5879
1.58858
1.58928
1.58999
1.59071
1.59145
1.5922
1.59296
1.59374
1.59453
1.59534
1.59616
1.597
1.59785
1.59873
1.59954
1.60096
12.4654
0.769828
0.204515
0.206819
0.190097
0.158051
0.126572
0.123087
0.124173
0.129725
0.137875
0.147375
0.157686
0.169128
0.181495
0.191137
0.194355
0.194044
0.19241
0.188201
0.167855
0.132075
0.12321
0.123402
0.126218
0.130623
0.134782
0.138388
0.141777
0.145246
0.148907
0.152836
0.157622
0.164823
0.173092
0.176256
0.176932
0.169713
0.144409
0.132749
0.133919
0.137921
0.143896
0.149545
0.154362
0.158749
0.163016
0.167323
0.171829
0.176947
0.183945
0.193639
0.20038
0.202204
0.194908
0.173848
0.165557
0.167346
0.17226
0.179684
0.186982
0.193225
0.198809
0.204477
0.210976
0.219608
0.231633
0.244401
0.250596
0.248229
0.234183
0.227548
0.233009
0.243763
0.259063
0.274775
0.289389
0.304516
0.323444
0.348495
0.37038
0.383624
0.383009
0.377836
0.393203
0.422667
0.466741
0.523321
0.59514
0.67927
0.747693
0.8033
0.858709
0.952903
1.10353
1.30114
1.41848
1.46828
1.48822
1.52421
1.58637
1.62616
1.63012
1.62093
1.61782
1.62213
1.63067
1.63223
1.62986
1.62361
1.61718
1.61295
1.60952
1.60657
1.60562
1.60657
1.6088
1.61261
1.61729
1.62185
1.62645
1.6318
1.63815
1.64404
1.64706
1.64787
1.64813
1.64813
1.6477
1.64636
1.64321
1.63717
1.6282
1.6199
1.6167
1.61663
1.61765
1.62027
1.62534
1.63304
1.64115
1.64571
1.64672
1.64677
1.64616
1.64418
1.6401
1.6334
1.62424
1.61446
1.60776
1.60564
1.60535
1.60555
1.60638
1.60821
1.61141
1.61531
1.61743
1.61763
1.61731
1.6158
1.61239
1.60636
1.59838
1.59225
1.59078
1.59111
1.59205
1.59387
1.59664
1.60055
1.60588
1.61278
1.62109
1.63047
1.64068
1.65168
1.66372
1.67715
1.6923
1.70922
1.7274
1.74541
1.76143
1.77483
1.78656
1.7986
1.81082
1.81733
1.8173
1.81542
1.80789
1.78445
1.72621
1.63214
1.56334
1.54822
1.54762
1.5477
1.54793
1.54834
1.54884
1.54932
1.5497
1.55001
1.55031
1.55061
1.55094
1.55128
1.55164
1.552
1.55235
1.55269
1.55304
1.55339
1.55375
1.55411
1.55447
1.55484
1.5552
1.55558
1.55595
1.55632
1.5567
1.55708
1.55747
1.55786
1.55825
1.55865
1.55904
1.55944
1.55984
1.56025
1.56066
1.56107
1.56149
1.56192
1.56235
1.56277
1.56321
1.56365
1.56409
1.56454
1.56499
1.56545
1.56591
1.56637
1.56684
1.56732
1.5678
1.56829
1.56879
1.56929
1.5698
1.5703
1.57081
1.57133
1.57185
1.57238
1.57292
1.57347
1.57401
1.57456
1.57512
1.57571
1.57635
1.57702
1.57767
1.57823
1.57865
1.57894
1.5792
1.57956
1.58018
1.5811
1.58223
1.58339
1.58441
1.58526
1.58597
1.58661
1.58725
1.5879
1.58858
1.58928
1.58999
1.59071
1.59145
1.5922
1.59296
1.59374
1.59453
1.59534
1.59616
1.597
1.59785
1.59873
1.59954
1.60096
12.4676
0.772035
0.204684
0.206885
0.190152
0.158006
0.126748
0.123395
0.124459
0.129966
0.138022
0.147368
0.157472
0.168708
0.180941
0.190734
0.194129
0.194019
0.192522
0.188544
0.168416
0.132289
0.12318
0.123383
0.126244
0.130679
0.134826
0.138408
0.141794
0.145292
0.149005
0.153012
0.157912
0.165282
0.173649
0.176984
0.177817
0.170237
0.144579
0.133429
0.134789
0.139072
0.14524
0.151008
0.155963
0.160494
0.164911
0.169391
0.174113
0.17959
0.187165
0.197524
0.204023
0.205433
0.19603
0.173899
0.167383
0.169472
0.174932
0.182577
0.189816
0.195931
0.201429
0.2071
0.213754
0.222889
0.23582
0.247872
0.253518
0.248633
0.232994
0.22813
0.233946
0.245359
0.260652
0.275892
0.290134
0.305352
0.325023
0.351396
0.373119
0.385855
0.383285
0.378074
0.394545
0.424814
0.468952
0.524489
0.59418
0.674094
0.737421
0.787161
0.837165
0.92695
1.07309
1.27197
1.3989
1.45632
1.47907
1.51714
1.5811
1.62438
1.62936
1.61982
1.61616
1.62055
1.62926
1.63093
1.62853
1.62195
1.6157
1.61231
1.60991
1.60787
1.60725
1.60827
1.61053
1.61404
1.61816
1.62214
1.6261
1.63073
1.63648
1.64231
1.64572
1.6467
1.64697
1.64696
1.64651
1.64522
1.64235
1.63704
1.62957
1.62258
1.61946
1.61915
1.62004
1.6223
1.62641
1.63258
1.63955
1.64445
1.64598
1.64614
1.64565
1.64397
1.64041
1.63425
1.62527
1.61539
1.60921
1.60787
1.60788
1.60845
1.60979
1.6122
1.6155
1.61773
1.61797
1.61756
1.61615
1.61291
1.60706
1.59866
1.59082
1.58789
1.58809
1.58924
1.59139
1.59456
1.59877
1.60401
1.61033
1.61778
1.62623
1.63542
1.64522
1.65572
1.66722
1.68009
1.6946
1.71066
1.72749
1.74343
1.75717
1.76831
1.77814
1.789
1.80232
1.81299
1.81481
1.81352
1.80762
1.78702
1.73233
1.63879
1.56575
1.54839
1.54763
1.5477
1.54793
1.54834
1.54885
1.54932
1.5497
1.55001
1.5503
1.55061
1.55094
1.55128
1.55164
1.552
1.55235
1.55269
1.55304
1.55339
1.55375
1.55411
1.55447
1.55484
1.55521
1.55558
1.55595
1.55632
1.5567
1.55708
1.55747
1.55786
1.55825
1.55865
1.55904
1.55944
1.55984
1.56025
1.56066
1.56107
1.56149
1.56192
1.56235
1.56278
1.56321
1.56365
1.56409
1.56454
1.56499
1.56545
1.56591
1.56637
1.56684
1.56732
1.5678
1.56829
1.56879
1.56929
1.5698
1.5703
1.57081
1.57133
1.57185
1.57238
1.57292
1.57347
1.57401
1.57456
1.57512
1.57571
1.57635
1.57702
1.57767
1.57823
1.57865
1.57894
1.5792
1.57956
1.58017
1.5811
1.58223
1.58338
1.58441
1.58526
1.58597
1.58661
1.58725
1.58791
1.58859
1.58929
1.59
1.59072
1.59145
1.5922
1.59296
1.59374
1.59453
1.59533
1.59616
1.597
1.59784
1.59873
1.59954
1.60096
12.4719
0.773802
0.204306
0.206491
0.189965
0.158162
0.127013
0.123597
0.124636
0.1301
0.138117
0.14739
0.157397
0.168494
0.180636
0.190566
0.194188
0.194187
0.192742
0.188796
0.168527
0.13214
0.123069
0.123312
0.126224
0.130674
0.134808
0.13838
0.141769
0.145289
0.149052
0.153144
0.158205
0.165795
0.174332
0.177854
0.178821
0.170742
0.144633
0.13405
0.135581
0.140115
0.14644
0.152319
0.15742
0.162115
0.166717
0.171401
0.176376
0.182264
0.190514
0.2017
0.208145
0.209156
0.197336
0.17456
0.169761
0.172223
0.178317
0.186201
0.193367
0.199332
0.204745
0.210458
0.217371
0.227182
0.24126
0.252368
0.25701
0.248917
0.231771
0.228998
0.23524
0.247293
0.262424
0.276992
0.2907
0.305948
0.326435
0.35426
0.375629
0.387543
0.382839
0.377998
0.395807
0.427267
0.471678
0.526402
0.594913
0.672114
0.730791
0.774445
0.818858
0.904415
1.04679
1.2459
1.37985
1.44354
1.46866
1.50914
1.57538
1.62229
1.62848
1.61853
1.61417
1.61864
1.62754
1.62936
1.62693
1.62015
1.61449
1.61216
1.61078
1.60953
1.60922
1.61029
1.61256
1.61575
1.61921
1.62251
1.62581
1.62971
1.63476
1.64034
1.64418
1.64544
1.64573
1.64569
1.64515
1.64374
1.64092
1.63625
1.63039
1.62555
1.6231
1.62242
1.62301
1.62479
1.62788
1.63233
1.63763
1.64238
1.64477
1.64524
1.64495
1.64369
1.64078
1.63531
1.62669
1.61694
1.61137
1.61048
1.61068
1.61158
1.61338
1.61613
1.61854
1.61917
1.6188
1.61763
1.61474
1.60922
1.60069
1.59122
1.58584
1.58513
1.5857
1.58729
1.59052
1.59537
1.6013
1.608
1.61539
1.62343
1.63202
1.64103
1.65047
1.6605
1.67146
1.68366
1.6972
1.71178
1.72624
1.73953
1.75073
1.75993
1.76859
1.77886
1.79282
1.8076
1.81304
1.81248
1.80818
1.79025
1.73896
1.64598
1.5685
1.5486
1.54763
1.5477
1.54793
1.54834
1.54885
1.54933
1.5497
1.55001
1.5503
1.55061
1.55094
1.55129
1.55164
1.552
1.55235
1.55269
1.55304
1.55339
1.55375
1.55411
1.55447
1.55484
1.55521
1.55558
1.55595
1.55632
1.5567
1.55708
1.55747
1.55786
1.55825
1.55865
1.55904
1.55944
1.55984
1.56025
1.56066
1.56107
1.56149
1.56192
1.56235
1.56278
1.56321
1.56365
1.56409
1.56454
1.56499
1.56545
1.56591
1.56637
1.56684
1.56732
1.5678
1.56829
1.56879
1.56929
1.5698
1.5703
1.57081
1.57133
1.57185
1.57239
1.57293
1.57347
1.57401
1.57456
1.57512
1.57571
1.57635
1.57702
1.57767
1.57823
1.57865
1.57894
1.5792
1.57956
1.58017
1.5811
1.58222
1.58338
1.58441
1.58526
1.58597
1.58661
1.58725
1.58791
1.58859
1.58929
1.59
1.59072
1.59146
1.5922
1.59296
1.59374
1.59453
1.59533
1.59616
1.59699
1.59784
1.59873
1.59954
1.60096
12.4819
0.774873
0.203634
0.20569
0.189409
0.15813
0.127161
0.123686
0.124673
0.130122
0.138143
0.147452
0.157479
0.16854
0.180681
0.190781
0.194544
0.194501
0.193058
0.188943
0.168126
0.131651
0.122896
0.123184
0.126172
0.13066
0.134803
0.13838
0.141781
0.145321
0.149121
0.153291
0.1585
0.166305
0.175025
0.178668
0.179672
0.171029
0.144471
0.134429
0.136094
0.140827
0.147254
0.153199
0.158403
0.163228
0.167999
0.172891
0.178141
0.18445
0.193363
0.20534
0.211895
0.212532
0.198336
0.175515
0.172164
0.175048
0.181763
0.189871
0.196963
0.2028
0.208178
0.214045
0.221463
0.232216
0.247539
0.257414
0.260401
0.248678
0.230635
0.229932
0.236741
0.249275
0.264127
0.27792
0.291108
0.306405
0.327725
0.356901
0.37762
0.388342
0.381356
0.377374
0.396638
0.429608
0.474672
0.529285
0.597454
0.672873
0.72874
0.767034
0.806801
0.889509
1.0304
1.22984
1.36721
1.43359
1.45909
1.5015
1.57014
1.62038
1.62766
1.61711
1.612
1.61659
1.62574
1.62772
1.6253
1.61853
1.61388
1.6126
1.612
1.6114
1.61142
1.61258
1.61478
1.61765
1.62046
1.62301
1.62566
1.62883
1.63308
1.63824
1.64244
1.64413
1.64449
1.64444
1.6438
1.64216
1.6391
1.63479
1.63076
1.62848
1.6273
1.62655
1.6265
1.62753
1.62954
1.63229
1.63568
1.63954
1.64277
1.64402
1.64404
1.64327
1.64103
1.63635
1.62836
1.61903
1.61394
1.61327
1.61358
1.61471
1.61677
1.61919
1.62042
1.6203
1.61947
1.61727
1.61262
1.60465
1.59422
1.58594
1.58343
1.58353
1.58426
1.58622
1.59008
1.59606
1.60359
1.61188
1.62046
1.62917
1.638
1.64695
1.65615
1.66582
1.67618
1.68735
1.69923
1.71126
1.72306
1.73358
1.74241
1.7502
1.75835
1.76875
1.78368
1.80204
1.81231
1.81265
1.80954
1.79384
1.74563
1.65333
1.5715
1.54887
1.54764
1.5477
1.54793
1.54834
1.54885
1.54933
1.5497
1.55001
1.5503
1.5506
1.55094
1.55129
1.55164
1.552
1.55235
1.55269
1.55304
1.55339
1.55375
1.55411
1.55447
1.55484
1.55521
1.55558
1.55595
1.55632
1.5567
1.55708
1.55747
1.55786
1.55825
1.55865
1.55904
1.55944
1.55984
1.56025
1.56066
1.56107
1.56149
1.56192
1.56235
1.56278
1.56321
1.56365
1.56409
1.56454
1.56499
1.56545
1.56591
1.56637
1.56684
1.56732
1.5678
1.56829
1.56879
1.56929
1.5698
1.5703
1.57082
1.57133
1.57185
1.57239
1.57293
1.57347
1.57402
1.57456
1.57512
1.57571
1.57635
1.57702
1.57767
1.57823
1.57864
1.57894
1.5792
1.57955
1.58017
1.58109
1.58222
1.58338
1.58441
1.58525
1.58597
1.58661
1.58725
1.58791
1.58859
1.58929
1.59001
1.59073
1.59146
1.5922
1.59296
1.59374
1.59453
1.59533
1.59615
1.59699
1.59784
1.59873
1.59953
1.60096
12.4929
0.775316
0.20348
0.205486
0.189217
0.158099
0.127104
0.123568
0.124567
0.130026
0.138084
0.147484
0.15765
0.16888
0.18119
0.19136
0.195057
0.194911
0.193439
0.189067
0.167432
0.130979
0.122746
0.123108
0.126174
0.130694
0.134856
0.138455
0.141883
0.145448
0.149272
0.153493
0.15881
0.166776
0.175631
0.179274
0.180205
0.171009
0.144056
0.134524
0.136276
0.141134
0.147613
0.153589
0.158836
0.163732
0.168617
0.173665
0.179133
0.185801
0.195276
0.207915
0.214606
0.214904
0.198782
0.176337
0.174065
0.177377
0.184637
0.192932
0.199972
0.205761
0.211193
0.217301
0.225391
0.237336
0.253606
0.262171
0.263193
0.247637
0.229899
0.230895
0.238265
0.251182
0.265615
0.278649
0.291406
0.306864
0.329044
0.359314
0.379196
0.388352
0.379043
0.376491
0.397027
0.431787
0.47785
0.53314
0.601929
0.675828
0.729675
0.763616
0.801524
0.883381
1.02443
1.22487
1.3625
1.42834
1.45228
1.49577
1.56677
1.61901
1.62698
1.61553
1.60984
1.6147
1.62415
1.62625
1.62381
1.61722
1.61379
1.61349
1.6135
1.61343
1.61377
1.61505
1.61715
1.61962
1.62182
1.62366
1.62555
1.62803
1.6315
1.6361
1.64053
1.64276
1.64328
1.64324
1.64249
1.64051
1.6371
1.63336
1.63144
1.63129
1.63139
1.63125
1.63075
1.63048
1.63107
1.63205
1.63378
1.6365
1.63991
1.64232
1.64293
1.64261
1.64104
1.63713
1.63003
1.62139
1.61664
1.61602
1.61635
1.6175
1.6194
1.62108
1.62152
1.62107
1.61974
1.61645
1.60998
1.59999
1.58951
1.58384
1.58271
1.5829
1.5837
1.586
1.5906
1.59769
1.60652
1.61609
1.62568
1.63504
1.64417
1.65319
1.66219
1.67129
1.68045
1.68968
1.69911
1.70876
1.71771
1.72562
1.73275
1.73989
1.74818
1.75933
1.77571
1.79722
1.81199
1.81364
1.81138
1.79755
1.75206
1.66057
1.57468
1.54917
1.54765
1.54771
1.54793
1.54834
1.54885
1.54933
1.5497
1.55001
1.5503
1.5506
1.55093
1.55129
1.55164
1.552
1.55235
1.55269
1.55304
1.55339
1.55375
1.55411
1.55447
1.55484
1.55521
1.55558
1.55595
1.55632
1.5567
1.55708
1.55747
1.55786
1.55825
1.55865
1.55904
1.55944
1.55984
1.56025
1.56066
1.56107
1.56149
1.56192
1.56235
1.56278
1.56321
1.56365
1.56409
1.56454
1.56499
1.56545
1.56591
1.56637
1.56684
1.56732
1.5678
1.56829
1.56879
1.56929
1.5698
1.5703
1.57082
1.57133
1.57186
1.57239
1.57293
1.57347
1.57402
1.57456
1.57512
1.57571
1.57635
1.57702
1.57767
1.57823
1.57864
1.57894
1.5792
1.57955
1.58017
1.58109
1.58222
1.58337
1.5844
1.58525
1.58596
1.58661
1.58725
1.58791
1.58859
1.58929
1.59001
1.59073
1.59146
1.59221
1.59297
1.59374
1.59453
1.59533
1.59615
1.59699
1.59783
1.59872
1.59953
1.60096
12.503
0.775576
0.203948
0.206013
0.18963
0.158241
0.126948
0.123362
0.124378
0.129883
0.138036
0.147576
0.157957
0.169491
0.182059
0.19212
0.195608
0.195393
0.193843
0.189153
0.166595
0.130296
0.122667
0.123099
0.126245
0.130801
0.134986
0.138621
0.142085
0.145675
0.149513
0.153749
0.159111
0.167171
0.176048
0.179536
0.180359
0.170718
0.143532
0.134419
0.136215
0.141135
0.147616
0.153592
0.158867
0.163812
0.168773
0.173932
0.179547
0.186486
0.196376
0.209408
0.216057
0.216076
0.198664
0.176662
0.175157
0.17888
0.186545
0.194981
0.202041
0.207878
0.213477
0.219888
0.228675
0.241722
0.258323
0.265823
0.264972
0.246071
0.229618
0.231823
0.239718
0.25289
0.266846
0.279292
0.291797
0.307554
0.330618
0.361622
0.380427
0.387769
0.376325
0.375452
0.397261
0.433698
0.480987
0.537718
0.608527
0.682055
0.734053
0.76314
0.799778
0.882193
1.02528
1.22712
1.36302
1.42744
1.4497
1.49357
1.56628
1.61813
1.6257
1.61322
1.60775
1.61316
1.62296
1.62504
1.62246
1.61622
1.61412
1.6145
1.61509
1.61555
1.61627
1.61771
1.61973
1.6217
1.62317
1.62433
1.62552
1.62728
1.63003
1.634
1.63843
1.64121
1.64197
1.64192
1.641
1.63869
1.63538
1.63305
1.63302
1.63391
1.63515
1.63581
1.6355
1.63396
1.63184
1.63139
1.632
1.63369
1.63662
1.63983
1.64136
1.64147
1.64051
1.63738
1.63126
1.62358
1.61919
1.61854
1.6188
1.61979
1.62123
1.6222
1.62214
1.62147
1.61957
1.61521
1.60742
1.59698
1.58775
1.58369
1.58308
1.58334
1.58437
1.58702
1.59224
1.60018
1.61005
1.62066
1.63115
1.64112
1.65052
1.65943
1.66774
1.67533
1.68245
1.68974
1.69719
1.70402
1.71024
1.71627
1.72264
1.72992
1.73897
1.75132
1.76936
1.79349
1.81204
1.81519
1.8135
1.80114
1.75805
1.66754
1.57796
1.54952
1.54767
1.54772
1.54793
1.54834
1.54886
1.54933
1.5497
1.55001
1.5503
1.5506
1.55093
1.55129
1.55164
1.552
1.55235
1.55269
1.55304
1.55339
1.55375
1.55411
1.55447
1.55484
1.55521
1.55558
1.55595
1.55632
1.5567
1.55708
1.55747
1.55786
1.55825
1.55865
1.55904
1.55944
1.55984
1.56025
1.56066
1.56107
1.56149
1.56192
1.56235
1.56278
1.56321
1.56365
1.56409
1.56454
1.56499
1.56545
1.56591
1.56637
1.56684
1.56732
1.5678
1.56829
1.56879
1.56929
1.5698
1.5703
1.57082
1.57133
1.57186
1.57239
1.57293
1.57347
1.57402
1.57456
1.57512
1.57572
1.57635
1.57702
1.57767
1.57823
1.57864
1.57894
1.57919
1.57955
1.58017
1.58109
1.58222
1.58337
1.5844
1.58525
1.58596
1.58661
1.58725
1.58791
1.58859
1.58929
1.59001
1.59073
1.59147
1.59221
1.59297
1.59374
1.59453
1.59533
1.59615
1.59699
1.59783
1.59872
1.59953
1.60095
12.5137
0.775679
0.204529
0.206669
0.189976
0.15802
0.12665
0.123147
0.124211
0.129782
0.138027
0.147722
0.158352
0.170228
0.183027
0.192858
0.196079
0.195799
0.194141
0.189131
0.165679
0.129706
0.122679
0.123175
0.126393
0.130969
0.135173
0.138841
0.142337
0.145944
0.149781
0.154003
0.159361
0.167441
0.176228
0.179549
0.18028
0.170347
0.143122
0.134266
0.136079
0.141013
0.147478
0.153438
0.158724
0.163702
0.168722
0.173982
0.179746
0.186829
0.19679
0.209901
0.21647
0.216283
0.198163
0.176575
0.175515
0.179541
0.187511
0.196108
0.203262
0.209222
0.215009
0.221746
0.231045
0.244716
0.261238
0.267964
0.265626
0.244577
0.229652
0.232629
0.24097
0.254265
0.267875
0.279995
0.292477
0.308657
0.33258
0.363751
0.381354
0.386799
0.373711
0.374638
0.397546
0.435302
0.483756
0.542285
0.616041
0.69095
0.742545
0.767271
0.803008
0.885982
1.03233
1.23526
1.367
1.42885
1.45054
1.49522
1.56896
1.61731
1.62356
1.61025
1.60583
1.61204
1.62206
1.6239
1.62102
1.61539
1.61448
1.6154
1.61683
1.61779
1.61888
1.62053
1.62255
1.62397
1.62453
1.62488
1.62552
1.62659
1.62871
1.63202
1.63614
1.63926
1.64034
1.64031
1.63931
1.63704
1.63472
1.63417
1.63488
1.63676
1.6389
1.63991
1.63963
1.63761
1.63355
1.63032
1.63015
1.63108
1.63337
1.63669
1.63907
1.63967
1.63911
1.63673
1.63161
1.62516
1.62137
1.62071
1.62087
1.62158
1.6224
1.62272
1.62235
1.62145
1.61911
1.61422
1.60612
1.5963
1.58858
1.58522
1.58461
1.58492
1.58629
1.58956
1.59553
1.60422
1.61478
1.62606
1.6371
1.64736
1.65649
1.66423
1.67078
1.67655
1.68231
1.68792
1.69271
1.69697
1.70138
1.70662
1.7131
1.72116
1.7314
1.74513
1.76468
1.79079
1.81233
1.81692
1.81564
1.80445
1.76352
1.67416
1.58132
1.54992
1.54768
1.54773
1.54794
1.54834
1.54886
1.54933
1.5497
1.55
1.55029
1.5506
1.55093
1.55129
1.55164
1.552
1.55235
1.55269
1.55304
1.55339
1.55375
1.55411
1.55447
1.55484
1.55521
1.55558
1.55595
1.55632
1.5567
1.55708
1.55747
1.55786
1.55825
1.55865
1.55904
1.55944
1.55984
1.56025
1.56066
1.56107
1.56149
1.56192
1.56235
1.56278
1.56321
1.56365
1.56409
1.56454
1.56499
1.56545
1.56591
1.56637
1.56684
1.56732
1.5678
1.56829
1.56879
1.56929
1.5698
1.5703
1.57082
1.57133
1.57186
1.57239
1.57293
1.57347
1.57402
1.57457
1.57512
1.57572
1.57635
1.57702
1.57767
1.57823
1.57864
1.57894
1.57919
1.57955
1.58016
1.58109
1.58222
1.58337
1.5844
1.58525
1.58596
1.5866
1.58724
1.5879
1.58859
1.58929
1.59001
1.59073
1.59147
1.59222
1.59298
1.59375
1.59453
1.59533
1.59615
1.59698
1.59783
1.59872
1.59952
1.60095
12.521
0.775489
0.204563
0.206748
0.189942
0.157691
0.126474
0.123047
0.124147
0.129766
0.138095
0.147914
0.158747
0.170914
0.183893
0.193529
0.196549
0.196241
0.194503
0.189214
0.164896
0.129296
0.122793
0.123338
0.126604
0.131187
0.1354
0.139091
0.142609
0.14623
0.150063
0.154258
0.159571
0.167598
0.176265
0.179444
0.180055
0.169966
0.142759
0.134026
0.135834
0.140762
0.147223
0.153193
0.158501
0.163518
0.168597
0.173915
0.179695
0.18676
0.196706
0.209797
0.216266
0.215983
0.197725
0.17638
0.175472
0.179635
0.187758
0.196511
0.203821
0.209977
0.216007
0.222893
0.232274
0.246061
0.262387
0.26883
0.265447
0.243586
0.229903
0.233244
0.24191
0.255329
0.268856
0.280963
0.293631
0.310317
0.334898
0.365588
0.382181
0.385773
0.371778
0.374321
0.398024
0.436616
0.485904
0.546142
0.623147
0.700535
0.753901
0.777061
0.815331
0.90111
1.05285
1.25607
1.37931
1.43409
1.45451
1.49994
1.57416
1.61725
1.62152
1.60727
1.60436
1.61142
1.6212
1.62259
1.61933
1.61463
1.61459
1.61625
1.61865
1.62006
1.62146
1.62337
1.62535
1.62631
1.62624
1.62555
1.6254
1.62605
1.62754
1.63013
1.63356
1.63661
1.63801
1.63819
1.63748
1.63612
1.63541
1.63583
1.6373
1.64002
1.64257
1.64347
1.6431
1.64092
1.63592
1.63012
1.62809
1.62852
1.63018
1.63309
1.63587
1.63698
1.63671
1.63489
1.63083
1.62579
1.62307
1.62256
1.62264
1.62298
1.62319
1.62294
1.6224
1.62117
1.61853
1.61364
1.60617
1.59752
1.59102
1.58826
1.58756
1.58796
1.58976
1.59377
1.60059
1.61
1.621
1.63239
1.64314
1.65244
1.66006
1.66597
1.67089
1.67573
1.68003
1.68321
1.68573
1.68851
1.69232
1.69773
1.70501
1.71426
1.72581
1.74078
1.76141
1.7888
1.81267
1.8186
1.81762
1.80739
1.7684
1.68035
1.58469
1.55035
1.5477
1.54774
1.54794
1.54835
1.54885
1.54933
1.5497
1.55
1.55029
1.5506
1.55093
1.55129
1.55164
1.552
1.55235
1.55269
1.55304
1.55339
1.55375
1.55411
1.55447
1.55484
1.55521
1.55558
1.55595
1.55632
1.5567
1.55708
1.55747
1.55786
1.55825
1.55865
1.55904
1.55944
1.55984
1.56025
1.56066
1.56107
1.56149
1.56192
1.56235
1.56278
1.56321
1.56365
1.56409
1.56454
1.56499
1.56545
1.56591
1.56637
1.56684
1.56732
1.5678
1.56829
1.56879
1.56929
1.5698
1.57031
1.57082
1.57133
1.57186
1.57239
1.57293
1.57347
1.57402
1.57457
1.57512
1.57572
1.57635
1.57702
1.57767
1.57823
1.57864
1.57894
1.57919
1.57955
1.58017
1.58109
1.58222
1.58337
1.5844
1.58525
1.58596
1.5866
1.58724
1.5879
1.58859
1.58929
1.59001
1.59073
1.59147
1.59222
1.59298
1.59375
1.59454
1.59534
1.59615
1.59698
1.59783
1.59871
1.59952
1.60095
12.5277
0.775604
0.204162
0.20633
0.18947
0.157266
0.12651
0.123177
0.124304
0.129953
0.138332
0.148224
0.159158
0.171459
0.184507
0.19399
0.196824
0.196448
0.194666
0.189163
0.164324
0.129136
0.123005
0.12357
0.126857
0.131447
0.135676
0.139388
0.142925
0.146554
0.150378
0.154537
0.159774
0.167695
0.176212
0.179173
0.179638
0.169568
0.142419
0.13363
0.13539
0.140249
0.146676
0.152649
0.157986
0.163054
0.168194
0.17355
0.179295
0.186247
0.196072
0.209087
0.215685
0.215573
0.197714
0.176264
0.175235
0.179414
0.187607
0.196535
0.204054
0.210337
0.216363
0.223192
0.232557
0.246325
0.262375
0.268573
0.264909
0.243206
0.230227
0.233764
0.242626
0.256219
0.26991
0.282264
0.295254
0.312393
0.337364
0.367197
0.382959
0.385165
0.370934
0.374771
0.398912
0.437838
0.48754
0.549118
0.629032
0.708973
0.765659
0.790559
0.835165
0.92766
1.08917
1.29243
1.40296
1.44605
1.46433
1.50959
1.58266
1.61825
1.61954
1.60446
1.60334
1.61124
1.62026
1.62105
1.61741
1.61398
1.61446
1.6171
1.62039
1.62216
1.62375
1.62586
1.62787
1.62874
1.62842
1.62687
1.62537
1.62555
1.62643
1.62826
1.63074
1.63317
1.63479
1.63552
1.63576
1.63607
1.63656
1.63778
1.64019
1.64356
1.64593
1.64652
1.64604
1.6438
1.63854
1.63099
1.6263
1.62604
1.62703
1.62918
1.63165
1.63306
1.63314
1.63182
1.62886
1.62565
1.62438
1.62413
1.62418
1.62415
1.62381
1.62324
1.62236
1.62084
1.61807
1.61344
1.60687
1.60001
1.59524
1.59299
1.59223
1.59278
1.59508
1.59989
1.60756
1.61751
1.62845
1.63894
1.64783
1.65484
1.66006
1.66471
1.66904
1.67242
1.67452
1.67589
1.67745
1.68001
1.68421
1.69048
1.69895
1.70947
1.72213
1.7379
1.75909
1.78722
1.81288
1.82009
1.81935
1.80992
1.77269
1.68606
1.58801
1.55082
1.54773
1.54776
1.54795
1.54835
1.54885
1.54932
1.54969
1.55
1.55029
1.5506
1.55094
1.55129
1.55164
1.552
1.55235
1.55269
1.55304
1.55339
1.55375
1.55411
1.55447
1.55484
1.55521
1.55558
1.55595
1.55632
1.5567
1.55708
1.55747
1.55786
1.55825
1.55865
1.55904
1.55944
1.55984
1.56025
1.56066
1.56107
1.56149
1.56192
1.56235
1.56278
1.56321
1.56365
1.56409
1.56454
1.56499
1.56545
1.56591
1.56637
1.56684
1.56732
1.5678
1.56829
1.56879
1.56929
1.5698
1.57031
1.57082
1.57133
1.57186
1.57239
1.57293
1.57347
1.57402
1.57456
1.57512
1.57572
1.57635
1.57702
1.57767
1.57823
1.57864
1.57894
1.57919
1.57955
1.58017
1.58109
1.58222
1.58337
1.5844
1.58525
1.58596
1.5866
1.58724
1.5879
1.58858
1.58929
1.59001
1.59074
1.59147
1.59222
1.59298
1.59376
1.59454
1.59534
1.59615
1.59698
1.59782
1.59871
1.59952
1.60095
12.5336
0.776688
0.203783
0.205937
0.189096
0.156959
0.126739
0.12355
0.124699
0.130384
0.13877
0.148658
0.159568
0.171835
0.184859
0.194231
0.196905
0.196383
0.194548
0.18892
0.164043
0.129271
0.123272
0.123829
0.12711
0.13171
0.13596
0.139688
0.143235
0.146868
0.15068
0.154787
0.159913
0.167685
0.176039
0.178737
0.179021
0.169089
0.142098
0.133117
0.13479
0.139525
0.145878
0.151821
0.157145
0.162207
0.167338
0.172675
0.178372
0.185168
0.194693
0.207508
0.214451
0.214835
0.197994
0.176284
0.174867
0.178931
0.18708
0.196076
0.203722
0.210124
0.21618
0.222935
0.232053
0.245424
0.261351
0.267695
0.264622
0.243876
0.230726
0.234282
0.243211
0.257014
0.271108
0.283889
0.297231
0.31464
0.339634
0.368462
0.383599
0.385041
0.3713
0.376107
0.400373
0.439206
0.489032
0.551605
0.633759
0.715677
0.775922
0.804412
0.857371
0.958893
1.13268
1.33411
1.43172
1.46267
1.47998
1.52492
1.59352
1.61966
1.61718
1.60197
1.60272
1.61149
1.61928
1.61932
1.61546
1.6134
1.61434
1.61807
1.62208
1.62406
1.62571
1.62792
1.63014
1.6311
1.63083
1.62891
1.62607
1.62479
1.62515
1.62613
1.62761
1.62924
1.63086
1.63248
1.63412
1.63578
1.63759
1.63997
1.64335
1.64695
1.64877
1.64905
1.64844
1.64612
1.64094
1.6328
1.62557
1.62364
1.62397
1.62515
1.62665
1.62772
1.62807
1.62748
1.62613
1.62536
1.6253
1.62545
1.62554
1.62525
1.62459
1.62364
1.62234
1.62049
1.61763
1.61342
1.60823
1.60386
1.60109
1.5995
1.5989
1.59968
1.60254
1.60809
1.61636
1.62625
1.63597
1.64393
1.64976
1.65398
1.65789
1.66149
1.66421
1.66572
1.66653
1.66749
1.6693
1.67257
1.67783
1.6854
1.69513
1.7066
1.71983
1.73593
1.75729
1.7858
1.81291
1.82134
1.82081
1.81208
1.77643
1.69124
1.5912
1.5513
1.54775
1.54778
1.54796
1.54835
1.54885
1.54932
1.54969
1.55
1.55029
1.5506
1.55094
1.55129
1.55165
1.552
1.55235
1.55269
1.55304
1.55339
1.55375
1.55411
1.55447
1.55484
1.55521
1.55558
1.55595
1.55632
1.5567
1.55708
1.55747
1.55786
1.55825
1.55865
1.55904
1.55944
1.55984
1.56025
1.56066
1.56107
1.56149
1.56192
1.56235
1.56278
1.56321
1.56365
1.56409
1.56454
1.56499
1.56545
1.56591
1.56637
1.56684
1.56732
1.5678
1.56829
1.56879
1.56929
1.5698
1.57031
1.57082
1.57133
1.57186
1.57239
1.57293
1.57347
1.57402
1.57456
1.57512
1.57571
1.57635
1.57702
1.57767
1.57822
1.57864
1.57894
1.57919
1.57955
1.58017
1.58109
1.58222
1.58337
1.5844
1.58525
1.58596
1.5866
1.58724
1.5879
1.58858
1.58929
1.59001
1.59073
1.59147
1.59222
1.59298
1.59376
1.59454
1.59534
1.59615
1.59698
1.59783
1.59871
1.59952
1.60095
12.5372
0.777828
0.203833
0.20602
0.189057
0.15672
0.127009
0.124013
0.125183
0.130909
0.13928
0.149098
0.159868
0.171992
0.184971
0.194234
0.196717
0.196001
0.194125
0.188565
0.164239
0.129694
0.123546
0.12406
0.127297
0.131893
0.136157
0.139899
0.143456
0.147095
0.150897
0.154951
0.159955
0.167554
0.175776
0.178281
0.178408
0.168682
0.141831
0.132538
0.134097
0.138671
0.144926
0.150807
0.156062
0.161042
0.166066
0.171293
0.176871
0.183458
0.192582
0.205095
0.212391
0.213441
0.198238
0.176245
0.17416
0.178006
0.185983
0.194971
0.202697
0.20922
0.215381
0.222091
0.230788
0.243419
0.259325
0.266153
0.264378
0.245309
0.231525
0.234861
0.243747
0.257746
0.27235
0.285618
0.299226
0.316614
0.341305
0.369091
0.383883
0.3854
0.372866
0.378238
0.402353
0.440822
0.49065
0.554044
0.637736
0.720248
0.783203
0.815586
0.876823
0.986971
1.17171
1.36873
1.45751
1.47944
1.49844
1.54309
1.60344
1.62057
1.61419
1.60046
1.60259
1.61209
1.61819
1.61748
1.61381
1.61287
1.61439
1.61932
1.62377
1.62579
1.62746
1.62971
1.63216
1.63325
1.63313
1.6312
1.62744
1.62421
1.62343
1.62358
1.62419
1.62529
1.62699
1.62936
1.6322
1.63519
1.63837
1.64206
1.64628
1.64965
1.65083
1.6509
1.65016
1.64775
1.64273
1.63482
1.62624
1.62155
1.62078
1.62085
1.6211
1.62134
1.62161
1.62227
1.62354
1.62505
1.62618
1.62677
1.62686
1.62649
1.62555
1.6241
1.6223
1.61994
1.61683
1.6132
1.61037
1.60895
1.60814
1.60768
1.60781
1.60924
1.61277
1.61878
1.62678
1.63507
1.6416
1.64575
1.6485
1.65098
1.65327
1.65507
1.65611
1.65676
1.65763
1.65929
1.66222
1.66693
1.67376
1.68271
1.69323
1.70498
1.71829
1.73438
1.75573
1.78447
1.81277
1.82237
1.82204
1.81389
1.77964
1.69585
1.59419
1.55178
1.54778
1.54779
1.54797
1.54835
1.54885
1.54932
1.54969
1.55
1.55029
1.5506
1.55094
1.55129
1.55165
1.552
1.55234
1.55269
1.55304
1.55339
1.55375
1.55411
1.55447
1.55484
1.5552
1.55557
1.55595
1.55632
1.5567
1.55708
1.55747
1.55786
1.55825
1.55865
1.55904
1.55944
1.55984
1.56025
1.56066
1.56107
1.56149
1.56192
1.56235
1.56278
1.56321
1.56365
1.56409
1.56454
1.56499
1.56545
1.56591
1.56637
1.56684
1.56732
1.5678
1.56829
1.56879
1.56929
1.5698
1.57031
1.57082
1.57133
1.57186
1.57239
1.57293
1.57347
1.57402
1.57456
1.57512
1.57571
1.57635
1.57702
1.57767
1.57822
1.57864
1.57894
1.5792
1.57955
1.58017
1.58109
1.58222
1.58338
1.5844
1.58525
1.58596
1.5866
1.58724
1.5879
1.58858
1.58929
1.59
1.59073
1.59147
1.59222
1.59298
1.59375
1.59454
1.59534
1.59616
1.59699
1.59783
1.59872
1.59952
1.60095
12.5392
0.779069
0.203933
0.206183
0.18905
0.156418
0.12718
0.124375
0.125554
0.131308
0.139654
0.14939
0.160013
0.171965
0.184814
0.193975
0.196325
0.195525
0.193707
0.188378
0.164722
0.130207
0.123755
0.124216
0.127406
0.132004
0.136279
0.14002
0.143566
0.147185
0.150967
0.154986
0.159896
0.167326
0.175541
0.17798
0.177957
0.168452
0.141657
0.131979
0.13341
0.137799
0.14393
0.14971
0.154839
0.159683
0.16456
0.169644
0.175069
0.181376
0.190073
0.202202
0.209873
0.211582
0.198286
0.175993
0.172942
0.176553
0.184245
0.193196
0.200984
0.20755
0.21371
0.220312
0.228607
0.240468
0.256182
0.26378
0.263633
0.247102
0.232611
0.235456
0.244126
0.258188
0.273295
0.287025
0.300849
0.318146
0.342176
0.369158
0.383724
0.386244
0.375379
0.38081
0.404582
0.442623
0.49261
0.556805
0.641365
0.72313
0.78752
0.823483
0.892046
1.00886
1.20122
1.39171
1.47517
1.493
1.51508
1.55935
1.61023
1.62096
1.61129
1.59993
1.60284
1.61242
1.61679
1.61556
1.61265
1.61236
1.61483
1.62086
1.62548
1.62745
1.62911
1.63141
1.63404
1.6352
1.63517
1.6333
1.62908
1.62411
1.62136
1.62073
1.62083
1.62165
1.62342
1.62628
1.63003
1.63429
1.6389
1.64386
1.64855
1.65134
1.65206
1.65202
1.65116
1.64868
1.64381
1.63638
1.62759
1.62043
1.61718
1.61589
1.61514
1.61485
1.61548
1.61746
1.62083
1.62475
1.62731
1.62812
1.62823
1.62785
1.62668
1.6246
1.62183
1.61866
1.61558
1.61384
1.61381
1.61444
1.61571
1.61722
1.61914
1.62202
1.62628
1.63169
1.63725
1.64142
1.64342
1.64436
1.64496
1.64539
1.64569
1.64587
1.64621
1.64721
1.64922
1.6525
1.65733
1.66401
1.67235
1.68184
1.69235
1.70391
1.71703
1.73301
1.75431
1.78323
1.81253
1.8232
1.82305
1.81539
1.78235
1.69985
1.59689
1.55224
1.5478
1.54781
1.54798
1.54835
1.54884
1.54931
1.54969
1.54999
1.55029
1.5506
1.55094
1.55129
1.55165
1.552
1.55234
1.55269
1.55304
1.55339
1.55375
1.55411
1.55447
1.55484
1.5552
1.55557
1.55595
1.55632
1.5567
1.55708
1.55747
1.55786
1.55825
1.55864
1.55904
1.55944
1.55984
1.56025
1.56066
1.56107
1.56149
1.56192
1.56235
1.56278
1.56321
1.56365
1.56409
1.56454
1.56499
1.56545
1.56591
1.56638
1.56685
1.56732
1.5678
1.56829
1.56879
1.56929
1.5698
1.57031
1.57082
1.57133
1.57186
1.57239
1.57293
1.57347
1.57402
1.57456
1.57512
1.57571
1.57635
1.57702
1.57767
1.57822
1.57864
1.57894
1.5792
1.57955
1.58017
1.58109
1.58222
1.58338
1.5844
1.58525
1.58596
1.5866
1.58724
1.5879
1.58858
1.58929
1.59
1.59073
1.59146
1.59221
1.59298
1.59375
1.59454
1.59534
1.59616
1.59699
1.59783
1.59872
1.59953
1.60095
12.5404
0.780232
0.203845
0.206148
0.188896
0.15606
0.127229
0.124558
0.125733
0.13147
0.139788
0.149489
0.160053
0.171847
0.184439
0.193551
0.196026
0.195298
0.193522
0.188303
0.165219
0.130616
0.123861
0.124291
0.127454
0.132055
0.136331
0.140059
0.143585
0.147186
0.150949
0.154933
0.159765
0.167069
0.175382
0.177867
0.177737
0.168416
0.141561
0.131479
0.132792
0.13701
0.143016
0.148681
0.15367
0.158381
0.163125
0.168072
0.173318
0.179369
0.187711
0.199382
0.207445
0.209676
0.198132
0.175708
0.171511
0.174817
0.18214
0.190997
0.198822
0.205401
0.211488
0.217923
0.225792
0.236931
0.252321
0.260691
0.262317
0.248823
0.23382
0.235866
0.24429
0.258264
0.273747
0.287946
0.301972
0.318986
0.342182
0.368576
0.38318
0.387179
0.377925
0.383269
0.406685
0.444469
0.494858
0.559913
0.644681
0.724618
0.789418
0.828863
0.903576
1.02534
1.22225
1.40463
1.4844
1.5015
1.52683
1.57128
1.61426
1.62124
1.60923
1.59982
1.60303
1.61209
1.61521
1.61382
1.61191
1.61206
1.61565
1.62256
1.62716
1.62903
1.63069
1.63303
1.63573
1.63689
1.63686
1.63498
1.63045
1.62421
1.61949
1.61803
1.61789
1.61853
1.62024
1.62333
1.62777
1.63317
1.6392
1.6453
1.65005
1.6521
1.65247
1.65237
1.65141
1.64888
1.64422
1.63724
1.62844
1.6196
1.61343
1.61046
1.60923
1.60915
1.61044
1.61355
1.61871
1.62467
1.62846
1.62939
1.62954
1.62904
1.62741
1.62434
1.62027
1.61669
1.6154
1.61573
1.61698
1.61975
1.62374
1.62825
1.63296
1.6377
1.64188
1.64435
1.64476
1.64375
1.6426
1.64099
1.63892
1.63706
1.63588
1.63553
1.63633
1.63866
1.64269
1.64834
1.65543
1.66347
1.67216
1.68158
1.69179
1.70304
1.71592
1.73176
1.75303
1.78213
1.81226
1.82387
1.82387
1.81663
1.78459
1.70321
1.59925
1.55267
1.54782
1.54782
1.54798
1.54835
1.54884
1.54931
1.54968
1.54999
1.55029
1.5506
1.55094
1.55129
1.55165
1.552
1.55234
1.55269
1.55304
1.55339
1.55375
1.55411
1.55447
1.55484
1.5552
1.55557
1.55595
1.55632
1.5567
1.55708
1.55747
1.55786
1.55825
1.55864
1.55904
1.55944
1.55984
1.56025
1.56066
1.56107
1.56149
1.56192
1.56235
1.56278
1.56321
1.56365
1.56409
1.56454
1.56499
1.56545
1.56591
1.56638
1.56685
1.56732
1.5678
1.56829
1.56879
1.56929
1.5698
1.57031
1.57082
1.57133
1.57186
1.57239
1.57293
1.57347
1.57402
1.57456
1.57512
1.57571
1.57635
1.57702
1.57767
1.57822
1.57864
1.57894
1.5792
1.57955
1.58017
1.58109
1.58222
1.58338
1.5844
1.58525
1.58596
1.5866
1.58724
1.5879
1.58858
1.58928
1.59
1.59072
1.59146
1.59221
1.59297
1.59375
1.59454
1.59534
1.59616
1.597
1.59784
1.59873
1.59953
1.60096
12.5414
0.781282
0.203531
0.205849
0.188593
0.155726
0.127196
0.124588
0.125759
0.131457
0.139739
0.1494
0.1599
0.171535
0.183981
0.193214
0.195868
0.195213
0.193489
0.188446
0.165691
0.130831
0.123855
0.124272
0.127422
0.132024
0.136298
0.140016
0.143525
0.147105
0.150837
0.154782
0.159564
0.166814
0.175286
0.177902
0.177715
0.168518
0.141502
0.13106
0.132285
0.13638
0.142289
0.147861
0.152736
0.157342
0.161982
0.166814
0.171911
0.177781
0.185877
0.197207
0.205526
0.208131
0.198053
0.175617
0.170254
0.173263
0.180177
0.188907
0.19674
0.203304
0.209288
0.215524
0.222994
0.233513
0.248386
0.257752
0.260901
0.250071
0.234993
0.236072
0.244195
0.257989
0.273742
0.28835
0.302497
0.319168
0.341532
0.367377
0.382315
0.387771
0.380048
0.385389
0.408557
0.446216
0.497119
0.563007
0.647519
0.725003
0.789623
0.832673
0.912406
1.03809
1.23731
1.41106
1.48737
1.5056
1.53381
1.57941
1.6169
1.62125
1.60763
1.59936
1.60265
1.61119
1.61371
1.61249
1.61132
1.61188
1.61648
1.62405
1.62858
1.63038
1.63202
1.63435
1.63706
1.63822
1.6382
1.63632
1.63154
1.62438
1.61816
1.61588
1.61558
1.61605
1.61758
1.62068
1.62555
1.63193
1.63924
1.64624
1.65071
1.65214
1.65233
1.65217
1.65118
1.64876
1.64437
1.63764
1.62853
1.61819
1.60959
1.60536
1.60426
1.60463
1.60649
1.61061
1.61746
1.62523
1.62972
1.63066
1.63081
1.63004
1.62755
1.623
1.61773
1.61509
1.61526
1.61659
1.61961
1.62488
1.63227
1.64074
1.64863
1.65396
1.65583
1.65459
1.65077
1.64543
1.63996
1.63473
1.63024
1.62722
1.62586
1.62604
1.62801
1.63223
1.63866
1.64668
1.65521
1.66373
1.67247
1.68164
1.69145
1.7023
1.71491
1.73064
1.75192
1.78118
1.812
1.8244
1.82453
1.81762
1.78637
1.70593
1.6012
1.55303
1.54784
1.54783
1.54799
1.54835
1.54884
1.5493
1.54968
1.54999
1.55029
1.5506
1.55094
1.55129
1.55165
1.552
1.55234
1.55269
1.55304
1.55339
1.55375
1.55411
1.55447
1.55484
1.5552
1.55557
1.55595
1.55632
1.5567
1.55708
1.55747
1.55786
1.55825
1.55864
1.55904
1.55944
1.55984
1.56025
1.56066
1.56107
1.56149
1.56192
1.56235
1.56278
1.56321
1.56365
1.56409
1.56454
1.56499
1.56545
1.56591
1.56638
1.56685
1.56732
1.56781
1.56829
1.56879
1.56929
1.5698
1.57031
1.57082
1.57133
1.57186
1.57239
1.57293
1.57347
1.57401
1.57456
1.57512
1.57571
1.57635
1.57702
1.57767
1.57822
1.57864
1.57894
1.57919
1.57955
1.58017
1.58109
1.58222
1.58338
1.58441
1.58526
1.58596
1.58661
1.58724
1.5879
1.58858
1.58928
1.58999
1.59072
1.59145
1.5922
1.59297
1.59374
1.59454
1.59534
1.59617
1.597
1.59785
1.59874
1.59954
1.60096
12.5425
0.782365
0.203304
0.205637
0.188398
0.155469
0.127081
0.124513
0.125689
0.131334
0.13955
0.149136
0.159569
0.171179
0.183668
0.193057
0.195897
0.195404
0.19374
0.188806
0.166
0.130838
0.123779
0.124195
0.127345
0.131942
0.136203
0.139906
0.143399
0.146958
0.150666
0.154601
0.159383
0.166637
0.175273
0.178028
0.17782
0.168683
0.141451
0.130751
0.131923
0.135949
0.141801
0.147314
0.152117
0.156658
0.161238
0.166005
0.171045
0.176812
0.184726
0.195836
0.204413
0.207231
0.198195
0.175786
0.16948
0.172296
0.178934
0.187536
0.195314
0.201791
0.20765
0.213709
0.220882
0.230912
0.245246
0.255521
0.259754
0.250979
0.236084
0.236148
0.243936
0.257512
0.273465
0.288341
0.302556
0.318935
0.340585
0.366082
0.381349
0.388113
0.381663
0.387038
0.410013
0.447553
0.498976
0.565596
0.649378
0.724354
0.788468
0.835198
0.918713
1.0477
1.24771
1.41339
1.4868
1.50702
1.53784
1.58533
1.61886
1.62111
1.60595
1.59833
1.60174
1.61017
1.61258
1.6116
1.6108
1.61174
1.61715
1.62525
1.62976
1.63151
1.63311
1.63537
1.63804
1.63921
1.63918
1.63735
1.63243
1.62463
1.61733
1.61433
1.61388
1.61415
1.61548
1.6185
1.62359
1.63067
1.639
1.64658
1.65072
1.65174
1.65186
1.65165
1.65064
1.64832
1.64415
1.63752
1.62792
1.61611
1.60583
1.60131
1.60071
1.60139
1.60364
1.6086
1.61693
1.62613
1.63102
1.63193
1.63201
1.63074
1.62704
1.6208
1.61551
1.61434
1.61529
1.61745
1.62197
1.62996
1.64125
1.65365
1.66307
1.6669
1.66671
1.66337
1.65614
1.64587
1.63509
1.62629
1.62075
1.61821
1.61756
1.61858
1.62189
1.62804
1.6366
1.64613
1.65545
1.66437
1.67303
1.68177
1.69109
1.70158
1.71402
1.72973
1.75106
1.78047
1.8118
1.82481
1.82504
1.81837
1.78772
1.70798
1.60271
1.55332
1.54786
1.54784
1.54799
1.54835
1.54883
1.5493
1.54968
1.54999
1.55029
1.5506
1.55094
1.55129
1.55165
1.552
1.55234
1.55269
1.55304
1.55339
1.55375
1.55411
1.55447
1.55484
1.5552
1.55557
1.55595
1.55632
1.5567
1.55708
1.55747
1.55786
1.55825
1.55864
1.55904
1.55944
1.55984
1.56025
1.56066
1.56107
1.56149
1.56192
1.56235
1.56278
1.56321
1.56365
1.56409
1.56454
1.56499
1.56545
1.56591
1.56638
1.56685
1.56732
1.56781
1.56829
1.56879
1.56929
1.5698
1.57031
1.57082
1.57133
1.57186
1.57239
1.57293
1.57347
1.57402
1.57456
1.57512
1.57571
1.57635
1.57702
1.57767
1.57822
1.57864
1.57894
1.57919
1.57955
1.58017
1.58109
1.58222
1.58338
1.58441
1.58526
1.58597
1.58661
1.58724
1.5879
1.58858
1.58928
1.58999
1.59071
1.59145
1.5922
1.59296
1.59374
1.59454
1.59534
1.59617
1.59701
1.59785
1.59874
1.59955
1.60097
12.5459
0.78341
0.203265
0.20562
0.188323
0.15523
0.126924
0.124396
0.125566
0.131143
0.139288
0.148818
0.159255
0.170951
0.183548
0.19304
0.196032
0.195733
0.194094
0.18916
0.166101
0.130703
0.123664
0.124092
0.127258
0.131853
0.136104
0.139797
0.143273
0.146814
0.150515
0.154455
0.159245
0.166524
0.175303
0.178182
0.177976
0.168824
0.141404
0.130572
0.13172
0.135714
0.141538
0.147021
0.151792
0.156315
0.16088
0.165629
0.170637
0.176346
0.184147
0.195114
0.203964
0.20691
0.198517
0.17612
0.169212
0.171918
0.1784
0.186957
0.194692
0.20106
0.206802
0.212726
0.219656
0.229306
0.243221
0.254231
0.259113
0.251757
0.237069
0.236228
0.243717
0.257086
0.273145
0.288229
0.302474
0.318536
0.339633
0.364837
0.380466
0.388128
0.382649
0.387958
0.410784
0.448368
0.500318
0.567355
0.650047
0.72282
0.786459
0.836628
0.922546
1.05414
1.25388
1.41349
1.48482
1.50741
1.54014
1.58953
1.62053
1.62116
1.60439
1.5972
1.60084
1.60941
1.61176
1.61092
1.61025
1.61149
1.61753
1.62606
1.63056
1.63227
1.63382
1.63595
1.63853
1.6397
1.63969
1.63795
1.63311
1.62505
1.61703
1.61342
1.61282
1.61289
1.61403
1.61692
1.62214
1.62972
1.63879
1.64673
1.65053
1.65123
1.65129
1.65103
1.65002
1.64781
1.64386
1.63734
1.62728
1.61421
1.60305
1.59882
1.59858
1.59937
1.6018
1.60734
1.61677
1.62695
1.63211
1.63308
1.63317
1.63151
1.62641
1.61866
1.61375
1.61349
1.61473
1.61774
1.62396
1.63439
1.64879
1.66353
1.67271
1.67528
1.6745
1.67058
1.66111
1.64559
1.62905
1.61819
1.61352
1.61197
1.61192
1.61359
1.61805
1.62579
1.63573
1.64611
1.65599
1.66511
1.67364
1.68204
1.691
1.70122
1.7135
1.72915
1.75049
1.77996
1.8116
1.82507
1.82539
1.81888
1.78861
1.70937
1.60374
1.55352
1.54787
1.54785
1.548
1.54835
1.54883
1.5493
1.54968
1.54999
1.55029
1.5506
1.55094
1.55129
1.55165
1.552
1.55234
1.55269
1.55304
1.55339
1.55375
1.55411
1.55447
1.55484
1.5552
1.55557
1.55594
1.55632
1.5567
1.55708
1.55747
1.55786
1.55825
1.55864
1.55904
1.55944
1.55984
1.56024
1.56066
1.56107
1.56149
1.56192
1.56235
1.56278
1.56321
1.56365
1.56409
1.56454
1.56499
1.56545
1.56591
1.56638
1.56685
1.56732
1.56781
1.56829
1.56879
1.56929
1.5698
1.57031
1.57082
1.57133
1.57186
1.57239
1.57293
1.57347
1.57402
1.57456
1.57512
1.57571
1.57635
1.57702
1.57767
1.57822
1.57864
1.57894
1.57919
1.57955
1.58017
1.58109
1.58222
1.58338
1.58441
1.58526
1.58597
1.58661
1.58725
1.5879
1.58858
1.58928
1.58999
1.59071
1.59144
1.59219
1.59296
1.59374
1.59453
1.59534
1.59617
1.59701
1.59786
1.59875
1.59955
1.60097
12.5495
0.783863
0.20319
0.20555
0.188239
0.154996
0.12674
0.1242
0.125357
0.130905
0.139043
0.148593
0.159096
0.170878
0.183532
0.193075
0.196157
0.195952
0.194298
0.189281
0.166084
0.130539
0.12353
0.123969
0.127149
0.131747
0.13599
0.139674
0.143149
0.1467
0.150426
0.154396
0.159203
0.166509
0.175387
0.178302
0.178061
0.168837
0.14132
0.130466
0.131609
0.135598
0.141419
0.146899
0.151662
0.156178
0.160738
0.16548
0.170474
0.176183
0.184012
0.194986
0.204049
0.207073
0.19888
0.176371
0.169211
0.171867
0.178292
0.186834
0.194556
0.200864
0.206443
0.212166
0.218946
0.22854
0.242469
0.253994
0.259235
0.252424
0.237598
0.236266
0.243595
0.256901
0.272967
0.28798
0.30202
0.317874
0.338854
0.364176
0.380121
0.388304
0.383345
0.388597
0.411258
0.448822
0.500959
0.56783
0.649517
0.721509
0.785096
0.837584
0.924568
1.05725
1.25657
1.41287
1.48334
1.50772
1.54139
1.5917
1.62091
1.62066
1.60304
1.59613
1.59998
1.60876
1.61119
1.61051
1.60998
1.61147
1.61787
1.62662
1.63107
1.63272
1.63425
1.63638
1.63897
1.64015
1.6401
1.63836
1.6335
1.6254
1.61713
1.61294
1.61208
1.61193
1.61287
1.61579
1.62128
1.62925
1.63867
1.64666
1.65023
1.65084
1.65086
1.65056
1.64952
1.64733
1.64338
1.6367
1.62623
1.61269
1.60149
1.59755
1.59749
1.59829
1.60086
1.60689
1.6171
1.62786
1.6328
1.6336
1.63349
1.63132
1.62551
1.61747
1.61303
1.61316
1.61478
1.6186
1.62655
1.63953
1.65571
1.67036
1.67816
1.67982
1.67875
1.67456
1.66318
1.64365
1.62351
1.61244
1.60901
1.60812
1.60837
1.61072
1.61622
1.62486
1.63542
1.64633
1.65638
1.66526
1.67348
1.68176
1.69069
1.70086
1.71311
1.72878
1.7502
1.77981
1.81163
1.82524
1.82559
1.81921
1.78922
1.71018
1.60426
1.55362
1.54787
1.54785
1.548
1.54835
1.54883
1.5493
1.54967
1.54999
1.55029
1.5506
1.55094
1.55129
1.55165
1.552
1.55234
1.55269
1.55304
1.55339
1.55375
1.55411
1.55447
1.55484
1.5552
1.55557
1.55594
1.55632
1.5567
1.55708
1.55747
1.55786
1.55825
1.55864
1.55904
1.55944
1.55984
1.56024
1.56066
1.56107
1.56149
1.56192
1.56235
1.56278
1.56321
1.56365
1.56409
1.56454
1.56499
1.56545
1.56591
1.56638
1.56685
1.56732
1.56781
1.56829
1.56879
1.56929
1.5698
1.57031
1.57082
1.57133
1.57186
1.57239
1.57293
1.57347
1.57402
1.57456
1.57512
1.57571
1.57635
1.57702
1.57767
1.57822
1.57864
1.57894
1.57919
1.57955
1.58017
1.58109
1.58222
1.58338
1.58441
1.58526
1.58597
1.58661
1.58725
1.5879
1.58858
1.58928
1.58999
1.59071
1.59144
1.59219
1.59296
1.59374
1.59453
1.59534
1.59617
1.59701
1.59786
1.59875
1.59955
1.60097
)
;

boundaryField
{
    sides
    {
        type            calculated;
        value           nonuniform List<scalar> 
600
(
12.4788
0.763606
0.203174
0.205304
0.189642
0.1596
0.126901
0.122578
0.12356
0.129066
0.137381
0.147236
0.158104
0.170449
0.183672
0.19284
0.195079
0.194251
0.192424
0.187487
0.165545
0.130659
0.122991
0.123204
0.125949
0.130277
0.134458
0.138121
0.141533
0.144967
0.148554
0.15241
0.157124
0.16421
0.172523
0.175669
0.176181
0.169404
0.144453
0.131984
0.132879
0.136504
0.142188
0.147656
0.152247
0.156342
0.160272
0.164226
0.168375
0.17308
0.179455
0.188463
0.196347
0.198871
0.194665
0.17567
0.1643
0.165522
0.16966
0.176704
0.18409
0.190531
0.196255
0.201896
0.208103
0.215963
0.226822
0.240357
0.247325
0.248253
0.236924
0.227805
0.232088
0.241874
0.256901
0.273254
0.28834
0.303108
0.320615
0.343541
0.366094
0.379986
0.382871
0.378269
0.391793
0.420242
0.464265
0.522934
0.598842
0.690207
0.76672
0.829652
0.891145
0.990267
1.14586
1.33806
1.44144
1.48213
1.50036
1.53386
1.59228
1.62738
1.63054
1.62268
1.62055
1.62476
1.63284
1.63423
1.63203
1.62656
1.62034
1.61507
1.60984
1.60497
1.60317
1.60407
1.60626
1.61057
1.61616
1.62188
1.62779
1.6344
1.64152
1.64706
1.64933
1.64987
1.65004
1.64997
1.64934
1.64753
1.6434
1.63551
1.62428
1.61528
1.61287
1.61312
1.61435
1.61771
1.62439
1.63421
1.64315
1.6469
1.64745
1.64748
1.64677
1.64447
1.63984
1.63253
1.62303
1.61303
1.60525
1.60136
1.60023
1.60008
1.60037
1.60129
1.6034
1.60734
1.61277
1.61781
1.62079
1.62187
1.62199
1.62013
1.61488
1.60666
1.59893
1.59448
1.59271
1.59196
1.59166
1.59261
1.59584
1.60208
1.61113
1.62196
1.63352
1.64559
1.65855
1.67287
1.68888
1.70664
1.72577
1.74556
1.76545
1.78508
1.80338
1.81728
1.82326
1.82374
1.82289
1.81975
1.80945
1.78063
1.71525
1.62018
1.55933
1.54797
1.54762
1.5477
1.54793
1.54834
1.54884
1.54931
1.5497
1.55002
1.55031
1.55061
1.55094
1.55128
1.55164
1.552
1.55235
1.5527
1.55304
1.55339
1.55375
1.55411
1.55447
1.55484
1.5552
1.55557
1.55595
1.55632
1.5567
1.55708
1.55747
1.55786
1.55825
1.55865
1.55904
1.55944
1.55984
1.56025
1.56066
1.56107
1.56149
1.56192
1.56234
1.56277
1.56321
1.56364
1.56409
1.56454
1.56499
1.56545
1.56591
1.56638
1.56685
1.56732
1.5678
1.56829
1.56879
1.56929
1.5698
1.5703
1.57081
1.57133
1.57185
1.57238
1.57292
1.57346
1.57401
1.57455
1.57511
1.57571
1.57634
1.57701
1.57767
1.57823
1.57865
1.57894
1.5792
1.57956
1.58018
1.58111
1.58224
1.5834
1.58442
1.58527
1.58597
1.58661
1.58724
1.5879
1.58857
1.58927
1.58998
1.59071
1.59144
1.5922
1.59296
1.59374
1.59454
1.59535
1.59617
1.597
1.59785
1.59873
1.59954
1.60096
12.5495
0.783863
0.20319
0.20555
0.188239
0.154996
0.12674
0.1242
0.125357
0.130905
0.139043
0.148593
0.159096
0.170878
0.183532
0.193075
0.196157
0.195952
0.194298
0.189281
0.166084
0.130539
0.12353
0.123969
0.127149
0.131747
0.13599
0.139674
0.143149
0.1467
0.150426
0.154396
0.159203
0.166509
0.175387
0.178302
0.178061
0.168837
0.14132
0.130466
0.131609
0.135598
0.141419
0.146899
0.151662
0.156178
0.160738
0.16548
0.170474
0.176183
0.184012
0.194986
0.204049
0.207073
0.19888
0.176371
0.169211
0.171867
0.178292
0.186834
0.194556
0.200864
0.206443
0.212166
0.218946
0.22854
0.242469
0.253994
0.259235
0.252424
0.237598
0.236266
0.243595
0.256901
0.272967
0.28798
0.30202
0.317874
0.338854
0.364176
0.380121
0.388304
0.383345
0.388597
0.411258
0.448822
0.500959
0.56783
0.649517
0.721509
0.785096
0.837584
0.924568
1.05725
1.25657
1.41287
1.48334
1.50772
1.54139
1.5917
1.62091
1.62066
1.60304
1.59613
1.59998
1.60876
1.61119
1.61051
1.60998
1.61147
1.61787
1.62662
1.63107
1.63272
1.63425
1.63638
1.63897
1.64015
1.6401
1.63836
1.6335
1.6254
1.61713
1.61294
1.61208
1.61193
1.61287
1.61579
1.62128
1.62925
1.63867
1.64666
1.65023
1.65084
1.65086
1.65056
1.64952
1.64733
1.64338
1.6367
1.62623
1.61269
1.60149
1.59755
1.59749
1.59829
1.60086
1.60689
1.6171
1.62786
1.6328
1.6336
1.63349
1.63132
1.62551
1.61747
1.61303
1.61316
1.61478
1.6186
1.62655
1.63953
1.65571
1.67036
1.67816
1.67982
1.67875
1.67456
1.66318
1.64365
1.62351
1.61244
1.60901
1.60812
1.60837
1.61072
1.61622
1.62486
1.63542
1.64633
1.65638
1.66526
1.67348
1.68176
1.69069
1.70086
1.71311
1.72878
1.7502
1.77981
1.81163
1.82524
1.82559
1.81921
1.78922
1.71018
1.60426
1.55362
1.54787
1.54785
1.548
1.54835
1.54883
1.5493
1.54967
1.54999
1.55029
1.5506
1.55094
1.55129
1.55165
1.552
1.55234
1.55269
1.55304
1.55339
1.55375
1.55411
1.55447
1.55484
1.5552
1.55557
1.55594
1.55632
1.5567
1.55708
1.55747
1.55786
1.55825
1.55864
1.55904
1.55944
1.55984
1.56024
1.56066
1.56107
1.56149
1.56192
1.56235
1.56278
1.56321
1.56365
1.56409
1.56454
1.56499
1.56545
1.56591
1.56638
1.56685
1.56732
1.56781
1.56829
1.56879
1.56929
1.5698
1.57031
1.57082
1.57133
1.57186
1.57239
1.57293
1.57347
1.57402
1.57456
1.57512
1.57571
1.57635
1.57702
1.57767
1.57822
1.57864
1.57894
1.57919
1.57955
1.58017
1.58109
1.58222
1.58338
1.58441
1.58526
1.58597
1.58661
1.58725
1.5879
1.58858
1.58928
1.58999
1.59071
1.59144
1.59219
1.59296
1.59374
1.59453
1.59534
1.59617
1.59701
1.59786
1.59875
1.59955
1.60097
)
;
    }
    inlet
    {
        type            calculated;
        value           nonuniform List<scalar> 
20
(
0.0788109
0.0788215
0.0788264
0.0788331
0.0788376
0.0788565
0.0788817
0.0789123
0.0789424
0.0789706
0.0790168
0.0790717
0.0791186
0.0791495
0.0791683
0.079185
0.079202
0.0792127
0.0792115
0.0792047
)
;
    }
    outlet
    {
        type            calculated;
        value           nonuniform List<scalar> 
20
(
1.60096
1.60096
1.60096
1.60096
1.60096
1.60096
1.60096
1.60096
1.60095
1.60095
1.60095
1.60095
1.60095
1.60095
1.60095
1.60096
1.60096
1.60097
1.60097
1.60097
)
;
    }
    empty
    {
        type            empty;
    }
}


// ************************************************************************* //
