/*--------------------------------*- C++ -*----------------------------------*\
| =========                 |                                                 |
| \\      /  F ield         | OpenFOAM: The Open Source CFD Toolbox           |
|  \\    /   O peration     | Version:  2306                                  |
|   \\  /    A nd           | Website:  www.openfoam.com                      |
|    \\/     M anipulation  |                                                 |
\*---------------------------------------------------------------------------*/
FoamFile
{
    version     2.0;
    format      ascii;
    arch        "LSB;label=32;scalar=64";
    class       volScalarField;
    location    "0.05";
    object      T;
}
// * * * * * * * * * * * * * * * * * * * * * * * * * * * * * * * * * * * * * //

dimensions      [0 0 0 1 0 0 0];

internalField   nonuniform List<scalar> 
6000
(
4419.54
3693.9
3353.65
3381.62
3279.47
3088.25
2827.45
2794.19
2818.11
2885.98
2981.53
3093.9
3217.4
3355.29
3502.43
3620.44
3685.97
3726.96
3761.3
3775.21
3646.52
3331.39
3262.87
3294.18
3354.4
3428.39
3501.61
3569.03
3632.31
3693.26
3752.05
3808.56
3867.02
3939.56
4010.09
4022.09
3994.31
3874.85
3584.39
3405.58
3379.43
3374.19
3385.74
3395.46
3396.19
3391.95
3385.88
3380.19
3375.67
3373.21
3380.99
3405.28
3417.26
3381.84
3287.12
3102.08
2971.09
2936.99
2917.16
2911.03
2902.25
2880.84
2848.18
2809.05
2767.03
2727.23
2694.94
2666
2598.33
2499.19
2355.89
2234.78
2170.63
2119.74
2080.19
2036.37
1979.7
1914.56
1849.32
1788.19
1716.8
1623.59
1512.29
1396.18
1310.86
1236.79
1167.68
1092.85
1008.42
911.81
797.723
686.649
593.453
526.67
480.709
446.475
411.349
383.805
366.701
359.195
358.184
357.425
355.394
353.296
352.482
352.459
352.966
353.203
353.23
353.066
352.737
352.352
351.797
351.095
350.561
350.247
350.011
349.967
350.073
350.303
350.624
351.055
351.563
351.946
352.062
352.04
351.965
351.855
351.693
351.428
350.966
350.187
349.123
348.247
347.948
347.897
347.909
348.104
348.605
349.371
350.052
350.296
350.281
350.203
350.061
349.802
349.347
348.662
347.79
346.874
346.148
345.756
345.607
345.55
345.53
345.552
345.685
345.984
346.408
346.796
347.006
347.061
347.034
346.824
346.334
345.593
344.891
344.47
344.283
344.188
344.131
344.177
344.415
344.92
345.666
346.562
347.518
348.515
349.582
350.759
352.071
353.522
355.077
356.676
358.273
359.839
361.289
362.377
362.833
362.856
362.766
362.495
361.659
359.33
353.979
345.94
340.565
339.53
339.485
339.479
339.482
339.501
339.53
339.556
339.575
339.587
339.598
339.61
339.624
339.64
339.657
339.674
339.691
339.708
339.725
339.743
339.761
339.779
339.799
339.818
339.838
339.858
339.879
339.899
339.921
339.943
339.965
339.988
340.011
340.034
340.058
340.082
340.106
340.131
340.157
340.182
340.209
340.236
340.263
340.291
340.319
340.348
340.377
340.407
340.438
340.469
340.5
340.531
340.563
340.594
340.627
340.66
340.693
340.728
340.762
340.798
340.834
340.871
340.909
340.948
340.987
341.026
341.066
341.105
341.146
341.189
341.236
341.287
341.336
341.378
341.407
341.426
341.442
341.467
341.513
341.587
341.677
341.77
341.852
341.918
341.972
342.021
342.069
342.118
342.171
342.225
342.28
342.337
342.395
342.454
342.514
342.576
342.639
342.702
342.767
342.833
342.9
342.971
343.031
343.146
4418.95
3693.84
3353.55
3382.15
3278.94
3084.75
2825.65
2794.67
2818.96
2887.08
2982.29
3093.91
3216.72
3352.96
3497.92
3616.9
3684.89
3727.21
3761.81
3776.79
3651.9
3336.25
3264.14
3295.5
3355.89
3429.96
3503.04
3570.25
3633.36
3694.2
3752.82
3809.02
3867.07
3939.12
4008.88
4019.86
3991.21
3870.67
3579.97
3402.13
3376.14
3370.99
3382.51
3392.12
3392.88
3388.98
3383.59
3378.72
3374.54
3371.99
3379.3
3402.99
3412.73
3375.57
3277.48
3091.97
2965.62
2932.77
2913.64
2907.94
2899.11
2877.88
2845.69
2807.29
2766.09
2726.81
2694.78
2665.1
2596.12
2494.96
2351.22
2232.33
2169.32
2119.01
2079.58
2035.31
1978.7
1914.13
1849.41
1788.42
1715.89
1622
1509.89
1394.2
1309.63
1236.15
1167.66
1093.38
1009.56
913.504
799.834
688.934
595.701
528.623
482.28
447.763
412.221
384.26
366.859
359.248
358.252
357.481
355.419
353.284
352.457
352.43
352.934
353.163
353.181
353.003
352.67
352.3
351.771
351.102
350.595
350.281
350.041
349.984
350.074
350.281
350.578
350.991
351.497
351.896
352.024
352.007
351.935
351.827
351.673
351.423
350.985
350.235
349.197
348.327
348.017
347.954
347.956
348.127
348.603
349.346
350.024
350.278
350.268
350.193
350.052
349.797
349.349
348.672
347.808
346.908
346.211
345.857
345.733
345.677
345.651
345.672
345.81
346.114
346.521
346.822
346.889
346.883
346.783
346.532
346.043
345.35
344.72
344.393
344.281
344.22
344.231
344.352
344.646
345.154
345.86
346.703
347.63
348.617
349.676
350.84
352.137
353.572
355.112
356.685
358.213
359.641
360.97
362.09
362.68
362.765
362.681
362.436
361.653
359.407
354.163
346.145
340.633
339.534
339.486
339.479
339.482
339.501
339.53
339.556
339.575
339.587
339.598
339.61
339.624
339.64
339.657
339.674
339.691
339.708
339.725
339.743
339.761
339.779
339.799
339.818
339.838
339.858
339.879
339.899
339.921
339.943
339.965
339.988
340.011
340.034
340.058
340.082
340.106
340.131
340.157
340.182
340.209
340.236
340.263
340.291
340.319
340.348
340.377
340.407
340.438
340.468
340.5
340.531
340.563
340.594
340.627
340.66
340.693
340.728
340.762
340.798
340.834
340.871
340.909
340.948
340.987
341.027
341.066
341.105
341.146
341.189
341.236
341.287
341.336
341.378
341.407
341.426
341.442
341.467
341.513
341.587
341.677
341.77
341.852
341.918
341.972
342.021
342.068
342.118
342.171
342.225
342.28
342.337
342.395
342.454
342.514
342.576
342.639
342.702
342.767
342.833
342.9
342.971
343.031
343.147
4418.68
3693.59
3354.44
3384.78
3279.87
3080.07
2823.63
2795.84
2820.5
2888.81
2983.77
3094.72
3215.77
3349.2
3491.77
3612.13
3682.68
3726.33
3761.37
3779.06
3660.05
3343.21
3265.31
3296.44
3357.04
3431.32
3504.23
3571.03
3633.79
3694.48
3753.07
3809.17
3866.82
3938.09
4006.01
4015.1
3983.9
3859.12
3566.55
3391.31
3365.24
3360.01
3371.13
3380.12
3380.55
3376.58
3371.3
3366.31
3362.06
3359.64
3367.6
3392.61
3398.73
3358.39
3254.53
3065.6
2948.13
2917.78
2900.42
2895.87
2887.16
2865.86
2834.15
2796.68
2757.07
2720.18
2690.91
2660.95
2590.22
2485.67
2339.96
2225.38
2164.76
2115.88
2076.99
2032.2
1975.06
1910.74
1847.02
1787.16
1713.59
1618.44
1503.84
1388.5
1305.67
1233.67
1166.77
1094.1
1012.56
918.658
806.685
696.54
603.01
535.148
487.644
452.068
415.241
385.998
367.622
359.564
358.415
357.642
355.551
353.345
352.479
352.447
352.949
353.163
353.149
352.913
352.547
352.188
351.707
351.101
350.622
350.314
350.084
350.027
350.099
350.273
350.533
350.911
351.394
351.803
351.951
351.939
351.872
351.766
351.616
351.379
350.968
350.28
349.31
348.451
348.111
348.044
348.045
348.199
348.63
349.315
349.975
350.249
350.249
350.175
350.033
349.782
349.346
348.686
347.835
346.945
346.272
345.958
345.855
345.808
345.799
345.854
346.044
346.372
346.691
346.793
346.788
346.724
346.545
346.178
345.574
344.871
344.412
344.298
344.28
344.296
344.378
344.569
344.916
345.441
346.127
346.934
347.823
348.777
349.808
350.95
352.229
353.651
355.18
356.725
358.161
359.417
360.542
361.592
362.377
362.61
362.538
362.316
361.592
359.493
354.467
346.494
340.753
339.541
339.485
339.479
339.482
339.501
339.53
339.557
339.575
339.587
339.598
339.61
339.624
339.64
339.657
339.674
339.691
339.708
339.725
339.743
339.761
339.78
339.799
339.818
339.838
339.858
339.879
339.899
339.921
339.943
339.965
339.988
340.011
340.034
340.058
340.082
340.106
340.131
340.157
340.183
340.209
340.236
340.263
340.291
340.319
340.348
340.377
340.407
340.438
340.468
340.5
340.531
340.563
340.594
340.627
340.66
340.693
340.727
340.762
340.798
340.834
340.871
340.909
340.948
340.987
341.027
341.066
341.105
341.146
341.189
341.236
341.287
341.336
341.378
341.407
341.426
341.442
341.467
341.513
341.586
341.677
341.77
341.852
341.918
341.972
342.021
342.069
342.119
342.171
342.225
342.281
342.337
342.395
342.454
342.514
342.576
342.638
342.702
342.767
342.833
342.9
342.971
343.032
343.147
4418.3
3693.03
3353.82
3386.7
3281.57
3077.62
2823.06
2798.05
2822.77
2890.9
2985.27
3094.96
3214.21
3345.2
3486.07
3608.23
3681.73
3727.06
3762.3
3781.97
3667.93
3349.26
3265.88
3296.84
3357.82
3432.4
3505.03
3571.35
3633.68
3694.1
3752.48
3808.22
3865.2
3935.19
4000.57
4007.11
3971.17
3839.35
3543.17
3371.91
3345.5
3339.89
3350.05
3357.82
3357.28
3352.24
3346.07
3340.2
3335.35
3332.85
3341.56
3368.01
3369.77
3325.23
3212.59
3019.86
2915.18
2887.24
2873.03
2869.88
2861.41
2840.25
2809.61
2774.15
2737.14
2703.88
2679.46
2648.91
2577.51
2467.69
2320.5
2212.98
2155.74
2109.36
2071.54
2026.29
1968.8
1905
1842.56
1784.18
1709.34
1612.26
1494.11
1379.15
1298.63
1228.8
1164.26
1094.29
1016.53
926.722
818.142
709.745
616.113
547.131
497.679
460.201
421.131
389.535
369.331
360.311
358.736
357.883
355.738
353.435
352.512
352.468
352.946
353.126
353.068
352.764
352.373
352.047
351.639
351.11
350.664
350.364
350.147
350.084
350.129
350.256
350.47
350.801
351.246
351.66
351.836
351.834
351.773
351.672
351.529
351.308
350.933
350.313
349.446
348.634
348.267
348.186
348.187
348.313
348.673
349.26
349.875
350.186
350.208
350.143
350.006
349.771
349.363
348.73
347.888
346.99
346.355
346.116
346.045
346.018
346.033
346.137
346.369
346.657
346.796
346.776
346.698
346.522
346.19
345.635
344.908
344.339
344.178
344.178
344.22
344.343
344.552
344.859
345.288
345.851
346.533
347.306
348.147
349.053
350.043
351.147
352.388
353.771
355.247
356.702
357.987
359.052
359.978
360.926
361.883
362.381
362.361
362.182
361.556
359.655
354.895
346.977
340.925
339.552
339.486
339.479
339.482
339.501
339.531
339.557
339.575
339.587
339.598
339.61
339.624
339.64
339.657
339.674
339.691
339.708
339.725
339.743
339.761
339.78
339.799
339.818
339.838
339.858
339.879
339.899
339.921
339.943
339.965
339.988
340.011
340.034
340.058
340.082
340.106
340.131
340.157
340.183
340.209
340.236
340.263
340.291
340.319
340.348
340.377
340.407
340.438
340.468
340.5
340.531
340.562
340.594
340.627
340.66
340.693
340.727
340.762
340.798
340.834
340.872
340.909
340.948
340.987
341.027
341.066
341.105
341.146
341.189
341.236
341.287
341.336
341.378
341.407
341.426
341.442
341.467
341.513
341.586
341.677
341.77
341.851
341.918
341.972
342.021
342.069
342.119
342.172
342.226
342.281
342.338
342.395
342.454
342.514
342.576
342.638
342.702
342.767
342.833
342.9
342.971
343.032
343.147
4418.05
3692.5
3351.18
3384.7
3281.07
3077.11
2824.14
2800.52
2825.14
2892.91
2986.53
3094.99
3212.66
3342.09
3481.96
3605.28
3680.28
3727.32
3763.1
3784.47
3672.9
3351.97
3265.38
3296.41
3357.81
3432.58
3504.89
3570.7
3632.62
3692.74
3750.73
3805.85
3861.99
3930.48
3992.92
3996.55
3954.8
3814.54
3513.92
3347.3
3320.52
3314.71
3323.47
3329.41
3327.18
3320.16
3312.22
3304.62
3298.35
3295.21
3304.11
3331.62
3328.79
3278.21
3154.04
2958.17
2868.32
2843.04
2832.17
2830.24
2821.42
2800.03
2770.65
2737.89
2704.95
2677.2
2659.77
2628.8
2556.59
2440.41
2292.8
2195.98
2142.46
2100.13
2063.68
2018.17
1960.76
1898.17
1837.77
1781.44
1704.9
1605.05
1482.47
1367.87
1289.52
1221.98
1159.98
1093.16
1019.38
934.383
830.339
724.57
631.508
561.866
510.576
471.009
429.231
394.57
371.91
361.509
359.25
358.231
355.984
353.552
352.55
352.488
352.942
353.083
352.967
352.578
352.17
351.895
351.574
351.131
350.726
350.439
350.232
350.162
350.18
350.255
350.409
350.681
351.078
351.487
351.695
351.705
351.649
351.548
351.406
351.193
350.845
350.289
349.552
348.855
348.494
348.391
348.387
348.479
348.756
349.212
349.731
350.071
350.135
350.086
349.959
349.746
349.382
348.796
347.968
347.062
346.471
346.302
346.261
346.258
346.314
346.476
346.715
346.863
346.845
346.758
346.589
346.272
345.731
344.968
344.251
343.963
343.953
344.012
344.164
344.408
344.744
345.166
345.681
346.292
346.987
347.745
348.552
349.415
350.36
351.415
352.603
353.915
355.28
356.567
357.665
358.549
359.323
360.177
361.225
362.055
362.18
362.052
361.549
359.874
355.407
347.553
341.14
339.568
339.486
339.479
339.482
339.501
339.531
339.557
339.575
339.587
339.598
339.61
339.624
339.64
339.657
339.674
339.691
339.708
339.725
339.743
339.761
339.78
339.799
339.818
339.838
339.858
339.879
339.899
339.921
339.943
339.965
339.988
340.011
340.034
340.058
340.082
340.106
340.131
340.157
340.183
340.209
340.236
340.263
340.291
340.319
340.348
340.377
340.407
340.438
340.468
340.5
340.531
340.562
340.594
340.627
340.659
340.693
340.727
340.762
340.798
340.835
340.872
340.91
340.948
340.987
341.027
341.066
341.105
341.146
341.189
341.237
341.287
341.336
341.378
341.407
341.426
341.442
341.466
341.513
341.586
341.676
341.769
341.851
341.917
341.972
342.021
342.069
342.119
342.172
342.226
342.282
342.338
342.395
342.454
342.514
342.575
342.638
342.702
342.767
342.833
342.9
342.971
343.032
343.147
4416.99
3692.22
3346.85
3380.1
3278.24
3076.99
2825.82
2801.82
2826.37
2893.87
2987.24
3095.23
3212.11
3340.4
3479.51
3603.74
3680.42
3728.25
3764.06
3785.86
3673.62
3349.8
3263.34
3294.81
3356.7
3431.51
3503.42
3568.7
3630.19
3689.88
3747.36
3801.91
3857.64
3925.11
3985.28
3986.41
3939.67
3791.06
3485.73
3324.29
3297.16
3291.12
3298.39
3302.35
3298.18
3288.95
3278.84
3268.81
3260.28
3255.58
3263.68
3291.4
3283.67
3225.83
3087.94
2891.56
2815.53
2792.32
2784.49
2783.17
2773.31
2751.12
2722.41
2692
2663.56
2642.51
2633.63
2602.15
2528.34
2405.13
2259.48
2176.08
2127.15
2089.77
2055.07
2009.52
1952.54
1891.73
1834.17
1780.5
1702.01
1598.78
1471.29
1357.12
1280.26
1214.42
1154.23
1089.96
1019.96
938.971
838.932
735.794
643.963
574.638
522.585
481.655
437.547
399.969
374.823
362.977
359.953
358.688
356.28
353.672
352.562
352.479
352.908
353.017
352.838
352.369
351.973
351.771
351.539
351.177
350.815
350.539
350.337
350.251
350.24
350.264
350.352
350.558
350.897
351.289
351.532
351.564
351.515
351.411
351.263
351.044
350.703
350.205
349.606
349.096
348.794
348.658
348.635
348.687
348.869
349.178
349.557
349.885
350.02
350.001
349.896
349.714
349.404
348.878
348.082
347.187
346.648
346.522
346.498
346.517
346.619
346.811
346.975
346.99
346.911
346.76
346.472
345.961
345.189
344.332
343.829
343.735
343.751
343.852
344.102
344.493
344.977
345.526
346.133
346.796
347.503
348.245
349.02
349.843
350.742
351.74
352.847
354.033
355.204
356.274
357.165
357.892
358.572
359.381
360.483
361.644
362.054
361.987
361.611
360.147
355.961
348.175
341.388
339.587
339.486
339.479
339.482
339.501
339.531
339.558
339.575
339.587
339.598
339.609
339.624
339.64
339.657
339.674
339.691
339.708
339.725
339.743
339.761
339.78
339.799
339.818
339.838
339.858
339.879
339.899
339.921
339.943
339.965
339.988
340.011
340.034
340.058
340.082
340.106
340.131
340.157
340.183
340.209
340.236
340.263
340.291
340.319
340.348
340.377
340.407
340.438
340.468
340.5
340.531
340.562
340.594
340.626
340.659
340.693
340.727
340.763
340.798
340.835
340.872
340.91
340.948
340.987
341.027
341.066
341.106
341.146
341.189
341.237
341.287
341.336
341.378
341.407
341.426
341.442
341.466
341.513
341.585
341.676
341.769
341.851
341.917
341.972
342.021
342.069
342.119
342.172
342.227
342.282
342.338
342.396
342.454
342.514
342.575
342.638
342.701
342.766
342.833
342.9
342.97
343.032
343.147
4415.58
3691.95
3342.96
3373.75
3272.41
3074.99
2826.53
2802.1
2826.25
2893.66
2987.08
3095.4
3212.45
3340.32
3479.24
3604.57
3682.02
3729.24
3765
3785.63
3668.83
3342.37
3259.49
3291.44
3353.93
3429.05
3500.91
3566.03
3627.23
3686.49
3743.45
3797.61
3853.23
3920.44
3979.58
3979.11
3929.05
3773.68
3464.39
3308.42
3281.29
3275.32
3281.57
3283.82
3277.71
3266.33
3253.95
3241.37
3230.39
3223.73
3230.33
3257.21
3244.57
3178.53
3026.86
2832.38
2766.85
2744.73
2738.84
2737.21
2725.69
2702.39
2673.81
2645.02
2620.79
2606.61
2606.01
2572.63
2495.37
2365.42
2224.84
2155.47
2111.73
2079.44
2046.68
2001.33
1945.33
1886.78
1832.48
1781.69
1701.23
1594.38
1462.08
1348.63
1272.46
1207.34
1147.69
1084.95
1018.23
940.138
842.505
740.907
650.443
582.236
530.631
489.424
443.999
404.375
377.317
364.351
360.701
359.191
356.587
353.766
352.537
352.427
352.832
352.919
352.691
352.17
351.821
351.696
351.533
351.247
350.933
350.667
350.466
350.357
350.306
350.287
350.315
350.445
350.715
351.075
351.349
351.416
351.376
351.274
351.119
350.884
350.526
350.059
349.618
349.33
349.14
348.993
348.915
348.921
349.001
349.159
349.375
349.633
349.836
349.878
349.817
349.67
349.414
348.957
348.217
347.359
346.865
346.76
346.746
346.783
346.912
347.078
347.142
347.09
346.967
346.736
346.301
345.581
344.645
343.892
343.64
343.621
343.643
343.777
344.085
344.575
345.198
345.884
346.593
347.312
348.039
348.774
349.528
350.319
351.165
352.076
353.041
354.016
354.968
355.81
356.509
357.121
357.761
358.582
359.766
361.217
362.01
362.017
361.736
360.447
356.516
348.807
341.657
339.61
339.487
339.479
339.482
339.501
339.531
339.558
339.575
339.587
339.597
339.609
339.624
339.64
339.657
339.674
339.691
339.708
339.725
339.743
339.761
339.78
339.799
339.818
339.838
339.858
339.879
339.899
339.921
339.943
339.965
339.988
340.011
340.034
340.058
340.082
340.106
340.131
340.157
340.183
340.209
340.236
340.263
340.291
340.319
340.348
340.377
340.407
340.438
340.468
340.499
340.531
340.562
340.594
340.626
340.659
340.693
340.727
340.763
340.798
340.835
340.872
340.91
340.948
340.988
341.027
341.066
341.106
341.146
341.19
341.237
341.287
341.336
341.378
341.407
341.426
341.442
341.466
341.512
341.585
341.676
341.769
341.85
341.917
341.971
342.02
342.069
342.12
342.172
342.227
342.282
342.339
342.396
342.455
342.514
342.575
342.638
342.701
342.766
342.832
342.9
342.97
343.031
343.147
4413.87
3691.23
3342.21
3371.69
3269.3
3072.87
2824.85
2799.93
2824.25
2891.75
2985.48
3094.54
3212.76
3341.86
3481.79
3607.31
3683.92
3729.94
3765.48
3783.98
3660.08
3331.37
3254.73
3287.47
3350.7
3426.12
3498.09
3563.26
3624.42
3683.45
3740.08
3794.05
3849.91
3917.71
3977.04
3975.73
3923.85
3763.31
3450.7
3300.34
3273.74
3268.14
3273.97
3275.22
3267.61
3254.53
3240.32
3225.72
3212.64
3204.31
3209.59
3235.24
3218.06
3144.47
2980.77
2788.96
2729.92
2707.96
2702.72
2700
2686.57
2662.22
2633.66
2606.06
2585.29
2576.87
2580.92
2543.79
2462.43
2326.23
2193.7
2136.33
2097.61
2069.82
2038.57
1993.57
1938.95
1883.04
1832.29
1784.26
1701.8
1591.38
1454.87
1342.98
1266.75
1201.69
1141.2
1078.56
1013.89
938.119
842.406
741.449
652.228
585.268
534.69
493.739
447.624
406.953
378.843
365.291
361.325
359.614
356.819
353.798
352.456
352.324
352.713
352.785
352.53
351.991
351.718
351.662
351.561
351.345
351.076
350.82
350.615
350.477
350.379
350.312
350.29
350.346
350.539
350.854
351.15
351.263
351.238
351.139
350.975
350.715
350.33
349.915
349.654
349.551
349.477
349.378
349.252
349.152
349.13
349.13
349.196
349.357
349.579
349.719
349.713
349.612
349.406
349.016
348.355
347.56
347.097
346.999
346.988
347.03
347.147
347.252
347.251
347.163
347.002
346.682
346.091
345.197
344.255
343.724
343.595
343.585
343.615
343.783
344.159
344.746
345.48
346.275
347.07
347.842
348.593
349.332
350.067
350.806
351.55
352.294
353.054
353.833
354.548
355.175
355.736
356.297
356.951
357.835
359.14
360.848
362
362.109
361.9
360.757
357.05
349.429
341.941
339.638
339.487
339.48
339.482
339.501
339.532
339.558
339.575
339.587
339.597
339.609
339.624
339.64
339.657
339.674
339.691
339.708
339.725
339.743
339.761
339.78
339.799
339.818
339.838
339.858
339.879
339.9
339.921
339.943
339.965
339.988
340.011
340.034
340.058
340.082
340.106
340.131
340.157
340.183
340.209
340.236
340.263
340.291
340.319
340.348
340.377
340.407
340.438
340.468
340.499
340.531
340.562
340.594
340.626
340.659
340.693
340.727
340.763
340.798
340.835
340.872
340.91
340.948
340.988
341.027
341.067
341.106
341.146
341.19
341.237
341.287
341.336
341.378
341.407
341.426
341.441
341.466
341.512
341.585
341.676
341.769
341.85
341.917
341.971
342.02
342.069
342.12
342.172
342.227
342.282
342.339
342.396
342.455
342.515
342.576
342.638
342.701
342.766
342.832
342.899
342.97
343.031
343.146
4412.18
3689.68
3342.4
3372.55
3269.73
3071.3
2820.66
2795.4
2820.09
2888.2
2982.84
3093.18
3213.15
3344.61
3486.31
3610.59
3685.23
3730.45
3765.42
3781.32
3649.39
3319.29
3250.04
3283.65
3347.62
3423.31
3495.4
3560.75
3622.06
3681.14
3737.73
3791.81
3848.24
3917.13
3977.14
3975.09
3922.49
3758.69
3443.67
3297.49
3271.29
3266
3271.68
3272.41
3264.14
3250.51
3235.64
3220.16
3206.04
3197.02
3201.65
3225.97
3204.44
3124.82
2952.31
2762.7
2707.09
2684.81
2679.43
2675.4
2660.32
2635.07
2606.62
2579.98
2561.56
2556.95
2561.85
2520.24
2434.15
2292.3
2169.14
2120.17
2085.47
2060.84
2030.33
1985.83
1932.89
1879.75
1832.52
1786.75
1702.23
1588.37
1448.75
1339.23
1262.93
1197.54
1135.37
1071.45
1007.17
932.342
838.653
738.56
650.972
585.506
536.07
495.463
448.912
407.87
379.453
365.827
361.787
359.85
356.886
353.691
352.307
352.175
352.566
352.623
352.347
351.826
351.653
351.654
351.615
351.467
351.235
350.994
350.788
350.613
350.456
350.333
350.261
350.262
350.376
350.635
350.936
351.094
351.089
350.995
350.815
350.527
350.15
349.858
349.77
349.759
349.777
349.758
349.642
349.424
349.168
349.059
349.045
349.104
349.285
349.495
349.565
349.518
349.36
349.035
348.461
347.751
347.322
347.224
347.21
347.242
347.322
347.368
347.324
347.216
347.011
346.601
345.898
344.959
344.123
343.734
343.653
343.65
343.704
343.909
344.336
344.995
345.816
346.699
347.568
348.39
349.161
349.886
350.561
351.171
351.739
352.321
352.918
353.459
353.949
354.421
354.92
355.494
356.211
357.196
358.64
360.562
362.017
362.242
362.081
361.056
357.547
350.025
342.235
339.669
339.489
339.481
339.483
339.502
339.532
339.558
339.575
339.587
339.597
339.609
339.624
339.64
339.657
339.674
339.691
339.708
339.725
339.743
339.761
339.78
339.799
339.818
339.838
339.858
339.879
339.9
339.921
339.943
339.965
339.988
340.011
340.034
340.058
340.082
340.106
340.131
340.156
340.182
340.209
340.236
340.263
340.291
340.319
340.348
340.377
340.407
340.438
340.468
340.499
340.531
340.562
340.594
340.626
340.659
340.693
340.727
340.763
340.798
340.835
340.872
340.91
340.948
340.988
341.027
341.067
341.106
341.146
341.19
341.237
341.287
341.336
341.378
341.407
341.426
341.441
341.466
341.512
341.585
341.676
341.768
341.85
341.917
341.971
342.02
342.069
342.119
342.172
342.227
342.283
342.339
342.397
342.455
342.515
342.576
342.638
342.701
342.766
342.832
342.899
342.969
343.031
343.146
4410.61
3687.85
3342.96
3373.64
3268.57
3065.97
2814.05
2789.75
2815.05
2883.89
2979.52
3091.19
3213.14
3347.27
3490.6
3612.82
3685.15
3729.78
3764.31
3777.87
3638.25
3308.23
3246.6
3281.05
3345.36
3421.12
3493.29
3558.87
3620.43
3679.73
3736.54
3790.92
3847.94
3917.88
3978.24
3975.86
3923.54
3758.26
3441.9
3298.01
3271.89
3266.62
3272.09
3272.37
3263.76
3250.02
3235.12
3219.75
3205.83
3196.68
3200.43
3223.46
3198.92
3115.5
2938.17
2750.12
2696.17
2673.55
2668.09
2663.24
2647.17
2621.31
2592.74
2566.76
2549.56
2546.55
2550.08
2504.05
2413.17
2267
2151.83
2107.55
2075.26
2052.09
2021.71
1977.72
1926.46
1875.97
1832.04
1787.39
1700.77
1583.94
1442.76
1336.3
1260.29
1194.5
1130.52
1064.59
999.007
922.987
829.575
730.322
645.323
581.943
534.347
494.67
448.258
407.523
379.448
366.043
362.094
359.859
356.726
353.425
352.097
351.995
352.396
352.432
352.131
351.67
351.605
351.654
351.681
351.596
351.403
351.183
350.983
350.768
350.535
350.342
350.229
350.181
350.233
350.425
350.703
350.893
350.912
350.828
350.639
350.356
350.068
349.933
349.912
349.971
350.073
350.085
349.979
349.715
349.298
348.951
348.872
348.882
348.998
349.22
349.366
349.365
349.25
348.985
348.5
347.899
347.524
347.426
347.404
347.417
347.446
347.439
347.362
347.24
347.002
346.547
345.813
344.931
344.228
343.906
343.827
343.827
343.91
344.166
344.655
345.376
346.255
347.192
348.105
348.947
349.691
350.314
350.836
351.292
351.747
352.191
352.563
352.889
353.228
353.636
354.146
354.785
355.601
356.702
358.271
360.357
362.051
362.389
362.262
361.331
357.999
350.589
342.535
339.705
339.49
339.482
339.483
339.502
339.532
339.558
339.575
339.587
339.597
339.609
339.624
339.64
339.657
339.674
339.691
339.708
339.725
339.743
339.761
339.78
339.799
339.818
339.838
339.858
339.879
339.9
339.921
339.943
339.965
339.988
340.011
340.034
340.058
340.082
340.106
340.131
340.156
340.182
340.209
340.236
340.263
340.291
340.319
340.348
340.377
340.407
340.438
340.468
340.499
340.531
340.562
340.594
340.626
340.659
340.693
340.728
340.763
340.798
340.835
340.872
340.91
340.948
340.988
341.027
341.067
341.106
341.147
341.19
341.237
341.287
341.336
341.378
341.407
341.426
341.441
341.466
341.512
341.585
341.676
341.768
341.85
341.917
341.971
342.02
342.068
342.119
342.172
342.227
342.283
342.339
342.397
342.456
342.516
342.576
342.638
342.702
342.766
342.832
342.899
342.969
343.03
343.146
4408.03
3685.83
3341.65
3371.43
3264.37
3059.59
2809.02
2785.67
2811.3
2880.43
2976.6
3089.09
3212.5
3348.78
3493.36
3614.05
3684.8
3729.24
3763.76
3775.65
3628.62
3299.89
3245.03
3280.09
3344.56
3420.25
3492.42
3558.13
3619.91
3679.47
3736.59
3791.29
3848.75
3919.48
3980.28
3978.38
3927.16
3762.01
3445.29
3302.85
3277.06
3271.91
3277.32
3277.38
3268.38
3254.15
3238.78
3222.94
3208.21
3198.17
3201.2
3223.38
3197.27
3112.12
2933.46
2746.22
2692.54
2669.73
2664.26
2659.27
2642.93
2617.18
2588.82
2562.56
2544.91
2541.98
2543.76
2494.76
2399.84
2251.38
2141.02
2098.02
2066.49
2043.57
2013
1969.38
1919.37
1870.93
1829.37
1784.29
1696.06
1577.31
1436.53
1333.41
1257.91
1191.98
1126.7
1058.96
991.228
911.944
816.162
715.903
633.145
572.166
527.413
489.437
444.211
405.028
378.364
365.728
362.134
359.64
356.362
353.049
351.851
351.797
352.199
352.206
351.879
351.515
351.535
351.661
351.767
351.722
351.567
351.374
351.176
350.928
350.637
350.355
350.179
350.104
350.106
350.224
350.445
350.63
350.677
350.62
350.459
350.252
350.104
350.058
350.084
350.225
350.366
350.373
350.257
349.984
349.491
348.925
348.686
348.667
348.73
348.916
349.1
349.143
349.066
348.849
348.455
347.979
347.697
347.611
347.581
347.568
347.546
347.482
347.394
347.25
346.987
346.531
345.853
345.077
344.483
344.211
344.122
344.128
344.246
344.562
345.123
345.903
346.817
347.76
348.643
349.402
350.012
350.478
350.863
351.242
351.576
351.812
351.994
352.196
352.487
352.909
353.486
354.225
355.152
356.356
358.015
360.207
362.087
362.531
362.428
361.574
358.401
351.115
342.836
339.744
339.492
339.483
339.484
339.502
339.532
339.558
339.575
339.586
339.597
339.609
339.624
339.64
339.657
339.674
339.691
339.708
339.725
339.743
339.761
339.78
339.799
339.818
339.838
339.858
339.879
339.9
339.921
339.943
339.965
339.988
340.011
340.034
340.058
340.082
340.106
340.131
340.156
340.182
340.209
340.236
340.263
340.291
340.319
340.348
340.377
340.407
340.438
340.468
340.5
340.531
340.562
340.594
340.627
340.66
340.693
340.728
340.763
340.798
340.835
340.872
340.91
340.949
340.988
341.027
341.067
341.106
341.147
341.19
341.237
341.287
341.336
341.378
341.407
341.426
341.441
341.466
341.512
341.585
341.676
341.768
341.85
341.917
341.971
342.02
342.068
342.119
342.172
342.227
342.283
342.339
342.397
342.456
342.516
342.577
342.639
342.702
342.766
342.832
342.899
342.969
343.03
343.146
4404.97
3683.85
3337.94
3365.74
3257.17
3052.6
2806.59
2784.36
2810.13
2879.27
2975.47
3088.23
3212.2
3349.29
3494.32
3613.96
3683.48
3727.31
3761.76
3772.3
3620.47
3294.92
3244.7
3280.12
3344.63
3420.27
3492.52
3558.43
3620.51
3680.4
3737.84
3792.85
3850.62
3922.14
3984.08
3983.41
3935.04
3773.3
3457.44
3314.89
3289.44
3284.37
3289.89
3289.95
3280.61
3265.79
3249.66
3232.67
3216.04
3203.99
3205.26
3225.77
3199.64
3114.27
2936.09
2747.35
2692.12
2669.07
2663.58
2659.06
2643.36
2617.61
2588.58
2561.46
2543.15
2539.85
2540.2
2489.49
2393.64
2244.8
2135.2
2091.33
2059.08
2035.58
2004.6
1961.07
1911.55
1864
1823.31
1776.84
1687.91
1568.5
1429.92
1330
1255.23
1189.55
1123.78
1055.01
985.211
901.695
801.77
698.708
616.684
557.219
515.011
478.759
435.743
399.552
375.748
364.757
361.838
359.153
355.787
352.585
351.573
351.583
351.969
351.938
351.595
351.361
351.444
351.667
351.848
351.832
351.705
351.534
351.345
351.087
350.767
350.416
350.125
350.018
349.982
350.031
350.167
350.304
350.368
350.357
350.292
350.23
350.185
350.196
350.308
350.515
350.643
350.627
350.499
350.228
349.716
349.006
348.538
348.461
348.484
348.602
348.76
348.834
348.796
348.622
348.324
348.006
347.85
347.787
347.75
347.706
347.636
347.548
347.435
347.265
346.991
346.556
345.959
345.333
344.885
344.656
344.561
344.576
344.736
345.12
345.751
346.574
347.478
348.341
349.065
349.625
350.031
350.392
350.726
350.98
351.125
351.211
351.312
351.497
351.819
352.315
352.992
353.838
354.857
356.128
357.834
360.087
362.112
362.655
362.573
361.783
358.755
351.598
343.132
339.786
339.494
339.484
339.485
339.502
339.531
339.557
339.575
339.586
339.597
339.609
339.624
339.64
339.657
339.674
339.691
339.708
339.725
339.743
339.761
339.78
339.799
339.818
339.838
339.858
339.879
339.9
339.921
339.943
339.965
339.988
340.011
340.034
340.058
340.082
340.106
340.131
340.156
340.182
340.209
340.236
340.263
340.291
340.319
340.348
340.377
340.407
340.438
340.468
340.5
340.531
340.562
340.594
340.627
340.66
340.693
340.728
340.763
340.798
340.835
340.872
340.91
340.949
340.988
341.027
341.067
341.106
341.146
341.19
341.237
341.287
341.336
341.377
341.407
341.426
341.441
341.466
341.512
341.585
341.676
341.768
341.85
341.916
341.971
342.02
342.068
342.119
342.172
342.227
342.283
342.339
342.397
342.456
342.516
342.577
342.639
342.702
342.766
342.832
342.899
342.969
343.03
343.146
4402.36
3682.32
3333.7
3360.16
3251.01
3046.78
2805.64
2784.94
2810.9
2880.25
2976.46
3089.12
3212.78
3349.57
3494.25
3612.82
3680.87
3723.49
3757.77
3767.48
3615.05
3293.56
3245.17
3280.59
3345
3420.66
3493.11
3559.3
3621.7
3681.99
3739.85
3795.14
3853.16
3925.67
3989.77
3991.18
3947.8
3792.44
3478.35
3334.22
3309.26
3304.48
3310.41
3310.82
3301.46
3286.06
3269.01
3250.79
3232.33
3218.22
3216.79
3234.43
3209.16
3124.8
2948.98
2756.4
2697.24
2672.89
2666.26
2661.4
2645.81
2619.99
2590.52
2562.61
2543.14
2538.34
2537.76
2487.03
2392.45
2245.58
2133.71
2087.58
2053.24
2028.44
1997.01
1953.3
1903.5
1855.59
1814.24
1765.76
1676.71
1558.04
1422.83
1325.78
1252.04
1186.99
1121.5
1052.48
981.063
893.499
789.327
683.104
600.761
541.615
500.873
465.446
424.953
392.395
372.209
363.299
361.138
358.376
354.986
352.052
351.264
351.362
351.709
351.629
351.297
351.199
351.348
351.678
351.917
351.915
351.8
351.643
351.477
351.229
350.914
350.531
350.132
349.895
349.832
349.825
349.868
349.941
350.012
350.075
350.134
350.191
350.257
350.373
350.579
350.808
350.89
350.851
350.711
350.442
349.94
349.183
348.499
348.274
348.256
348.295
348.37
348.416
348.404
348.299
348.135
348.024
347.977
347.95
347.915
347.844
347.748
347.628
347.477
347.277
346.995
346.596
346.113
345.699
345.423
345.251
345.167
345.199
345.405
345.852
346.529
347.343
348.14
348.785
349.248
349.574
349.872
350.14
350.333
350.426
350.465
350.515
350.637
350.882
351.294
351.899
352.683
353.607
354.675
355.973
357.694
359.98
362.121
362.76
362.696
361.96
359.062
352.035
343.416
339.829
339.496
339.486
339.485
339.502
339.531
339.557
339.574
339.586
339.597
339.609
339.624
339.64
339.657
339.674
339.691
339.708
339.725
339.743
339.761
339.78
339.799
339.818
339.838
339.858
339.879
339.9
339.921
339.943
339.965
339.988
340.011
340.034
340.058
340.082
340.106
340.131
340.156
340.182
340.209
340.236
340.263
340.291
340.319
340.348
340.377
340.407
340.438
340.468
340.5
340.531
340.562
340.594
340.627
340.66
340.693
340.728
340.763
340.799
340.835
340.872
340.91
340.948
340.988
341.027
341.067
341.106
341.146
341.19
341.237
341.287
341.336
341.377
341.407
341.426
341.441
341.466
341.512
341.585
341.676
341.769
341.85
341.916
341.971
342.02
342.068
342.119
342.172
342.226
342.282
342.339
342.397
342.456
342.516
342.577
342.639
342.702
342.766
342.832
342.899
342.969
343.03
343.146
4400.64
3680.98
3331.4
3357.63
3247.7
3042.25
2805.3
2786.61
2812.79
2882.49
2978.61
3090.69
3213.21
3348.77
3492.85
3610.32
3676.66
3717.7
3751.81
3761.75
3613.78
3295.94
3246.19
3281.04
3345.06
3420.69
3493.36
3559.85
3622.62
3683.42
3741.86
3797.7
3856.17
3929.97
3996.92
4001.44
3964.63
3817.12
3504.85
3358.08
3333.85
3329.71
3336.48
3337.82
3329
3313.29
3295.52
3276.41
3256.7
3241.09
3237.16
3252.28
3228.86
3146.97
2975.71
2777.93
2712.11
2685.42
2676.52
2670.46
2654.19
2628.08
2598.27
2569.32
2547.68
2539.46
2537.37
2487.07
2395.27
2251.58
2135.88
2086.75
2049.81
2022.96
1990.68
1946.34
1895.46
1845.97
1802.81
1751.81
1663.17
1546.93
1415.85
1321.2
1248.51
1184.3
1119.52
1050.69
977.893
886.621
779.172
670.862
588.36
529.119
488.978
453.533
415.293
385.806
368.898
361.842
360.119
357.363
354.045
351.523
350.942
351.146
351.417
351.294
351.012
351.026
351.265
351.699
351.968
351.966
351.852
351.705
351.566
351.339
351.043
350.661
350.195
349.796
349.634
349.578
349.564
349.587
349.669
349.804
349.971
350.146
350.335
350.57
350.851
351.061
351.095
351.035
350.887
350.617
350.132
349.397
348.603
348.14
348.018
347.976
347.949
347.92
347.896
347.902
347.962
348.047
348.101
348.111
348.079
347.995
347.872
347.709
347.51
347.269
346.965
346.612
346.329
346.166
346.058
345.984
345.962
346.042
346.307
346.79
347.439
348.111
348.633
348.953
349.156
349.336
349.495
349.61
349.66
349.681
349.723
349.833
350.051
350.417
350.962
351.682
352.531
353.48
354.553
355.852
357.573
359.878
362.115
362.847
362.798
362.109
359.325
352.423
343.681
339.873
339.498
339.487
339.486
339.502
339.531
339.557
339.574
339.586
339.597
339.609
339.624
339.64
339.657
339.674
339.691
339.708
339.725
339.743
339.761
339.779
339.799
339.818
339.838
339.858
339.879
339.899
339.921
339.943
339.965
339.988
340.011
340.034
340.058
340.082
340.106
340.131
340.156
340.182
340.209
340.236
340.263
340.291
340.319
340.348
340.377
340.407
340.438
340.468
340.5
340.531
340.562
340.594
340.627
340.66
340.693
340.728
340.763
340.799
340.835
340.872
340.91
340.949
340.988
341.027
341.066
341.106
341.146
341.189
341.237
341.287
341.336
341.377
341.407
341.426
341.441
341.466
341.512
341.585
341.676
341.769
341.85
341.916
341.971
342.02
342.068
342.119
342.172
342.226
342.282
342.339
342.397
342.456
342.516
342.577
342.639
342.702
342.766
342.832
342.899
342.969
343.03
343.146
4399.6
3680.27
3329.97
3356.25
3245.27
3038.07
2804.96
2788.19
2814.41
2884.27
2980.15
3091.55
3212.86
3346.85
3489.83
3606.57
3671.93
3712.16
3746.3
3757.36
3615.12
3300.08
3246.75
3280.89
3344.56
3420.23
3493.12
3559.81
3622.8
3683.97
3743.15
3799.9
3859.23
3934.5
4005.01
4013.1
3982.82
3843.4
3532.61
3382.47
3358.98
3355.59
3363.53
3366.02
3358
3342.49
3324.69
3305.59
3285.71
3269.25
3263.78
3277.46
3257.5
3179.53
3014.7
2811.22
2736.59
2707.48
2696.01
2688.79
2671.97
2645.17
2614.38
2583.88
2559.02
2545.36
2540.46
2491.92
2403.81
2264.03
2142.35
2088.62
2048.95
2019.62
1985.98
1940.44
1887.93
1836.38
1790.34
1737.09
1649.32
1537.01
1410.39
1317.32
1245.48
1182
1117.95
1049.14
974.714
879.987
770.458
661.678
579.925
520.872
481.069
445.212
408.555
381.175
366.53
360.714
359.051
356.353
353.143
351.058
350.633
350.906
351.09
350.948
350.767
350.856
351.208
351.73
352.006
351.996
351.876
351.737
351.622
351.414
351.137
350.767
350.274
349.745
349.426
349.311
349.271
349.283
349.374
349.559
349.812
350.102
350.42
350.768
351.093
351.259
351.259
351.183
351.03
350.755
350.281
349.588
348.777
348.104
347.768
347.606
347.491
347.42
347.426
347.537
347.781
348.07
348.242
348.269
348.24
348.151
348.005
347.784
347.505
347.195
346.886
346.694
346.653
346.667
346.732
346.824
346.95
347.158
347.485
347.911
348.347
348.663
348.797
348.845
348.863
348.865
348.856
348.84
348.835
348.88
349.02
349.268
349.646
350.179
350.85
351.615
352.463
353.396
354.455
355.744
357.462
359.783
362.101
362.917
362.883
362.234
359.547
352.759
343.92
339.914
339.5
339.488
339.487
339.502
339.53
339.556
339.574
339.586
339.597
339.609
339.624
339.64
339.657
339.674
339.691
339.708
339.725
339.743
339.761
339.779
339.799
339.818
339.838
339.858
339.879
339.899
339.921
339.943
339.965
339.988
340.011
340.034
340.058
340.082
340.106
340.131
340.156
340.182
340.209
340.236
340.263
340.291
340.319
340.348
340.377
340.407
340.438
340.469
340.5
340.531
340.563
340.594
340.627
340.66
340.693
340.728
340.763
340.799
340.835
340.872
340.91
340.949
340.988
341.027
341.066
341.106
341.146
341.189
341.237
341.287
341.336
341.377
341.407
341.426
341.441
341.466
341.512
341.585
341.676
341.769
341.85
341.917
341.971
342.02
342.068
342.119
342.172
342.226
342.282
342.339
342.396
342.455
342.516
342.577
342.639
342.702
342.767
342.833
342.899
342.97
343.031
343.146
4398.67
3679.79
3328.34
3354.22
3242.27
3033.96
2804.4
2789.06
2815.22
2884.87
2980.48
3091.55
3212.3
3345.07
3486.12
3602.41
3668.5
3709.1
3743.04
3754.74
3617.53
3303.62
3246.79
3280.38
3343.84
3419.57
3492.55
3559.3
3622.41
3683.89
3743.65
3801.31
3861.76
3938.37
4012.87
4024.79
3999.35
3867.36
3557.09
3403.18
3380.3
3377.6
3386.72
3390.29
3383.18
3368.38
3351.25
3332.91
3313.54
3297.19
3291.48
3304.38
3289.14
3216.02
3058.81
2850.82
2766.57
2735.42
2721.57
2713.61
2696.7
2669.39
2637.33
2604.79
2576.16
2556.93
2548.41
2501.73
2417.35
2281.89
2153.83
2093.17
2050.23
2018.38
1983.41
1936.54
1882.13
1827.98
1778.68
1723.93
1637.58
1529.75
1407.35
1315.38
1244.08
1180.97
1117.22
1047.81
971.063
872.986
762.44
654.632
574.457
516.105
476.697
440.289
404.585
378.495
365.158
360.033
358.218
355.569
352.448
350.679
350.348
350.639
350.765
350.634
350.565
350.719
351.179
351.77
352.039
352.018
351.892
351.757
351.655
351.46
351.194
350.838
350.336
349.719
349.248
349.074
349.026
349.04
349.135
349.348
349.668
350.064
350.508
350.958
351.291
351.399
351.37
351.28
351.125
350.848
350.389
349.732
348.919
348.099
347.51
347.198
347.04
346.987
347.038
347.248
347.645
348.107
348.379
348.415
348.387
348.286
348.098
347.792
347.403
347.047
346.893
346.887
346.942
347.136
347.439
347.785
348.147
348.512
348.827
348.998
349
348.872
348.736
348.565
348.353
348.159
348.026
347.966
348
348.16
348.472
348.921
349.49
350.138
350.838
351.598
352.422
353.328
354.367
355.646
357.362
359.698
362.084
362.974
362.952
362.336
359.731
353.042
344.129
339.953
339.502
339.489
339.488
339.502
339.53
339.556
339.573
339.586
339.597
339.609
339.624
339.641
339.657
339.674
339.691
339.708
339.725
339.743
339.761
339.779
339.799
339.818
339.838
339.858
339.879
339.899
339.921
339.943
339.965
339.988
340.011
340.034
340.058
340.082
340.106
340.131
340.156
340.182
340.209
340.236
340.263
340.291
340.319
340.348
340.377
340.407
340.438
340.469
340.5
340.531
340.563
340.594
340.627
340.66
340.693
340.728
340.763
340.799
340.835
340.872
340.91
340.949
340.988
341.027
341.066
341.106
341.146
341.189
341.237
341.287
341.336
341.377
341.407
341.426
341.441
341.466
341.512
341.585
341.676
341.769
341.85
341.917
341.971
342.02
342.068
342.119
342.172
342.226
342.282
342.338
342.396
342.455
342.515
342.576
342.639
342.702
342.767
342.833
342.9
342.97
343.031
343.147
4397.73
3679.23
3325.87
3350.98
3238.63
3030.26
2803.44
2788.88
2815.03
2884.34
2979.68
3090.43
3210.66
3342.23
3482.1
3599.24
3666.69
3707.76
3741.62
3754.31
3620.14
3305.03
3245.4
3278.64
3342.06
3417.9
3491.01
3557.94
3621.31
3683.13
3743.3
3801.65
3863.14
3941.15
4019.28
4034.57
4012.69
3885.95
3575
3417.55
3395.1
3392.92
3402.98
3407.46
3401.15
3387.2
3370.94
3353.6
3335.12
3319.53
3314.31
3327.27
3316.54
3248.54
3098.76
2888.2
2794.88
2762.11
2746.3
2738.03
2721.45
2693.94
2660.66
2625.98
2593.89
2570.03
2557.71
2513.63
2432.5
2301.56
2168.6
2100.33
2053.53
2018.69
1982.52
1934.7
1878.43
1821.69
1769.53
1713.62
1629.07
1525.37
1406.6
1315.37
1244.37
1181.38
1117.51
1046.94
967.312
865.978
755.197
649.34
571.058
513.675
474.628
437.615
402.395
377.135
364.514
359.775
357.729
355.03
351.952
350.363
350.084
350.378
350.487
350.388
350.394
350.614
351.162
351.802
352.063
352.035
351.902
351.766
351.671
351.486
351.231
350.89
350.385
349.708
349.126
348.896
348.847
348.86
348.954
349.178
349.542
350.026
350.582
351.105
351.41
351.465
351.419
351.324
351.173
350.908
350.472
349.832
348.989
348.04
347.237
346.81
346.662
346.645
346.736
347.036
347.576
348.191
348.52
348.554
348.524
348.396
348.134
347.704
347.204
346.932
346.909
346.968
347.179
347.591
348.182
348.862
349.49
349.9
350.021
349.878
349.511
349.02
348.519
348.037
347.617
347.324
347.177
347.163
347.291
347.617
348.135
348.784
349.475
350.163
350.867
351.607
352.397
353.271
354.287
355.557
357.274
359.625
362.066
363.019
363.007
362.417
359.877
353.269
344.301
339.985
339.503
339.49
339.488
339.502
339.53
339.556
339.573
339.585
339.597
339.609
339.624
339.641
339.657
339.674
339.691
339.708
339.725
339.743
339.761
339.779
339.799
339.818
339.838
339.858
339.878
339.899
339.921
339.942
339.965
339.988
340.011
340.034
340.058
340.082
340.106
340.131
340.156
340.182
340.209
340.236
340.263
340.291
340.319
340.348
340.377
340.407
340.438
340.469
340.5
340.531
340.563
340.595
340.627
340.66
340.693
340.728
340.763
340.799
340.835
340.872
340.91
340.949
340.988
341.027
341.066
341.106
341.146
341.189
341.237
341.287
341.336
341.377
341.407
341.426
341.441
341.466
341.512
341.585
341.676
341.769
341.851
341.917
341.971
342.02
342.068
342.119
342.172
342.226
342.281
342.338
342.395
342.454
342.515
342.576
342.639
342.702
342.767
342.833
342.901
342.971
343.032
343.147
4397.13
3678.83
3323.73
3348.61
3236.25
3027.5
2801.79
2787.72
2813.95
2882.83
2977.73
3087.97
3207.72
3339.02
3479.16
3597.37
3666.17
3708.39
3742.35
3755.58
3621.35
3303.51
3242.66
3275.97
3339.51
3415.46
3488.72
3555.87
3619.57
3681.8
3742.5
3801.54
3863.87
3943.01
4024
4041.84
4021.84
3897.95
3585.56
3425.34
3403.11
3401.24
3411.92
3416.96
3411.2
3397.95
3382.48
3366.06
3348.66
3333.86
3329.13
3342.53
3335.49
3271.16
3127.57
2915.71
2815.24
2781.58
2764.68
2756.18
2739.71
2711.82
2677.6
2641.4
2606.88
2579.76
2564.47
2523.31
2444.91
2318.53
2182.68
2107.76
2057.94
2020.13
1982.65
1934.02
1876.39
1817.69
1763.27
1706.65
1623.63
1523.41
1407.56
1316.85
1246.02
1182.93
1118.62
1046.69
964.127
860.055
749.496
645.896
569.247
512.751
473.806
436.122
401.139
376.478
364.28
359.812
357.535
354.708
351.604
350.109
349.864
350.172
350.29
350.222
350.264
350.535
351.151
351.832
352.091
352.06
351.923
351.781
351.685
351.506
351.259
350.932
350.43
349.714
349.053
348.774
348.722
348.732
348.82
349.044
349.433
349.979
350.62
351.188
351.46
351.482
351.427
351.331
351.181
350.924
350.506
349.872
348.985
347.909
346.955
346.499
346.393
346.397
346.518
346.893
347.559
348.294
348.654
348.685
348.648
348.475
348.109
347.53
347.027
346.884
346.92
347.048
347.392
348.036
348.957
349.966
350.717
351.001
350.95
350.618
349.967
349.061
348.107
347.319
346.809
346.558
346.471
346.524
346.769
347.264
347.963
348.74
349.498
350.22
350.918
351.621
352.37
353.214
354.216
355.484
357.207
359.57
362.053
363.054
363.05
362.479
359.987
353.441
344.434
340.011
339.505
339.491
339.489
339.502
339.53
339.555
339.573
339.585
339.597
339.609
339.624
339.641
339.657
339.674
339.691
339.708
339.725
339.743
339.761
339.779
339.799
339.818
339.838
339.858
339.878
339.899
339.921
339.942
339.965
339.987
340.011
340.034
340.058
340.082
340.106
340.131
340.156
340.182
340.209
340.236
340.263
340.291
340.319
340.348
340.377
340.407
340.438
340.469
340.5
340.531
340.563
340.595
340.627
340.66
340.693
340.728
340.763
340.798
340.835
340.872
340.91
340.949
340.988
341.027
341.066
341.106
341.146
341.189
341.237
341.287
341.336
341.377
341.407
341.426
341.441
341.466
341.512
341.585
341.676
341.769
341.851
341.917
341.972
342.02
342.069
342.119
342.171
342.226
342.281
342.337
342.395
342.454
342.514
342.576
342.638
342.702
342.768
342.834
342.901
342.971
343.032
343.147
4397.19
3678.83
3322.91
3347.94
3235.3
3025.38
2800.05
2786.39
2812.61
2880.95
2975.32
3085.14
3204.95
3336.91
3477.82
3596.57
3666.16
3709.8
3743.84
3757.34
3621.32
3300.68
3240.09
3273.63
3337.41
3413.5
3486.87
3554.18
3618.01
3680.43
3741.49
3801.07
3863.97
3943.94
4026.87
4046.29
4027.05
3903.95
3589.96
3428.25
3406.08
3404.34
3415.27
3420.55
3415.09
3402.32
3387.4
3371.6
3354.77
3340.38
3335.89
3349.28
3345.2
3283.37
3143.42
2930.84
2825.78
2791.65
2774.09
2765.6
2749.05
2720.55
2685.57
2648.52
2612.61
2583.55
2566.52
2528.4
2452.31
2329.73
2192.44
2112.61
2061.09
2021.45
1983.12
1934.03
1875.5
1815.38
1759.41
1702.36
1620.61
1522.76
1409.38
1319
1248.21
1184.92
1120.11
1046.9
961.953
856.126
746.019
644.33
568.627
512.697
473.623
435.339
400.445
376.215
364.243
359.98
357.535
354.567
351.392
349.942
349.72
350.048
350.17
350.117
350.173
350.475
351.14
351.856
352.118
352.085
351.942
351.785
351.682
351.505
351.268
350.957
350.469
349.742
349.029
348.706
348.648
348.648
348.727
348.943
349.343
349.933
350.638
351.238
351.486
351.486
351.418
351.316
351.166
350.916
350.514
349.891
348.963
347.772
346.738
346.306
346.232
346.238
346.376
346.802
347.562
348.378
348.761
348.796
348.758
348.55
348.065
347.353
346.884
346.821
346.873
347.078
347.57
348.419
349.602
350.805
351.534
351.711
351.606
351.227
350.39
349.04
347.594
346.626
346.189
346.024
345.991
346.094
346.442
347.074
347.891
348.741
349.546
350.284
350.971
351.645
352.363
353.185
354.175
355.439
357.161
359.53
362.038
363.076
363.079
362.521
360.06
353.558
344.525
340.03
339.506
339.491
339.489
339.502
339.529
339.555
339.573
339.585
339.597
339.609
339.624
339.641
339.658
339.674
339.691
339.708
339.725
339.743
339.761
339.779
339.799
339.818
339.838
339.858
339.878
339.899
339.921
339.942
339.965
339.987
340.011
340.034
340.058
340.082
340.106
340.131
340.156
340.182
340.209
340.236
340.263
340.291
340.319
340.348
340.378
340.407
340.438
340.469
340.5
340.531
340.563
340.595
340.627
340.66
340.693
340.728
340.763
340.798
340.835
340.872
340.91
340.949
340.988
341.027
341.066
341.106
341.146
341.189
341.237
341.287
341.336
341.377
341.407
341.426
341.441
341.466
341.512
341.585
341.676
341.769
341.851
341.917
341.972
342.021
342.069
342.119
342.171
342.225
342.281
342.337
342.395
342.454
342.514
342.575
342.638
342.702
342.768
342.834
342.901
342.972
343.033
343.147
4397.57
3678.98
3322.47
3347.44
3234.63
3023.55
2798.35
2784.56
2810.64
2878.78
2973.15
3083.2
3203.57
3336.24
3477.56
3596.51
3666.58
3710.95
3744.91
3757.99
3620.92
3298.54
3238.23
3271.94
3335.89
3412.09
3485.46
3552.75
3616.67
3679.3
3740.75
3800.77
3864.04
3944.44
4028.45
4048.32
4028.87
3905.28
3590.33
3428.34
3406.2
3404.54
3415.61
3421.01
3415.65
3403
3388.22
3372.59
3355.94
3341.84
3337.88
3351.47
3349.18
3288.65
3149.59
2936.02
2829.08
2794.69
2776.86
2768.32
2751.72
2722.84
2686.89
2648.8
2612.32
2583.2
2566.4
2530.49
2455.98
2334.99
2196.31
2114.15
2062.05
2021.9
1983.28
1933.64
1874.22
1813.45
1757.22
1700.6
1619.73
1523.13
1410.99
1320.63
1249.66
1186.14
1121.01
1046.94
960.706
854.438
744.763
644.179
568.786
512.981
473.73
435.053
400.178
376.193
364.313
360.126
357.529
354.473
351.26
349.833
349.628
349.974
350.107
350.069
350.136
350.462
351.153
351.89
352.149
352.111
351.963
351.805
351.701
351.529
351.292
350.984
350.497
349.769
349.039
348.669
348.591
348.573
348.638
348.856
349.279
349.903
350.641
351.246
351.48
351.472
351.396
351.289
351.136
350.887
350.485
349.849
348.884
347.649
346.61
346.203
346.145
346.148
346.299
346.768
347.596
348.46
348.824
348.845
348.787
348.536
347.991
347.253
346.825
346.797
346.877
347.155
347.795
348.86
350.19
351.382
351.994
352.096
351.962
351.562
350.567
348.879
347.122
346.132
345.802
345.695
345.686
345.846
346.285
346.995
347.864
348.76
349.579
350.297
350.958
351.622
352.338
353.156
354.143
355.408
357.138
359.519
362.042
363.09
363.096
362.548
360.11
353.625
344.572
340.038
339.506
339.491
339.489
339.503
339.529
339.555
339.573
339.585
339.597
339.609
339.624
339.641
339.658
339.674
339.691
339.708
339.725
339.743
339.761
339.779
339.799
339.818
339.838
339.858
339.878
339.899
339.921
339.942
339.965
339.987
340.011
340.034
340.058
340.082
340.106
340.131
340.156
340.182
340.209
340.236
340.263
340.291
340.319
340.348
340.378
340.408
340.438
340.469
340.5
340.531
340.563
340.595
340.627
340.66
340.693
340.728
340.763
340.798
340.835
340.872
340.91
340.949
340.988
341.027
341.066
341.106
341.146
341.189
341.237
341.287
341.336
341.377
341.407
341.426
341.441
341.466
341.512
341.585
341.676
341.769
341.851
341.917
341.972
342.021
342.069
342.119
342.171
342.226
342.281
342.337
342.395
342.453
342.514
342.575
342.638
342.702
342.768
342.834
342.902
342.972
343.033
343.148
)
;

boundaryField
{
    sides
    {
        type            zeroGradient;
    }
    inlet
    {
        type            zeroGradient;
    }
    outlet
    {
        type            zeroGradient;
    }
    empty
    {
        type            empty;
    }
}


// ************************************************************************* //
