/*--------------------------------*- C++ -*----------------------------------*\
| =========                 |                                                 |
| \\      /  F ield         | OpenFOAM: The Open Source CFD Toolbox           |
|  \\    /   O peration     | Version:  2306                                  |
|   \\  /    A nd           | Website:  www.openfoam.com                      |
|    \\/     M anipulation  |                                                 |
\*---------------------------------------------------------------------------*/
FoamFile
{
    version     2.0;
    format      ascii;
    arch        "LSB;label=32;scalar=64";
    class       volScalarField;
    location    "0.06";
    object      p;
}
// * * * * * * * * * * * * * * * * * * * * * * * * * * * * * * * * * * * * * //

dimensions      [1 -1 -2 0 0 0 0];

internalField   nonuniform List<scalar> 
6000
(
1.91197e+07
58286
147960
203117
213208
211016
211107
209285
203815
196401
155170
106398
101068
103612
110206
118982
128362
138109
148479
159985
173391
188805
203379
211794
213743
212587
195920
144288
118250
118172
121622
127833
134121
139472
144310
149144
154202
159486
164926
170752
177997
188958
201304
204745
202711
182139
143067
133231
133896
137319
142868
147862
151508
154504
157465
160635
163959
167267
170826
175648
183355
193677
196390
191961
170364
145199
141003
141988
146246
151627
155840
158473
160276
161996
163938
166442
170451
177124
185980
187860
183405
166022
148180
144777
145915
150332
155791
159839
162199
163881
165926
169554
176125
184611
184229
176987
160519
148581
147553
150929
157503
163210
167277
171844
178369
181008
175609
161839
150268
148687
154319
166600
179421
176136
166472
158304
157650
165182
169979
168276
163681
161739
162584
165691
167001
166506
165174
164645
164809
165336
165451
165265
164750
164362
164284
164266
164260
164245
164268
164436
164846
165353
165586
165589
165521
165368
165155
164917
164656
164370
164076
163806
163589
163437
163353
163329
163337
163386
163510
163736
164082
164509
164887
165079
165118
165101
165031
164841
164437
163749
162862
162115
161790
161729
161737
161772
161888
162150
162617
163279
164013
164584
164844
164906
164911
164884
164770
164467
163854
162909
161944
161447
161350
161360
161403
161539
161870
162523
163572
164905
166109
166761
166957
166995
166958
166842
166500
165694
164188
162079
160221
159426
159300
159313
159392
159626
160145
161039
162152
162848
162973
162977
162846
162647
162590
162789
163169
163897
165048
166513
167993
169155
169737
169850
169636
169024
167366
164350
160775
158336
157398
157161
157116
157127
157242
157551
158105
158900
159852
160824
161710
162487
163196
163893
164626
165424
166314
167307
168399
169579
170841
172190
173661
175358
177480
180283
183483
185360
185546
185283
183696
178449
167399
155679
151369
151009
151006
151023
151069
151136
151200
151247
151280
151310
151342
151378
151419
151462
151506
151548
151589
151630
151672
151715
151758
151802
151847
151893
151934
152007
1.91156e+07
57371.2
147714
202925
213045
210908
211081
209311
203819
196376
155386
106540
101125
103643
110195
118917
128213
137857
148145
159576
172800
187851
202358
211229
213628
212811
197007
145967
118766
118561
121969
128181
134494
139854
144685
149499
154525
159757
165122
170846
177983
188853
201123
204515
202466
182084
143055
133123
133768
137164
142699
147696
151349
154356
157334
160528
163850
167125
170632
175405
183106
193477
196198
191776
170176
145010
140844
141861
146165
151566
155812
158559
160524
162358
164327
166777
170687
177265
185981
187548
182890
165435
148000
144843
146052
150505
155956
159952
162240
163837
165792
169331
175827
184254
183955
176822
160594
148780
147760
151114
157586
163167
167128
171642
178250
181104
175758
161989
150250
148637
154180
166295
179349
176482
166797
158209
157303
164756
170232
168678
163909
161596
162308
165403
167004
166607
165279
164618
164746
165249
165401
165240
164757
164357
164271
164252
164249
164236
164261
164422
164817
165317
165562
165569
165507
165360
165153
164919
164665
164388
164108
163854
163647
163495
163408
163381
163384
163428
163546
163764
164096
164501
164854
165041
165085
165072
165003
164826
164456
163825
162988
162231
161863
161784
161785
161824
161938
162188
162632
163272
163999
164576
164839
164901
164907
164871
164746
164443
163844
162928
161981
161474
161371
161372
161411
161534
161830
162417
163381
164663
165892
166594
166801
166839
166812
166692
166371
165648
164318
162459
160694
159769
159559
159545
159608
159824
160329
161223
162338
163074
163229
163248
163132
162905
162748
162868
163165
163707
164529
165652
167015
168245
168917
169076
168874
168180
166670
164289
161675
159611
158314
157680
157465
157412
157470
157713
158212
158933
159793
160702
161582
162399
163163
163902
164659
165470
166362
167348
168433
169611
170870
172213
173676
175362
177474
180267
183457
185307
185483
185221
183644
178420
167400
155695
151373
151009
151006
151023
151069
151136
151200
151247
151281
151310
151342
151378
151419
151462
151506
151548
151589
151631
151672
151715
151758
151802
151847
151893
151934
152007
1.90774e+07
94997.7
145364
202196
213047
211080
211359
209681
204172
196824
156222
107087
101375
103815
110270
118945
128204
137776
147919
159098
171911
186441
200898
210322
213056
212500
198230
148467
119452
119001
122303
128521
134903
140313
145153
149945
154935
160119
165425
171063
178055
188709
200833
204214
202212
182014
143065
133003
133615
136966
142474
147467
151130
154149
157142
160356
163691
166945
170394
175115
182824
193292
196083
191610
169855
144704
140598
141663
146056
151533
155850
158671
160706
162614
164675
167217
171209
177816
186259
187431
182322
164378
147515
144787
146182
150822
156311
160221
162398
163877
165731
169146
175492
183775
183488
176492
160540
148938
147990
151393
157836
163256
166966
171302
177978
181159
175942
162247
150329
148643
153949
165627
178948
177186
167766
158288
156748
163712
170437
169345
164626
161551
161959
164900
166952
166737
165519
164656
164690
165113
165312
165190
164767
164356
164254
164233
164232
164229
164258
164406
164771
165253
165515
165532
165478
165340
165138
164908
164663
164406
164152
163920
163722
163567
163472
163440
163446
163495
163615
163825
164137
164509
164834
165003
165038
165019
164944
164770
164431
163881
163139
162406
161983
161873
161871
161913
162027
162265
162681
163283
163977
164538
164804
164870
164875
164835
164709
164407
163829
162964
162060
161536
161413
161409
161448
161568
161843
162363
163218
164392
165595
166341
166559
166593
166561
166428
166114
165491
164435
162917
161316
160253
159866
159794
159841
160045
160533
161383
162446
163244
163505
163578
163557
163418
163155
162969
163102
163370
163898
164756
165924
167123
167812
167925
167611
166809
165496
163947
162501
161114
159749
158654
158081
157909
157911
158069
158446
159044
159778
160572
161399
162230
163048
163849
164653
165498
166409
167404
168490
169663
170916
172252
173706
175382
177485
180266
183421
185223
185388
185124
183549
178356
167398
155718
151379
151010
151006
151023
151068
151135
151199
151247
151281
151310
151342
151378
151419
151462
151506
151548
151589
151631
151672
151715
151758
151803
151847
151893
151934
152007
1.90904e+07
73225.6
145584
200805
212508
210753
211272
209552
204231
197379
158210
108248
101832
104128
110429
119047
128279
137773
147727
158599
170935
184903
199268
209296
212666
212439
199593
151434
120329
119581
122732
128955
135407
140830
145621
150336
155251
160375
165625
171183
178038
188489
200494
203889
201924
181968
143095
132875
133455
136758
142232
147207
150852
153841
156809
160013
163338
166582
170026
174737
182451
193048
195952
191430
169487
144383
140367
141506
146033
151599
155937
158752
160803
162760
164894
167541
171739
178626
186798
187561
181785
163059
146908
144714
146319
151191
156774
160602
162625
163945
165645
168932
175190
183328
183012
176135
160466
149094
148224
151684
158109
163339
166793
170891
177621
181235
176191
162685
150543
148719
153655
164691
178012
178169
169355
158947
156400
161981
170263
169852
165638
161680
161699
164275
166816
166806
165769
164678
164620
164954
165207
165126
164769
164355
164235
164216
164229
164232
164260
164388
164710
165161
165444
165475
165434
165309
165118
164897
164665
164429
164201
163998
163821
163671
163569
163531
163539
163589
163705
163899
164178
164512
164804
164951
164978
164954
164875
164710
164412
163946
163323
162662
162200
162038
162019
162055
162160
162377
162756
163311
163956
164483
164738
164804
164808
164761
164628
164329
163786
163003
162182
161659
161500
161478
161508
161611
161851
162307
163047
164061
165163
165941
166208
166254
166229
166115
165854
165354
164510
163324
162003
160959
160441
160291
160308
160492
160952
161760
162789
163611
163931
164025
164033
163917
163579
163102
162914
163007
163246
163717
164432
165272
165920
166162
165957
165349
164514
163733
163082
162309
161262
160081
159164
158728
158603
158642
158840
159224
159786
160466
161226
162049
162904
163772
164650
165546
166486
167494
168582
169750
170993
172315
173754
175413
177496
180247
183346
185093
185249
184983
183416
178265
167396
155754
151387
151011
151007
151023
151068
151134
151199
151246
151281
151310
151342
151378
151419
151462
151506
151548
151589
151631
151672
151715
151758
151803
151847
151893
151934
152007
1.90917e+07
74629.1
144603
199315
211575
210032
210752
208979
203817
197673
160932
110030
102458
104566
110682
119228
128401
137795
147603
158225
170125
183578
197733
208133
211895
211925
200556
154332
121206
120086
123028
129182
135668
141099
145851
150507
155369
160461
165679
171173
177913
188204
200117
203557
201659
182042
143231
132781
133336
136588
142013
146949
150540
153462
156370
159525
162811
166066
169550
174305
182078
192906
195987
191435
169260
144131
140174
141382
146031
151680
156023
158794
160842
162829
165001
167729
172173
179509
187612
187964
181365
161609
146259
144625
146467
151597
157265
161006
162824
163989
165538
168722
174921
183007
182635
175765
160310
149176
148409
151951
158377
163416
166588
170462
177159
181316
176476
163230
150752
148792
153320
163611
176513
179085
171159
160219
156475
160136
169522
170237
166673
162019
161615
163681
166574
166828
165968
164716
164554
164805
165099
165057
164758
164353
164226
164218
164246
164256
164278
164378
164647
165056
165351
165400
165371
165261
165083
164871
164653
164440
164248
164082
163934
163795
163687
163641
163648
163696
163802
163975
164221
164517
164771
164890
164908
164878
164796
164640
164376
163989
163492
162945
162487
162264
162219
162245
162336
162526
162859
163345
163917
164394
164633
164699
164702
164648
164503
164205
163703
163021
162321
161837
161642
161594
161609
161691
161895
162289
162910
163754
164708
165484
165822
165888
165876
165787
165578
165176
164510
163590
162568
161689
161144
160933
160925
161096
161530
162293
163262
164040
164368
164469
164479
164346
163953
163279
162682
162539
162579
162714
162945
163257
163621
163950
164116
164047
163834
163603
163347
162987
162361
161461
160522
159855
159532
159423
159445
159595
159912
160428
161120
161908
162773
163682
164611
165561
166548
167587
168688
169855
171089
172397
173819
175458
177513
180219
183245
184923
185066
184797
183237
178145
167394
155803
151399
151012
151008
151023
151067
151133
151198
151246
151281
151311
151342
151378
151419
151462
151506
151548
151590
151631
151672
151715
151758
151803
151847
151894
151935
152007
1.90465e+07
142560
141158
198512
210648
209354
210234
208470
203523
198052
163779
112095
103098
105015
110930
119386
128512
137853
147565
157986
169600
182754
196835
207354
211164
211340
201071
156722
121940
120370
123123
129172
135678
141136
145880
150507
155340
160408
165594
171033
177688
187826
199706
203302
201511
182305
143493
132695
133214
136403
141774
146682
150230
153087
155934
159036
162303
165582
169119
173947
181818
192908
196217
191662
169266
144004
140027
141275
146018
151758
156093
158795
160814
162804
164984
167764
172446
180304
188527
188625
181071
160205
145676
144550
146666
152075
157765
161328
162932
163927
165356
168551
174863
182911
182490
175447
159976
149092
148448
152110
158559
163474
166427
170090
176731
181433
176797
163876
151057
148904
153024
162648
174912
179681
172688
161816
156751
158687
168316
170451
167540
162500
161578
163198
166261
166819
166107
164765
164475
164675
165001
164999
164759
164372
164240
164239
164285
164300
164312
164382
164598
164958
165251
165313
165292
165191
165024
164827
164629
164447
164296
164174
164061
163940
163825
163762
163762
163801
163891
164039
164254
164516
164732
164823
164833
164799
164718
164572
164343
164027
163645
163231
162838
162566
162469
162477
162549
162704
162978
163386
163868
164278
164487
164549
164548
164484
164324
164027
163573
163009
162461
162056
161834
161751
161747
161810
161977
162304
162817
163503
164299
165031
165445
165551
165555
165488
165312
164974
164444
163756
163039
162437
162002
161773
161734
161883
162283
162982
163860
164535
164790
164844
164803
164595
164089
163279
162438
161951
161740
161594
161471
161397
161451
161730
162259
162874
163255
163365
163407
163299
162997
162460
161756
161078
160606
160343
160223
160205
160306
160589
161101
161835
162691
163620
164588
165583
166610
167678
168797
169970
171200
172497
173900
175512
177529
180177
183114
184711
184838
184565
183017
178000
167398
155870
151416
151013
151009
151024
151067
151132
151197
151246
151281
151311
151343
151379
151419
151462
151506
151548
151590
151631
151672
151715
151758
151803
151847
151894
151935
152007
1.91222e+07
71860.3
142702
197601
209966
208859
209849
208063
203217
198221
166053
113948
103670
105412
111125
119484
128559
137851
147512
157870
169311
182276
196315
206822
210652
210869
201336
158499
122488
120490
123102
129054
135579
141070
145821
150434
155241
160278
165426
170812
177363
187346
199278
203142
201464
182770
143910
132652
133133
136264
141589
146472
149987
152811
155621
158691
161936
165200
168744
173614
181569
192923
196473
191989
169524
144031
139967
141235
146039
151843
156131
158745
160717
162686
164870
167706
172586
180946
189409
189430
180908
158999
145241
144526
146952
152636
158250
161493
162835
163671
165109
168438
175044
183266
182726
175264
159444
148817
148296
152135
158612
163449
166249
169765
176393
181565
177088
164516
151333
149005
152790
161950
173716
180063
173688
163156
157046
157790
167190
170634
168199
162957
161508
162811
165957
166802
166209
164820
164400
164575
164939
164976
164784
164418
164278
164284
164345
164361
164362
164407
164573
164881
165155
165221
165201
165104
164944
164763
164592
164451
164346
164267
164191
164092
163975
163887
163870
163894
163962
164085
164273
164503
164680
164744
164746
164709
164632
164501
164307
164055
163772
163485
163201
162937
162772
162738
162783
162898
163107
163425
163812
164140
164304
164353
164344
164266
164094
163806
163414
162983
162604
162316
162099
161973
161939
161980
162110
162371
162791
163339
163985
164628
165078
165235
165259
165209
165059
164765
164318
163814
163400
163112
162880
162713
162661
162781
163124
163715
164430
164912
165026
165016
164926
164659
164093
163196
162154
161326
160809
160424
160090
159866
159824
160057
160657
161552
162464
163051
163267
163352
163272
163027
162613
162094
161621
161293
161090
160982
160961
161060
161355
161911
162707
163624
164597
165610
166660
167753
168894
170081
171317
172608
173994
175575
177545
180119
182950
184454
184566
184288
182756
177830
167411
155957
151437
151015
151010
151024
151066
151130
151195
151245
151281
151311
151343
151379
151419
151462
151506
151548
151590
151631
151673
151715
151759
151803
151847
151894
151935
152008
1.9128e+07
75578.1
142330
196902
209597
208579
209674
207870
203194
198545
167715
115269
103960
105551
111094
119382
128436
137684
147261
157509
168898
181902
196023
206621
210525
210749
201703
159863
122905
120562
123065
128946
135491
141010
145766
150367
155142
160129
165226
170553
177002
186859
198892
202999
201476
183374
144500
132709
133146
136226
141513
146378
149876
152684
155474
158509
161715
164956
168482
173340
181338
192882
196623
192309
169980
144200
139983
141246
146078
151872
156089
158648
160587
162546
164777
167685
172683
181394
190199
190162
180885
158202
145047
144574
147248
153071
158452
161346
162495
163315
164851
168452
175539
183978
183334
175195
158658
148358
147987
152056
158567
163306
166016
169440
176101
181740
177370
165071
151538
149053
152613
161535
173093
180225
174248
163823
157077
157263
166539
170867
168676
163265
161386
162512
165714
166792
166285
164868
164344
164502
164898
164979
164828
164490
164348
164359
164431
164443
164431
164455
164577
164831
165071
165128
165104
165003
164850
164688
164551
164454
164398
164360
164314
164240
164127
164015
163967
163975
164019
164118
164279
164479
164616
164654
164645
164604
164530
164417
164261
164073
163879
163701
163529
163333
163133
163020
163022
163092
163234
163460
163743
163975
164084
164116
164094
164004
163829
163563
163242
162952
162752
162592
162427
162276
162200
162214
162309
162511
162838
163277
163787
164314
164739
164937
164983
164953
164834
164593
164243
163908
163763
163726
163696
163654
163629
163701
163943
164354
164801
165066
165126
165097
164980
164645
163961
162900
161669
160600
159850
159336
158972
158776
158760
158973
159510
160362
161383
162328
162958
163228
163318
163261
163078
162764
162398
162111
161924
161811
161762
161795
161958
162317
162911
163720
164664
165672
166726
167826
168978
170180
171426
172719
174092
175642
177555
180042
182749
184155
184252
183968
182455
177639
167435
156068
151465
151018
151012
151025
151065
151129
151194
151245
151281
151312
151343
151379
151419
151462
151505
151548
151590
151631
151673
151715
151759
151803
151848
151894
151935
152008
1.91447e+07
69029.9
140692
196676
209378
208410
209562
207766
203254
198732
168758
116053
103945
105444
110856
119083
128101
137295
146809
157047
168558
181774
196050
206720
210784
211070
202382
160934
123210
120663
123104
128942
135507
141061
145831
150418
155151
160071
165082
170319
176684
186458
198566
202913
201541
184027
145201
132893
133292
136323
141596
146472
149954
152717
155462
158460
161643
164868
168351
173135
181080
192692
196651
192525
170536
144441
139986
141230
146031
151821
156052
158622
160552
162502
164734
167669
172740
181588
190708
190654
180991
157875
144989
144601
147358
153157
158341
161009
162041
162854
164497
168526
176263
184862
184008
175038
157759
147918
147701
151975
158452
163052
165692
169126
175903
181937
177650
165519
151737
149153
152580
161392
172913
180275
174376
163893
156991
157093
166419
171125
168980
163376
161257
162334
165577
166785
166334
164895
164298
164453
164879
165001
164884
164576
164443
164460
164541
164549
164521
164526
164606
164807
165000
165038
165002
164892
164741
164604
164512
164465
164456
164449
164426
164371
164273
164146
164059
164047
164070
164142
164276
164438
164534
164552
164530
164479
164402
164302
164187
164071
163973
163890
163803
163686
163520
163343
163254
163270
163345
163480
163653
163788
163845
163854
163814
163711
163538
163311
163091
162974
162928
162877
162791
162667
162557
162523
162578
162722
162963
163296
163680
164084
164442
164657
164728
164723
164638
164457
164222
164115
164158
164271
164404
164499
164549
164578
164653
164806
164974
165113
165150
165104
164942
164515
163693
162489
161124
159906
159032
158499
158221
158109
158123
158306
158749
159458
160353
161316
162207
162861
163195
163284
163241
163090
162875
162700
162598
162553
162554
162603
162738
163006
163446
164077
164881
165815
166833
167916
169063
170269
171524
172821
174184
175701
177552
179937
182507
183815
183897
183606
182117
177428
167475
156206
151500
151020
151014
151026
151065
151127
151192
151244
151281
151312
151344
151379
151419
151462
151505
151548
151590
151631
151673
151715
151759
151803
151848
151894
151935
152008
1.91557e+07
59439.3
139013
196134
209242
208301
209442
207597
203041
198571
169332
116513
103712
105119
110422
118579
127569
136765
146325
156689
168430
181975
196443
207211
211475
211807
203249
161638
123477
120852
123266
129086
135676
141280
146093
150690
155391
160236
165145
170266
176521
186208
198378
202908
201645
184629
145892
133113
133483
136486
141790
146734
150246
152984
155662
158589
161718
164903
168343
173036
180814
192341
196536
192634
171163
144722
139941
141147
145920
151749
156040
158662
160637
162608
164826
167682
172621
181458
190821
190852
181212
158037
144960
144522
147261
153001
157979
160473
161509
162440
164373
168880
177299
185675
184674
174657
156771
147507
147451
151843
158190
162664
165331
168918
175862
182158
177916
165804
151915
149285
152675
161525
173035
180232
174289
163833
157031
157176
166524
171059
168856
163269
161212
162309
165574
166755
166280
164834
164271
164441
164899
165043
164945
164665
164558
164585
164675
164679
164629
164615
164660
164807
164941
164957
164900
164772
164623
164521
164486
164491
164510
164529
164523
164486
164407
164281
164161
164116
164124
164170
164271
164387
164442
164442
164405
164335
164239
164142
164077
164058
164057
164049
164024
163966
163860
163697
163519
163426
163425
163461
163529
163585
163604
163584
163519
163399
163234
163092
163052
163060
163113
163167
163174
163124
163023
162932
162919
162994
163148
163370
163637
163933
164219
164414
164499
164517
164480
164396
164348
164411
164558
164785
165023
165200
165292
165288
165162
165012
164999
165013
165013
164924
164667
164123
163205
161957
160575
159347
158495
158023
157813
157759
157773
157914
158261
158823
159547
160369
161240
162071
162727
163097
163195
163171
163111
163069
163078
163133
163230
163366
163557
163827
164203
164708
165352
166134
167045
168065
169178
170369
171618
172911
174261
175741
177522
179794
182222
183435
183505
183207
181747
177203
167531
156374
151543
151024
151016
151027
151064
151125
151191
151243
151281
151313
151345
151380
151419
151462
151505
151548
151590
151631
151673
151715
151759
151803
151848
151894
151935
152008
1.90758e+07
137028
137499
195350
209227
208348
209335
207353
202625
198223
169699
116797
103301
104652
109874
118004
127026
136295
145955
156447
168409
182306
197102
207966
212282
212587
203900
161903
123571
120949
123350
129156
135764
141420
146293
150942
155675
160520
165399
170473
176669
186275
198377
202962
201761
185142
146537
133355
133697
136659
141969
146984
150586
153361
156019
158885
161933
165040
168416
173006
180547
191888
196337
192719
171911
145119
139876
140989
145691
151593
156002
158712
160724
162682
164837
167594
172388
181058
190697
190838
181651
158591
144918
144324
146952
152518
157338
159852
161082
162332
164608
169608
178621
186517
185182
174130
155834
147209
147319
151742
157926
162279
165002
168784
176038
182340
178033
165743
152047
149462
152926
161841
173413
180043
173933
163524
157113
157512
166821
170804
168495
163069
161288
162485
165694
166694
166150
164723
164265
164472
164960
165100
165003
164749
164681
164727
164831
164828
164755
164707
164726
164819
164884
164877
164792
164643
164510
164460
164467
164500
164553
164604
164613
164591
164529
164419
164283
164194
164182
164204
164264
164326
164343
164323
164263
164159
164035
163957
163957
164011
164105
164181
164204
164188
164127
164008
163822
163598
163440
163402
163389
163384
163366
163315
163220
163092
162995
162985
163035
163145
163321
163497
163588
163607
163564
163456
163344
163315
163371
163485
163646
163853
164065
164208
164281
164322
164371
164440
164542
164715
164972
165278
165555
165730
165793
165728
165486
165106
164864
164773
164689
164513
164149
163510
162567
161402
160216
159214
158463
157960
157691
157610
157600
157687
157937
158368
158937
159599
160337
161131
161906
162528
162921
163105
163168
163241
163362
163531
163751
164017
164323
164667
165057
165510
166044
166682
167443
168340
169370
170511
171731
173000
174319
175749
177447
179600
181890
183020
183078
182774
181348
176967
167606
156573
151597
151027
151018
151028
151064
151124
151189
151243
151282
151313
151345
151380
151420
151462
151505
151548
151590
151631
151673
151715
151759
151803
151848
151894
151935
152008
1.90926e+07
115638
136066
194375
209254
208487
209374
207323
202456
198109
170033
116866
102862
104202
109425
117583
126641
135956
145680
156290
168484
182788
197927
208674
212745
212927
204108
161910
123532
120917
123301
129076
135688
141380
146301
151006
155805
160728
165682
170817
177040
186611
198552
203059
201874
185564
147110
133571
133875
136782
142083
147179
150865
153703
156395
159246
162247
165280
168561
173012
180341
191431
196056
192784
172821
145694
139821
140818
145369
151302
155864
158699
160757
162743
164882
167518
172041
180341
190314
190728
182186
159371
144883
144026
146434
151827
156721
159505
161022
162504
165084
170455
179809
186968
185291
173440
154956
146958
147232
151746
157797
162008
164762
168748
176272
182360
177979
165333
152111
149689
153406
162564
174368
179739
173221
162636
157039
158179
167593
170555
167970
162687
161371
162788
165888
166609
165951
164564
164264
164526
165033
165141
165035
164829
164806
164884
165003
164988
164890
164791
164788
164820
164829
164787
164667
164507
164414
164408
164439
164501
164587
164672
164704
164691
164643
164555
164428
164305
164243
164239
164250
164257
164242
164192
164095
163948
163819
163783
163820
163923
164100
164284
164365
164376
164339
164242
164063
163796
163504
163315
163238
163191
163135
163048
162938
162861
162860
162922
163049
163261
163555
163851
164033
164104
164111
164041
163882
163695
163612
163633
163701
163821
163948
164038
164109
164198
164329
164509
164746
165042
165391
165741
165996
166105
166096
165954
165610
165086
164590
164313
164118
163855
163422
162766
161916
161009
160195
159483
158813
158192
157746
157560
157521
157556
157717
158032
158463
158979
159579
160268
161012
161724
162313
162748
163059
163288
163511
163786
164120
164516
164960
165429
165899
166371
166863
167408
168043
168800
169702
170745
171896
173108
174364
175719
177317
179343
181507
182572
182621
182313
180929
176725
167699
156803
151661
151032
151020
151029
151063
151122
151188
151242
151282
151314
151346
151381
151420
151462
151505
151548
151590
151631
151673
151715
151759
151803
151848
151894
151935
152008
1.91443e+07
58538
134738
192993
209435
208964
209820
207754
202888
198749
170641
116759
102524
103930
109243
117478
126574
135923
145705
156420
168778
183260
198403
208850
212740
212847
203933
161811
123451
120785
123123
128847
135449
141172
146130
150876
155730
160736
165813
171075
177402
187020
198809
203193
202000
185968
147639
133731
133988
136830
142109
147252
150998
153904
156639
159506
162518
165548
168787
173133
180260
191059
195786
192887
173952
146489
139828
140669
145002
150906
155589
158570
160747
162821
165018
167591
171806
179534
189624
190480
182574
160277
144840
143696
145904
151248
156396
159478
161178
162856
165611
171107
180505
186989
184988
172492
154064
146787
147227
151828
157747
161810
164603
168885
176774
182325
177661
164444
151966
149854
154055
163773
176033
179254
171952
161138
156729
159307
168815
170323
167222
162212
161470
163229
166119
166513
165689
164393
164261
164593
165086
165153
165039
164910
164918
165055
165184
165152
165021
164868
164807
164793
164764
164676
164520
164373
164327
164344
164400
164493
164615
164734
164796
164792
164754
164682
164573
164443
164329
164256
164223
164190
164137
164045
163898
163723
163622
163618
163676
163814
164055
164342
164507
164540
164513
164424
164248
163969
163617
163297
163107
163002
162905
162798
162720
162713
162768
162888
163095
163412
163823
164229
164493
164607
164642
164604
164460
164203
163917
163774
163776
163808
163858
163912
163989
164115
164310
164588
164950
165378
165813
166149
166298
166316
166235
166009
165570
164911
164189
163672
163332
163000
162568
162008
161377
160784
160289
159839
159337
158742
158124
157675
157512
157495
157576
157776
158072
158449
158919
159500
160185
160920
161622
162224
162719
163139
163526
163915
164356
164865
165438
166044
166639
167193
167710
168226
168787
169438
170213
171125
172158
173267
174419
175659
177131
179017
181067
182093
182137
181830
180498
176486
167812
157061
151737
151037
151023
151030
151063
151120
151186
151241
151282
151315
151346
151381
151420
151462
151505
151548
151589
151631
151673
151715
151759
151803
151848
151894
151935
152008
1.91265e+07
88315
131380
191567
209819
209577
210589
208565
203844
200004
171378
116508
102361
103856
109291
117602
126750
136152
145996
156736
169011
183286
198245
208529
212160
212181
203350
161922
123436
120625
122909
128600
135235
140984
145960
150726
155614
160676
165816
171161
177577
187255
198975
203293
202111
186404
148187
133848
134047
136813
142047
147215
151001
153932
156701
159616
162662
165737
169002
173320
180306
190777
195609
193064
175182
147464
139924
140593
144670
150517
155284
158364
160612
162764
165050
167636
171591
178717
188706
189896
182853
161537
145209
143607
145609
150910
156327
159719
161621
163339
166039
171453
180730
186707
184410
171481
153385
146719
147296
151957
157752
161723
164639
169276
177505
182177
177031
163048
151578
149938
154901
165557
178193
178382
169849
159461
156481
161270
170047
169997
166132
161745
161575
163852
166343
166411
165350
164238
164239
164666
165104
165128
165006
164951
165007
165219
165351
165301
165132
164928
164807
164741
164665
164534
164356
164242
164230
164265
164346
164471
164634
164794
164884
164890
164860
164797
164699
164569
164428
164300
164197
164112
164014
163873
163681
163512
163449
163462
163536
163701
163993
164366
164624
164683
164665
164585
164417
164135
163754
163352
163034
162831
162691
162600
162573
162609
162703
162879
163167
163589
164114
164622
164955
165100
165147
165124
165000
164738
164350
163983
163819
163792
163793
163823
163898
164042
164286
164652
165142
165704
166188
166426
166472
166428
166285
165979
165430
164605
163667
162912
162417
162038
161678
161318
160984
160709
160476
160217
159868
159383
158763
158107
157633
157456
157458
157540
157706
157954
158306
158793
159428
160179
160966
161697
162325
162869
163378
163900
164469
165095
165779
166502
167222
167893
168497
169050
169598
170194
170877
171666
172553
173508
174513
175593
176898
178623
180569
181587
181634
181337
180070
176260
167942
157340
151823
151042
151025
151032
151063
151119
151184
151240
151282
151315
151347
151381
151420
151462
151505
151547
151589
151631
151673
151715
151759
151803
151848
151894
151935
152007
1.91426e+07
70493.2
130932
190800
210368
210324
211481
209474
204814
201155
172031
116373
102415
103972
109497
117854
126996
136374
146174
156817
168913
182928
197664
207765
211212
211193
202751
162469
123554
120479
122672
128303
134949
140725
145709
150482
155388
160483
165655
171017
177463
187167
198901
203267
202144
186891
148819
133932
134053
136733
141911
147103
150925
153862
156647
159609
162709
165836
169151
173473
180377
190576
195489
193284
176439
148543
140067
140587
144407
150182
155029
158187
160457
162618
164917
167485
171200
177770
187540
189120
183143
163261
146014
143828
145621
150833
156484
160174
162177
163792
166283
171469
180519
186003
183510
170500
152930
146726
147433
152190
157922
161864
164965
169964
178366
181813
176001
161282
151041
150020
156008
167961
180237
177027
167160
157996
156695
163932
170608
169489
164723
161468
161831
164649
166483
166249
164936
164114
164217
164748
165086
165068
164950
164940
165063
165354
165487
165420
165226
164979
164793
164667
164538
164360
164182
164111
164118
164169
164272
164430
164636
164839
164958
164977
164953
164896
164801
164666
164504
164336
164179
164031
163872
163678
163468
163333
163302
163328
163417
163605
163936
164377
164725
164824
164818
164752
164599
164325
163924
163450
163008
162691
162522
162460
162467
162528
162655
162882
163249
163770
164401
165001
165394
165559
165610
165591
165477
165225
164809
164297
163901
163761
163731
163747
163814
163964
164244
164694
165315
165996
166461
166595
166590
166508
166312
165919
165229
164217
163058
162088
161462
161073
160832
160727
160716
160718
160695
160597
160389
160030
159478
158753
158013
157523
157332
157310
157365
157501
157751
158151
158736
159496
160354
161199
161952
162606
163207
163816
164475
165204
165990
166808
167632
168424
169152
169805
170407
171003
171638
172331
173076
173850
174648
175534
176641
178175
180017
181063
181124
180849
179660
176058
168085
157627
151915
151048
151027
151033
151062
151118
151183
151240
151282
151315
151347
151382
151420
151462
151505
151547
151589
151631
151673
151715
151759
151803
151847
151894
151935
152007
1.90984e+07
119678
130396
191543
210956
210857
212010
209992
205310
201723
172289
116438
102665
104256
109820
118178
127290
136623
146356
156896
168770
182339
196590
206667
210337
210424
202578
163467
123812
120385
122496
128080
134713
140460
145391
150105
154971
160048
165238
170643
177090
186751
198558
203107
202105
187427
149539
133981
134013
136625
141763
146988
150868
153833
156618
159605
162751
165909
169261
173570
180404
190414
195420
193518
177633
149633
140252
140625
144201
149903
154834
158073
160350
162480
164723
167189
170619
176640
186145
188337
183496
165280
147246
144304
145865
150959
156748
160619
162635
164158
166463
171342
179865
184901
182324
169573
152659
146777
147608
152511
158298
162307
165599
170852
179099
181071
174558
159363
150532
150186
157386
170876
181477
175539
164349
156993
157582
166530
170697
168563
163408
161420
162356
165427
166523
165966
164518
164026
164239
164840
165046
164981
164875
164887
165094
165450
165577
165503
165298
165023
164781
164590
164395
164171
164014
163978
163997
164063
164188
164381
164630
164873
165015
165045
165025
164971
164876
164734
164551
164348
164141
163933
163714
163483
163289
163200
163190
163226
163326
163532
163890
164384
164812
164967
164978
164932
164803
164546
164130
163581
163012
162590
162405
162365
162387
162463
162618
162895
163333
163945
164674
165355
165790
165963
166012
165997
165892
165652
165230
164645
164066
163744
163672
163673
163728
163876
164180
164704
165449
166210
166628
166707
166676
166569
166326
165845
165009
163791
162396
161237
160557
160257
160173
160240
160452
160749
160906
160934
160867
160649
160204
159484
158565
157707
157194
157026
157001
157064
157242
157576
158118
158880
159795
160742
161613
162374
163060
163731
164438
165216
166073
166982
167901
168797
169649
170433
171144
171798
172427
173053
173673
174274
174867
175521
176394
177706
179433
180539
180629
180389
179289
175889
168233
157907
152009
151054
151029
151034
151062
151117
151182
151239
151282
151316
151347
151382
151420
151462
151505
151547
151589
151631
151673
151715
151759
151803
151848
151894
151935
152007
1.91487e+07
57587.8
132348
192900
211270
211087
212201
210100
205249
201467
171927
116521
102927
104499
110029
118348
127415
136665
146272
156643
168250
181487
195577
206028
210129
210262
202873
164690
124179
120355
122399
127937
134555
140274
145150
149778
154535
159499
164600
169948
176374
186019
197964
202779
201952
187938
150300
134005
133958
136521
141656
146950
150895
153912
156713
159712
162862
165997
169320
173565
180338
190233
195362
193714
178633
150611
140464
140721
144083
149732
154736
158059
160336
162353
164441
166734
169856
175398
184719
187720
183943
167336
148734
144941
146255
151166
156999
160958
162974
164401
166511
170983
178794
183497
180969
168780
152594
146928
147850
152909
158862
163032
166480
171800
179533
180042
172840
157527
150050
150462
158925
173905
181662
174381
161903
156480
158862
168362
170468
167493
162510
161543
163052
165987
166446
165594
164192
163972
164302
164901
164984
164871
164776
164819
165109
165511
165630
165549
165343
165056
164775
164517
164247
163986
163859
163841
163868
163949
164100
164328
164616
164893
165052
165086
165067
165016
164921
164771
164571
164336
164084
163822
163557
163318
163165
163110
163110
163151
163260
163481
163865
164398
164894
165114
165145
165122
165023
164790
164365
163740
163045
162530
162330
162298
162322
162401
162568
162878
163382
164084
164905
165646
166102
166279
166331
166326
166239
166018
165595
164956
164245
163769
163633
163613
163652
163791
164113
164699
165535
166343
166729
166783
166740
166618
166346
165795
164822
163379
161728
160438
159834
159673
159683
159823
160143
160633
161085
161267
161310
161217
160899
160234
159186
157986
157103
156742
156664
156693
156827
157112
157613
158368
159325
160352
161320
162175
162939
163666
164416
165223
166105
167051
168032
169011
169967
170888
171748
172518
173190
173773
174278
174714
175114
175553
176187
177259
178851
180043
180180
179982
178974
175758
168374
158162
152097
151060
151030
151035
151062
151116
151181
151239
151282
151316
151348
151382
151420
151462
151504
151547
151589
151631
151673
151716
151759
151803
151848
151894
151935
152007
1.91333e+07
59385.3
134553
194194
211418
210970
211978
209809
204742
200643
171070
116394
103050
104578
110033
118300
127341
136550
146057
156256
167727
180924
195101
205890
210317
210492
203543
165915
124514
120332
122312
127786
134360
140040
144863
149411
154062
158916
163914
169167
175499
185070
197276
202495
201817
188419
151053
134069
133964
136493
141642
146996
151005
154064
156877
159851
162956
166038
169298
173476
180188
190017
195319
193865
179363
151372
140665
140846
144072
149693
154725
158044
160256
162160
164111
166251
169114
174297
183448
187308
184415
169136
150227
145585
146660
151386
157247
161306
163318
164612
166436
170411
177539
182144
179784
168378
152844
147223
148162
153311
159438
163795
167374
172646
179686
178907
171141
156002
149685
150813
160421
176433
181578
173244
160307
156297
160107
169326
170078
166582
162136
161761
163732
166275
166290
165204
164009
163942
164407
164923
164915
164755
164678
164764
165131
165558
165653
165564
165359
165074
164768
164450
164107
163827
163726
163709
163740
163837
164016
164277
164602
164909
165081
165116
165096
165045
164947
164788
164570
164309
164021
163718
163427
163201
163084
163048
163054
163098
163213
163449
163856
164421
164972
165252
165305
165301
165227
165021
164592
163898
163083
162490
162280
162250
162269
162342
162510
162845
163406
164197
165112
165905
166364
166537
166587
166586
166515
166313
165891
165203
164383
163797
163610
163574
163596
163723
164054
164682
165580
166420
166793
166836
166784
166655
166358
165740
164629
162954
161075
159782
159347
159285
159329
159495
159865
160468
161155
161586
161713
161699
161483
160892
159767
158271
157034
156471
156349
156359
156465
156715
157193
157955
158955
160050
161094
162021
162848
163626
164409
165232
166113
167054
168054
169099
170162
171217
172223
173126
173869
174426
174821
175104
175335
175592
176023
176876
178326
179615
179820
179653
178728
175663
168496
158373
152171
151065
151031
151036
151062
151115
151180
151238
151282
151316
151348
151382
151420
151462
151504
151547
151589
151631
151673
151716
151759
151803
151848
151894
151935
152007
1.91258e+07
58772.4
135588
195057
211459
210749
211568
209415
204275
199864
170129
116159
103159
104671
110084
118320
127345
136542
146040
156223
167625
180730
194890
205917
210684
210974
204325
166897
124820
120418
122357
127783
134294
139900
144641
149104
153668
158428
163348
168539
174791
184218
196509
202137
201642
188799
151729
134175
134022
136530
141692
147086
151122
154182
156978
159906
162956
165992
169209
173344
179996
189763
195298
193982
179851
151869
140813
140963
144135
149740
154764
158058
160218
162043
163871
165845
168484
173420
182420
187079
184822
170487
151392
146076
146965
151561
157518
161721
163720
164831
166357
169857
176424
181088
178933
168219
153183
147522
148400
153508
159793
164400
168136
173291
179662
177871
169713
154902
149433
151146
161681
178166
181415
172323
159444
156268
160999
169710
169755
165976
162101
161983
164220
166325
166117
164890
163936
163975
164518
164915
164854
164655
164598
164726
165153
165582
165650
165556
165361
165095
164780
164404
163993
163706
163622
163602
163636
163746
163947
164236
164593
164924
165101
165132
165109
165056
164954
164788
164559
164283
163970
163639
163335
163122
163026
163004
163014
163061
163182
163429
163850
164437
165028
165359
165435
165446
165393
165211
164781
164031
163121
162478
162260
162225
162231
162287
162442
162782
163391
164275
165273
166093
166533
166684
166726
166729
166678
166503
166094
165377
164479
163816
163594
163552
163561
163678
164008
164659
165595
166456
166827
166869
166818
166700
166408
165753
164498
162593
160581
159405
159108
159074
159108
159256
159625
160297
161166
161807
162009
162048
161905
161387
160229
158505
156955
156238
156108
156126
156225
156463
156934
157700
158724
159856
160945
161922
162799
163618
164424
165252
166125
167060
168068
169147
170273
171406
172506
173521
174351
174918
175237
175408
175519
175646
175923
176604
177933
179291
179571
179417
178554
175602
168586
158524
152226
151069
151032
151036
151062
151114
151180
151238
151282
151316
151348
151382
151420
151462
151504
151547
151589
151631
151673
151716
151759
151803
151848
151894
151935
152007
1.91103e+07
60731.6
136921
195412
211340
210594
211453
209319
204163
199515
169446
115863
103123
104632
110028
118246
127258
136440
145923
156095
167501
180635
194839
206122
211258
211559
204911
167347
124975
120486
122396
127774
134221
139746
144393
148757
153234
157946
162840
168029
174325
183827
196181
201911
201502
189062
152183
134283
134103
136598
141756
147149
151172
154216
156996
159898
162903
165886
169066
173193
179877
189679
195363
194169
180211
152164
140926
141042
144186
149795
154810
158038
160095
161815
163526
165419
168049
173001
182009
187224
185365
171446
152132
146414
147180
151725
157735
162017
163959
164851
166063
169273
175695
180604
178571
168232
153483
147780
148604
153692
160064
164796
168570
173536
179283
177133
168894
154400
149473
151515
162460
178988
181158
171780
159152
156305
161473
169823
169583
165731
162179
162154
164442
166269
165972
164732
163948
164023
164574
164881
164795
164589
164552
164709
165164
165590
165652
165558
165367
165100
164769
164350
163893
163604
163537
163527
163573
163698
163912
164213
164582
164923
165105
165136
165112
165058
164952
164778
164541
164255
163934
163596
163289
163084
162998
162983
162997
163047
163174
163428
163857
164452
165062
165438
165553
165574
165534
165344
164884
164086
163128
162445
162218
162186
162198
162248
162401
162752
163389
164320
165382
166237
166669
166809
166841
166831
166783
166622
166218
165475
164522
163812
163575
163527
163531
163645
163978
164644
165604
166476
166848
166892
166837
166717
166412
165712
164351
162290
160225
159161
158942
158942
158984
159125
159506
160223
161189
162008
162326
162356
162207
161653
160426
158597
156936
156118
155923
155922
156020
156259
156752
157555
158598
159744
160855
161859
162758
163592
164404
165232
166104
167038
168047
169140
170320
171562
172781
173854
174679
175203
175465
175560
175592
175647
175844
176418
177654
179061
179420
179300
178474
175582
168650
158606
152253
151071
151032
151036
151062
151114
151180
151238
151282
151316
151348
151382
151420
151462
151504
151547
151589
151631
151673
151716
151759
151803
151848
151894
151935
152007
)
;

boundaryField
{
    sides
    {
        type            zeroGradient;
    }
    inlet
    {
        type            fixedValue;
        value           uniform 100000;
    }
    outlet
    {
        type            zeroGradient;
    }
    empty
    {
        type            empty;
    }
}


// ************************************************************************* //
