/*--------------------------------*- C++ -*----------------------------------*\
| =========                 |                                                 |
| \\      /  F ield         | OpenFOAM: The Open Source CFD Toolbox           |
|  \\    /   O peration     | Version:  2306                                  |
|   \\  /    A nd           | Website:  www.openfoam.com                      |
|    \\/     M anipulation  |                                                 |
\*---------------------------------------------------------------------------*/
FoamFile
{
    version     2.0;
    format      ascii;
    arch        "LSB;label=32;scalar=64";
    class       volScalarField;
    location    "0.06";
    object      rho;
}
// * * * * * * * * * * * * * * * * * * * * * * * * * * * * * * * * * * * * * //

dimensions      [1 -3 0 0 0 0 0];

internalField   nonuniform List<scalar> 
6000
(
15.8879
0.109781
0.189392
0.221622
0.22584
0.223399
0.222228
0.219668
0.214228
0.206559
0.173093
0.132621
0.127565
0.129085
0.134101
0.140798
0.147679
0.154547
0.161597
0.169185
0.177806
0.187428
0.195993
0.200091
0.199925
0.197525
0.184578
0.14735
0.128027
0.127307
0.12913
0.133074
0.136944
0.140013
0.142633
0.145177
0.147802
0.150501
0.153224
0.156118
0.159838
0.165789
0.172396
0.173598
0.171474
0.157882
0.132682
0.126054
0.126257
0.128387
0.132112
0.135621
0.138465
0.141098
0.143895
0.147043
0.150518
0.154171
0.158105
0.163013
0.169991
0.178598
0.18233
0.181826
0.168834
0.152038
0.150129
0.152056
0.156721
0.162288
0.167001
0.17067
0.1738
0.176933
0.180342
0.184321
0.189655
0.197342
0.207016
0.211717
0.212173
0.201458
0.189178
0.189501
0.194377
0.202965
0.213145
0.222616
0.231088
0.239479
0.248883
0.260769
0.276933
0.296639
0.307456
0.3108
0.301657
0.296242
0.305971
0.323799
0.348448
0.374378
0.400862
0.432313
0.473264
0.515418
0.551014
0.574742
0.608241
0.678218
0.787913
0.946202
1.13412
1.25809
1.32857
1.37304
1.43541
1.53332
1.59974
1.61054
1.59317
1.58715
1.59857
1.62542
1.63731
1.63593
1.62791
1.62466
1.62612
1.63004
1.63092
1.62978
1.62655
1.62449
1.62482
1.62581
1.62702
1.6281
1.62928
1.63133
1.63502
1.63913
1.64113
1.64145
1.64129
1.64045
1.6392
1.63781
1.63628
1.63459
1.63286
1.63129
1.63008
1.62933
1.62904
1.62915
1.62948
1.6301
1.63127
1.63315
1.63585
1.63913
1.64207
1.64367
1.64414
1.64426
1.644
1.64285
1.64017
1.63544
1.62929
1.62413
1.62199
1.62171
1.62191
1.62233
1.62334
1.62537
1.62884
1.63372
1.63911
1.64333
1.64533
1.64589
1.64605
1.646
1.64533
1.64328
1.63901
1.63237
1.62557
1.62212
1.62153
1.62168
1.62212
1.62321
1.62568
1.63045
1.63805
1.64766
1.65634
1.66107
1.66254
1.66287
1.66268
1.66194
1.65957
1.65389
1.6432
1.62815
1.61486
1.6092
1.60833
1.60846
1.60908
1.6108
1.61458
1.62107
1.6291
1.63414
1.63507
1.63513
1.63424
1.63286
1.63249
1.63397
1.63674
1.642
1.65028
1.66077
1.67135
1.67964
1.68381
1.68466
1.68319
1.67891
1.66718
1.64571
1.62011
1.60257
1.59582
1.59415
1.59387
1.59398
1.59487
1.59715
1.60119
1.60698
1.61389
1.62093
1.62735
1.63297
1.63809
1.64313
1.64842
1.65416
1.66055
1.66767
1.67547
1.68388
1.69286
1.70242
1.71284
1.72481
1.73973
1.75934
1.78164
1.7947
1.79603
1.79426
1.78334
1.74686
1.66896
1.58496
1.55372
1.55112
1.55111
1.55126
1.55163
1.55215
1.55264
1.55301
1.55328
1.55352
1.55378
1.55407
1.55439
1.55473
1.55507
1.5554
1.55572
1.55605
1.55638
1.55671
1.55705
1.5574
1.55774
1.5581
1.55843
1.55899
15.8859
0.108804
0.189155
0.22146
0.225725
0.223332
0.222231
0.219702
0.214245
0.206564
0.173288
0.132748
0.127621
0.129117
0.134096
0.140749
0.147563
0.154351
0.161343
0.168882
0.177382
0.186763
0.195303
0.199711
0.199825
0.197679
0.185329
0.148556
0.128423
0.12761
0.129397
0.133337
0.13722
0.140289
0.142899
0.145424
0.148022
0.150683
0.153353
0.156179
0.15983
0.165725
0.17229
0.173464
0.171331
0.157854
0.132676
0.125986
0.126178
0.128294
0.132015
0.135535
0.138393
0.141041
0.143855
0.147025
0.150508
0.154149
0.158057
0.162938
0.169918
0.178568
0.182312
0.181819
0.168819
0.152007
0.150118
0.152077
0.156784
0.162373
0.167115
0.170872
0.174128
0.177356
0.180794
0.18474
0.19
0.197605
0.207173
0.211648
0.211908
0.201047
0.189087
0.189613
0.194557
0.203172
0.213329
0.222733
0.231111
0.23939
0.248672
0.260435
0.276487
0.296097
0.306972
0.31042
0.301598
0.296393
0.306194
0.324066
0.34864
0.374482
0.400894
0.432322
0.473437
0.515931
0.551431
0.574843
0.607444
0.676677
0.785129
0.941449
1.12888
1.25433
1.32544
1.36852
1.43014
1.52819
1.59994
1.6124
1.59436
1.58589
1.59643
1.62329
1.6373
1.63653
1.62862
1.62445
1.62565
1.62943
1.63058
1.62963
1.62663
1.62449
1.62476
1.62575
1.62697
1.62806
1.62925
1.63124
1.63482
1.63889
1.64097
1.64132
1.64119
1.64041
1.63919
1.63783
1.63635
1.63473
1.63308
1.63163
1.63049
1.62975
1.62943
1.62952
1.62982
1.6304
1.63153
1.63335
1.63595
1.63908
1.64184
1.6434
1.64391
1.64406
1.6438
1.64275
1.6403
1.63598
1.63019
1.62496
1.62251
1.62211
1.62226
1.6227
1.6237
1.62564
1.62895
1.63368
1.63901
1.64327
1.64529
1.64586
1.64602
1.64591
1.64516
1.64311
1.63894
1.6325
1.62583
1.62231
1.62167
1.62177
1.62216
1.62317
1.62539
1.62968
1.63668
1.64593
1.65478
1.65987
1.66142
1.66175
1.66164
1.66087
1.65864
1.65355
1.64412
1.63088
1.61826
1.61166
1.61019
1.61012
1.61063
1.61223
1.61591
1.62238
1.63043
1.63575
1.6369
1.63707
1.63629
1.63472
1.63363
1.63454
1.63672
1.64065
1.64657
1.65464
1.6644
1.67319
1.67801
1.67918
1.6778
1.67293
1.66223
1.64528
1.62659
1.61178
1.60246
1.59791
1.5964
1.59606
1.59652
1.59832
1.60197
1.60722
1.61347
1.62006
1.62643
1.63234
1.63786
1.6432
1.64866
1.6545
1.6609
1.66796
1.67571
1.68411
1.69306
1.70259
1.71294
1.72484
1.73969
1.75924
1.78146
1.79434
1.7956
1.79383
1.78298
1.74665
1.66897
1.58507
1.55375
1.55112
1.55112
1.55126
1.55163
1.55214
1.55264
1.55301
1.55328
1.55352
1.55378
1.55407
1.55439
1.55473
1.55507
1.5554
1.55573
1.55605
1.55638
1.55671
1.55705
1.5574
1.55774
1.5581
1.55843
1.55899
15.8534
0.137462
0.187416
0.220801
0.22574
0.22349
0.222474
0.220004
0.214545
0.206957
0.17401
0.133231
0.127854
0.129278
0.134169
0.140784
0.14757
0.154304
0.161187
0.168545
0.176757
0.18579
0.194322
0.199109
0.199432
0.197493
0.186191
0.150351
0.128951
0.127962
0.129666
0.133605
0.137534
0.140634
0.143243
0.145747
0.148315
0.150939
0.153566
0.156331
0.159885
0.165647
0.172128
0.173298
0.171193
0.157829
0.132694
0.125922
0.126097
0.128192
0.13191
0.135452
0.138346
0.141024
0.143864
0.147073
0.150594
0.154251
0.158149
0.163024
0.170043
0.1788
0.182625
0.182127
0.169012
0.152174
0.150335
0.152352
0.157156
0.162828
0.167645
0.171471
0.174794
0.178094
0.181622
0.185659
0.191002
0.198636
0.208002
0.212193
0.212012
0.200551
0.188957
0.189799
0.194879
0.203629
0.213776
0.223038
0.231227
0.239294
0.248376
0.259908
0.275694
0.295044
0.30585
0.30942
0.300989
0.29617
0.306199
0.324303
0.349061
0.374972
0.401315
0.432703
0.474029
0.516881
0.55184
0.57413
0.604459
0.670937
0.775039
0.924955
1.10836
1.23709
1.31198
1.35404
1.41544
1.51337
1.5964
1.61406
1.59796
1.58478
1.59334
1.61934
1.63672
1.63717
1.63023
1.62467
1.62522
1.62848
1.63
1.62934
1.62678
1.62457
1.62474
1.6257
1.62693
1.62807
1.62928
1.63118
1.63453
1.63847
1.64068
1.64108
1.64101
1.64029
1.63912
1.63778
1.63636
1.63487
1.63341
1.63211
1.63104
1.63026
1.6299
1.62995
1.63027
1.63088
1.63203
1.63379
1.63625
1.63915
1.64171
1.64314
1.64358
1.64369
1.64339
1.64236
1.64013
1.6364
1.63129
1.62623
1.62338
1.62276
1.62288
1.62335
1.62435
1.6262
1.62931
1.63376
1.63886
1.64301
1.64505
1.64564
1.64579
1.64566
1.64489
1.64284
1.63882
1.63275
1.62638
1.62275
1.62197
1.62202
1.62241
1.62339
1.62545
1.62927
1.63548
1.64397
1.65264
1.65804
1.65967
1.65997
1.65981
1.65895
1.65678
1.65241
1.64493
1.63413
1.6227
1.61512
1.61238
1.61191
1.61229
1.61381
1.61736
1.62352
1.6312
1.63697
1.63888
1.63945
1.63934
1.6384
1.63657
1.63527
1.63627
1.63825
1.64208
1.64826
1.65664
1.66523
1.67018
1.67102
1.66885
1.6632
1.65388
1.64285
1.63254
1.62261
1.61283
1.60497
1.60087
1.59967
1.59971
1.60091
1.60367
1.60803
1.61337
1.61913
1.62512
1.63113
1.63704
1.64283
1.64862
1.6547
1.66124
1.66836
1.67612
1.68448
1.69339
1.70287
1.71316
1.72499
1.73978
1.75924
1.78122
1.79376
1.79495
1.79317
1.78233
1.74621
1.66896
1.58524
1.55379
1.55112
1.55112
1.55127
1.55163
1.55214
1.55264
1.55301
1.55328
1.55352
1.55378
1.55407
1.55439
1.55473
1.55507
1.5554
1.55573
1.55605
1.55638
1.55671
1.55705
1.5574
1.55774
1.5581
1.55843
1.55899
15.8696
0.12205
0.187087
0.220245
0.225367
0.223287
0.222461
0.219946
0.214638
0.207445
0.175649
0.13423
0.128269
0.129565
0.134313
0.140879
0.147645
0.154323
0.161063
0.168197
0.176073
0.18473
0.193233
0.198437
0.199172
0.197509
0.187176
0.152496
0.129635
0.128439
0.130029
0.133967
0.137943
0.141047
0.143616
0.146058
0.148567
0.151143
0.153728
0.156437
0.159902
0.165538
0.171951
0.173131
0.171048
0.157828
0.132733
0.125861
0.126026
0.128103
0.131822
0.13539
0.138322
0.141015
0.143867
0.147117
0.150686
0.154389
0.158342
0.163272
0.17037
0.179309
0.183286
0.182826
0.169572
0.152716
0.150966
0.153086
0.158056
0.163858
0.16875
0.172621
0.175996
0.179371
0.18299
0.187142
0.192693
0.200586
0.20976
0.213636
0.212789
0.200379
0.189175
0.190352
0.195516
0.204366
0.214483
0.223543
0.231441
0.239163
0.247883
0.259063
0.274529
0.293499
0.304119
0.30777
0.299767
0.295422
0.305765
0.324206
0.349288
0.375339
0.401807
0.433244
0.474845
0.518069
0.551902
0.572104
0.598301
0.65936
0.755295
0.893702
1.06704
1.20014
1.28192
1.327
1.39041
1.4862
1.58555
1.61208
1.6022
1.58431
1.59052
1.61414
1.63533
1.63724
1.63177
1.62473
1.62468
1.62737
1.62933
1.62899
1.62694
1.62472
1.62478
1.62573
1.62704
1.62821
1.62939
1.63112
1.63414
1.63786
1.64022
1.64073
1.64074
1.64013
1.63903
1.63774
1.63641
1.63507
1.6338
1.6327
1.63177
1.63102
1.63061
1.63062
1.63094
1.63158
1.63269
1.63433
1.63657
1.63919
1.64151
1.64278
1.64318
1.64325
1.64292
1.64195
1.64002
1.63688
1.63262
1.62808
1.62495
1.62396
1.62396
1.62438
1.62531
1.62701
1.62987
1.63397
1.63872
1.64262
1.64458
1.64517
1.64531
1.64513
1.6443
1.64228
1.63851
1.63302
1.62724
1.6236
1.62256
1.62248
1.62279
1.62365
1.62547
1.62882
1.63421
1.64155
1.6495
1.65513
1.65711
1.6575
1.65739
1.65666
1.65487
1.65137
1.64541
1.63699
1.62759
1.62015
1.61648
1.61545
1.61562
1.617
1.62036
1.62621
1.63364
1.63959
1.64193
1.64264
1.64275
1.64198
1.63961
1.63624
1.63494
1.63566
1.63743
1.64085
1.64601
1.65206
1.65673
1.6585
1.65709
1.6528
1.64689
1.64134
1.63672
1.63122
1.62374
1.61528
1.60871
1.60561
1.60474
1.60506
1.60654
1.60936
1.61344
1.61839
1.62389
1.62985
1.63603
1.64229
1.64862
1.65506
1.6618
1.66902
1.67679
1.68511
1.69395
1.70333
1.71351
1.72522
1.73987
1.75912
1.78071
1.79288
1.79399
1.79221
1.78141
1.74559
1.66895
1.5855
1.55386
1.55113
1.55112
1.55127
1.55162
1.55213
1.55263
1.55301
1.55328
1.55353
1.55378
1.55407
1.55439
1.55473
1.55507
1.5554
1.55573
1.55605
1.55638
1.55671
1.55705
1.5574
1.55774
1.55811
1.55843
1.55899
15.873
0.123624
0.186194
0.219313
0.22474
0.222814
0.222138
0.219564
0.214385
0.207733
0.177863
0.135741
0.12883
0.129961
0.134533
0.141037
0.147757
0.154358
0.160992
0.167945
0.175514
0.183825
0.192215
0.197695
0.198693
0.197234
0.187921
0.154614
0.130328
0.128869
0.130298
0.13418
0.138183
0.141292
0.143832
0.146231
0.148702
0.151255
0.153817
0.156486
0.159878
0.165413
0.171773
0.17298
0.170935
0.157916
0.13285
0.125833
0.125991
0.128052
0.131768
0.135357
0.138303
0.140991
0.143848
0.147123
0.150726
0.154503
0.158558
0.163601
0.170841
0.180069
0.184282
0.183916
0.17052
0.153596
0.151937
0.154185
0.159351
0.165331
0.170334
0.174273
0.177729
0.181205
0.18493
0.189214
0.195047
0.203403
0.212584
0.216144
0.214479
0.200795
0.189984
0.191453
0.196647
0.205539
0.215515
0.224262
0.231738
0.239068
0.247331
0.258079
0.273131
0.291679
0.301966
0.305486
0.297791
0.293934
0.304659
0.323552
0.349064
0.375332
0.401868
0.433439
0.475192
0.518961
0.5514
0.568894
0.589554
0.643652
0.7293
0.853309
1.01182
1.14837
1.23772
1.29026
1.35786
1.45127
1.56623
1.60685
1.60512
1.58478
1.58865
1.60883
1.63303
1.63691
1.63286
1.62488
1.62418
1.62634
1.62869
1.62867
1.62708
1.62493
1.62493
1.62594
1.62733
1.62852
1.62964
1.63114
1.63375
1.63719
1.63963
1.64026
1.64035
1.63986
1.63885
1.63763
1.63639
1.63521
1.63418
1.63334
1.63261
1.63194
1.63148
1.63143
1.63175
1.63237
1.63341
1.63491
1.6369
1.63925
1.6413
1.64237
1.6427
1.64273
1.64239
1.64147
1.63978
1.63721
1.63385
1.63012
1.62702
1.62559
1.62542
1.62575
1.62658
1.6281
1.63061
1.63422
1.63844
1.64199
1.64383
1.64441
1.64454
1.6443
1.64339
1.64136
1.63788
1.63311
1.6282
1.62483
1.62353
1.62327
1.62346
1.62416
1.62572
1.62862
1.63316
1.63928
1.64617
1.65179
1.65428
1.65482
1.6548
1.65426
1.65283
1.65003
1.64534
1.63883
1.63159
1.62534
1.62149
1.62002
1.62002
1.62131
1.62449
1.63002
1.63702
1.64265
1.64505
1.64582
1.64594
1.64506
1.6423
1.63753
1.6333
1.63232
1.63265
1.63368
1.63539
1.63767
1.64033
1.64273
1.64396
1.64351
1.64204
1.64044
1.63865
1.63611
1.63166
1.62524
1.61852
1.61376
1.61148
1.61073
1.61092
1.61205
1.61438
1.61814
1.62316
1.62886
1.63511
1.64167
1.64836
1.65519
1.66226
1.6697
1.67756
1.68587
1.69465
1.70393
1.71399
1.72555
1.74
1.75894
1.78003
1.79171
1.79274
1.79093
1.78019
1.74476
1.66895
1.58586
1.55394
1.55114
1.55113
1.55127
1.55162
1.55212
1.55262
1.553
1.55328
1.55353
1.55378
1.55407
1.55439
1.55473
1.55507
1.5554
1.55573
1.55605
1.55638
1.55671
1.55705
1.5574
1.55774
1.55811
1.55844
1.55899
15.8307
0.176969
0.184045
0.218165
0.224144
0.222386
0.22182
0.219231
0.214227
0.208087
0.180162
0.137496
0.129407
0.130365
0.134751
0.141178
0.147859
0.154421
0.16099
0.167802
0.175176
0.183296
0.19166
0.197239
0.198273
0.196934
0.188374
0.156385
0.130914
0.129128
0.130419
0.134223
0.138251
0.141384
0.143923
0.146309
0.148765
0.151306
0.15385
0.156485
0.15982
0.16526
0.1716
0.172898
0.170914
0.15814
0.133065
0.125825
0.125966
0.128
0.131709
0.135319
0.138264
0.140936
0.143799
0.147086
0.150721
0.154562
0.158718
0.163889
0.1713
0.180845
0.185341
0.185117
0.171628
0.154587
0.152986
0.155362
0.160732
0.166935
0.172093
0.176128
0.179696
0.18331
0.187174
0.191624
0.197797
0.206751
0.216163
0.219575
0.217015
0.20194
0.191503
0.1932
0.198421
0.207317
0.217006
0.225246
0.23217
0.239017
0.246836
0.257225
0.272009
0.290072
0.299946
0.303015
0.295225
0.291782
0.302825
0.322153
0.348115
0.374756
0.401472
0.4331
0.474968
0.519445
0.550625
0.565735
0.581162
0.62857
0.704617
0.815461
0.959108
1.09663
1.19135
1.25302
1.32381
1.41648
1.54159
1.59898
1.60587
1.58589
1.58694
1.60416
1.63017
1.63638
1.63351
1.62513
1.62362
1.62548
1.62816
1.62846
1.62734
1.62533
1.62528
1.62632
1.6278
1.62899
1.63002
1.63129
1.63347
1.63658
1.63901
1.63973
1.63988
1.63945
1.63853
1.63741
1.63631
1.63534
1.63459
1.63405
1.63357
1.63302
1.63251
1.63235
1.63261
1.63316
1.63407
1.63541
1.63718
1.63928
1.64106
1.64192
1.64221
1.6422
1.64185
1.64101
1.63957
1.63751
1.63496
1.63218
1.62954
1.62776
1.62722
1.62741
1.62809
1.62937
1.63146
1.6345
1.63808
1.64114
1.64276
1.64331
1.64341
1.64309
1.64207
1.64005
1.63691
1.63298
1.62915
1.62635
1.62485
1.62434
1.62438
1.62494
1.62622
1.62865
1.6324
1.6374
1.64317
1.64847
1.65151
1.65233
1.65242
1.65204
1.65086
1.64852
1.6448
1.63995
1.63489
1.63064
1.62759
1.62601
1.62578
1.62693
1.62987
1.63493
1.64128
1.64617
1.64805
1.64849
1.64825
1.64684
1.64327
1.63753
1.63156
1.62812
1.62665
1.62566
1.62482
1.62434
1.62478
1.62683
1.63068
1.63514
1.63792
1.63876
1.6391
1.63838
1.63625
1.63245
1.62743
1.6226
1.61924
1.61739
1.61657
1.61647
1.61724
1.61932
1.62305
1.62836
1.63455
1.64125
1.64821
1.65537
1.66273
1.67037
1.67835
1.68671
1.69546
1.70465
1.71458
1.72595
1.74013
1.75866
1.77914
1.79026
1.79118
1.78935
1.77868
1.74376
1.66899
1.58635
1.55406
1.55115
1.55114
1.55127
1.55161
1.55212
1.55262
1.553
1.55328
1.55353
1.55379
1.55407
1.55439
1.55473
1.55507
1.5554
1.55573
1.55605
1.55638
1.55671
1.55705
1.5574
1.55775
1.55811
1.55844
1.55899
15.9009
0.120061
0.184536
0.218064
0.22374
0.222099
0.221609
0.218992
0.214063
0.208289
0.182013
0.139076
0.129941
0.130739
0.134929
0.141272
0.147918
0.154446
0.160986
0.167764
0.175028
0.183034
0.191393
0.196985
0.198039
0.196731
0.188661
0.157724
0.131371
0.129278
0.13048
0.13422
0.138273
0.141441
0.143993
0.146374
0.148816
0.151339
0.15386
0.156459
0.159726
0.16507
0.171444
0.172899
0.170981
0.158513
0.133398
0.125859
0.12598
0.127984
0.131678
0.135286
0.138217
0.140875
0.143735
0.147029
0.150676
0.154536
0.158733
0.163979
0.171517
0.18135
0.18611
0.186058
0.172616
0.155432
0.153852
0.156353
0.161902
0.168323
0.17363
0.177767
0.181467
0.185243
0.189294
0.193971
0.200506
0.210108
0.219929
0.22341
0.220007
0.203641
0.19359
0.195482
0.200804
0.20972
0.219005
0.226537
0.232769
0.239024
0.2465
0.256695
0.271435
0.289331
0.298749
0.301036
0.292603
0.289414
0.300597
0.320266
0.346508
0.37346
0.400475
0.432273
0.474331
0.519508
0.549866
0.563665
0.575225
0.617952
0.687293
0.789118
0.922181
1.05932
1.15603
1.22452
1.2967
1.38922
1.51924
1.59138
1.60546
1.58672
1.58507
1.60031
1.62741
1.63591
1.63397
1.62549
1.62314
1.62487
1.62792
1.62854
1.62777
1.62591
1.6258
1.62685
1.62841
1.62959
1.63052
1.63159
1.6334
1.63613
1.63844
1.63918
1.63935
1.63894
1.63807
1.63706
1.63615
1.63546
1.63504
1.6348
1.63457
1.63418
1.63364
1.6333
1.63344
1.63387
1.63462
1.63578
1.63736
1.63923
1.64072
1.64139
1.64162
1.6416
1.64126
1.64052
1.63933
1.63772
1.63588
1.63399
1.63213
1.6304
1.62938
1.62927
1.62973
1.63073
1.63235
1.63474
1.63763
1.64011
1.6414
1.64186
1.6419
1.64148
1.64036
1.6384
1.6357
1.63271
1.6301
1.62813
1.62667
1.62585
1.62568
1.62606
1.6271
1.62905
1.63213
1.63613
1.64083
1.64551
1.64881
1.65
1.65023
1.64996
1.64898
1.64695
1.64383
1.6403
1.63742
1.63543
1.63383
1.6327
1.63239
1.63333
1.63587
1.64015
1.64533
1.64884
1.64971
1.6497
1.64914
1.64729
1.6433
1.63694
1.62953
1.62364
1.61997
1.61725
1.6149
1.61333
1.61308
1.61481
1.61918
1.62566
1.63227
1.63653
1.63813
1.63878
1.63824
1.63654
1.63361
1.62992
1.62657
1.62426
1.62283
1.62209
1.62198
1.62273
1.62489
1.62893
1.63468
1.6413
1.64831
1.65558
1.66311
1.67093
1.67907
1.68753
1.6963
1.70546
1.71526
1.72642
1.74027
1.75829
1.77802
1.7885
1.78932
1.78745
1.77688
1.74258
1.66909
1.58698
1.55422
1.55117
1.55115
1.55127
1.55161
1.5521
1.55261
1.553
1.55328
1.55353
1.55379
1.55407
1.55439
1.55473
1.55507
1.5554
1.55573
1.55605
1.55638
1.55671
1.55705
1.5574
1.55775
1.55811
1.55844
1.55899
15.9098
0.123372
0.184031
0.217675
0.223561
0.221978
0.221568
0.21893
0.214125
0.208618
0.183389
0.140212
0.130227
0.130901
0.134939
0.141227
0.147863
0.154366
0.160848
0.167558
0.174806
0.182862
0.191289
0.196952
0.198055
0.196758
0.189024
0.158789
0.131755
0.129422
0.130556
0.13425
0.13833
0.141528
0.144092
0.146471
0.148896
0.151389
0.153879
0.156442
0.159644
0.164908
0.171344
0.172942
0.17112
0.158998
0.133857
0.125967
0.126056
0.12802
0.13168
0.135269
0.138184
0.140831
0.143677
0.146952
0.150584
0.154445
0.158653
0.163915
0.171518
0.181527
0.186463
0.186599
0.173342
0.156002
0.154381
0.156973
0.162664
0.169223
0.174636
0.178888
0.182728
0.186679
0.190961
0.195903
0.202755
0.2129
0.223271
0.226906
0.222914
0.20561
0.195927
0.197966
0.203437
0.212345
0.221149
0.227979
0.233576
0.239344
0.246495
0.256657
0.271603
0.289445
0.298593
0.299934
0.290336
0.28736
0.298578
0.318482
0.344784
0.371753
0.398944
0.430953
0.473271
0.519311
0.549447
0.563019
0.5724
0.612714
0.678661
0.776076
0.904013
1.04041
1.13778
1.20863
1.28041
1.37283
1.50524
1.58676
1.60516
1.5871
1.58322
1.59743
1.62528
1.63566
1.63439
1.62588
1.62286
1.62453
1.62786
1.62882
1.62834
1.62668
1.62652
1.62758
1.62919
1.63033
1.63116
1.63207
1.63354
1.63588
1.63795
1.63864
1.63877
1.63835
1.63752
1.63665
1.63597
1.63559
1.63551
1.63555
1.63554
1.63531
1.6348
1.63428
1.63421
1.63451
1.63508
1.63605
1.63745
1.6391
1.6403
1.64078
1.64094
1.64087
1.64055
1.63993
1.639
1.63784
1.63663
1.63553
1.63445
1.63321
1.63193
1.63126
1.63139
1.63204
1.6332
1.63494
1.63708
1.63886
1.63976
1.64008
1.64004
1.63953
1.63838
1.63658
1.63438
1.6324
1.63107
1.63002
1.62893
1.62794
1.62747
1.62765
1.62843
1.62996
1.63239
1.63561
1.63934
1.64319
1.64631
1.6478
1.64819
1.64805
1.6473
1.64566
1.64323
1.64091
1.63996
1.63977
1.63963
1.6394
1.63927
1.63987
1.64169
1.64469
1.64795
1.64991
1.6504
1.65026
1.64951
1.64718
1.64234
1.63481
1.62604
1.61841
1.61307
1.60941
1.60685
1.60548
1.60541
1.60701
1.61093
1.61712
1.62451
1.63135
1.63593
1.63791
1.63859
1.63823
1.63696
1.63475
1.63217
1.63016
1.62885
1.62808
1.62776
1.62803
1.62925
1.63188
1.63618
1.64202
1.64882
1.65606
1.66361
1.67147
1.67969
1.68825
1.6971
1.70627
1.71598
1.72691
1.74036
1.75777
1.77665
1.78646
1.78716
1.78525
1.77481
1.74126
1.66928
1.58779
1.55442
1.55118
1.55116
1.55128
1.5516
1.55209
1.5526
1.55299
1.55329
1.55354
1.55379
1.55408
1.55439
1.55473
1.55507
1.5554
1.55573
1.55605
1.55638
1.55671
1.55705
1.5574
1.55775
1.55811
1.55844
1.55899
15.9277
0.116131
0.182654
0.217332
0.223496
0.221949
0.221588
0.218939
0.214243
0.208834
0.184281
0.140902
0.13026
0.130871
0.134814
0.141064
0.147683
0.154152
0.160596
0.167311
0.174658
0.182872
0.191413
0.197123
0.198333
0.197097
0.189627
0.159677
0.132086
0.129611
0.130705
0.134372
0.138478
0.14171
0.14429
0.146665
0.149067
0.15152
0.153958
0.156468
0.159621
0.164838
0.17132
0.173061
0.17133
0.159549
0.13441
0.126175
0.126224
0.128132
0.131763
0.135344
0.138237
0.140843
0.143648
0.146889
0.150505
0.154358
0.158546
0.163769
0.171348
0.181427
0.186529
0.186828
0.173876
0.156331
0.154571
0.157205
0.162944
0.169592
0.175128
0.179512
0.183484
0.187575
0.192015
0.197148
0.204245
0.214721
0.22562
0.229473
0.225267
0.207474
0.197984
0.200137
0.205723
0.214604
0.223119
0.22951
0.23467
0.24004
0.246883
0.257142
0.272522
0.290272
0.299086
0.299344
0.288599
0.28609
0.297352
0.317384
0.343512
0.37021
0.397315
0.429457
0.472148
0.519093
0.549481
0.563424
0.571976
0.611532
0.676381
0.77247
0.899064
1.0352
1.13235
1.20302
1.27435
1.36691
1.50054
1.58584
1.60567
1.58705
1.58185
1.59586
1.62418
1.63559
1.63474
1.62621
1.62273
1.6244
1.62798
1.62926
1.629
1.62754
1.62742
1.62848
1.63012
1.63122
1.63195
1.63273
1.63389
1.63582
1.63756
1.63812
1.63818
1.63768
1.63688
1.63618
1.63583
1.63579
1.63602
1.63628
1.63642
1.63633
1.63592
1.63528
1.63493
1.63509
1.63549
1.63626
1.63747
1.63885
1.63974
1.64006
1.64014
1.63999
1.63963
1.6391
1.63846
1.6378
1.63726
1.63682
1.63636
1.63567
1.63463
1.6335
1.633
1.63323
1.63391
1.635
1.63636
1.63743
1.63795
1.63812
1.63796
1.63734
1.6362
1.63468
1.6332
1.63246
1.63223
1.63196
1.63144
1.63065
1.62995
1.62979
1.63027
1.6314
1.63321
1.63568
1.6385
1.64148
1.64412
1.64574
1.64632
1.64635
1.64585
1.64464
1.64304
1.64235
1.64272
1.64362
1.64465
1.6454
1.64582
1.6461
1.64673
1.6479
1.64916
1.65022
1.65055
1.6503
1.64921
1.64623
1.64041
1.63185
1.62211
1.6134
1.60716
1.60337
1.60141
1.60066
1.60081
1.6022
1.60544
1.61061
1.6171
1.62409
1.63054
1.63529
1.63772
1.63841
1.63813
1.63711
1.63561
1.6344
1.63371
1.63343
1.63347
1.63387
1.63489
1.63685
1.64004
1.6446
1.65039
1.6571
1.6644
1.67214
1.68033
1.68891
1.69782
1.70702
1.71666
1.72736
1.74037
1.75707
1.775
1.78412
1.78473
1.78277
1.77248
1.73981
1.66957
1.58879
1.55468
1.5512
1.55117
1.55129
1.5516
1.55208
1.55259
1.55299
1.55329
1.55354
1.5538
1.55408
1.55439
1.55473
1.55507
1.5554
1.55573
1.55605
1.55638
1.55671
1.55705
1.5574
1.55775
1.55811
1.55844
1.55899
15.9428
0.107533
0.181333
0.216829
0.2235
0.221983
0.22162
0.218908
0.214148
0.208777
0.184804
0.141339
0.13013
0.130678
0.134541
0.140757
0.147379
0.153872
0.160368
0.167187
0.174707
0.18316
0.191843
0.197626
0.198973
0.197771
0.190382
0.160318
0.132419
0.129889
0.130966
0.134625
0.138755
0.142027
0.144641
0.147026
0.14941
0.151817
0.154191
0.156631
0.159722
0.164895
0.171422
0.173271
0.171603
0.160106
0.134988
0.12643
0.126438
0.128296
0.131915
0.135506
0.138392
0.140956
0.143687
0.14686
0.150425
0.154241
0.158397
0.16355
0.171014
0.181067
0.186341
0.186817
0.174313
0.156542
0.154552
0.157175
0.16292
0.169636
0.175268
0.179762
0.183858
0.188067
0.192603
0.197784
0.204881
0.215485
0.226798
0.230916
0.226866
0.209053
0.199413
0.201619
0.20731
0.216254
0.22464
0.230845
0.235894
0.241188
0.248065
0.258533
0.274365
0.291595
0.300119
0.299031
0.287263
0.285397
0.296788
0.31686
0.342659
0.369043
0.396104
0.428478
0.471553
0.519239
0.549974
0.564203
0.572701
0.612313
0.677211
0.773551
0.900176
1.03558
1.13221
1.20254
1.2741
1.36682
1.50062
1.58488
1.60449
1.58607
1.58139
1.59564
1.62417
1.63545
1.6345
1.62597
1.62276
1.62456
1.62841
1.62985
1.6297
1.62842
1.62842
1.62952
1.6312
1.63226
1.63285
1.63353
1.63443
1.63594
1.63726
1.63768
1.63759
1.63695
1.63615
1.63571
1.63574
1.63607
1.6365
1.63693
1.63718
1.63722
1.63694
1.63631
1.63571
1.63564
1.63592
1.63649
1.63745
1.63849
1.63908
1.63929
1.63924
1.63894
1.63843
1.63791
1.63762
1.63764
1.63779
1.63788
1.63785
1.63759
1.63696
1.63593
1.6348
1.63427
1.63437
1.63475
1.63536
1.63588
1.63611
1.6361
1.63575
1.63499
1.63392
1.633
1.63282
1.63296
1.63346
1.63394
1.63408
1.63383
1.63321
1.63265
1.63263
1.63327
1.63447
1.63614
1.63814
1.64034
1.64247
1.64396
1.64464
1.64484
1.64467
1.64416
1.64389
1.64442
1.64556
1.64726
1.64903
1.65038
1.6511
1.65114
1.65034
1.64934
1.64932
1.64949
1.64955
1.64899
1.64723
1.64341
1.6369
1.62801
1.61814
1.60935
1.60326
1.59991
1.59845
1.59811
1.59827
1.59935
1.60191
1.60603
1.6113
1.61727
1.62359
1.62962
1.63438
1.63707
1.63782
1.63769
1.63732
1.63706
1.63716
1.63761
1.63835
1.63937
1.64077
1.64275
1.64549
1.64914
1.65378
1.6594
1.66593
1.67323
1.68117
1.68964
1.69851
1.70768
1.71722
1.72766
1.74018
1.7561
1.77305
1.78151
1.78203
1.78002
1.76993
1.73825
1.66999
1.59001
1.55499
1.55123
1.55119
1.55129
1.5516
1.55207
1.55257
1.55298
1.55329
1.55354
1.5538
1.55408
1.55439
1.55473
1.55507
1.5554
1.55573
1.55605
1.55638
1.55671
1.55705
1.5574
1.55775
1.55811
1.55844
1.55899
15.8822
0.171113
0.180225
0.216234
0.223608
0.222144
0.221658
0.218824
0.213904
0.208587
0.185164
0.141629
0.129845
0.130359
0.134172
0.140394
0.147072
0.153649
0.160245
0.167176
0.174875
0.183589
0.192501
0.198349
0.199727
0.1985
0.191016
0.160674
0.132643
0.130116
0.131187
0.134841
0.138991
0.142304
0.144965
0.147391
0.149801
0.152212
0.154572
0.156986
0.160047
0.16518
0.171673
0.173552
0.171914
0.160633
0.135559
0.126717
0.126681
0.128472
0.132042
0.135609
0.138499
0.141042
0.143698
0.146778
0.150246
0.153976
0.158067
0.163135
0.170424
0.180356
0.185815
0.18652
0.17461
0.156676
0.154372
0.156943
0.162658
0.169462
0.175215
0.17981
0.183975
0.188216
0.192754
0.197929
0.204987
0.215513
0.22715
0.231454
0.227907
0.210306
0.200188
0.202361
0.208086
0.217054
0.225483
0.231869
0.237224
0.242901
0.250117
0.261018
0.277314
0.293777
0.301783
0.299278
0.286591
0.28531
0.296832
0.316859
0.342325
0.368407
0.395439
0.428086
0.471795
0.519749
0.550862
0.565365
0.575139
0.615865
0.682136
0.780022
0.908216
1.04212
1.13738
1.20636
1.27859
1.3718
1.50457
1.58432
1.60259
1.58492
1.58212
1.59714
1.62523
1.63525
1.63393
1.62546
1.62301
1.62511
1.62916
1.63055
1.63039
1.62924
1.62948
1.6307
1.63246
1.63346
1.63388
1.63432
1.63505
1.63617
1.63699
1.63725
1.63694
1.63614
1.63546
1.63536
1.63568
1.63621
1.63688
1.63753
1.63787
1.638
1.63785
1.63733
1.63661
1.63622
1.63636
1.63673
1.63738
1.63803
1.63835
1.63841
1.63819
1.63762
1.63691
1.63652
1.63666
1.63721
1.63804
1.63873
1.63902
1.63904
1.63876
1.63804
1.63684
1.63537
1.63437
1.63422
1.63424
1.63433
1.63432
1.63407
1.6335
1.63269
1.6321
1.63212
1.63259
1.63349
1.63485
1.63621
1.63697
1.63719
1.63699
1.63633
1.63562
1.63549
1.63599
1.63691
1.63816
1.63972
1.64132
1.64244
1.64304
1.64342
1.64386
1.64444
1.64525
1.64658
1.64849
1.65075
1.65281
1.65413
1.65465
1.65427
1.65263
1.64999
1.64833
1.64775
1.64723
1.64604
1.6435
1.639
1.6323
1.62401
1.61554
1.60838
1.60302
1.59944
1.59755
1.59702
1.59701
1.5977
1.59956
1.60273
1.60689
1.61172
1.61709
1.62286
1.62848
1.63299
1.63586
1.63723
1.63773
1.6383
1.63921
1.64047
1.64209
1.64404
1.64627
1.64877
1.65161
1.65488
1.65874
1.66333
1.66878
1.6752
1.68255
1.69067
1.69933
1.70833
1.71765
1.72774
1.73968
1.75477
1.77077
1.77866
1.7791
1.77704
1.76718
1.73662
1.67054
1.59145
1.55538
1.55126
1.55121
1.5513
1.55159
1.55206
1.55256
1.55298
1.55329
1.55355
1.5538
1.55408
1.5544
1.55473
1.55507
1.5554
1.55573
1.55605
1.55638
1.55671
1.55705
1.5574
1.55775
1.55811
1.55844
1.55899
15.9019
0.152334
0.178888
0.215746
0.223747
0.222351
0.221771
0.218868
0.213831
0.208563
0.18549
0.14174
0.129536
0.130054
0.133891
0.140158
0.146882
0.153508
0.160167
0.167206
0.175096
0.184116
0.193262
0.199023
0.200246
0.198935
0.191368
0.16088
0.132776
0.13025
0.13131
0.134949
0.139111
0.14246
0.145163
0.147636
0.150099
0.152572
0.15499
0.157452
0.160537
0.165655
0.172054
0.173883
0.172242
0.161123
0.136097
0.126996
0.126907
0.128615
0.132117
0.135644
0.138483
0.140988
0.143592
0.14656
0.149906
0.153514
0.157484
0.16241
0.16951
0.179246
0.184828
0.185813
0.174658
0.156632
0.153917
0.156441
0.162082
0.168957
0.174878
0.179614
0.183852
0.188152
0.192716
0.197841
0.204703
0.214962
0.226938
0.231491
0.228594
0.211328
0.20052
0.202558
0.208199
0.217188
0.225941
0.232868
0.238798
0.244987
0.25276
0.264257
0.281058
0.296706
0.304205
0.300411
0.286982
0.286241
0.297839
0.317858
0.342992
0.36868
0.39559
0.428533
0.472901
0.52094
0.553067
0.568396
0.58131
0.625085
0.695431
0.798261
0.931855
1.06381
1.15663
1.22086
1.29297
1.38669
1.51694
1.58697
1.60142
1.58349
1.58351
1.6001
1.62719
1.63516
1.6331
1.62476
1.62339
1.6259
1.63002
1.63115
1.63092
1.63007
1.63059
1.63203
1.63389
1.63479
1.635
1.63506
1.63562
1.63631
1.63673
1.63673
1.63615
1.63526
1.63484
1.63504
1.63553
1.63626
1.63715
1.63803
1.63852
1.63872
1.63866
1.63829
1.63761
1.63698
1.63676
1.63694
1.63723
1.63748
1.63757
1.63742
1.6369
1.63602
1.63527
1.63515
1.63556
1.63648
1.63789
1.63934
1.64005
1.64025
1.64014
1.63959
1.63844
1.63666
1.6347
1.63347
1.63305
1.63284
1.63256
1.63205
1.63138
1.63093
1.63102
1.63158
1.63262
1.63424
1.63644
1.63866
1.64008
1.64069
1.64082
1.64045
1.63941
1.63817
1.63767
1.6379
1.6385
1.63945
1.64045
1.64119
1.64179
1.64251
1.64353
1.64491
1.64668
1.64888
1.65146
1.65403
1.65593
1.65678
1.65679
1.65587
1.6535
1.64982
1.64635
1.64445
1.64312
1.64131
1.63828
1.63365
1.62762
1.62117
1.61538
1.61031
1.60553
1.6011
1.59794
1.59665
1.59642
1.59673
1.59796
1.60029
1.60346
1.60724
1.61162
1.61664
1.62204
1.62722
1.6315
1.63467
1.63695
1.63864
1.64028
1.6423
1.64473
1.64761
1.65083
1.65422
1.65763
1.66104
1.66459
1.66851
1.67306
1.67849
1.68492
1.69235
1.70052
1.70911
1.71799
1.72755
1.7388
1.753
1.76812
1.77557
1.77595
1.77386
1.76428
1.73495
1.67123
1.59312
1.55586
1.55129
1.55122
1.55131
1.55159
1.55204
1.55255
1.55297
1.55329
1.55355
1.55381
1.55409
1.5544
1.55473
1.55506
1.5554
1.55573
1.55605
1.55638
1.55671
1.55705
1.5574
1.55775
1.55811
1.55844
1.55899
15.9499
0.106586
0.177491
0.215232
0.223976
0.22279
0.222182
0.219274
0.21425
0.20913
0.186024
0.141717
0.12933
0.129911
0.133835
0.140174
0.146933
0.15359
0.160295
0.167416
0.175426
0.184574
0.193736
0.199326
0.200459
0.199103
0.191468
0.161
0.132861
0.130296
0.131325
0.134934
0.139101
0.142485
0.145225
0.147738
0.150252
0.152794
0.155306
0.157863
0.161024
0.166178
0.17249
0.174241
0.172583
0.161608
0.136613
0.127243
0.127092
0.128708
0.132133
0.135588
0.138324
0.140759
0.143294
0.146131
0.149341
0.15283
0.156677
0.161446
0.168324
0.177791
0.183407
0.184664
0.17441
0.156347
0.153124
0.155568
0.161075
0.16797
0.174035
0.17894
0.183339
0.18778
0.19246
0.197593
0.204226
0.214051
0.226216
0.231166
0.228892
0.21222
0.200558
0.202416
0.207995
0.217117
0.226377
0.233922
0.24041
0.247215
0.25561
0.267694
0.285006
0.300235
0.307449
0.302659
0.288826
0.288799
0.300507
0.320513
0.345283
0.37053
0.397309
0.430732
0.476134
0.524109
0.55751
0.574032
0.592014
0.641232
0.719222
0.831911
0.97626
1.10546
1.19381
1.24996
1.32022
1.41492
1.53914
1.59357
1.60087
1.58248
1.58571
1.60457
1.6298
1.63532
1.63204
1.6241
1.62385
1.62683
1.63076
1.63156
1.63127
1.63094
1.63167
1.63353
1.63543
1.63619
1.63615
1.63579
1.63591
1.63624
1.63638
1.63604
1.63517
1.63435
1.63425
1.6346
1.63526
1.63619
1.63734
1.63844
1.63913
1.63937
1.63938
1.63912
1.63857
1.63787
1.63727
1.63697
1.63693
1.63689
1.63671
1.63624
1.63536
1.63428
1.63372
1.63383
1.63441
1.63557
1.63743
1.63961
1.64092
1.64128
1.64124
1.64076
1.63964
1.63777
1.63539
1.63323
1.632
1.63138
1.63081
1.63016
1.62972
1.62977
1.63029
1.63128
1.63287
1.63524
1.63829
1.6413
1.6433
1.64422
1.64456
1.6444
1.6435
1.64176
1.63981
1.6389
1.63899
1.63932
1.63978
1.64026
1.64091
1.6419
1.64338
1.64545
1.64812
1.65126
1.65445
1.65693
1.65807
1.65826
1.65778
1.65626
1.65319
1.64856
1.64347
1.63985
1.63748
1.63517
1.63215
1.6282
1.62373
1.61954
1.61604
1.61286
1.6093
1.60507
1.60065
1.59747
1.59635
1.59628
1.59692
1.59843
1.60063
1.6034
1.60685
1.61109
1.61608
1.62143
1.62652
1.6309
1.6345
1.63756
1.64038
1.64322
1.64642
1.65011
1.65425
1.65861
1.6629
1.6669
1.67062
1.67433
1.67836
1.68302
1.68855
1.69505
1.70238
1.71025
1.7184
1.72715
1.73751
1.75074
1.76508
1.77226
1.77261
1.77053
1.7613
1.73329
1.67205
1.59499
1.55641
1.55132
1.55124
1.55132
1.55159
1.55203
1.55254
1.55297
1.55329
1.55356
1.55381
1.55409
1.5544
1.55473
1.55506
1.5554
1.55573
1.55605
1.55638
1.55671
1.55705
1.5574
1.55775
1.55811
1.55844
1.55899
15.9322
0.128974
0.174761
0.214022
0.224282
0.223301
0.222841
0.220002
0.215119
0.210196
0.186667
0.141585
0.129278
0.129936
0.133967
0.140375
0.14718
0.153879
0.160626
0.167755
0.175696
0.184705
0.193776
0.199295
0.200278
0.198869
0.191272
0.161238
0.132964
0.130293
0.131288
0.134878
0.139079
0.142491
0.145253
0.147792
0.150341
0.152934
0.155505
0.15813
0.161364
0.166572
0.172854
0.174563
0.172902
0.162107
0.137137
0.127461
0.127244
0.128763
0.132097
0.135473
0.138091
0.140378
0.142805
0.14554
0.148602
0.151964
0.155697
0.160329
0.166994
0.176115
0.181724
0.183204
0.173837
0.155839
0.152044
0.154376
0.159695
0.16656
0.172718
0.177743
0.182256
0.186828
0.191656
0.196886
0.203394
0.21279
0.224956
0.230225
0.228779
0.213217
0.200828
0.20233
0.207806
0.21708
0.226869
0.235049
0.242145
0.249464
0.258335
0.270936
0.288804
0.304089
0.311342
0.306033
0.292321
0.293011
0.304948
0.32506
0.349609
0.374585
0.401428
0.435546
0.482181
0.529754
0.564439
0.582149
0.606782
0.663516
0.752538
0.879889
1.03864
1.16243
1.24238
1.29074
1.35777
1.4558
1.56606
1.60225
1.59965
1.58217
1.5885
1.6108
1.63262
1.63569
1.63054
1.62365
1.62423
1.62785
1.63127
1.63175
1.63138
1.63157
1.63267
1.63504
1.63692
1.63754
1.6372
1.63642
1.63607
1.63601
1.63578
1.63509
1.63403
1.63342
1.63353
1.634
1.63481
1.63597
1.63738
1.63877
1.63966
1.63994
1.64
1.6398
1.63932
1.63862
1.63782
1.63712
1.63658
1.63617
1.63566
1.63483
1.63364
1.63261
1.63232
1.63255
1.63326
1.63461
1.63683
1.63963
1.64162
1.64217
1.64218
1.64178
1.64072
1.63884
1.63626
1.63352
1.63138
1.63006
1.62919
1.62866
1.62858
1.62895
1.62977
1.63115
1.63331
1.63644
1.64031
1.64405
1.64654
1.64768
1.64812
1.64806
1.64731
1.64554
1.64287
1.64035
1.63929
1.63919
1.63928
1.6396
1.64024
1.64136
1.64319
1.64589
1.64947
1.65357
1.65711
1.65888
1.65928
1.65905
1.65813
1.65603
1.65218
1.64637
1.63973
1.63439
1.63092
1.62826
1.62575
1.62323
1.62089
1.61898
1.61737
1.61557
1.61312
1.60968
1.60526
1.60058
1.59722
1.59599
1.59605
1.59671
1.59797
1.59982
1.60242
1.60598
1.61062
1.61609
1.6218
1.62711
1.63167
1.63562
1.63932
1.6431
1.64723
1.65175
1.65668
1.66188
1.66705
1.67188
1.67622
1.68019
1.68412
1.68838
1.69326
1.69888
1.70518
1.71196
1.71906
1.72669
1.73589
1.748
1.76163
1.76876
1.76913
1.76712
1.75834
1.73173
1.67298
1.59701
1.55703
1.55136
1.55126
1.55133
1.55158
1.55202
1.55253
1.55296
1.55329
1.55356
1.55382
1.55409
1.5544
1.55473
1.55506
1.5554
1.55573
1.55605
1.55638
1.55671
1.55705
1.5574
1.55775
1.55811
1.55844
1.55899
15.9485
0.115726
0.173989
0.213884
0.224695
0.223879
0.223546
0.22076
0.215963
0.211171
0.18724
0.141527
0.129389
0.130107
0.134228
0.140676
0.147476
0.154155
0.160864
0.167915
0.175733
0.18458
0.193517
0.198926
0.199793
0.198366
0.191022
0.161755
0.133132
0.130267
0.1312
0.134753
0.138975
0.142418
0.145198
0.147752
0.150325
0.152954
0.155557
0.158207
0.161477
0.166722
0.173034
0.174779
0.173152
0.162621
0.137704
0.12765
0.127361
0.128781
0.132021
0.135332
0.137853
0.139983
0.142262
0.144894
0.147835
0.15106
0.154679
0.159183
0.165659
0.174453
0.180004
0.181654
0.173125
0.155239
0.150816
0.153037
0.158133
0.164918
0.171128
0.176219
0.180773
0.185384
0.190269
0.195551
0.201946
0.210984
0.223055
0.228694
0.228293
0.21437
0.201342
0.202434
0.207813
0.217163
0.227445
0.236249
0.243838
0.25151
0.260694
0.273684
0.292074
0.307559
0.31512
0.309896
0.296778
0.298197
0.31056
0.331035
0.355645
0.380612
0.407786
0.442804
0.490613
0.537291
0.572966
0.591866
0.624039
0.689338
0.791404
0.936361
1.10764
1.22219
1.28998
1.33324
1.3984
1.50175
1.5886
1.60997
1.59627
1.58355
1.59269
1.61845
1.63497
1.63579
1.6285
1.62343
1.62466
1.62891
1.63153
1.6317
1.63134
1.63184
1.63346
1.63638
1.6382
1.63869
1.63815
1.637
1.63614
1.6356
1.63494
1.63388
1.63278
1.63244
1.63265
1.63322
1.63418
1.63554
1.63725
1.63895
1.64003
1.64039
1.64048
1.64032
1.63986
1.63911
1.63816
1.63717
1.63625
1.63539
1.63445
1.63325
1.63193
1.63116
1.63109
1.63143
1.63226
1.63377
1.63627
1.63957
1.6422
1.64305
1.64314
1.64285
1.64191
1.64009
1.63737
1.63413
1.6311
1.62898
1.62791
1.62758
1.62775
1.62833
1.62937
1.63111
1.63384
1.63769
1.64231
1.64671
1.64963
1.65092
1.65138
1.65136
1.65068
1.64899
1.64612
1.64257
1.63985
1.63895
1.63882
1.63902
1.63962
1.64079
1.64287
1.64617
1.65069
1.65563
1.65903
1.66006
1.6601
1.65962
1.65831
1.65558
1.65074
1.64358
1.63536
1.62848
1.62405
1.62132
1.61965
1.61897
1.61896
1.61904
1.61894
1.6183
1.61687
1.61434
1.61042
1.60524
1.59995
1.59648
1.59515
1.59503
1.59548
1.59653
1.59839
1.60134
1.60562
1.61115
1.61739
1.62352
1.62898
1.63372
1.63808
1.6425
1.64726
1.65252
1.65818
1.66406
1.66997
1.67565
1.68087
1.68554
1.68985
1.69411
1.69864
1.70358
1.70887
1.71437
1.72002
1.72629
1.7341
1.74488
1.75779
1.76513
1.76559
1.76373
1.75549
1.73032
1.67401
1.59909
1.55771
1.55141
1.55127
1.55134
1.55158
1.55201
1.55252
1.55296
1.55329
1.55356
1.55382
1.55409
1.5544
1.55473
1.55506
1.5554
1.55572
1.55605
1.55638
1.55671
1.55705
1.5574
1.55775
1.55811
1.55844
1.55899
15.9101
0.155181
0.174075
0.214021
0.22517
0.224301
0.223962
0.221177
0.216383
0.211655
0.187494
0.141636
0.129659
0.130408
0.13456
0.141006
0.14778
0.154421
0.161084
0.168064
0.175721
0.184253
0.19287
0.198281
0.1993
0.197959
0.191021
0.162557
0.133378
0.130259
0.13114
0.134662
0.138889
0.142324
0.145079
0.147605
0.150164
0.152791
0.155419
0.15811
0.161395
0.166633
0.17301
0.174872
0.173325
0.163143
0.138309
0.1278
0.127436
0.128778
0.131948
0.135218
0.137685
0.13971
0.141832
0.144355
0.14721
0.150296
0.153802
0.158181
0.164489
0.17302
0.17852
0.18029
0.172494
0.154732
0.149693
0.151782
0.156643
0.163321
0.169551
0.174675
0.179218
0.1838
0.188649
0.193872
0.200076
0.20872
0.22063
0.226815
0.227522
0.215509
0.202042
0.202609
0.207931
0.217345
0.228
0.237287
0.245243
0.253231
0.262694
0.275911
0.294405
0.310085
0.318065
0.313411
0.301221
0.303311
0.316202
0.337237
0.362215
0.387469
0.415154
0.451071
0.499633
0.544954
0.581331
0.601544
0.641403
0.714863
0.82997
0.9926
1.16818
1.27229
1.32535
1.36793
1.43522
1.54188
1.60423
1.61304
1.59233
1.58635
1.59884
1.62581
1.63651
1.63504
1.62629
1.62342
1.62538
1.62998
1.63163
1.63145
1.63115
1.63179
1.63403
1.63741
1.63916
1.63957
1.63892
1.63751
1.6362
1.63514
1.63397
1.63253
1.63154
1.63141
1.63166
1.63232
1.63342
1.63501
1.63702
1.63899
1.64025
1.64068
1.64079
1.64065
1.64018
1.63937
1.63828
1.63704
1.63577
1.63449
1.63313
1.63167
1.63049
1.63003
1.63013
1.63056
1.63147
1.63311
1.63581
1.63949
1.64271
1.64396
1.64417
1.64402
1.64327
1.64158
1.63876
1.63498
1.63106
1.62819
1.62701
1.62684
1.62712
1.62782
1.62906
1.63115
1.63441
1.6389
1.64422
1.6492
1.65243
1.65377
1.65422
1.65422
1.65362
1.65201
1.64911
1.64504
1.64101
1.63881
1.63839
1.63847
1.63898
1.64014
1.6424
1.64623
1.65163
1.65714
1.6602
1.66084
1.66071
1.66004
1.6584
1.65504
1.64916
1.64053
1.6306
1.62236
1.61754
1.61545
1.61491
1.61546
1.61706
1.61926
1.62046
1.62071
1.6203
1.6188
1.61565
1.61052
1.60394
1.5978
1.59415
1.59298
1.59284
1.59335
1.5947
1.59718
1.60115
1.6067
1.61336
1.62023
1.62654
1.63206
1.63703
1.64188
1.64699
1.6526
1.65877
1.66529
1.67187
1.6783
1.68438
1.68999
1.69506
1.69973
1.70421
1.70867
1.71308
1.71735
1.72156
1.7262
1.73237
1.7416
1.75372
1.76148
1.76215
1.76053
1.75291
1.72914
1.67508
1.60112
1.55839
1.55145
1.55128
1.55134
1.55158
1.552
1.55251
1.55295
1.55329
1.55356
1.55382
1.5541
1.5544
1.55473
1.55506
1.5554
1.55572
1.55605
1.55638
1.55671
1.55706
1.5574
1.55775
1.55811
1.55844
1.55899
15.9591
0.104817
0.175692
0.215288
0.225462
0.224507
0.224133
0.221291
0.216367
0.21152
0.187292
0.141768
0.129926
0.13065
0.134766
0.141176
0.147912
0.154493
0.161068
0.167934
0.175406
0.183716
0.192244
0.197919
0.199219
0.197921
0.191303
0.16349
0.133692
0.130288
0.13113
0.134619
0.138843
0.142268
0.144992
0.147467
0.149959
0.152522
0.155102
0.157769
0.161055
0.166301
0.172784
0.174817
0.173385
0.163611
0.138909
0.127907
0.127479
0.128765
0.131902
0.135173
0.137623
0.1396
0.141627
0.144042
0.1468
0.149779
0.153161
0.15741
0.163586
0.171939
0.17743
0.179288
0.172079
0.15444
0.148872
0.150845
0.155491
0.162074
0.168307
0.173449
0.177957
0.182418
0.187118
0.192185
0.198132
0.206386
0.218156
0.225028
0.226754
0.216555
0.202869
0.202824
0.208066
0.217502
0.228411
0.23804
0.246299
0.254521
0.264146
0.27733
0.295507
0.311332
0.319752
0.316002
0.304909
0.307536
0.320888
0.342485
0.368016
0.393757
0.42197
0.45852
0.507146
0.550948
0.587541
0.609186
0.655663
0.73602
0.862264
1.03962
1.20945
1.30637
1.34494
1.39095
1.46362
1.56919
1.61273
1.61249
1.58966
1.58967
1.60595
1.63124
1.63701
1.63338
1.62455
1.62352
1.62628
1.63076
1.6315
1.63099
1.63073
1.63158
1.63443
1.63814
1.6398
1.64015
1.63945
1.63792
1.63628
1.6347
1.63295
1.6312
1.63038
1.63032
1.63061
1.63134
1.6326
1.63444
1.63673
1.63894
1.64032
1.64078
1.6409
1.64078
1.64031
1.63944
1.63823
1.63678
1.63519
1.63353
1.63185
1.63035
1.62946
1.62925
1.62942
1.6299
1.63088
1.63263
1.63553
1.63949
1.6432
1.64492
1.64528
1.64529
1.64476
1.64326
1.64037
1.63606
1.63125
1.62772
1.62643
1.62632
1.62662
1.62734
1.62868
1.63101
1.63473
1.63987
1.64585
1.65125
1.65463
1.656
1.65648
1.65654
1.65607
1.6546
1.65169
1.64724
1.64227
1.63897
1.6381
1.63804
1.63841
1.63952
1.64191
1.64618
1.65223
1.65807
1.66091
1.66137
1.66115
1.66039
1.65853
1.65468
1.64781
1.63757
1.62581
1.61661
1.61233
1.61123
1.61136
1.61245
1.61483
1.61842
1.62174
1.62311
1.62347
1.62287
1.62066
1.61592
1.60842
1.59981
1.59348
1.59093
1.5904
1.59065
1.59169
1.59381
1.59749
1.603
1.60996
1.61741
1.62443
1.63063
1.63615
1.64142
1.64683
1.65265
1.65899
1.66578
1.6728
1.6798
1.68663
1.6932
1.69933
1.70481
1.70959
1.71374
1.71733
1.72045
1.7233
1.72642
1.73092
1.73848
1.74966
1.75803
1.75902
1.7577
1.75072
1.72823
1.67609
1.60296
1.55903
1.5515
1.55129
1.55135
1.55158
1.552
1.5525
1.55295
1.55329
1.55356
1.55382
1.5541
1.5544
1.55473
1.55506
1.55539
1.55572
1.55605
1.55638
1.55672
1.55706
1.5574
1.55775
1.55811
1.55844
1.55899
15.9539
0.107011
0.17762
0.216391
0.225639
0.224481
0.224031
0.221138
0.216045
0.210988
0.186721
0.141703
0.130046
0.130729
0.134778
0.141144
0.147864
0.154421
0.160926
0.167675
0.175069
0.183375
0.191979
0.197883
0.19939
0.198128
0.191815
0.164399
0.13397
0.130307
0.131112
0.134554
0.138752
0.142155
0.144848
0.147271
0.149696
0.15219
0.15471
0.157324
0.160561
0.165777
0.172449
0.174744
0.17341
0.164015
0.139469
0.128012
0.127539
0.128787
0.131912
0.135196
0.137649
0.139605
0.14158
0.143906
0.146571
0.149464
0.152746
0.156897
0.162977
0.171228
0.176772
0.178701
0.171906
0.154377
0.148417
0.150311
0.154817
0.161337
0.167553
0.172655
0.177075
0.181408
0.185958
0.190865
0.196572
0.204509
0.216113
0.223697
0.226255
0.217482
0.20378
0.203079
0.208195
0.217598
0.22872
0.238644
0.247122
0.255445
0.265003
0.27789
0.295575
0.311571
0.320359
0.317712
0.307638
0.310507
0.32411
0.346073
0.372089
0.398325
0.427003
0.463895
0.511974
0.554113
0.590431
0.613369
0.664757
0.750061
0.884437
1.07128
1.23238
1.32219
1.35322
1.40344
1.48248
1.58392
1.61583
1.61021
1.58927
1.59288
1.61229
1.63419
1.63668
1.63123
1.62361
1.62361
1.62734
1.63116
1.63124
1.63039
1.63023
1.63137
1.63479
1.63865
1.64014
1.64042
1.6397
1.63816
1.63631
1.63427
1.63196
1.63004
1.62936
1.62929
1.62959
1.63041
1.63185
1.63392
1.63646
1.6389
1.64037
1.64084
1.64096
1.64084
1.64036
1.63943
1.6381
1.63645
1.63462
1.63267
1.63081
1.62941
1.62878
1.62871
1.62893
1.62944
1.63047
1.63233
1.63539
1.63959
1.64368
1.64585
1.64637
1.64651
1.64617
1.64487
1.64195
1.63716
1.63149
1.62741
1.62605
1.62595
1.62621
1.62689
1.62824
1.63075
1.63488
1.64066
1.64731
1.65308
1.65647
1.65782
1.65829
1.65838
1.65802
1.65669
1.65379
1.64899
1.64324
1.63916
1.63792
1.63775
1.63799
1.63902
1.64148
1.64604
1.65254
1.65861
1.66136
1.66173
1.66146
1.66064
1.65861
1.65428
1.64642
1.63452
1.6211
1.61188
1.60882
1.60843
1.60881
1.61009
1.61282
1.61723
1.62224
1.6254
1.62637
1.62632
1.62485
1.62066
1.61261
1.60187
1.59298
1.58896
1.58812
1.58823
1.58906
1.59094
1.59445
1.60001
1.60729
1.61524
1.6228
1.62951
1.6355
1.64112
1.64677
1.6527
1.65903
1.66579
1.67295
1.68042
1.68801
1.69552
1.70268
1.70909
1.71437
1.71833
1.72115
1.72319
1.72485
1.72669
1.72977
1.7358
1.74599
1.75504
1.75652
1.7554
1.749
1.72757
1.67696
1.60448
1.55957
1.55153
1.5513
1.55136
1.55158
1.55199
1.5525
1.55295
1.55329
1.55357
1.55382
1.5541
1.5544
1.55472
1.55506
1.55539
1.55572
1.55605
1.55638
1.55672
1.55706
1.5574
1.55775
1.55811
1.55844
1.55899
15.9522
0.106381
0.178516
0.216932
0.225728
0.224387
0.2238
0.220917
0.215757
0.210473
0.186055
0.141534
0.130141
0.130808
0.13482
0.141163
0.147874
0.154425
0.160929
0.167674
0.175029
0.183279
0.191881
0.197956
0.199683
0.198486
0.192376
0.165114
0.134213
0.130394
0.131175
0.13458
0.138734
0.142086
0.144722
0.147087
0.149454
0.151887
0.15436
0.156941
0.160135
0.165273
0.172016
0.174576
0.173364
0.164316
0.139949
0.128119
0.127613
0.128839
0.131962
0.135255
0.137706
0.139637
0.141575
0.14384
0.146442
0.149282
0.152509
0.156607
0.162623
0.170809
0.17647
0.17845
0.17192
0.154455
0.148257
0.150115
0.154563
0.161052
0.167245
0.172313
0.176676
0.180922
0.185341
0.190078
0.195572
0.203276
0.214724
0.222955
0.226075
0.218283
0.204586
0.203324
0.208304
0.217665
0.228997
0.239197
0.247795
0.256063
0.265427
0.27789
0.295032
0.31119
0.32024
0.318499
0.309198
0.312114
0.325739
0.347745
0.374123
0.400893
0.430031
0.467018
0.514281
0.554764
0.590388
0.614173
0.66849
0.756773
0.896412
1.08783
1.24149
1.32611
1.35499
1.40867
1.49284
1.59011
1.6163
1.60785
1.59014
1.59533
1.6165
1.635
1.6359
1.62928
1.62328
1.62401
1.62829
1.63123
1.63094
1.62979
1.62975
1.6312
1.63505
1.63892
1.64021
1.64045
1.63979
1.63837
1.63645
1.63397
1.63115
1.62915
1.62858
1.62847
1.62877
1.62967
1.63127
1.63353
1.63631
1.63891
1.64041
1.64085
1.64096
1.64084
1.64034
1.63937
1.63795
1.63619
1.63418
1.63204
1.63009
1.62878
1.6283
1.62833
1.62859
1.62913
1.6302
1.63214
1.63531
1.63966
1.64405
1.64658
1.64728
1.64751
1.64732
1.6462
1.64329
1.63809
1.63175
1.6273
1.62589
1.62577
1.62593
1.62648
1.62774
1.63029
1.63477
1.6412
1.64845
1.65441
1.65767
1.65886
1.65926
1.65939
1.65916
1.65803
1.65522
1.65022
1.64392
1.63929
1.63781
1.63759
1.63774
1.63869
1.64114
1.64587
1.65264
1.65887
1.6616
1.66196
1.6617
1.66096
1.65895
1.65437
1.64548
1.63193
1.61755
1.60916
1.60709
1.60691
1.60721
1.60837
1.61109
1.61599
1.62231
1.62698
1.6285
1.62883
1.62787
1.62422
1.61594
1.60356
1.59241
1.58727
1.58637
1.58653
1.58732
1.58911
1.59257
1.59816
1.60562
1.61383
1.62172
1.6288
1.63514
1.64106
1.64688
1.65284
1.65912
1.66583
1.67305
1.68076
1.68879
1.69685
1.70467
1.71187
1.71775
1.72179
1.72407
1.72531
1.72614
1.72708
1.72907
1.73389
1.74324
1.75278
1.75478
1.75375
1.74778
1.72714
1.6776
1.60557
1.55997
1.55156
1.55131
1.55136
1.55158
1.55199
1.55249
1.55294
1.55329
1.55357
1.55382
1.5541
1.5544
1.55472
1.55506
1.55539
1.55572
1.55605
1.55638
1.55672
1.55706
1.5574
1.55775
1.55811
1.55844
1.55899
15.9448
0.109088
0.179641
0.217344
0.225666
0.224296
0.223748
0.22088
0.2157
0.21024
0.185554
0.141296
0.130106
0.130768
0.134766
0.141097
0.147802
0.154349
0.160847
0.167589
0.17495
0.183225
0.191864
0.19812
0.200088
0.19889
0.192778
0.165436
0.134338
0.130456
0.131215
0.134582
0.13869
0.141984
0.144554
0.146851
0.149161
0.151565
0.154025
0.156611
0.159841
0.165032
0.171821
0.174449
0.173298
0.164504
0.140257
0.128205
0.12768
0.128895
0.132011
0.135298
0.137733
0.139648
0.141568
0.143809
0.146375
0.149172
0.15237
0.156455
0.162485
0.170686
0.176437
0.17848
0.172079
0.154594
0.148272
0.150101
0.154523
0.161011
0.167193
0.172209
0.176489
0.180643
0.184955
0.189608
0.195078
0.202784
0.214224
0.222911
0.22637
0.219011
0.205196
0.203581
0.208443
0.217785
0.229207
0.239536
0.248127
0.256205
0.265257
0.277396
0.294368
0.310845
0.320034
0.318765
0.309905
0.3128
0.326378
0.348383
0.374938
0.401974
0.431274
0.46805
0.514263
0.554067
0.589346
0.613708
0.66959
0.759212
0.900978
1.09357
1.24276
1.32538
1.35486
1.41019
1.49711
1.59184
1.6159
1.60666
1.59102
1.59681
1.61826
1.63471
1.63504
1.62824
1.62342
1.62441
1.62872
1.63103
1.63056
1.62936
1.62944
1.63111
1.63516
1.639
1.64025
1.64049
1.63985
1.63843
1.63639
1.6336
1.63044
1.62842
1.62797
1.62792
1.6283
1.6293
1.63099
1.63334
1.63619
1.63888
1.64041
1.64085
1.64095
1.64082
1.6403
1.63927
1.6378
1.63597
1.6339
1.63171
1.62974
1.62849
1.62808
1.62816
1.62846
1.62902
1.63013
1.63212
1.63535
1.63976
1.64428
1.64714
1.64812
1.64841
1.64831
1.64715
1.64402
1.63848
1.6318
1.62706
1.62559
1.62548
1.6257
1.6262
1.62744
1.63008
1.63475
1.64152
1.64922
1.65543
1.65863
1.65974
1.66007
1.66012
1.65991
1.65888
1.6561
1.65091
1.64422
1.63926
1.63767
1.63741
1.63751
1.63845
1.64093
1.64577
1.6527
1.65901
1.66174
1.66212
1.66183
1.66107
1.65898
1.65407
1.64443
1.62975
1.61499
1.6074
1.60589
1.60594
1.60632
1.60742
1.61023
1.61546
1.62247
1.62843
1.63077
1.63104
1.63004
1.62613
1.61735
1.60422
1.59227
1.5864
1.58503
1.58505
1.58583
1.58762
1.59125
1.59711
1.60471
1.61303
1.62108
1.62835
1.63485
1.64088
1.64674
1.6527
1.65897
1.66567
1.6729
1.68071
1.68913
1.69795
1.70661
1.71422
1.72006
1.72379
1.72567
1.72637
1.72665
1.72708
1.72851
1.73259
1.74128
1.75118
1.75373
1.75293
1.74722
1.72699
1.67805
1.60617
1.56017
1.55157
1.55131
1.55136
1.55158
1.55199
1.55249
1.55294
1.55329
1.55357
1.55383
1.5541
1.5544
1.55472
1.55506
1.55539
1.55572
1.55605
1.55638
1.55672
1.55706
1.5574
1.55775
1.55811
1.55844
1.55899
)
;

boundaryField
{
    sides
    {
        type            calculated;
        value           nonuniform List<scalar> 
600
(
15.8879
0.109781
0.189392
0.221622
0.22584
0.223399
0.222228
0.219668
0.214228
0.206559
0.173093
0.132621
0.127565
0.129085
0.134101
0.140798
0.147679
0.154547
0.161597
0.169185
0.177806
0.187428
0.195993
0.200091
0.199925
0.197525
0.184578
0.14735
0.128027
0.127307
0.12913
0.133074
0.136944
0.140013
0.142633
0.145177
0.147802
0.150501
0.153224
0.156118
0.159838
0.165789
0.172396
0.173598
0.171474
0.157882
0.132682
0.126054
0.126257
0.128387
0.132112
0.135621
0.138465
0.141098
0.143895
0.147043
0.150518
0.154171
0.158105
0.163013
0.169991
0.178598
0.18233
0.181826
0.168834
0.152038
0.150129
0.152056
0.156721
0.162288
0.167001
0.17067
0.1738
0.176933
0.180342
0.184321
0.189655
0.197342
0.207016
0.211717
0.212173
0.201458
0.189178
0.189501
0.194377
0.202965
0.213145
0.222616
0.231088
0.239479
0.248883
0.260769
0.276933
0.296639
0.307456
0.3108
0.301657
0.296242
0.305971
0.323799
0.348448
0.374378
0.400862
0.432313
0.473264
0.515418
0.551014
0.574742
0.608241
0.678218
0.787913
0.946202
1.13412
1.25809
1.32857
1.37304
1.43541
1.53332
1.59974
1.61054
1.59317
1.58715
1.59857
1.62542
1.63731
1.63593
1.62791
1.62466
1.62612
1.63004
1.63092
1.62978
1.62655
1.62449
1.62482
1.62581
1.62702
1.6281
1.62928
1.63133
1.63502
1.63913
1.64113
1.64145
1.64129
1.64045
1.6392
1.63781
1.63628
1.63459
1.63286
1.63129
1.63008
1.62933
1.62904
1.62915
1.62948
1.6301
1.63127
1.63315
1.63585
1.63913
1.64207
1.64367
1.64414
1.64426
1.644
1.64285
1.64017
1.63544
1.62929
1.62413
1.62199
1.62171
1.62191
1.62233
1.62334
1.62537
1.62884
1.63372
1.63911
1.64333
1.64533
1.64589
1.64605
1.646
1.64533
1.64328
1.63901
1.63237
1.62557
1.62212
1.62153
1.62168
1.62212
1.62321
1.62568
1.63045
1.63805
1.64766
1.65634
1.66107
1.66254
1.66287
1.66268
1.66194
1.65957
1.65389
1.6432
1.62815
1.61486
1.6092
1.60833
1.60846
1.60908
1.6108
1.61458
1.62107
1.6291
1.63414
1.63507
1.63513
1.63424
1.63286
1.63249
1.63397
1.63674
1.642
1.65028
1.66077
1.67135
1.67964
1.68381
1.68466
1.68319
1.67891
1.66718
1.64571
1.62011
1.60257
1.59582
1.59415
1.59387
1.59398
1.59487
1.59715
1.60119
1.60698
1.61389
1.62093
1.62735
1.63297
1.63809
1.64313
1.64842
1.65416
1.66055
1.66767
1.67547
1.68388
1.69286
1.70242
1.71284
1.72481
1.73973
1.75934
1.78164
1.7947
1.79603
1.79426
1.78334
1.74686
1.66896
1.58496
1.55372
1.55112
1.55111
1.55126
1.55163
1.55215
1.55264
1.55301
1.55328
1.55352
1.55378
1.55407
1.55439
1.55473
1.55507
1.5554
1.55572
1.55605
1.55638
1.55671
1.55705
1.5574
1.55774
1.5581
1.55843
1.55899
15.9448
0.109088
0.179641
0.217344
0.225666
0.224296
0.223748
0.22088
0.2157
0.21024
0.185554
0.141296
0.130106
0.130768
0.134766
0.141097
0.147802
0.154349
0.160847
0.167589
0.17495
0.183225
0.191864
0.19812
0.200088
0.19889
0.192778
0.165436
0.134338
0.130456
0.131215
0.134582
0.13869
0.141984
0.144554
0.146851
0.149161
0.151565
0.154025
0.156611
0.159841
0.165032
0.171821
0.174449
0.173298
0.164504
0.140257
0.128205
0.12768
0.128895
0.132011
0.135298
0.137733
0.139648
0.141568
0.143809
0.146375
0.149172
0.15237
0.156455
0.162485
0.170686
0.176437
0.17848
0.172079
0.154594
0.148272
0.150101
0.154523
0.161011
0.167193
0.172209
0.176489
0.180643
0.184955
0.189608
0.195078
0.202784
0.214224
0.222911
0.22637
0.219011
0.205196
0.203581
0.208443
0.217785
0.229207
0.239536
0.248127
0.256205
0.265257
0.277396
0.294368
0.310845
0.320034
0.318765
0.309905
0.3128
0.326378
0.348383
0.374938
0.401974
0.431274
0.46805
0.514263
0.554067
0.589346
0.613708
0.66959
0.759212
0.900978
1.09357
1.24276
1.32538
1.35486
1.41019
1.49711
1.59184
1.6159
1.60666
1.59102
1.59681
1.61826
1.63471
1.63504
1.62824
1.62342
1.62441
1.62872
1.63103
1.63056
1.62936
1.62944
1.63111
1.63516
1.639
1.64025
1.64049
1.63985
1.63843
1.63639
1.6336
1.63044
1.62842
1.62797
1.62792
1.6283
1.6293
1.63099
1.63334
1.63619
1.63888
1.64041
1.64085
1.64095
1.64082
1.6403
1.63927
1.6378
1.63597
1.6339
1.63171
1.62974
1.62849
1.62808
1.62816
1.62846
1.62902
1.63013
1.63212
1.63535
1.63976
1.64428
1.64714
1.64812
1.64841
1.64831
1.64715
1.64402
1.63848
1.6318
1.62706
1.62559
1.62548
1.6257
1.6262
1.62744
1.63008
1.63475
1.64152
1.64922
1.65543
1.65863
1.65974
1.66007
1.66012
1.65991
1.65888
1.6561
1.65091
1.64422
1.63926
1.63767
1.63741
1.63751
1.63845
1.64093
1.64577
1.6527
1.65901
1.66174
1.66212
1.66183
1.66107
1.65898
1.65407
1.64443
1.62975
1.61499
1.6074
1.60589
1.60594
1.60632
1.60742
1.61023
1.61546
1.62247
1.62843
1.63077
1.63104
1.63004
1.62613
1.61735
1.60422
1.59227
1.5864
1.58503
1.58505
1.58583
1.58762
1.59125
1.59711
1.60471
1.61303
1.62108
1.62835
1.63485
1.64088
1.64674
1.6527
1.65897
1.66567
1.6729
1.68071
1.68913
1.69795
1.70661
1.71422
1.72006
1.72379
1.72567
1.72637
1.72665
1.72708
1.72851
1.73259
1.74128
1.75118
1.75373
1.75293
1.74722
1.72699
1.67805
1.60617
1.56017
1.55157
1.55131
1.55136
1.55158
1.55199
1.55249
1.55294
1.55329
1.55357
1.55383
1.5541
1.5544
1.55472
1.55506
1.55539
1.55572
1.55605
1.55638
1.55672
1.55706
1.5574
1.55775
1.55811
1.55844
1.55899
)
;
    }
    inlet
    {
        type            calculated;
        value           nonuniform List<scalar> 
20
(
0.0830973
0.0831044
0.0831005
0.083129
0.0831408
0.0831162
0.0831541
0.0831754
0.0831963
0.0832273
0.0832582
0.083288
0.0833144
0.0832993
0.0833145
0.0833058
0.0833434
0.0833829
0.0834067
0.0834359
)
;
    }
    outlet
    {
        type            calculated;
        value           nonuniform List<scalar> 
20
(
1.55899
1.55899
1.55899
1.55899
1.55899
1.55899
1.55899
1.55899
1.55899
1.55899
1.55899
1.55899
1.55899
1.55899
1.55899
1.55899
1.55899
1.55899
1.55899
1.55899
)
;
    }
    empty
    {
        type            empty;
    }
}


// ************************************************************************* //
