/*--------------------------------*- C++ -*----------------------------------*\
| =========                 |                                                 |
| \\      /  F ield         | OpenFOAM: The Open Source CFD Toolbox           |
|  \\    /   O peration     | Version:  2306                                  |
|   \\  /    A nd           | Website:  www.openfoam.com                      |
|    \\/     M anipulation  |                                                 |
\*---------------------------------------------------------------------------*/
FoamFile
{
    version     2.0;
    format      ascii;
    arch        "LSB;label=32;scalar=64";
    class       volScalarField;
    location    "0.06";
    object      T;
}
// * * * * * * * * * * * * * * * * * * * * * * * * * * * * * * * * * * * * * //

dimensions      [0 0 0 1 0 0 0];

internalField   nonuniform List<scalar> 
6000
(
532.368
532.368
532.368
532.368
532.368
532.368
532.368
532.368
532.368
532.368
532.368
532.368
532.368
532.368
532.368
532.368
532.368
532.368
532.368
532.368
532.368
532.368
532.368
532.368
532.368
532.369
532.371
532.378
532.397
532.44
532.529
532.664
532.773
532.793
532.784
532.739
532.631
532.448
532.203
531.917
531.618
531.329
531.063
530.833
530.644
530.498
530.385
530.299
530.233
530.179
530.135
530.095
530.06
530.03
530.005
529.982
529.961
529.942
529.928
529.922
529.921
529.921
529.922
529.924
529.928
529.935
529.944
529.955
529.965
529.974
529.981
529.987
529.992
529.996
530
530.004
530.007
530.009
530.011
530.012
530.014
530.015
530.016
530.017
530.017
530.018
530.018
530.017
530.017
530.016
530.014
530.011
530.008
530.003
529.999
529.995
529.991
529.987
529.984
529.981
529.978
529.976
529.974
529.974
529.974
529.974
529.974
529.975
529.977
529.98
529.983
529.986
529.989
529.992
529.994
529.995
529.996
529.998
529.999
530
530.001
530.002
530.003
530.004
530.005
530.006
530.008
530.011
530.014
530.017
530.017
530.017
530.016
530.015
530.011
530.007
530.001
529.997
529.993
529.991
529.989
529.987
529.985
529.983
529.981
529.979
529.976
529.975
529.975
529.975
529.975
529.976
529.977
529.978
529.98
529.982
529.985
529.988
529.99
529.992
529.994
529.996
529.997
529.999
530
530.001
530.001
530.002
530.002
530.003
530.003
530.004
530.005
530.006
530.008
530.011
530.015
530.018
530.02
530.02
530.019
530.017
530.014
530.008
530.002
529.996
529.992
529.989
529.986
529.985
529.984
529.982
529.981
529.98
529.978
529.977
529.975
529.974
529.973
529.973
529.973
529.973
529.975
529.977
529.98
529.983
529.987
529.99
529.993
529.995
529.997
529.998
529.999
530
530.001
530.001
530.001
530.001
530.002
530.003
530.004
530.006
530.008
530.01
530.013
530.017
530.022
530.025
530.025
530.025
530.023
530.02
530.014
530.007
529.999
529.994
529.99
529.988
529.987
529.985
529.984
529.982
529.98
529.977
529.975
529.972
529.969
529.968
529.967
529.967
529.968
529.969
529.971
529.974
529.977
529.981
529.984
529.988
529.99
529.992
529.993
529.995
529.996
529.998
529.999
530.001
530.003
530.006
530.008
530.01
530.011
530.013
530.015
530.017
530.02
530.026
530.031
530.033
530.033
530.032
530.03
530.025
530.017
530.007
529.998
529.992
529.988
529.986
529.983
529.98
529.976
529.974
529.972
529.97
529.968
529.968
529.966
529.965
529.964
529.964
532.368
532.368
532.368
532.368
532.368
532.368
532.368
532.368
532.368
532.368
532.368
532.368
532.368
532.368
532.368
532.368
532.368
532.368
532.368
532.368
532.368
532.368
532.368
532.368
532.368
532.369
532.371
532.378
532.397
532.44
532.529
532.664
532.773
532.793
532.784
532.739
532.631
532.448
532.202
531.917
531.618
531.329
531.062
530.834
530.645
530.498
530.384
530.299
530.234
530.18
530.134
530.094
530.06
530.031
530.005
529.982
529.961
529.942
529.928
529.922
529.921
529.921
529.922
529.924
529.928
529.935
529.944
529.955
529.965
529.974
529.981
529.987
529.992
529.996
530
530.004
530.007
530.009
530.011
530.012
530.014
530.015
530.016
530.017
530.017
530.018
530.017
530.017
530.017
530.016
530.014
530.011
530.008
530.003
529.999
529.995
529.991
529.987
529.984
529.981
529.978
529.976
529.974
529.974
529.974
529.974
529.974
529.975
529.977
529.98
529.983
529.986
529.989
529.992
529.993
529.995
529.996
529.998
529.999
530
530.001
530.002
530.003
530.004
530.005
530.006
530.008
530.011
530.014
530.017
530.017
530.017
530.016
530.015
530.011
530.007
530.001
529.997
529.993
529.991
529.989
529.987
529.985
529.983
529.981
529.979
529.977
529.975
529.975
529.975
529.975
529.976
529.977
529.978
529.98
529.982
529.985
529.988
529.99
529.993
529.994
529.996
529.997
529.998
530
530.001
530.001
530.002
530.002
530.003
530.003
530.004
530.005
530.006
530.008
530.011
530.015
530.018
530.02
530.02
530.019
530.017
530.013
530.008
530.002
529.996
529.991
529.989
529.986
529.985
529.984
529.982
529.981
529.98
529.978
529.977
529.975
529.974
529.973
529.973
529.973
529.973
529.975
529.977
529.98
529.983
529.987
529.99
529.993
529.995
529.997
529.998
529.999
530
530
530.001
530.001
530.001
530.002
530.003
530.004
530.006
530.008
530.01
530.013
530.017
530.022
530.025
530.025
530.025
530.023
530.02
530.014
530.007
529.999
529.994
529.99
529.988
529.986
529.985
529.983
529.982
529.98
529.977
529.975
529.972
529.97
529.968
529.967
529.967
529.968
529.969
529.971
529.974
529.977
529.981
529.984
529.987
529.99
529.992
529.994
529.995
529.997
529.998
529.999
530.001
530.003
530.006
530.008
530.009
530.011
530.013
530.015
530.017
530.02
530.026
530.031
530.033
530.034
530.033
530.03
530.025
530.017
530.007
529.998
529.992
529.988
529.986
529.983
529.98
529.976
529.974
529.972
529.97
529.968
529.967
529.966
529.965
529.964
529.964
532.368
532.368
532.368
532.368
532.368
532.368
532.368
532.368
532.368
532.368
532.368
532.368
532.368
532.368
532.368
532.368
532.368
532.368
532.368
532.368
532.368
532.368
532.368
532.368
532.368
532.369
532.371
532.378
532.397
532.44
532.529
532.664
532.773
532.793
532.784
532.739
532.631
532.448
532.202
531.917
531.619
531.328
531.062
530.834
530.645
530.498
530.384
530.3
530.234
530.18
530.134
530.094
530.06
530.031
530.005
529.982
529.961
529.942
529.928
529.922
529.921
529.921
529.922
529.924
529.929
529.935
529.944
529.955
529.965
529.974
529.981
529.987
529.992
529.996
530
530.004
530.007
530.009
530.011
530.012
530.013
530.015
530.016
530.017
530.017
530.018
530.017
530.017
530.017
530.016
530.014
530.011
530.008
530.003
529.999
529.995
529.991
529.987
529.984
529.981
529.978
529.976
529.974
529.974
529.974
529.974
529.974
529.975
529.977
529.98
529.983
529.986
529.989
529.992
529.993
529.995
529.996
529.998
529.999
530
530.001
530.002
530.003
530.004
530.005
530.006
530.008
530.011
530.014
530.017
530.017
530.017
530.016
530.015
530.011
530.006
530.001
529.997
529.993
529.991
529.989
529.987
529.985
529.983
529.981
529.979
529.977
529.975
529.975
529.975
529.975
529.976
529.976
529.978
529.98
529.982
529.985
529.988
529.991
529.993
529.994
529.996
529.997
529.998
530
530
530.001
530.002
530.002
530.003
530.003
530.004
530.005
530.006
530.008
530.011
530.015
530.019
530.02
530.02
530.019
530.017
530.013
530.008
530.002
529.996
529.991
529.988
529.986
529.985
529.984
529.983
529.981
529.98
529.978
529.977
529.975
529.974
529.973
529.973
529.973
529.973
529.975
529.977
529.98
529.984
529.987
529.99
529.993
529.995
529.997
529.998
529.999
530
530
530.001
530.001
530.001
530.002
530.003
530.004
530.006
530.008
530.01
530.013
530.017
530.022
530.025
530.025
530.025
530.023
530.02
530.015
530.007
530
529.994
529.99
529.988
529.986
529.985
529.983
529.982
529.98
529.977
529.975
529.972
529.97
529.968
529.968
529.968
529.968
529.969
529.971
529.974
529.977
529.98
529.984
529.987
529.99
529.992
529.994
529.996
529.997
529.998
530
530.001
530.004
530.006
530.008
530.009
530.011
530.013
530.014
530.017
530.02
530.026
530.031
530.033
530.034
530.033
530.031
530.026
530.017
530.007
529.998
529.992
529.988
529.985
529.983
529.98
529.977
529.974
529.972
529.97
529.968
529.967
529.966
529.965
529.964
529.964
532.368
532.368
532.368
532.368
532.368
532.368
532.368
532.368
532.368
532.368
532.368
532.368
532.368
532.368
532.368
532.368
532.368
532.368
532.368
532.368
532.368
532.368
532.368
532.368
532.368
532.369
532.371
532.378
532.397
532.44
532.529
532.664
532.773
532.793
532.784
532.739
532.631
532.448
532.202
531.917
531.619
531.328
531.063
530.834
530.645
530.497
530.384
530.3
530.233
530.18
530.134
530.094
530.06
530.031
530.005
529.982
529.961
529.942
529.928
529.922
529.921
529.921
529.922
529.924
529.928
529.935
529.944
529.954
529.965
529.974
529.981
529.987
529.992
529.996
530
530.004
530.007
530.009
530.011
530.012
530.013
530.015
530.016
530.017
530.017
530.018
530.017
530.017
530.017
530.016
530.014
530.011
530.008
530.003
529.999
529.995
529.991
529.987
529.984
529.981
529.978
529.976
529.974
529.974
529.974
529.974
529.974
529.975
529.977
529.98
529.983
529.986
529.989
529.992
529.993
529.995
529.996
529.998
529.999
530
530.001
530.002
530.003
530.004
530.005
530.006
530.008
530.011
530.014
530.017
530.017
530.017
530.016
530.015
530.011
530.006
530.001
529.996
529.993
529.991
529.989
529.987
529.985
529.983
529.981
529.979
529.977
529.975
529.975
529.975
529.975
529.975
529.976
529.978
529.98
529.982
529.985
529.988
529.991
529.993
529.995
529.996
529.997
529.999
530
530
530.001
530.001
530.002
530.003
530.003
530.004
530.005
530.006
530.008
530.011
530.015
530.019
530.02
530.02
530.019
530.017
530.013
530.008
530.001
529.996
529.991
529.988
529.987
529.985
529.984
529.983
529.982
529.98
529.978
529.976
529.975
529.973
529.973
529.973
529.973
529.974
529.975
529.977
529.98
529.984
529.987
529.99
529.993
529.995
529.997
529.998
529.999
530
530
530.001
530.001
530.001
530.002
530.003
530.004
530.006
530.008
530.01
530.013
530.017
530.022
530.025
530.025
530.025
530.023
530.02
530.015
530.008
530
529.994
529.99
529.987
529.986
529.985
529.983
529.981
529.979
529.977
529.975
529.973
529.97
529.969
529.968
529.968
529.968
529.969
529.971
529.973
529.977
529.98
529.984
529.987
529.989
529.992
529.994
529.996
529.997
529.999
530
530.002
530.004
530.006
530.007
530.009
530.011
530.012
530.014
530.016
530.02
530.026
530.031
530.034
530.034
530.033
530.031
530.026
530.017
530.007
529.998
529.992
529.988
529.985
529.982
529.98
529.977
529.974
529.972
529.97
529.968
529.967
529.966
529.965
529.964
529.964
532.368
532.368
532.368
532.368
532.368
532.368
532.368
532.368
532.368
532.368
532.368
532.368
532.368
532.368
532.368
532.368
532.368
532.368
532.368
532.368
532.368
532.368
532.368
532.368
532.368
532.369
532.371
532.378
532.397
532.44
532.529
532.664
532.773
532.793
532.784
532.739
532.631
532.448
532.202
531.917
531.619
531.327
531.063
530.833
530.646
530.496
530.384
530.3
530.233
530.18
530.134
530.094
530.061
530.03
530.005
529.982
529.961
529.942
529.928
529.922
529.921
529.921
529.922
529.924
529.928
529.935
529.944
529.954
529.965
529.974
529.981
529.987
529.992
529.996
530
530.004
530.007
530.009
530.011
530.012
530.013
530.015
530.016
530.017
530.017
530.018
530.017
530.017
530.017
530.016
530.014
530.011
530.008
530.003
529.999
529.995
529.991
529.987
529.984
529.981
529.978
529.976
529.974
529.974
529.974
529.974
529.974
529.975
529.977
529.98
529.983
529.986
529.989
529.992
529.993
529.995
529.996
529.998
529.999
530
530.001
530.002
530.003
530.004
530.005
530.006
530.008
530.011
530.014
530.017
530.017
530.017
530.016
530.015
530.011
530.006
530.001
529.996
529.993
529.991
529.989
529.987
529.985
529.983
529.981
529.979
529.977
529.975
529.975
529.975
529.975
529.975
529.976
529.978
529.98
529.982
529.985
529.988
529.991
529.993
529.995
529.996
529.997
529.999
529.999
530
530.001
530.001
530.002
530.002
530.003
530.004
530.005
530.007
530.009
530.012
530.016
530.019
530.02
530.02
530.019
530.017
530.013
530.008
530.001
529.996
529.991
529.988
529.987
529.985
529.984
529.983
529.982
529.98
529.978
529.976
529.974
529.973
529.973
529.973
529.973
529.974
529.975
529.977
529.98
529.984
529.987
529.99
529.993
529.995
529.997
529.998
529.999
530
530
530.001
530.001
530.002
530.002
530.003
530.005
530.006
530.008
530.01
530.013
530.017
530.022
530.025
530.025
530.025
530.023
530.02
530.015
530.008
530
529.994
529.99
529.987
529.986
529.984
529.983
529.981
529.979
529.977
529.975
529.973
529.971
529.969
529.969
529.968
529.968
529.969
529.971
529.973
529.976
529.98
529.983
529.986
529.989
529.992
529.994
529.996
529.998
529.999
530.001
530.002
530.004
530.005
530.007
530.009
530.01
530.012
530.014
530.016
530.02
530.026
530.032
530.034
530.034
530.033
530.031
530.025
530.017
530.007
529.998
529.992
529.988
529.985
529.982
529.98
529.977
529.975
529.972
529.97
529.968
529.967
529.965
529.964
529.964
529.964
532.368
532.368
532.368
532.368
532.368
532.368
532.368
532.368
532.368
532.368
532.368
532.368
532.368
532.368
532.368
532.368
532.368
532.368
532.368
532.368
532.368
532.368
532.368
532.368
532.368
532.369
532.371
532.378
532.397
532.44
532.529
532.664
532.773
532.793
532.784
532.739
532.631
532.448
532.202
531.917
531.619
531.327
531.064
530.834
530.646
530.496
530.385
530.3
530.233
530.18
530.134
530.094
530.061
530.03
530.005
529.982
529.961
529.942
529.928
529.922
529.921
529.922
529.922
529.924
529.928
529.935
529.944
529.954
529.965
529.974
529.981
529.987
529.992
529.996
530
530.004
530.007
530.009
530.011
530.012
530.013
530.015
530.016
530.017
530.017
530.017
530.017
530.017
530.017
530.016
530.014
530.011
530.008
530.003
529.999
529.995
529.991
529.987
529.984
529.981
529.978
529.976
529.974
529.974
529.974
529.974
529.974
529.975
529.977
529.98
529.983
529.986
529.989
529.992
529.993
529.995
529.996
529.998
529.999
530
530.001
530.002
530.003
530.004
530.005
530.006
530.008
530.011
530.015
530.017
530.017
530.017
530.016
530.015
530.011
530.006
530.001
529.996
529.993
529.991
529.989
529.987
529.985
529.983
529.981
529.979
529.977
529.975
529.975
529.975
529.975
529.975
529.976
529.977
529.98
529.982
529.985
529.988
529.991
529.993
529.995
529.996
529.998
529.999
529.999
530
530.001
530.001
530.002
530.002
530.003
530.004
530.005
530.007
530.009
530.012
530.016
530.019
530.02
530.019
530.019
530.017
530.013
530.007
530.001
529.996
529.991
529.989
529.987
529.986
529.985
529.983
529.982
529.98
529.978
529.976
529.974
529.973
529.973
529.973
529.973
529.974
529.975
529.977
529.981
529.984
529.988
529.99
529.993
529.995
529.996
529.998
529.999
530
530
530.001
530.001
530.002
530.003
530.004
530.005
530.006
530.008
530.01
530.013
530.017
530.021
530.025
530.025
530.025
530.023
530.02
530.015
530.008
530.001
529.994
529.99
529.987
529.985
529.984
529.982
529.981
529.979
529.977
529.975
529.973
529.971
529.969
529.969
529.969
529.969
529.969
529.971
529.973
529.976
529.979
529.983
529.986
529.989
529.992
529.994
529.996
529.998
530
530.001
530.002
530.004
530.005
530.007
530.008
530.01
530.011
530.013
530.016
530.02
530.026
530.032
530.034
530.035
530.034
530.031
530.025
530.016
530.006
529.998
529.991
529.987
529.984
529.982
529.98
529.978
529.975
529.973
529.971
529.969
529.967
529.965
529.964
529.963
529.964
532.368
532.368
532.368
532.368
532.368
532.368
532.368
532.368
532.368
532.368
532.368
532.368
532.368
532.368
532.368
532.368
532.368
532.368
532.368
532.368
532.368
532.368
532.368
532.368
532.368
532.369
532.371
532.378
532.397
532.44
532.529
532.664
532.773
532.793
532.784
532.739
532.631
532.448
532.202
531.917
531.618
531.327
531.064
530.834
530.645
530.496
530.386
530.299
530.234
530.18
530.133
530.095
530.06
530.03
530.005
529.982
529.961
529.942
529.928
529.922
529.921
529.922
529.922
529.924
529.928
529.935
529.944
529.955
529.965
529.974
529.981
529.987
529.992
529.997
530.001
530.004
530.007
530.009
530.011
530.012
530.013
530.015
530.016
530.017
530.017
530.017
530.017
530.017
530.017
530.016
530.014
530.011
530.008
530.003
529.999
529.995
529.991
529.987
529.984
529.981
529.978
529.976
529.974
529.974
529.974
529.974
529.974
529.975
529.977
529.98
529.983
529.986
529.989
529.992
529.993
529.995
529.997
529.998
529.999
530
530.001
530.002
530.003
530.004
530.005
530.006
530.008
530.011
530.015
530.017
530.017
530.017
530.017
530.015
530.011
530.006
530.001
529.996
529.993
529.99
529.989
529.987
529.985
529.984
529.981
529.979
529.977
529.975
529.975
529.975
529.975
529.975
529.976
529.977
529.979
529.982
529.985
529.988
529.991
529.993
529.995
529.996
529.998
529.999
529.999
530
530.001
530.001
530.002
530.002
530.003
530.004
530.005
530.007
530.009
530.012
530.016
530.019
530.02
530.019
530.019
530.017
530.013
530.007
530.001
529.996
529.991
529.989
529.987
529.986
529.985
529.983
529.982
529.98
529.978
529.976
529.974
529.973
529.973
529.973
529.973
529.974
529.975
529.978
529.981
529.984
529.988
529.99
529.993
529.995
529.996
529.997
529.999
530
530
530.001
530.001
530.002
530.003
530.004
530.005
530.006
530.008
530.01
530.012
530.016
530.021
530.024
530.025
530.025
530.023
530.021
530.015
530.008
530.001
529.995
529.99
529.987
529.985
529.984
529.982
529.98
529.979
529.977
529.975
529.973
529.971
529.97
529.969
529.969
529.969
529.969
529.97
529.973
529.976
529.979
529.983
529.986
529.989
529.992
529.994
529.997
529.998
530
530.001
530.002
530.004
530.005
530.006
530.008
530.009
530.011
530.014
530.016
530.021
530.026
530.032
530.035
530.035
530.034
530.031
530.025
530.016
530.006
529.997
529.991
529.987
529.985
529.982
529.98
529.978
529.976
529.974
529.971
529.969
529.967
529.965
529.963
529.962
529.963
532.368
532.368
532.368
532.368
532.368
532.368
532.368
532.368
532.368
532.368
532.368
532.368
532.368
532.368
532.368
532.368
532.368
532.368
532.368
532.368
532.368
532.368
532.368
532.368
532.368
532.369
532.371
532.378
532.397
532.44
532.529
532.664
532.773
532.793
532.784
532.739
532.631
532.448
532.203
531.917
531.618
531.328
531.063
530.834
530.644
530.497
530.385
530.299
530.234
530.179
530.134
530.095
530.06
530.031
530.005
529.982
529.961
529.942
529.928
529.922
529.921
529.922
529.922
529.924
529.928
529.935
529.944
529.955
529.965
529.974
529.981
529.987
529.992
529.997
530.001
530.004
530.007
530.009
530.011
530.012
530.014
530.015
530.016
530.016
530.017
530.017
530.018
530.018
530.017
530.016
530.014
530.011
530.008
530.003
529.999
529.995
529.991
529.987
529.984
529.981
529.978
529.976
529.974
529.974
529.974
529.974
529.974
529.975
529.977
529.98
529.983
529.986
529.989
529.992
529.994
529.995
529.997
529.998
529.999
530
530.001
530.002
530.003
530.004
530.005
530.006
530.008
530.011
530.014
530.017
530.017
530.017
530.017
530.015
530.011
530.006
530.001
529.996
529.993
529.99
529.989
529.987
529.985
529.984
529.981
529.979
529.977
529.975
529.975
529.975
529.975
529.975
529.976
529.977
529.979
529.982
529.985
529.988
529.991
529.993
529.995
529.996
529.998
529.999
529.999
530
530.001
530.001
530.002
530.002
530.003
530.004
530.005
530.007
530.009
530.012
530.016
530.019
530.02
530.019
530.019
530.016
530.013
530.007
530.001
529.996
529.992
529.989
529.987
529.986
529.985
529.983
529.982
529.98
529.978
529.976
529.974
529.973
529.973
529.973
529.973
529.974
529.975
529.978
529.981
529.984
529.988
529.991
529.993
529.994
529.996
529.997
529.998
529.999
530
530.001
530.002
530.002
530.003
530.004
530.005
530.006
530.008
530.01
530.012
530.016
530.021
530.024
530.024
530.024
530.024
530.021
530.016
530.009
530.001
529.995
529.99
529.987
529.985
529.984
529.982
529.98
529.978
529.977
529.975
529.973
529.971
529.97
529.969
529.969
529.969
529.969
529.97
529.972
529.975
529.979
529.982
529.986
529.989
529.992
529.995
529.997
529.999
530
530.001
530.002
530.004
530.005
530.006
530.008
530.009
530.011
530.013
530.017
530.021
530.027
530.033
530.035
530.035
530.034
530.031
530.025
530.016
530.005
529.996
529.99
529.987
529.985
529.983
529.981
529.979
529.976
529.974
529.972
529.969
529.967
529.964
529.963
529.962
529.962
532.368
532.368
532.368
532.368
532.368
532.368
532.368
532.368
532.368
532.368
532.368
532.368
532.368
532.368
532.368
532.368
532.368
532.368
532.368
532.368
532.368
532.368
532.368
532.368
532.368
532.369
532.371
532.378
532.397
532.44
532.529
532.664
532.773
532.793
532.784
532.739
532.631
532.448
532.203
531.917
531.617
531.328
531.063
530.834
530.644
530.498
530.385
530.299
530.234
530.179
530.134
530.095
530.06
530.031
530.005
529.982
529.961
529.942
529.928
529.922
529.921
529.922
529.922
529.924
529.929
529.935
529.944
529.955
529.965
529.974
529.981
529.987
529.992
529.997
530
530.004
530.006
530.009
530.011
530.012
530.014
530.015
530.015
530.016
530.017
530.018
530.018
530.018
530.017
530.016
530.014
530.011
530.008
530.003
529.999
529.995
529.991
529.987
529.984
529.981
529.978
529.976
529.974
529.974
529.974
529.974
529.974
529.975
529.977
529.98
529.983
529.986
529.989
529.992
529.994
529.995
529.997
529.998
529.999
530
530.001
530.002
530.003
530.004
530.005
530.006
530.008
530.011
530.015
530.017
530.018
530.017
530.017
530.015
530.011
530.007
530.001
529.996
529.993
529.99
529.988
529.987
529.985
529.984
529.981
529.979
529.977
529.975
529.975
529.975
529.975
529.975
529.976
529.977
529.979
529.982
529.985
529.988
529.991
529.993
529.995
529.996
529.998
529.999
529.999
530
530.001
530.001
530.002
530.002
530.003
530.004
530.005
530.007
530.009
530.012
530.016
530.019
530.02
530.019
530.019
530.016
530.013
530.007
530.001
529.996
529.992
529.989
529.987
529.986
529.985
529.983
529.982
529.98
529.978
529.976
529.974
529.973
529.972
529.973
529.973
529.974
529.976
529.978
529.981
529.984
529.988
529.99
529.993
529.994
529.996
529.997
529.998
529.999
530
530.001
530.002
530.003
530.003
530.004
530.005
530.006
530.008
530.009
530.012
530.016
530.02
530.023
530.024
530.025
530.024
530.021
530.016
530.009
530.001
529.995
529.991
529.988
529.985
529.983
529.982
529.98
529.978
529.977
529.975
529.973
529.971
529.97
529.969
529.969
529.969
529.97
529.97
529.972
529.975
529.979
529.982
529.986
529.989
529.992
529.995
529.997
529.999
530
530.001
530.002
530.003
530.004
530.006
530.007
530.009
530.011
530.013
530.017
530.022
530.028
530.033
530.036
530.035
530.034
530.031
530.024
530.015
530.004
529.996
529.99
529.987
529.985
529.983
529.981
529.979
529.977
529.975
529.972
529.97
529.967
529.964
529.962
529.961
529.961
532.368
532.368
532.368
532.368
532.368
532.368
532.368
532.368
532.368
532.368
532.368
532.368
532.368
532.368
532.368
532.368
532.368
532.368
532.368
532.368
532.368
532.368
532.368
532.368
532.368
532.369
532.371
532.378
532.397
532.44
532.529
532.664
532.773
532.793
532.784
532.739
532.631
532.448
532.203
531.917
531.617
531.329
531.064
530.834
530.644
530.498
530.384
530.3
530.233
530.179
530.135
530.094
530.06
530.031
530.005
529.982
529.961
529.942
529.928
529.922
529.921
529.921
529.922
529.924
529.929
529.935
529.944
529.954
529.965
529.974
529.981
529.987
529.992
529.997
530
530.004
530.006
530.009
530.011
530.012
530.014
530.014
530.015
530.016
530.017
530.018
530.018
530.018
530.017
530.016
530.014
530.011
530.008
530.003
529.999
529.995
529.99
529.987
529.984
529.981
529.978
529.976
529.974
529.974
529.973
529.974
529.974
529.975
529.977
529.98
529.983
529.986
529.989
529.992
529.994
529.996
529.997
529.998
529.999
530
530.001
530.002
530.003
530.004
530.005
530.006
530.008
530.011
530.015
530.017
530.018
530.017
530.017
530.015
530.011
530.007
530.001
529.996
529.993
529.99
529.988
529.987
529.985
529.984
529.981
529.979
529.977
529.975
529.975
529.975
529.975
529.975
529.976
529.977
529.979
529.982
529.985
529.988
529.991
529.993
529.995
529.996
529.998
529.999
529.999
530
530.001
530.001
530.002
530.002
530.003
530.004
530.005
530.007
530.009
530.012
530.016
530.019
530.02
530.019
530.019
530.016
530.013
530.007
530.001
529.996
529.992
529.989
529.987
529.986
529.984
529.983
529.982
529.98
529.978
529.976
529.974
529.973
529.972
529.973
529.973
529.974
529.976
529.978
529.981
529.984
529.988
529.99
529.992
529.994
529.996
529.997
529.998
529.999
530
530.001
530.002
530.003
530.003
530.004
530.005
530.006
530.008
530.009
530.012
530.016
530.02
530.023
530.024
530.025
530.024
530.021
530.016
530.009
530.001
529.995
529.991
529.988
529.985
529.983
529.982
529.98
529.978
529.977
529.975
529.973
529.971
529.97
529.969
529.969
529.969
529.97
529.97
529.972
529.975
529.979
529.982
529.986
529.989
529.993
529.995
529.997
529.999
530
530.001
530.002
530.003
530.004
530.005
530.007
530.009
530.011
530.014
530.017
530.022
530.028
530.034
530.036
530.036
530.034
530.031
530.024
530.015
530.004
529.995
529.99
529.986
529.985
529.983
529.982
529.98
529.977
529.975
529.973
529.97
529.967
529.963
529.961
529.96
529.961
532.368
532.368
532.368
532.368
532.368
532.368
532.368
532.368
532.368
532.368
532.368
532.368
532.368
532.368
532.368
532.368
532.368
532.368
532.368
532.368
532.368
532.368
532.368
532.368
532.368
532.369
532.371
532.378
532.397
532.44
532.529
532.664
532.773
532.793
532.784
532.739
532.631
532.448
532.203
531.917
531.618
531.329
531.064
530.833
530.645
530.498
530.384
530.3
530.233
530.179
530.135
530.094
530.06
530.031
530.004
529.982
529.961
529.942
529.928
529.922
529.921
529.921
529.922
529.924
529.929
529.935
529.944
529.954
529.965
529.974
529.981
529.987
529.992
529.996
530
530.004
530.007
530.009
530.011
530.012
530.013
530.014
530.015
530.016
530.017
530.018
530.018
530.018
530.017
530.016
530.014
530.011
530.008
530.003
529.999
529.994
529.99
529.987
529.984
529.981
529.978
529.976
529.974
529.973
529.973
529.974
529.974
529.975
529.977
529.98
529.983
529.986
529.989
529.992
529.994
529.996
529.997
529.998
529.999
530
530.001
530.002
530.003
530.004
530.005
530.006
530.008
530.011
530.015
530.017
530.018
530.017
530.017
530.015
530.011
530.007
530.001
529.996
529.992
529.99
529.988
529.987
529.985
529.984
529.981
529.979
529.977
529.975
529.975
529.975
529.975
529.975
529.976
529.977
529.979
529.982
529.985
529.988
529.991
529.993
529.995
529.996
529.998
529.999
529.999
530
530.001
530.001
530.002
530.002
530.003
530.004
530.005
530.007
530.009
530.012
530.016
530.019
530.02
530.019
530.019
530.016
530.013
530.007
530.001
529.996
529.992
529.989
529.987
529.986
529.984
529.983
529.981
529.98
529.978
529.976
529.974
529.973
529.972
529.973
529.973
529.974
529.976
529.978
529.981
529.984
529.987
529.99
529.993
529.994
529.996
529.997
529.998
529.999
530
530.001
530.002
530.003
530.003
530.004
530.005
530.006
530.008
530.009
530.012
530.016
530.02
530.023
530.024
530.025
530.024
530.021
530.016
530.009
530.001
529.995
529.991
529.988
529.985
529.983
529.982
529.98
529.978
529.977
529.975
529.973
529.971
529.97
529.969
529.969
529.969
529.969
529.97
529.972
529.975
529.979
529.982
529.986
529.99
529.993
529.995
529.997
529.999
530
530.001
530.002
530.003
530.004
530.005
530.007
530.009
530.011
530.014
530.018
530.022
530.028
530.034
530.036
530.036
530.034
530.031
530.024
530.014
530.004
529.995
529.989
529.986
529.985
529.984
529.982
529.98
529.978
529.975
529.973
529.97
529.967
529.963
529.961
529.96
529.96
532.368
532.368
532.368
532.368
532.368
532.368
532.368
532.368
532.368
532.368
532.368
532.368
532.368
532.368
532.368
532.368
532.368
532.368
532.368
532.368
532.368
532.368
532.368
532.368
532.368
532.369
532.371
532.378
532.397
532.44
532.529
532.664
532.773
532.793
532.784
532.739
532.631
532.448
532.203
531.916
531.618
531.329
531.064
530.832
530.646
530.497
530.385
530.3
530.232
530.18
530.134
530.094
530.06
530.03
530.005
529.982
529.961
529.942
529.928
529.922
529.921
529.921
529.922
529.924
529.928
529.935
529.944
529.954
529.965
529.974
529.981
529.987
529.992
529.996
530
530.004
530.007
530.009
530.011
530.012
530.013
530.014
530.015
530.017
530.018
530.018
530.018
530.018
530.017
530.016
530.014
530.011
530.008
530.003
529.999
529.994
529.99
529.987
529.984
529.981
529.978
529.976
529.974
529.973
529.973
529.974
529.974
529.975
529.977
529.98
529.983
529.986
529.989
529.992
529.994
529.995
529.997
529.998
529.999
530
530.001
530.002
530.003
530.004
530.005
530.006
530.008
530.011
530.015
530.017
530.017
530.017
530.017
530.015
530.011
530.007
530.001
529.996
529.992
529.99
529.988
529.987
529.985
529.984
529.981
529.979
529.977
529.975
529.975
529.975
529.975
529.975
529.976
529.977
529.979
529.982
529.985
529.988
529.991
529.993
529.995
529.996
529.998
529.999
529.999
530
530.001
530.001
530.002
530.002
530.003
530.004
530.005
530.007
530.009
530.012
530.016
530.019
530.02
530.019
530.019
530.017
530.013
530.007
530.001
529.996
529.992
529.989
529.987
529.986
529.984
529.983
529.981
529.98
529.978
529.976
529.974
529.973
529.972
529.973
529.973
529.974
529.976
529.978
529.981
529.984
529.987
529.99
529.993
529.994
529.996
529.997
529.998
529.999
530
530.001
530.002
530.002
530.003
530.004
530.005
530.006
530.007
530.009
530.012
530.016
530.02
530.024
530.025
530.025
530.024
530.021
530.016
530.009
530.001
529.995
529.99
529.987
529.985
529.983
529.982
529.98
529.978
529.977
529.975
529.973
529.971
529.97
529.969
529.969
529.969
529.969
529.97
529.972
529.975
529.978
529.982
529.986
529.99
529.993
529.995
529.997
529.999
530
530.001
530.002
530.003
530.004
530.005
530.007
530.008
530.011
530.014
530.018
530.022
530.028
530.034
530.036
530.036
530.035
530.031
530.024
530.014
530.004
529.995
529.989
529.986
529.985
529.984
529.982
529.98
529.977
529.975
529.973
529.97
529.967
529.964
529.961
529.96
529.96
532.368
532.368
532.368
532.368
532.368
532.368
532.368
532.368
532.368
532.368
532.368
532.368
532.368
532.368
532.368
532.368
532.368
532.368
532.368
532.368
532.368
532.368
532.368
532.368
532.368
532.369
532.371
532.378
532.397
532.44
532.529
532.664
532.773
532.793
532.784
532.739
532.631
532.449
532.203
531.916
531.618
531.329
531.064
530.832
530.646
530.497
530.385
530.299
530.233
530.18
530.134
530.094
530.06
530.03
530.005
529.982
529.961
529.942
529.928
529.922
529.921
529.922
529.922
529.924
529.928
529.935
529.944
529.954
529.965
529.974
529.981
529.987
529.992
529.996
530
530.004
530.007
530.009
530.011
530.012
530.013
530.014
530.015
530.017
530.017
530.018
530.018
530.017
530.017
530.016
530.014
530.011
530.008
530.003
529.999
529.994
529.99
529.987
529.984
529.981
529.978
529.976
529.974
529.974
529.974
529.974
529.974
529.975
529.977
529.98
529.983
529.986
529.989
529.992
529.994
529.995
529.997
529.998
529.999
530
530.001
530.002
530.003
530.004
530.005
530.006
530.008
530.011
530.015
530.017
530.017
530.017
530.017
530.015
530.011
530.007
530.001
529.996
529.992
529.99
529.989
529.987
529.985
529.984
529.981
529.979
529.977
529.975
529.975
529.975
529.975
529.975
529.976
529.977
529.979
529.982
529.985
529.988
529.991
529.993
529.995
529.996
529.998
529.999
529.999
530
530.001
530.001
530.002
530.002
530.003
530.004
530.005
530.007
530.009
530.012
530.016
530.019
530.02
530.019
530.019
530.017
530.013
530.008
530.001
529.996
529.991
529.989
529.987
529.986
529.984
529.983
529.981
529.98
529.978
529.976
529.974
529.973
529.973
529.973
529.973
529.974
529.976
529.978
529.981
529.984
529.987
529.99
529.992
529.994
529.996
529.997
529.999
529.999
530
530.001
530.002
530.002
530.003
530.004
530.005
530.006
530.007
530.009
530.012
530.016
530.021
530.024
530.025
530.025
530.024
530.021
530.016
530.008
530.001
529.994
529.99
529.987
529.985
529.983
529.982
529.98
529.979
529.977
529.975
529.973
529.971
529.97
529.969
529.969
529.968
529.969
529.97
529.972
529.975
529.978
529.982
529.986
529.99
529.993
529.996
529.997
529.999
530
530.001
530.002
530.003
530.004
530.005
530.007
530.009
530.011
530.014
530.017
530.022
530.028
530.033
530.036
530.036
530.035
530.031
530.025
530.015
530.004
529.995
529.99
529.986
529.984
529.983
529.981
529.979
529.977
529.975
529.972
529.97
529.967
529.965
529.962
529.961
529.961
532.368
532.368
532.368
532.368
532.368
532.368
532.368
532.368
532.368
532.368
532.368
532.368
532.368
532.368
532.368
532.368
532.368
532.368
532.368
532.368
532.368
532.368
532.368
532.368
532.368
532.369
532.371
532.378
532.397
532.44
532.529
532.664
532.773
532.793
532.784
532.739
532.631
532.448
532.203
531.916
531.618
531.329
531.063
530.833
530.646
530.497
530.386
530.299
530.233
530.18
530.133
530.095
530.06
530.03
530.005
529.982
529.961
529.942
529.928
529.922
529.921
529.922
529.922
529.924
529.928
529.935
529.944
529.954
529.965
529.974
529.981
529.987
529.992
529.996
530.001
530.004
530.007
530.009
530.011
530.012
530.013
530.015
530.016
530.017
530.017
530.018
530.018
530.017
530.017
530.016
530.014
530.011
530.008
530.003
529.999
529.994
529.99
529.987
529.984
529.981
529.978
529.976
529.974
529.974
529.974
529.974
529.974
529.975
529.977
529.98
529.983
529.986
529.989
529.992
529.994
529.995
529.997
529.998
529.999
530
530.001
530.002
530.003
530.004
530.005
530.006
530.008
530.011
530.015
530.017
530.017
530.017
530.017
530.015
530.011
530.007
530.001
529.996
529.993
529.99
529.989
529.987
529.985
529.984
529.981
529.979
529.977
529.976
529.975
529.975
529.975
529.975
529.976
529.977
529.979
529.982
529.985
529.988
529.991
529.993
529.995
529.996
529.998
529.999
529.999
530
530.001
530.001
530.002
530.002
530.003
530.004
530.005
530.007
530.009
530.012
530.016
530.019
530.02
530.019
530.019
530.017
530.013
530.008
530.001
529.996
529.991
529.989
529.987
529.986
529.984
529.983
529.981
529.98
529.978
529.976
529.974
529.973
529.973
529.973
529.973
529.974
529.975
529.978
529.981
529.984
529.987
529.99
529.992
529.995
529.996
529.998
529.999
530
530
530.001
530.001
530.002
530.003
530.004
530.004
530.006
530.007
530.009
530.012
530.016
530.021
530.025
530.025
530.025
530.024
530.021
530.015
530.008
530.001
529.994
529.99
529.987
529.985
529.984
529.982
529.98
529.979
529.977
529.975
529.973
529.971
529.97
529.969
529.969
529.968
529.969
529.97
529.972
529.975
529.979
529.982
529.986
529.99
529.993
529.995
529.997
529.999
530
530.001
530.002
530.003
530.004
530.006
530.007
530.009
530.011
530.014
530.017
530.021
530.027
530.033
530.035
530.036
530.034
530.031
530.025
530.016
530.005
529.996
529.99
529.986
529.984
529.983
529.981
529.979
529.977
529.974
529.972
529.97
529.967
529.965
529.963
529.962
529.962
532.368
532.368
532.368
532.368
532.368
532.368
532.368
532.368
532.368
532.368
532.368
532.368
532.368
532.368
532.368
532.368
532.368
532.368
532.368
532.368
532.368
532.368
532.368
532.368
532.368
532.369
532.371
532.378
532.397
532.44
532.529
532.664
532.773
532.793
532.784
532.739
532.631
532.448
532.202
531.917
531.618
531.329
531.063
530.834
530.645
530.497
530.386
530.298
530.233
530.18
530.133
530.095
530.06
530.03
530.005
529.982
529.961
529.942
529.928
529.922
529.921
529.922
529.922
529.924
529.928
529.935
529.944
529.955
529.965
529.974
529.981
529.987
529.992
529.997
530.001
530.004
530.007
530.009
530.011
530.012
530.014
530.015
530.016
530.016
530.017
530.017
530.018
530.018
530.017
530.016
530.014
530.011
530.008
530.003
529.999
529.995
529.991
529.987
529.984
529.981
529.978
529.976
529.974
529.974
529.974
529.974
529.974
529.975
529.977
529.98
529.983
529.986
529.989
529.992
529.993
529.995
529.996
529.998
529.999
530
530.001
530.002
530.003
530.004
530.005
530.006
530.008
530.011
530.014
530.017
530.017
530.017
530.017
530.015
530.011
530.007
530.001
529.996
529.993
529.991
529.989
529.987
529.985
529.983
529.981
529.979
529.977
529.976
529.975
529.975
529.975
529.975
529.976
529.977
529.98
529.982
529.985
529.988
529.991
529.993
529.995
529.996
529.998
529.999
529.999
530
530.001
530.001
530.002
530.003
530.003
530.004
530.005
530.007
530.009
530.012
530.016
530.019
530.02
530.019
530.019
530.017
530.013
530.008
530.001
529.996
529.991
529.988
529.987
529.986
529.984
529.983
529.982
529.98
529.978
529.976
529.975
529.973
529.973
529.973
529.973
529.974
529.975
529.977
529.98
529.984
529.987
529.99
529.993
529.995
529.997
529.998
529.999
530
530
530.001
530.001
530.002
530.003
530.003
530.004
530.006
530.007
530.009
530.012
530.017
530.022
530.025
530.025
530.025
530.024
530.021
530.015
530.008
530
529.994
529.99
529.987
529.985
529.984
529.982
529.981
529.979
529.977
529.975
529.973
529.971
529.97
529.969
529.968
529.968
529.969
529.97
529.972
529.975
529.979
529.983
529.986
529.99
529.992
529.995
529.997
529.999
530
530.001
530.002
530.003
530.005
530.006
530.008
530.009
530.011
530.014
530.017
530.021
530.027
530.032
530.035
530.035
530.034
530.031
530.025
530.016
530.006
529.997
529.99
529.987
529.984
529.982
529.98
529.978
529.976
529.974
529.971
529.969
529.967
529.965
529.964
529.963
529.963
532.368
532.368
532.368
532.368
532.368
532.368
532.368
532.368
532.368
532.368
532.368
532.368
532.368
532.368
532.368
532.368
532.368
532.368
532.368
532.368
532.368
532.368
532.368
532.368
532.368
532.369
532.371
532.378
532.397
532.44
532.529
532.664
532.773
532.793
532.784
532.739
532.631
532.448
532.202
531.917
531.618
531.328
531.063
530.834
530.645
530.497
530.386
530.299
530.233
530.18
530.133
530.095
530.06
530.03
530.005
529.982
529.961
529.942
529.928
529.922
529.921
529.922
529.922
529.924
529.928
529.935
529.944
529.955
529.965
529.974
529.981
529.987
529.992
529.997
530.001
530.004
530.007
530.009
530.011
530.012
530.014
530.015
530.016
530.016
530.017
530.017
530.018
530.018
530.017
530.016
530.014
530.011
530.008
530.003
529.999
529.995
529.991
529.987
529.983
529.981
529.978
529.976
529.974
529.974
529.974
529.974
529.974
529.975
529.977
529.98
529.983
529.986
529.989
529.991
529.993
529.995
529.997
529.998
529.999
530
530.001
530.002
530.003
530.004
530.005
530.006
530.008
530.011
530.014
530.017
530.017
530.017
530.017
530.015
530.011
530.006
530.001
529.996
529.993
529.991
529.989
529.987
529.985
529.983
529.981
529.979
529.977
529.976
529.975
529.975
529.975
529.975
529.976
529.978
529.98
529.982
529.985
529.988
529.99
529.993
529.995
529.996
529.998
529.999
529.999
530
530.001
530.001
530.002
530.003
530.003
530.004
530.005
530.006
530.009
530.012
530.016
530.019
530.02
530.019
530.019
530.017
530.013
530.008
530.002
529.996
529.991
529.988
529.987
529.986
529.984
529.983
529.982
529.98
529.978
529.976
529.975
529.973
529.973
529.973
529.973
529.974
529.975
529.977
529.98
529.984
529.987
529.99
529.993
529.995
529.997
529.998
529.999
530
530
530.001
530.001
530.002
530.002
530.003
530.004
530.006
530.007
530.01
530.013
530.017
530.022
530.025
530.025
530.025
530.024
530.02
530.015
530.008
530
529.994
529.99
529.987
529.985
529.984
529.983
529.981
529.979
529.977
529.975
529.973
529.971
529.97
529.969
529.968
529.968
529.969
529.97
529.973
529.976
529.98
529.983
529.987
529.99
529.992
529.995
529.996
529.998
529.999
530.001
530.002
530.003
530.005
530.007
530.008
530.01
530.012
530.014
530.017
530.021
530.026
530.032
530.034
530.034
530.034
530.031
530.025
530.017
530.006
529.997
529.991
529.987
529.984
529.982
529.98
529.977
529.975
529.973
529.971
529.969
529.967
529.966
529.964
529.963
529.963
532.368
532.368
532.368
532.368
532.368
532.368
532.368
532.368
532.368
532.368
532.368
532.368
532.368
532.368
532.368
532.368
532.368
532.368
532.368
532.368
532.368
532.368
532.368
532.368
532.368
532.369
532.371
532.378
532.397
532.44
532.529
532.664
532.773
532.793
532.784
532.739
532.631
532.448
532.202
531.917
531.618
531.328
531.063
530.834
530.645
530.496
530.386
530.299
530.233
530.18
530.133
530.095
530.06
530.03
530.005
529.982
529.961
529.942
529.928
529.922
529.921
529.922
529.922
529.924
529.928
529.935
529.944
529.955
529.965
529.974
529.981
529.987
529.992
529.997
530.001
530.004
530.007
530.009
530.011
530.012
530.014
530.015
530.015
530.016
530.017
530.017
530.018
530.018
530.017
530.016
530.014
530.011
530.008
530.003
529.999
529.995
529.991
529.987
529.983
529.981
529.978
529.976
529.974
529.974
529.974
529.974
529.974
529.975
529.977
529.98
529.983
529.986
529.989
529.991
529.993
529.995
529.997
529.998
529.999
530
530.001
530.002
530.003
530.004
530.005
530.006
530.008
530.011
530.014
530.017
530.017
530.017
530.017
530.015
530.011
530.006
530.001
529.996
529.993
529.991
529.989
529.987
529.985
529.983
529.981
529.979
529.977
529.976
529.975
529.975
529.975
529.975
529.976
529.978
529.98
529.982
529.985
529.988
529.99
529.993
529.995
529.996
529.998
529.998
529.999
530
530.001
530.001
530.002
530.003
530.003
530.004
530.005
530.006
530.009
530.012
530.016
530.019
530.02
530.019
530.019
530.017
530.013
530.008
530.002
529.996
529.991
529.988
529.987
529.985
529.984
529.983
529.982
529.98
529.978
529.976
529.975
529.973
529.973
529.973
529.973
529.974
529.975
529.977
529.98
529.984
529.987
529.99
529.993
529.995
529.997
529.998
529.999
530
530
530.001
530.001
530.001
530.002
530.003
530.004
530.006
530.007
530.01
530.013
530.017
530.022
530.025
530.025
530.025
530.024
530.02
530.015
530.007
530
529.994
529.99
529.987
529.986
529.984
529.983
529.981
529.979
529.977
529.975
529.973
529.971
529.969
529.968
529.968
529.968
529.969
529.971
529.973
529.976
529.98
529.984
529.987
529.99
529.992
529.994
529.996
529.997
529.999
530
530.002
530.003
530.005
530.007
530.009
530.011
530.012
530.014
530.016
530.02
530.026
530.031
530.034
530.034
530.033
530.031
530.026
530.017
530.007
529.998
529.992
529.988
529.985
529.982
529.979
529.977
529.974
529.972
529.97
529.969
529.967
529.966
529.965
529.964
529.964
532.368
532.368
532.368
532.368
532.368
532.368
532.368
532.368
532.368
532.368
532.368
532.368
532.368
532.368
532.368
532.368
532.368
532.368
532.368
532.368
532.368
532.368
532.368
532.368
532.368
532.369
532.371
532.378
532.397
532.44
532.529
532.664
532.773
532.793
532.784
532.739
532.631
532.448
532.202
531.917
531.619
531.327
531.063
530.834
530.646
530.496
530.385
530.299
530.233
530.18
530.133
530.095
530.06
530.03
530.005
529.982
529.961
529.942
529.928
529.922
529.921
529.922
529.922
529.924
529.928
529.935
529.944
529.955
529.965
529.974
529.981
529.987
529.992
529.996
530
530.004
530.007
530.009
530.011
530.013
530.014
530.015
530.015
530.016
530.017
530.018
530.018
530.018
530.017
530.016
530.014
530.011
530.008
530.004
529.999
529.995
529.991
529.987
529.984
529.981
529.978
529.976
529.974
529.974
529.973
529.974
529.974
529.975
529.977
529.98
529.983
529.986
529.989
529.992
529.993
529.995
529.997
529.998
529.999
530
530.001
530.002
530.003
530.004
530.005
530.006
530.008
530.011
530.014
530.017
530.017
530.017
530.016
530.015
530.011
530.007
530.001
529.996
529.993
529.991
529.989
529.987
529.985
529.983
529.981
529.979
529.977
529.975
529.975
529.975
529.975
529.975
529.976
529.978
529.98
529.982
529.985
529.988
529.991
529.993
529.995
529.996
529.997
529.998
529.999
530
530.001
530.002
530.002
530.003
530.003
530.004
530.005
530.006
530.008
530.011
530.015
530.019
530.02
530.019
530.019
530.017
530.013
530.008
530.002
529.996
529.991
529.989
529.987
529.985
529.984
529.983
529.981
529.98
529.978
529.976
529.975
529.973
529.973
529.973
529.973
529.974
529.975
529.977
529.98
529.984
529.987
529.99
529.993
529.995
529.997
529.998
529.999
530
530
530.001
530.001
530.001
530.002
530.003
530.004
530.006
530.008
530.01
530.013
530.017
530.022
530.025
530.025
530.025
530.023
530.02
530.014
530.007
530
529.994
529.99
529.988
529.986
529.985
529.983
529.981
529.979
529.977
529.975
529.972
529.97
529.968
529.968
529.968
529.968
529.969
529.971
529.974
529.977
529.98
529.984
529.987
529.99
529.992
529.994
529.995
529.997
529.998
530
530.001
530.004
530.006
530.008
530.01
530.011
530.013
530.015
530.016
530.02
530.025
530.031
530.033
530.034
530.033
530.031
530.026
530.017
530.007
529.999
529.992
529.989
529.986
529.982
529.979
529.976
529.974
529.972
529.97
529.968
529.968
529.966
529.965
529.964
529.964
532.368
532.368
532.368
532.368
532.368
532.368
532.368
532.368
532.368
532.368
532.368
532.368
532.368
532.368
532.368
532.368
532.368
532.368
532.368
532.368
532.368
532.368
532.368
532.368
532.368
532.369
532.371
532.378
532.397
532.44
532.529
532.664
532.773
532.793
532.784
532.739
532.631
532.448
532.202
531.917
531.619
531.328
531.063
530.834
530.646
530.496
530.385
530.3
530.233
530.18
530.133
530.094
530.06
530.03
530.005
529.982
529.961
529.942
529.928
529.922
529.921
529.921
529.922
529.924
529.928
529.935
529.944
529.955
529.965
529.974
529.981
529.987
529.992
529.996
530
530.004
530.007
530.009
530.011
530.013
530.014
530.014
530.015
530.016
530.017
530.018
530.018
530.017
530.017
530.016
530.014
530.011
530.008
530.004
529.999
529.995
529.99
529.987
529.984
529.981
529.978
529.976
529.974
529.973
529.973
529.974
529.974
529.976
529.977
529.98
529.983
529.986
529.989
529.992
529.994
529.995
529.996
529.998
529.999
530
530.001
530.002
530.003
530.004
530.005
530.006
530.008
530.011
530.015
530.017
530.017
530.017
530.016
530.015
530.011
530.007
530.001
529.997
529.993
529.99
529.989
529.987
529.985
529.984
529.981
529.979
529.976
529.975
529.975
529.975
529.975
529.976
529.976
529.978
529.98
529.982
529.985
529.988
529.991
529.993
529.994
529.996
529.997
529.998
530
530
530.001
530.002
530.002
530.003
530.003
530.004
530.005
530.006
530.008
530.011
530.015
530.018
530.019
530.02
530.019
530.017
530.013
530.008
530.002
529.996
529.992
529.989
529.987
529.985
529.984
529.983
529.981
529.98
529.978
529.976
529.975
529.973
529.973
529.973
529.973
529.974
529.975
529.977
529.98
529.983
529.987
529.99
529.993
529.995
529.997
529.998
529.999
530
530
530.001
530.001
530.001
530.002
530.003
530.004
530.006
530.008
530.01
530.013
530.017
530.022
530.025
530.025
530.025
530.023
530.02
530.014
530.007
530
529.994
529.99
529.988
529.987
529.985
529.984
529.982
529.98
529.977
529.975
529.972
529.969
529.968
529.967
529.967
529.968
529.97
529.972
529.974
529.977
529.981
529.984
529.987
529.99
529.992
529.993
529.995
529.996
529.998
529.999
530.001
530.004
530.007
530.008
530.01
530.012
530.013
530.015
530.017
530.02
530.025
530.031
530.033
530.033
530.032
530.03
530.026
530.017
530.008
529.999
529.993
529.989
529.986
529.982
529.979
529.976
529.974
529.971
529.969
529.968
529.967
529.967
529.965
529.964
529.965
532.368
532.368
532.368
532.368
532.368
532.368
532.368
532.368
532.368
532.368
532.368
532.368
532.368
532.368
532.368
532.368
532.368
532.368
532.368
532.368
532.368
532.368
532.368
532.368
532.368
532.369
532.371
532.378
532.397
532.44
532.529
532.664
532.773
532.793
532.784
532.739
532.631
532.449
532.202
531.917
531.619
531.329
531.063
530.833
530.646
530.497
530.384
530.299
530.233
530.18
530.134
530.094
530.06
530.03
530.005
529.982
529.961
529.942
529.928
529.922
529.921
529.921
529.922
529.924
529.929
529.935
529.944
529.955
529.965
529.974
529.981
529.987
529.992
529.996
530
530.003
530.007
530.009
530.011
530.013
530.014
530.014
530.015
530.017
530.017
530.018
530.018
530.017
530.017
530.016
530.014
530.011
530.008
530.004
529.999
529.994
529.99
529.987
529.984
529.981
529.978
529.976
529.974
529.973
529.973
529.974
529.974
529.976
529.977
529.98
529.983
529.986
529.989
529.992
529.994
529.995
529.996
529.997
529.999
530
530.001
530.002
530.003
530.004
530.005
530.006
530.008
530.011
530.015
530.017
530.017
530.017
530.016
530.015
530.011
530.007
530.002
529.997
529.993
529.99
529.989
529.987
529.986
529.984
529.981
529.979
529.976
529.975
529.975
529.975
529.975
529.976
529.976
529.978
529.979
529.982
529.985
529.988
529.991
529.993
529.994
529.996
529.997
529.998
530
530
530.001
530.002
530.002
530.003
530.003
530.004
530.005
530.006
530.008
530.011
530.015
530.018
530.02
530.02
530.019
530.017
530.013
530.008
530.002
529.996
529.992
529.989
529.987
529.985
529.984
529.982
529.981
529.98
529.978
529.977
529.975
529.973
529.973
529.973
529.973
529.974
529.975
529.977
529.98
529.983
529.987
529.99
529.993
529.995
529.997
529.998
529.999
530
530
530.001
530.001
530.001
530.002
530.003
530.004
530.006
530.008
530.011
530.013
530.017
530.022
530.024
530.025
530.024
530.023
530.02
530.014
530.007
530
529.994
529.99
529.988
529.987
529.985
529.984
529.982
529.98
529.977
529.974
529.971
529.969
529.968
529.967
529.967
529.968
529.97
529.972
529.974
529.977
529.981
529.984
529.988
529.99
529.991
529.993
529.994
529.996
529.997
529.999
530.001
530.004
530.007
530.009
530.01
530.012
530.014
530.015
530.017
530.019
530.025
530.03
530.033
530.033
530.032
530.03
530.026
530.018
530.008
529.999
529.993
529.989
529.986
529.982
529.978
529.976
529.973
529.971
529.969
529.968
529.967
529.967
529.965
529.965
529.965
)
;

boundaryField
{
    sides
    {
        type            zeroGradient;
    }
    inlet
    {
        type            zeroGradient;
    }
    outlet
    {
        type            zeroGradient;
    }
    empty
    {
        type            empty;
    }
}


// ************************************************************************* //
