/*--------------------------------*- C++ -*----------------------------------*\
| =========                 |                                                 |
| \\      /  F ield         | OpenFOAM: The Open Source CFD Toolbox           |
|  \\    /   O peration     | Version:  2306                                  |
|   \\  /    A nd           | Website:  www.openfoam.com                      |
|    \\/     M anipulation  |                                                 |
\*---------------------------------------------------------------------------*/
FoamFile
{
    version     2.0;
    format      ascii;
    arch        "LSB;label=32;scalar=64";
    class       volScalarField;
    location    "0.15";
    object      p;
}
// * * * * * * * * * * * * * * * * * * * * * * * * * * * * * * * * * * * * * //

dimensions      [1 -1 -2 0 0 0 0];

internalField   nonuniform List<scalar> 
6000
(
4.12948e+07
1.47188e+06
174489
165170
126694
92767.7
86473.8
88842
95398.5
106362
119477
133246
147224
162586
181091
201073
215117
220127
220549
220132
219754
212728
169175
116076
110137
111641
116892
123166
129292
135833
143186
150816
158384
165312
171430
176878
182172
188446
197322
210308
221430
224279
220141
189700
141811
132332
133720
137967
143355
147509
150601
153637
157328
161881
166903
171839
176029
179297
181903
184718
189033
196792
204580
204265
200649
181709
152337
144934
147227
148657
150702
151648
151941
153420
156873
161971
167623
172232
174824
176123
176872
177831
179754
183398
189365
193448
192231
187732
166764
150002
148820
149464
151516
153264
153814
154491
156666
160304
164785
168725
171514
173137
173879
174383
175317
177179
181480
187040
188021
187258
178711
160355
153003
153499
154918
157847
160588
161978
162989
164563
167045
170227
173521
176202
177710
178404
178981
180264
183434
189092
192061
192811
190468
178603
165216
162899
163006
164616
167748
170508
171998
172978
173985
175047
176397
178287
180500
182159
182944
183361
184015
185838
189064
191268
190932
188828
179613
165044
160301
160397
161363
163907
167105
168700
169158
169514
169894
170186
170606
171395
172515
173362
173853
174393
175520
177723
179770
179772
178604
173329
161971
155149
154654
155246
157108
159917
161934
162960
163815
164818
166126
167935
170358
173146
175442
176704
177398
177995
178778
180317
182669
184323
184320
182415
174570
164122
160934
160749
161611
163143
164339
164508
164343
163922
163659
163731
163989
164931
166921
169871
172123
173082
173593
174140
175133
176616
177158
177006
175419
169254
162134
160067
160524
161972
165019
168871
171083
171676
172057
172543
173276
174340
175668
177195
178847
180529
182261
184230
186152
185985
184292
179773
169348
159619
156822
156545
158290
162174
165603
166440
166480
166738
167314
168550
170421
172718
175561
179523
185340
191861
193694
189730
177275
162031
157630
158168
161280
162610
162612
162868
164187
166860
171549
179064
185206
185904
184796
180056
171954
167600
166476
166670
166449
166036
165357
168007
178497
180741
176672
168042
4.12862e+07
1.4732e+06
175452
166283
127399
93404.5
87550.3
90030.6
96285.6
106780
119384
132778
146592
161814
180404
200729
215512
220821
221607
221396
220694
213133
170075
116547
110272
112272
117840
124452
130721
136888
143409
150294
157282
164134
170485
176312
181885
188273
197383
210836
222237
224777
220340
189543
141485
132111
133852
138350
143869
148030
150979
153723
157134
161492
166550
171684
176035
179310
181780
184375
188430
196009
204125
204181
200798
181988
152020
144385
146654
148324
150631
151825
152324
153863
157211
162098
167463
171981
174813
176368
177364
178468
180431
184176
190183
194341
193301
188761
167662
150478
149130
149662
151640
153522
154278
155054
157174
160778
165240
169208
171998
173583
174261
174694
175595
177488
181880
187492
188531
187800
179152
160804
153543
153929
155088
157798
160343
161610
162592
164169
166626
169700
172876
175483
177039
177812
178456
179743
182840
188291
191099
191707
189181
177084
163621
161350
161482
163014
166084
168880
170444
171481
172548
173637
174999
176906
179143
180815
181625
182080
182752
184573
187808
189980
189729
187741
178814
164543
159874
160015
160939
163429
166623
168266
168738
169167
169696
170154
170897
172157
173494
174315
174778
175317
176453
178645
180648
180609
179382
173993
162485
155630
155122
155739
157664
160569
162597
163501
164211
165027
166108
167641
169844
172681
175292
176759
177459
177977
178665
180082
182243
183688
183639
181682
173845
163561
160570
160507
161548
163412
164889
165208
165012
164433
164122
164158
164472
165446
167342
170147
172442
173525
174108
174682
175679
177191
177749
177621
176076
169944
162795
160754
161167
162565
165577
169291
171348
171841
172002
172368
172877
173693
174863
176366
178009
179564
181057
182822
184737
185049
183698
179805
170519
160891
157790
157459
159140
162978
166253
166693
166394
166424
167020
168505
170661
173115
175936
179404
184247
189821
191573
187822
176354
161720
157706
158974
163071
164522
163511
162811
163508
166034
171143
178947
184737
185450
184414
179468
171382
167982
167392
167188
166805
166291
165679
168596
179116
179763
175132
167653
4.12729e+07
1.47559e+06
176531
167377
128269
94660.1
89279.7
91641.6
97232.6
106988
118916
132054
146046
161473
179638
200068
216177
221907
222995
222672
220952
212787
171237
117449
110585
113429
119630
126619
132613
137784
143053
148986
155709
162868
169753
176028
181860
188097
197006
210865
222833
224952
220073
188760
140798
131808
134197
139107
144806
148770
151219
153425
156474
160775
166044
171464
175983
179252
181541
183787
187481
194867
203574
204336
201266
182583
151634
143661
145823
147945
150648
152247
153095
154605
157607
162032
167083
171621
174893
176874
178182
179404
181362
185265
191536
195541
194696
189907
168709
150954
149401
149959
151918
154037
155047
155940
157959
161394
165752
169651
172426
174018
174666
175012
175864
177854
182537
188321
189392
188712
179890
161436
154188
154297
155186
157598
159904
161044
162067
163674
166081
168945
171873
174329
175900
176769
177557
178904
181954
187116
189706
190070
187317
174993
161479
159362
159583
161073
164092
166947
168603
169674
170771
171887
173284
175241
177539
179247
180092
180589
181288
183120
186394
188537
188364
186457
177841
163961
159323
159464
160313
162700
165836
167541
168138
168699
169406
170122
171209
172826
174488
175452
175954
176528
177730
179975
181935
181848
180544
175005
163284
156334
155807
156464
158451
161461
163575
164330
164848
165441
166249
167417
169243
171957
174850
176591
177373
177898
178556
179878
181794
182948
182768
180567
172591
162649
159997
160120
161373
163717
165570
166019
165880
165217
164807
164881
165336
166337
168078
170566
172706
173798
174404
175004
176058
177621
178150
178022
176450
170236
163122
161241
161685
163249
166421
170067
171857
172217
172059
172024
172255
172866
173917
175369
176984
178347
179377
180613
182425
183622
182760
179785
171796
162488
159192
158999
160696
164495
167399
167436
166654
165988
166164
167322
169867
173350
176800
180141
183791
187639
188471
184920
175607
162265
157889
159039
163961
167292
165557
163645
163143
165031
170767
179252
184645
185234
183982
178284
170179
167947
168176
168315
168093
167079
166162
169201
180131
178677
172474
165594
4.12555e+07
1.47625e+06
177790
168860
129996
96802.3
91352.1
93644.9
98452
107202
118251
130915
144951
160523
178535
199027
216590
222967
224362
223838
221009
212830
173181
118730
110952
114962
121853
129018
134439
138541
142617
147591
153911
161271
168846
175676
181960
188310
197024
210814
223436
225201
219766
187909
139863
131416
134493
140080
145976
149630
151424
153018
155523
159579
164950
170670
175523
178851
181097
183057
186340
193435
202665
204254
201657
183453
151366
142777
144777
147387
150670
152756
153927
155416
158049
161949
166584
171103
174780
177288
178952
180349
182372
186439
193110
197122
196514
191551
170326
151805
150017
150561
152488
154815
156102
157123
159058
162294
166403
170153
172897
174513
175184
175510
176386
178534
183551
189440
190586
190036
180813
162069
154788
154571
155234
157376
159487
160548
161686
163327
165699
168337
171078
173488
175117
176079
176947
178317
181291
186074
188301
188312
185115
172346
158646
156525
156750
158175
161096
163993
165766
166923
168092
169282
170788
172888
175328
177128
178018
178549
179261
181041
184265
186429
186340
184649
176517
163110
158459
158646
159430
161762
164891
166742
167578
168333
169194
170139
171439
173327
175349
176624
177301
178005
179356
181714
183657
183554
182179
176505
164536
157460
156910
157594
159625
162681
164688
165307
165617
165942
166450
167314
168784
171254
174272
176315
177177
177679
178299
179530
181198
182036
181700
179304
171342
161921
159611
159916
161306
163963
166113
166748
166774
166338
166080
166244
166786
167749
169273
171373
173318
174498
175202
175871
177050
178727
179249
179133
177487
171031
163842
162093
162527
164163
167450
170965
172216
172235
171743
171415
171462
171849
172691
174001
175475
176614
177391
178417
180293
182352
181954
179772
172821
163874
160418
160419
162388
166447
169110
168863
167647
166287
166089
166727
168967
172730
176869
180159
182737
185057
185474
182600
176084
164357
158828
159183
163836
169075
167955
164782
163187
164264
171088
180262
184446
184583
181806
174124
167115
166179
167554
169012
169576
169064
168186
170904
180563
177624
169944
162942
4.12591e+07
1.47326e+06
178189
170127
132806
99504.9
93405.4
95705.1
99650.3
107389
117453
129416
143246
159111
177271
198048
216830
224038
225576
225067
221333
213268
175797
120288
111496
116425
123892
131000
135828
139136
142320
146456
152157
159375
167452
175243
182250
188986
197561
211031
224034
225507
219387
186422
138444
130778
134551
141018
147140
150408
151577
152572
154412
157947
163158
169069
174452
178197
180581
182304
185211
191919
201529
204054
201989
184669
151486
141994
143747
146800
150685
153263
154747
156188
158425
161774
165983
170406
174386
177311
179242
180726
182780
187039
194244
198481
198265
193288
172381
152944
150866
151405
153229
155716
157338
158513
160332
163269
167021
170555
173254
174939
175673
176031
176960
179341
184728
190638
191943
191320
181558
162487
155251
154782
155164
157013
159057
160285
161607
163337
165679
168055
170532
172773
174353
175311
176205
177577
180515
184975
186907
186668
183181
170173
156411
154140
154243
155535
158296
161163
163002
164216
165406
166624
168214
170452
173052
174990
175964
176568
177325
179054
182242
184484
184465
182984
175367
162318
157602
157805
158563
160794
163895
165906
166918
167784
168834
170030
171568
173644
175869
177401
178282
179135
180631
183151
185215
185214
183942
178331
166192
158971
158409
159099
161124
164140
165901
166361
166450
166441
166656
167286
168505
170751
173737
175934
176874
177378
177968
179117
180604
181236
180785
178290
170405
161339
159232
159631
161037
163845
166396
167324
167574
167499
167544
167900
168549
169503
170842
172600
174284
175434
176206
176995
178343
180176
180705
180553
178829
172043
164644
163000
163340
164943
168207
171319
172067
171858
171093
170557
170475
170705
171386
172634
174123
175244
176029
177045
178936
181327
181183
179431
173274
164737
161186
161324
163568
168046
171013
170809
169318
167322
166734
167067
168848
172420
176490
179087
180361
181512
182451
180906
176978
167927
160393
159329
163067
169026
169967
166429
164262
165025
172592
181767
184048
183143
177668
168034
162860
162681
165656
168542
170697
171692
171914
174922
181333
176524
167938
160763
4.12688e+07
1.46772e+06
178004
170852
135646
102077
95183.6
97330.5
100666
107540
116691
127775
141037
156902
175528
197206
216974
225414
226938
225688
221802
213961
178393
122035
112251
117396
125233
132377
136890
139729
142378
145875
150805
157567
165886
174563
182563
189986
198624
211655
224700
225663
218671
184066
136527
129881
134227
141463
147847
150888
151668
152156
153374
156104
160765
166662
172708
177311
180028
181743
184322
190588
200441
203784
202194
186076
152131
141458
142887
146253
150761
153854
155491
156802
158657
161520
165320
169579
173690
176951
179089
180621
182589
186847
194431
199086
199271
194531
174509
154185
151655
152309
154181
156847
158745
160004
161628
164171
167464
170793
173471
175220
176052
176535
177578
180242
185961
191646
193096
192069
181899
162633
155419
154877
155070
156721
158798
160223
161738
163607
165874
167993
170221
172385
173944
174873
175745
177118
180037
184203
185848
185430
181663
168375
154677
152337
152353
153594
156246
159085
160965
162213
163406
164622
166230
168530
171228
173272
174358
175077
175934
177680
180850
183174
183173
181863
174705
161890
157038
157200
157902
160008
163051
165143
166248
167163
168288
169573
171250
173497
175930
177719
178830
179863
181490
184144
186296
186377
185271
179895
167802
160463
159894
160577
162554
165381
166858
167192
167106
166878
166935
167387
168472
170511
173364
175548
176506
177011
177598
178740
180177
180724
180214
177675
169852
161061
159109
159567
160991
163855
166789
168015
168469
168719
169046
169593
170371
171373
172615
174134
175632
176720
177504
178365
179858
181787
182312
182093
180060
172449
164882
163421
163686
165307
168489
171119
171349
170775
169774
169113
168904
169056
169774
171220
173061
174561
175497
176468
178306
180947
180987
179378
173571
165386
161861
162101
164577
169389
172770
172740
171400
169096
167951
167931
169197
172014
175185
176781
177097
177734
179343
179603
177294
171309
162689
160137
161397
167281
171658
168571
166238
167401
175528
183119
183261
180039
170859
161232
158706
159252
163098
167216
170546
173386
176163
180671
183036
176353
166535
159604
4.12964e+07
1.46202e+06
177570
170872
137512
103828
96183.7
98137.4
101384
107764
116331
126743
139084
154463
173400
196180
217311
227061
228297
226449
222742
215137
180751
123578
112840
117809
125677
132985
137619
140390
142840
145949
150259
156338
164456
173736
182835
191168
199954
212345
224779
225156
217389
181126
134534
128886
133685
141416
147903
150924
151576
151772
152498
154531
158411
164034
170578
176229
179548
181540
183894
189731
199731
203729
202429
187532
153371
141318
142432
145882
150751
154296
156087
157246
158786
161244
164689
168749
172788
176114
178388
179950
181845
185995
193678
198764
199341
194981
176370
155333
152109
152866
154838
157767
159959
161307
162753
164911
167791
170894
173560
175400
176341
176953
178137
181106
187099
192429
193798
192212
181803
162388
155271
154794
155034
156644
158880
160593
162181
164005
166119
168152
170297
172426
173941
174820
175650
177035
179949
183946
185390
184872
180867
167374
153776
151391
151309
152479
155038
157846
159737
161004
162188
163392
165016
167381
170191
172357
173565
174389
175330
177057
180163
182563
182576
181371
174546
161801
156712
156801
157456
159447
162423
164563
165694
166575
167648
168883
170526
172780
175320
177332
178634
179810
181547
184348
186721
186989
186104
180960
169055
161759
161292
162077
164113
166886
168154
168332
168060
167645
167518
167735
168647
170509
173180
175253
176184
176674
177274
178484
179967
180501
179965
177425
169679
161069
159221
159714
161194
164102
167266
168770
169401
169859
170336
170990
171886
172985
174286
175716
177063
178122
178943
179846
181413
183290
183700
183289
180646
172123
164571
163345
163565
165200
168290
170253
170091
169181
168103
167476
167280
167529
168553
170441
172667
174345
175288
176160
177888
180687
181131
179796
174358
166295
162598
162909
165548
170466
173889
173986
172938
170803
169520
169149
169688
171336
173051
173696
173830
174595
176605
178316
176962
173272
165494
161223
161034
165667
171923
171012
169271
170812
178266
182865
181807
175902
164581
157357
156063
156950
160777
165271
169249
173942
179197
186160
185327
177357
166127
159192
4.1319e+07
1.45806e+06
177720
170996
138514
104467
96265.4
98103.2
101731
108008
116336
126367
138142
152874
171939
195838
218094
228743
229814
227650
224181
216649
182245
124469
113150
117782
125430
132804
137683
140914
143630
146639
150551
155881
163365
172890
182802
192126
201153
212664
224288
223966
215850
177970
132834
128010
132799
140715
147361
150490
151214
151413
151963
153461
156606
161771
168437
174935
179210
181740
183987
189369
199460
203918
202873
189038
155069
141556
142403
145830
150950
154844
156746
157727
158947
161054
164196
168001
171810
174937
177084
178560
180356
184393
192007
197681
198751
194834
177678
156201
152212
152986
155072
158260
160742
162203
163578
165491
168052
170951
173608
175519
176580
177319
178618
181856
188016
192927
193986
191877
181310
161956
154860
154644
155123
156897
159345
161290
162899
164616
166616
168632
170783
172930
174398
175156
175885
177248
180144
184049
185392
184805
180681
167137
153624
151179
151027
152121
154587
157375
159274
160533
161693
162872
164485
166874
169765
172072
173403
174322
175343
177044
180066
182503
182508
181318
174795
162050
156576
156540
157162
159045
161959
164142
165265
166093
167048
168175
169688
171831
174360
176481
177958
179304
181207
184176
186712
187213
186517
181599
169883
162732
162388
163229
165305
168113
169367
169498
169156
168679
168444
168526
169293
170875
173157
175038
175944
176455
177084
178380
179958
180524
180008
177510
169880
161428
159657
160163
161697
164650
167900
169528
170233
170781
171316
171966
172896
174125
175599
177112
178399
179343
180114
181074
182720
184514
184756
184093
180764
171220
163847
162830
162970
164506
167142
168610
168300
167381
166540
166224
166218
166715
167955
170044
172456
174224
175132
175956
177636
180637
181754
180850
175978
167940
163495
163674
166051
170962
174388
174485
173580
171699
170598
170107
170107
170407
170787
171192
171699
172686
174726
177076
176697
174236
168004
162580
161529
164774
171059
172639
171733
173402
179061
181456
179797
173202
162904
157549
156295
156918
159304
163261
167845
173179
179804
188014
186707
178891
167314
159330
4.1322e+07
1.45498e+06
178909
172109
139488
104247
95459.6
97235.1
101679
108236
116688
126494
137812
152009
170931
195621
218780
230346
231732
229169
225629
217852
182816
124583
113128
117127
124371
132052
137607
141499
144678
147779
151327
155996
162726
171993
182464
192727
202019
212620
223366
222492
214151
175184
131854
127654
131992
139375
146022
149564
150805
151277
151870
153051
155642
160254
166643
173565
178895
182116
184451
189427
199627
204454
203675
190643
156944
142230
142752
146141
151409
155468
157422
158297
159286
161126
163967
167468
170937
173698
175503
176757
178420
182288
189715
196003
197546
194106
178208
156594
152064
152802
154902
158281
161046
162706
164068
165812
168189
170986
173665
175635
176763
177570
178979
182448
188664
193203
193744
191254
180730
161688
154463
154525
155339
157405
160131
162257
163811
165339
167206
169304
171561
173785
175188
175786
176395
177747
180681
184618
185920
185243
181113
167603
154050
151526
151342
152403
154831
157629
159538
160765
161863
162991
164550
166908
169834
172254
173687
174686
175780
177452
180373
182800
182773
181567
175256
162544
156634
156435
157010
158826
161697
163912
164995
165729
166507
167444
168790
170793
173240
175402
177020
178576
180706
183876
186467
187040
186536
181820
170263
163311
163042
163892
165879
168739
170178
170389
170139
169809
169619
169732
170377
171683
173569
175077
175861
176413
177141
178542
180219
180818
180353
177901
170341
161982
160262
160748
162305
165262
168521
170147
170835
171345
171844
172464
173430
174725
176324
177971
179349
180373
181243
182331
184008
185568
185572
184634
180390
169706
162697
161809
161865
163110
165232
166717
166641
166100
165690
165466
165539
166157
167600
169844
172265
173972
174924
175785
177540
180731
182770
182352
178238
170244
164823
164641
166594
170990
174376
174543
173572
171655
170549
169882
169486
169178
169360
170133
170919
171792
173536
175992
176379
174635
169732
163791
162295
164555
170418
173667
173737
175500
179290
180615
179015
173834
165566
160506
158848
158373
159871
162547
166615
171516
177858
185209
184770
178964
169588
160693
4.13132e+07
1.45224e+06
180589
173862
140304
103336
93970.2
95782.4
101262
108383
117196
126935
137858
151630
170077
195235
219270
231621
233501
230669
226745
218673
182699
124093
112603
115744
122776
130975
137508
142238
145895
149144
152506
156610
162566
171211
181914
193095
202546
212323
222087
220628
212299
173289
131628
127898
131370
137900
144248
148349
150375
151367
152197
153359
155567
159729
165794
172593
178456
182279
184996
189902
200271
205391
204968
192362
158729
143298
143416
146591
151777
155920
157963
158847
159756
161435
164039
167216
170349
172761
174261
175274
176729
180362
187542
194116
195842
192920
178038
156595
151727
152402
154444
157941
160991
162825
164212
165893
168198
170997
173734
175782
176960
177823
179345
182917
189031
193303
193329
190643
180437
161773
154280
154436
155631
158019
161048
163323
164789
166137
167871
169992
172393
174634
175972
176526
177110
178514
181542
185528
186848
186015
182003
168674
154983
152320
152139
153190
155597
158424
160345
161538
162562
163637
165139
167434
170323
172764
174232
175255
176386
178058
180939
183330
183295
182067
175944
163276
156946
156554
157069
158837
161624
163827
164870
165512
166132
166890
168096
169980
172338
174500
176226
177925
180249
183565
186138
186778
186312
181620
170146
163370
163134
163938
165778
168706
170409
170766
170701
170606
170638
170914
171556
172711
174336
175647
176306
176749
177441
178964
180800
181442
181043
178550
170873
162538
160843
161258
162752
165602
168775
170393
171098
171594
172096
172667
173563
174829
176487
178267
179786
180950
182004
183348
185129
186543
186392
185123
179559
167633
161164
160350
160357
161427
163527
165363
165689
165374
165100
164942
165130
165942
167540
169721
171876
173520
174639
175732
177685
181119
184045
183961
180592
172616
166072
165248
166692
170618
173788
173787
172611
170616
169384
168631
168504
169262
170252
170761
171053
171644
173103
175372
176066
174690
170596
164583
162914
164534
169738
173483
175169
177263
178863
179580
179054
175860
170122
165195
162556
161621
162260
163571
165994
169584
174819
180019
181607
177850
171788
162998
4.13027e+07
1.45029e+06
182322
175865
140921
101791
91973.1
93964.6
100659
108469
117671
127411
137988
151257
169285
194482
219200
232170
234803
232211
227455
219168
182100
123341
111847
114197
121008
129616
137137
142828
147082
150557
153848
157544
162747
170749
181369
193044
202729
211987
220767
218774
210785
172715
132189
128487
130985
136575
142468
146882
149839
151627
152870
154217
156319
160167
165957
172471
178234
182355
185378
190621
201325
206655
206657
194199
160311
144598
144357
147191
152030
156082
158269
159296
160205
161755
164197
167189
170135
172341
173705
174561
175802
179144
186057
192548
194099
191584
177533
156365
151296
151902
153872
157397
160653
162682
164168
165874
168186
171006
173800
175898
177118
178064
179712
183300
189119
193241
192991
190284
180648
162309
154314
154446
155990
158632
161815
164177
165563
166761
168366
170497
172975
175270
176659
177296
177960
179487
182625
186686
188104
187177
183356
170356
156394
153487
153305
154359
156783
159663
161589
162729
163672
164699
166127
168298
171060
173430
174864
175869
177022
178749
181699
184051
184028
182800
176799
164151
157445
156897
157333
159018
161725
163930
164953
165502
165940
166546
167635
169450
171790
173989
175781
177575
180005
183295
185673
186190
185648
180891
169480
162935
162741
163496
165225
168192
170196
170738
170866
170974
171207
171644
172360
173539
175106
176351
177004
177475
178235
179829
181680
182277
181929
179278
171229
162830
161141
161466
162932
165768
168905
170478
171138
171537
171934
172415
173219
174423
176098
178021
179720
181055
182297
183849
185660
186964
186735
185144
178320
165512
159780
159157
159215
160438
162778
164687
165171
164961
164716
164627
164956
165915
167502
169447
171413
173102
174470
175918
178299
182121
185601
185643
182582
174296
166705
165408
166409
169565
172366
172219
170825
168905
167816
167331
167945
169879
172007
172666
172413
172431
173374
175219
175983
174828
171097
164879
162862
163910
168320
172192
175210
176429
176862
177222
178147
176876
173489
169814
166346
163787
164574
164697
165435
167219
170829
175411
178268
177206
173207
165212
4.12848e+07
1.44847e+06
184013
177948
141488
100404
90323.2
92504.7
99928.7
108430
118034
127954
138541
151572
168998
193221
218258
231685
235406
233619
227582
219139
181762
122987
111187
112949
119433
128184
136443
143070
147985
151736
154947
158389
163120
170565
180801
192542
202526
211767
219759
217474
210182
173690
133452
129387
130928
135642
140976
145422
149093
151731
153690
155492
157798
161494
166891
172920
178190
182108
185312
191186
202480
207927
208547
195969
161683
146013
145219
147561
151992
155937
158287
159539
160569
162019
164200
167083
170109
172472
173943
174820
175889
178920
185566
191761
192979
190634
176992
156012
150854
151402
153334
156873
160250
162464
164091
165866
168187
170988
173760
175869
177163
178300
180168
183595
188945
193119
192942
190328
181314
163204
154722
154836
156495
159198
162503
164877
166168
167234
168692
170749
173177
175459
176937
177774
178674
180476
183760
187972
189571
188541
184941
172347
158070
154908
154749
155854
158359
161324
163249
164309
165112
166011
167323
169356
171966
174217
175568
176528
177683
179489
182542
184890
184884
183635
177718
165065
158063
157363
157718
159324
161984
164220
165227
165675
165986
166479
167492
169279
171661
173956
175840
177690
180079
183136
185154
185405
184625
179716
168422
162144
161972
162707
164411
167408
169680
170438
170710
170964
171346
171881
172701
174006
175641
176925
177661
178260
179200
180956
182784
183253
182835
179875
171358
162961
161350
161623
163021
165778
168810
170252
170788
171015
171277
171687
172435
173598
175305
177367
179253
180734
182077
183682
185390
186578
186284
184507
177108
164250
159196
158771
158944
160322
162729
164579
165053
164853
164622
164590
164974
165885
167276
169032
170972
172860
174592
176491
179345
183478
187040
186992
183784
174939
166720
164637
165053
167385
169904
169970
168810
167482
166847
166885
168091
170513
173466
175112
174807
174157
174418
175966
176269
174845
170611
164009
161768
162636
166754
171379
174786
175076
174897
174792
176610
177332
176366
174772
170546
165998
165374
164427
163931
165194
167658
172467
175891
176317
173838
167288
4.12707e+07
1.4459e+06
185735
180567
143060
99993.3
89369.5
91618.8
99269.6
108181
118240
128353
139006
151673
168295
191198
216082
229959
235010
234160
227081
218806
182038
123276
110873
112219
118300
126939
135520
142854
148338
152360
155661
159043
163477
170380
180260
191667
201901
211606
219162
216933
210560
176076
135280
130531
131313
135273
140097
144275
148171
151726
154472
156906
159721
163500
168455
173685
178194
181651
185037
191671
203562
208957
210140
197176
162430
147113
145769
147652
151714
155526
157966
159449
160587
161986
164047
166851
169985
172877
174835
176036
177106
179825
186103
191949
192799
190483
176758
155668
150520
151007
152912
156472
159929
162246
163972
165793
168079
170822
173551
175661
177021
178320
180344
183634
188642
192988
193154
190782
182401
164417
155430
155408
156795
159406
162799
165295
166591
167585
168928
170873
173260
175569
177148
178124
179218
181272
184623
189063
190948
189835
186449
174239
159632
156187
156105
157320
159982
163079
165017
165977
166578
167288
168472
170403
172888
175025
176305
177212
178342
180141
183193
185589
185678
184443
178546
165849
158648
157846
158136
159713
162377
164660
165650
166034
166275
166713
167687
169485
171938
174360
176334
178184
180403
183100
184698
184603
183582
178558
167462
161286
161088
161773
163453
166479
168987
169928
170298
170641
171090
171689
172657
174142
175903
177264
178075
178811
179966
181918
183776
184226
183810
180613
171584
163104
161511
161692
162984
165625
168487
169731
170086
170138
170304
170672
171380
172512
174264
176474
178519
180088
181441
182963
184491
185562
185273
183567
176670
164626
159580
159229
159444
160744
163206
164990
165330
165083
164864
164845
165149
165841
166987
168619
170619
172779
174971
177420
180748
185035
188187
187846
184113
174602
165548
162651
162569
164295
166920
168131
167587
166950
166640
167044
168548
171062
173894
176084
177011
176929
176950
177490
176921
174681
169410
162495
160290
161213
165716
171608
173387
173272
172769
172612
174450
177034
178251
178971
176266
169826
165464
163147
162381
163894
166547
170569
175177
175791
173896
168806
4.12506e+07
1.44219e+06
187030
182842
145771
101239
89418.7
91529.6
98654.4
107790
118065
128434
139160
151647
167605
189231
213717
227654
233920
233545
226192
218580
183923
124767
111058
112167
117841
126089
134512
142055
147950
152249
155792
159344
163935
170661
179854
190496
200708
211114
218878
217094
211805
179353
137510
131809
132095
135477
139912
143780
147535
151436
155061
158291
161730
165700
170231
174629
178284
181259
184811
192169
204487
209834
211332
197538
162222
147676
146068
147672
151317
154857
157301
158974
160295
161781
163765
166494
169810
173053
175691
177477
178995
181784
187825
193253
193746
191224
176932
155435
150342
150669
152587
156211
159754
162138
163858
165597
167767
170389
173043
175147
176555
177932
180036
183286
188224
192846
193374
191390
183693
165818
156129
155849
156774
159199
162616
165256
166676
167689
168940
170696
172896
175141
176857
178049
179386
181667
185099
189727
191855
190701
187448
175620
160808
157136
157135
158491
161364
164604
166505
167301
167694
168241
169328
171168
173519
175553
176814
177736
178789
180514
183524
185978
186225
185079
179229
166489
159167
158319
158567
160143
162860
165208
166216
166578
166793
167218
168203
170026
172523
174990
176941
178722
180680
182954
184241
183912
182721
177668
166751
160477
160210
160823
162455
165500
168152
169196
169618
170011
170523
171218
172293
173894
175825
177377
178347
179229
180534
182574
184425
184909
184531
181190
171761
163202
161613
161705
162862
165325
167951
169004
169173
169094
169182
169503
170190
171347
173178
175519
177671
179255
180541
181957
183368
184380
184185
182745
176626
165415
160392
160135
160491
161949
164400
165854
165987
165709
165455
165371
165512
165978
166912
168434
170490
172883
175490
178430
182155
186396
188685
187991
183481
172665
162939
159845
159720
161532
164817
167314
167466
167024
166878
167447
168977
171248
173731
175966
177649
179047
180029
180028
178524
175077
168277
160880
159019
160294
165385
172139
172351
171013
170128
169680
171248
175022
178539
181828
182026
174862
166301
161899
161063
162981
166056
169993
174574
176122
174312
169780
4.12214e+07
1.43766e+06
188153
184680
148909
103863
90393.7
92090.5
98028
106984
117564
128377
139406
151780
167118
187705
211485
225158
231732
232004
225678
218890
187310
127597
111875
112826
118018
125640
133387
140592
146726
151429
155264
159173
164116
170772
179243
188835
198726
210020
218878
217953
213812
183160
139900
133088
133106
136122
140341
144041
147473
151235
155376
159494
163520
167648
171834
175615
178596
181133
184731
192579
205098
210436
212023
196877
160925
147388
145724
147202
150519
153799
156239
158163
159813
161541
163701
166467
169782
173208
176204
178550
180712
184117
190536
195693
195923
192955
177519
155282
150166
150323
152312
156022
159622
161996
163632
165203
167167
169585
172098
174184
175703
177222
179456
182747
187715
192570
193376
191833
184871
167169
156531
155987
156480
158661
162080
164840
166376
167414
168543
170036
171991
174149
176031
177542
179177
181630
185128
189906
192263
191111
187958
176432
161465
157646
157724
159238
162328
165661
167481
168140
168436
168879
169796
171414
173604
175603
176924
177907
179014
180753
183764
186203
186466
185400
179689
167012
159656
158821
159047
160633
163435
165869
166924
167311
167549
167993
168983
170774
173198
175565
177388
179004
180722
182674
183739
183291
182044
177104
166368
159848
159459
159971
161491
164498
167314
168484
168919
169294
169786
170490
171607
173321
175432
177180
178332
179343
180745
182833
184661
185139
184745
181355
171703
163108
161549
161604
162661
164983
167417
168346
168375
168245
168284
168570
169288
170528
172433
174742
176791
178283
179516
180894
182302
183319
183240
182026
176530
166055
161056
160904
161453
163290
166248
167400
167264
166760
166305
166108
166137
166464
167272
168700
170732
173198
175986
179224
183191
187110
188410
187251
181313
169273
159904
157466
157769
160171
163998
167043
167587
167343
167342
167941
169240
171084
173218
175274
177284
179798
182622
183376
181513
176482
167777
159747
158083
159949
165773
171857
171587
168992
166990
166068
167755
172275
176991
182638
186643
180881
168127
161111
160121
162591
166438
170784
174996
176479
175408
170775
4.11997e+07
1.43407e+06
189226
186202
151799
106798
91565.2
92749
97468.6
105909
116546
127791
139284
151803
166813
186524
209384
223196
228833
229943
225616
219916
191800
131647
113244
114205
118814
125611
132235
138621
144632
149918
154494
158983
164217
170689
178210
186575
195985
208245
218615
219140
215873
187046
142372
134170
134196
137077
141221
144668
147762
151267
155448
160060
164674
169040
173065
176461
179079
181354
184952
193004
205361
210565
211958
195131
158664
146493
144869
146343
149548
152598
154960
157065
159142
161375
163959
166941
170269
173581
176487
179018
181748
186156
193660
199009
199204
195545
178418
155265
150015
149970
152047
155838
159425
161741
163245
164597
166265
168396
170741
172857
174615
176404
178794
182104
187025
192019
193125
192026
185689
168125
156538
155626
155913
157964
161351
164160
165736
166765
167747
168968
170667
172763
174840
176699
178632
181232
184700
189455
191975
190955
187959
176641
161695
157847
157990
159617
162875
166242
167994
168554
168723
169015
169779
171245
173300
175331
176841
178012
179218
180964
183948
186494
186814
185906
180242
167559
160115
159340
159596
161218
164125
166658
167766
168203
168472
168922
169858
171495
173717
175856
177468
178920
180486
182274
183250
182749
181451
176601
165944
159192
158654
159068
160479
163358
166230
167494
167950
168321
168798
169503
170665
172471
174695
176612
177969
179155
180624
182753
184516
184934
184455
181059
171352
162797
161297
161375
162411
164677
167041
167976
168066
167892
167768
167873
168480
169679
171604
173877
175821
177229
178407
179788
181256
182303
182328
181318
176307
166477
161551
161475
162184
164252
167751
169347
169349
168759
167922
167391
167212
167406
168150
169523
171400
173644
176262
179591
183679
186917
186975
184910
177593
165956
158069
156420
157075
159732
163633
166794
167801
167759
167810
168264
169194
170621
172461
174437
176652
179802
184181
186818
185333
179419
168198
158962
157492
159933
166923
171841
170712
167499
164522
163468
165509
169651
174527
181203
188285
186623
171128
161288
159950
163010
168112
173047
176801
177717
176255
170792
4.11853e+07
1.43242e+06
190048
187070
153768
109676
93409.4
93423.2
97126.1
104778
115129
126623
138689
151717
166785
185639
207197
221474
225786
227375
225470
221256
196967
136725
114910
115890
119879
125665
131115
136400
141956
147665
153225
158727
164472
170658
177126
184352
193451
206378
217960
220114
217607
190731
144816
135038
135234
138139
142303
145617
148302
151349
155305
160048
165054
169731
173756
176999
179485
181762
185494
193717
205674
210620
211021
192289
155807
145092
143806
145431
148608
151497
153719
155899
158409
161289
164503
167898
171223
174150
176555
178836
181985
187584
196428
202598
203135
198490
179322
155213
149800
149570
151742
155567
159060
161252
162661
163848
165276
167191
169472
171765
173871
175948
178445
181672
186495
191679
193053
192284
186322
168860
156534
155226
155308
157277
160657
163506
165084
166094
166915
167893
169364
171349
173496
175572
177724
180445
183873
188545
191186
190353
187553
176423
161574
157805
157984
159674
163038
166426
168091
168533
168588
168776
169413
170730
172739
174890
176646
178026
179398
181143
184074
186771
187065
186241
180773
168137
160592
159911
160223
161890
164931
167547
168673
169143
169433
169829
170600
171980
173901
175753
177169
178487
179983
181755
182766
182273
180953
176196
165595
158653
158003
158348
159666
162400
165291
166647
167107
167446
167879
168540
169658
171422
173677
175795
177380
178706
180275
182405
184080
184416
183794
180391
170760
162310
160882
161053
162165
164528
167024
168029
168094
167858
167640
167641
168062
169038
170625
172570
174334
175726
177005
178563
180207
181333
181465
180670
175997
166650
161818
161778
162568
164703
168260
170748
171264
171150
170513
169708
169200
169176
169766
170945
172442
174065
176149
179204
183088
185203
184201
181031
174039
164590
157782
156190
156905
159633
163616
167007
168324
168301
168151
168215
168699
169865
171607
173632
176012
179505
184823
189657
188923
183239
170633
159916
157875
160109
167510
171484
169686
166137
163231
162484
164279
167697
172428
179435
188527
191051
174505
162237
160143
163589
170048
175198
177936
178074
175277
169391
4.11727e+07
1.43206e+06
190507
187156
155318
112680
95330.9
94321.1
97075.3
103750
113565
125095
137754
151573
167054
185277
205351
219322
223261
224804
224709
222839
202391
142202
116557
117276
120644
125598
130006
134213
139148
145145
151805
158590
164913
170681
176233
182475
191049
204194
217277
220657
218887
194058
147150
135721
136158
139170
143387
146567
148965
151670
155284
159849
164888
169731
173890
177180
179679
182077
186122
194761
206027
210472
209442
188760
152840
143572
142683
144488
147749
150562
152656
154823
157607
161126
165144
169044
172321
174704
176420
178362
181860
188617
198622
205844
206973
201235
180184
155037
149459
149176
151479
155316
158648
160729
162098
163191
164469
166193
168363
170716
173020
175273
177790
180898
185611
191034
192765
192329
186703
169301
156216
154549
154502
156455
159849
162783
164459
165557
166321
167166
168501
170394
172518
174637
176830
179540
182908
187490
190158
189534
186973
176022
161296
157624
157798
159484
162861
166240
167835
168204
168200
168338
168916
170117
172059
174336
176354
177976
179554
181311
184179
186930
187184
186372
181109
168576
160989
160457
160876
162631
165783
168412
169513
170017
170332
170623
171159
172211
173764
175312
176581
177828
179367
181266
182348
181885
180566
175878
165287
158204
157478
157784
159037
161669
164573
165994
166457
166767
167162
167784
168850
170567
172824
174993
176660
178088
179738
181841
183543
183898
183195
179818
170390
162088
160717
160943
162142
164603
167187
168301
168404
168171
167940
167855
168065
168713
169799
171237
172721
174049
175399
177109
178925
180122
180372
179754
175419
166656
162044
162075
162947
165147
168796
171792
172835
173114
172933
172457
171988
171738
171879
172392
173140
174119
175613
178111
180977
181725
180392
177693
172391
164458
157873
156237
156990
159758
163926
167601
169028
168742
168187
167817
168053
169145
170932
173032
175489
179126
184951
191424
191712
186930
174261
162620
159806
161250
167589
170215
168021
164428
162215
162099
163714
166741
171269
178190
188151
194246
177391
163233
160172
163875
170331
175220
176963
176825
172742
167221
4.11627e+07
1.43159e+06
190698
186837
156173
115259
96883.9
95120.4
97086.4
102931
112135
123596
136743
151390
167424
185360
204307
217058
221284
222797
223544
224308
207234
147029
117857
118135
121034
125394
129052
132453
136813
142972
150684
158702
165562
170926
175762
181349
189423
202123
216232
220818
219737
196608
149066
136234
136934
140084
144377
147424
149511
151855
155176
159550
164511
169380
173624
177011
179609
182148
186620
195879
206366
210447
208006
185717
150529
142248
141773
143847
147267
150047
152003
154089
157096
161170
165793
170075
173204
175075
176227
177816
181418
188990
199938
208274
210086
203411
180854
154864
149119
148703
151100
154928
158090
160053
161404
162496
163714
165346
167460
169867
172335
174711
177236
180208
184787
190465
192534
192372
186940
169564
155908
153983
153852
155804
159201
162211
163969
165163
165876
166558
167692
169468
171603
173811
176106
178829
182119
186536
189191
188815
186425
175602
160995
157431
157591
159238
162585
165952
167495
167821
167760
167841
168364
169510
171459
173864
176087
177916
179651
181425
184295
187037
187203
186295
181188
168763
161222
160842
161376
163238
166510
169143
170230
170735
171062
171242
171501
172206
173441
174781
175968
177256
178891
180921
182058
181644
180317
175650
165047
157888
157130
157426
158643
161218
164125
165582
166046
166343
166724
167332
168391
170111
172350
174502
176174
177654
179378
181437
183130
183452
182581
179141
169832
161666
160347
160650
161987
164662
167478
168738
168961
168779
168508
168287
168228
168515
169238
170270
171476
172726
174126
175956
177910
179117
179430
178921
174830
166472
162187
162368
163358
165705
169450
172530
173684
174085
174214
174231
174258
174334
174459
174542
174550
174567
174959
176177
177602
178190
177559
175979
171886
164743
158152
156344
157106
160007
164523
168437
169590
168857
168032
167523
167698
168764
170465
172435
174802
178460
184740
192514
193603
189595
177262
165621
162854
163717
168099
168644
166044
163193
161899
162187
163866
166552
170583
177069
187515
196161
179328
163864
160046
163618
169738
174445
175691
175678
172046
167723
4.11556e+07
1.43051e+06
190661
186755
157184
117037
97872.4
95612.7
96951
102203
110877
122123
135441
150506
167188
185459
204307
216354
220495
222403
222962
225149
209409
149247
118529
118630
121310
125343
128545
131316
135174
141188
149198
157931
165386
170897
175551
180800
188654
201200
215656
220923
220395
198230
150192
136585
137493
140808
145169
148151
150064
152157
155238
159425
164254
169085
173352
176765
179431
182088
186801
196339
206105
210027
206870
183853
149179
141215
140918
143204
146822
149668
151595
153607
156658
161032
166036
170573
173746
175551
176489
177720
181229
189155
200733
209749
212027
204790
181216
154860
148972
148430
150851
154618
157672
159570
160923
162019
163223
164823
166910
169346
171904
174363
176912
179814
184326
190119
192421
192412
187103
169754
155761
153658
153442
155369
158736
161776
163585
164879
165591
166201
167232
168925
171039
173285
175635
178381
181612
185880
188419
188116
185825
175138
160649
157206
157402
159029
162354
165672
167100
167352
167226
167253
167768
168949
170984
173501
175865
177874
179772
181662
184586
187316
187452
186444
181330
168866
161401
161113
161747
163684
167012
169640
170705
171179
171508
171615
171711
172160
173175
174428
175569
176844
178505
180599
181788
181412
180092
175454
164856
157623
156835
157137
158335
160880
163796
165273
165734
166021
166391
166989
168011
169668
171869
174009
175696
177215
179007
181114
182885
183222
182233
178737
169481
161395
160132
160514
161967
164780
167728
169102
169415
169157
168716
168240
167971
168086
168608
169462
170570
171823
173261
175156
177198
178434
178824
178438
174482
166303
162204
162470
163557
166121
170036
173132
174448
175026
175398
175597
175804
176046
176181
176024
175460
174698
173995
173743
174716
176279
176623
175411
171889
164965
158336
156470
157289
160351
165096
168964
169596
168681
167755
167232
167367
168387
170019
171931
174340
178209
184948
193801
195650
191745
179561
167910
165140
165410
167915
166975
164446
162459
161726
162274
163829
166265
170047
176538
187628
197525
180372
164077
159963
163354
169023
173626
175196
175775
173174
169876
)
;

boundaryField
{
    sides
    {
        type            zeroGradient;
    }
    inlet
    {
        type            fixedValue;
        value           uniform 100000;
    }
    outlet
    {
        type            zeroGradient;
    }
    empty
    {
        type            empty;
    }
}


// ************************************************************************* //
