/*--------------------------------*- C++ -*----------------------------------*\
| =========                 |                                                 |
| \\      /  F ield         | OpenFOAM: The Open Source CFD Toolbox           |
|  \\    /   O peration     | Version:  2306                                  |
|   \\  /    A nd           | Website:  www.openfoam.com                      |
|    \\/     M anipulation  |                                                 |
\*---------------------------------------------------------------------------*/
FoamFile
{
    version     2.0;
    format      ascii;
    arch        "LSB;label=32;scalar=64";
    class       volScalarField;
    location    "0.15";
    object      rho;
}
// * * * * * * * * * * * * * * * * * * * * * * * * * * * * * * * * * * * * * //

dimensions      [1 -3 0 0 0 0 0];

internalField   nonuniform List<scalar> 
6000
(
3.64274
3.64274
3.64274
3.64274
3.64274
3.64274
3.64274
3.64274
3.64274
3.64274
3.64274
3.64274
3.64274
3.64274
3.64274
3.64274
3.64274
3.64274
3.64274
3.64274
3.64274
3.64274
3.64274
3.64274
3.64274
3.64274
3.64274
3.64274
3.64274
3.64274
3.64274
3.64274
3.64274
3.64274
3.64274
3.64274
3.64274
3.64274
3.64274
3.64274
3.64274
3.64274
3.64274
3.64274
3.64274
3.64274
3.64274
3.64274
3.64274
3.64274
3.64274
3.64274
3.64274
3.64274
3.64274
3.64274
3.64274
3.64274
3.64274
3.64274
3.64274
3.64274
3.64274
3.64274
3.64274
3.64274
3.64274
3.64274
3.64274
3.64274
3.64274
3.64274
3.64275
3.64277
3.64282
3.64291
3.6431
3.64346
3.6441
3.6451
3.64641
3.64747
3.64777
3.64776
3.64763
3.64722
3.6464
3.64509
3.64331
3.64113
3.63869
3.63609
3.63343
3.63078
3.62816
3.6256
3.62313
3.62077
3.61851
3.61635
3.61435
3.61252
3.61086
3.60937
3.60808
3.60699
3.60608
3.6053
3.60465
3.60408
3.60359
3.60314
3.60271
3.6023
3.60191
3.60155
3.60129
3.60115
3.60112
3.60111
3.6011
3.60112
3.60115
3.6012
3.60128
3.60139
3.60153
3.6017
3.60187
3.60204
3.60217
3.60228
3.60236
3.60242
3.60248
3.60253
3.60256
3.60259
3.60261
3.60262
3.60264
3.60266
3.60267
3.60268
3.60269
3.60268
3.60268
3.60266
3.60263
3.6026
3.60256
3.60251
3.60246
3.60239
3.60232
3.60225
3.60217
3.60209
3.60202
3.60198
3.60195
3.60195
3.60196
3.60196
3.60197
3.60197
3.60197
3.602
3.60203
3.60207
3.60213
3.60219
3.60224
3.60229
3.60232
3.60235
3.60236
3.60237
3.60239
3.60241
3.60243
3.60245
3.60247
3.60249
3.60252
3.60256
3.60259
3.60262
3.60263
3.60264
3.60264
3.60263
3.60261
3.60257
3.60252
3.60245
3.60238
3.6023
3.60224
3.60218
3.60214
3.6021
3.60207
3.60205
3.60202
3.60199
3.60198
3.60198
3.60198
3.60198
3.60198
3.60199
3.60201
3.60203
3.60207
3.60212
3.60217
3.60221
3.60226
3.6023
3.60233
3.60235
3.60237
3.60239
3.6024
3.60241
3.60242
3.60243
3.60244
3.60245
3.60247
3.60249
3.60253
3.60257
3.60261
3.60265
3.60266
3.60266
3.60266
3.60265
3.60263
3.60259
3.60254
3.60246
3.60237
3.60228
3.6022
3.60215
3.60212
3.60209
3.60208
3.60206
3.60204
3.60201
3.60198
3.60196
3.60195
3.60195
3.60195
3.60195
3.60196
3.60197
3.60199
3.60203
3.60208
3.60214
3.60222
3.60227
3.60232
3.60235
3.60236
3.60237
3.60238
3.60239
3.6024
3.60242
3.60244
3.60245
3.60246
3.60247
3.60249
3.60253
3.60258
3.60264
3.60271
3.60275
3.60275
3.60275
3.60273
3.60271
3.60267
3.60262
3.60255
3.60246
3.60237
3.60227
3.60219
3.60213
3.60208
3.60204
3.64274
3.64274
3.64274
3.64274
3.64274
3.64274
3.64274
3.64274
3.64274
3.64274
3.64274
3.64274
3.64274
3.64274
3.64274
3.64274
3.64274
3.64274
3.64274
3.64274
3.64274
3.64274
3.64274
3.64274
3.64274
3.64274
3.64274
3.64274
3.64274
3.64274
3.64274
3.64274
3.64274
3.64274
3.64274
3.64274
3.64274
3.64274
3.64274
3.64274
3.64274
3.64274
3.64274
3.64274
3.64274
3.64274
3.64274
3.64274
3.64274
3.64274
3.64274
3.64274
3.64274
3.64274
3.64274
3.64274
3.64274
3.64274
3.64274
3.64274
3.64274
3.64274
3.64274
3.64274
3.64274
3.64274
3.64274
3.64274
3.64274
3.64274
3.64274
3.64274
3.64275
3.64277
3.64282
3.64291
3.6431
3.64346
3.64409
3.64511
3.64641
3.64747
3.64777
3.64776
3.64763
3.64722
3.6464
3.64509
3.64331
3.64113
3.63869
3.63609
3.63343
3.63078
3.62815
3.6256
3.62314
3.62077
3.6185
3.61636
3.61436
3.61253
3.61086
3.60937
3.60809
3.607
3.60608
3.6053
3.60465
3.60409
3.60359
3.60314
3.60271
3.60231
3.60192
3.60156
3.60128
3.60114
3.60111
3.60111
3.60111
3.60112
3.60115
3.6012
3.60128
3.60139
3.60153
3.6017
3.60187
3.60204
3.60218
3.60228
3.60236
3.60243
3.60248
3.60253
3.60256
3.60259
3.60261
3.60263
3.60264
3.60266
3.60267
3.60268
3.60268
3.60268
3.60267
3.60266
3.60264
3.6026
3.60256
3.60251
3.60246
3.60239
3.60232
3.60225
3.60217
3.6021
3.60203
3.60198
3.60196
3.60195
3.60195
3.60196
3.60197
3.60197
3.60198
3.602
3.60203
3.60207
3.60213
3.60219
3.60224
3.60228
3.60232
3.60234
3.60236
3.60238
3.60239
3.60241
3.60243
3.60245
3.60247
3.60249
3.60252
3.60256
3.60259
3.60262
3.60264
3.60264
3.60264
3.60263
3.60261
3.60257
3.60252
3.60245
3.60238
3.6023
3.60224
3.60219
3.60214
3.6021
3.60207
3.60204
3.60202
3.60199
3.60198
3.60198
3.60198
3.60198
3.60198
3.60199
3.60201
3.60203
3.60207
3.60212
3.60217
3.60221
3.60226
3.6023
3.60233
3.60235
3.60237
3.60239
3.6024
3.60241
3.60242
3.60243
3.60244
3.60245
3.60247
3.60249
3.60252
3.60257
3.60261
3.60265
3.60266
3.60267
3.60266
3.60265
3.60263
3.60259
3.60254
3.60246
3.60237
3.60228
3.6022
3.60215
3.60212
3.60209
3.60207
3.60206
3.60203
3.60201
3.60198
3.60196
3.60195
3.60195
3.60195
3.60195
3.60196
3.60197
3.602
3.60203
3.60208
3.60215
3.60221
3.60227
3.60231
3.60235
3.60236
3.60237
3.60238
3.60239
3.6024
3.60242
3.60243
3.60244
3.60246
3.60247
3.6025
3.60253
3.60258
3.60264
3.60271
3.60274
3.60275
3.60275
3.60273
3.60271
3.60268
3.60263
3.60255
3.60247
3.60237
3.60227
3.60218
3.60212
3.60208
3.60204
3.64274
3.64274
3.64274
3.64274
3.64274
3.64274
3.64274
3.64274
3.64274
3.64274
3.64274
3.64274
3.64274
3.64274
3.64274
3.64274
3.64274
3.64274
3.64274
3.64274
3.64274
3.64274
3.64274
3.64274
3.64274
3.64274
3.64274
3.64274
3.64274
3.64274
3.64274
3.64274
3.64274
3.64274
3.64274
3.64274
3.64274
3.64274
3.64274
3.64274
3.64274
3.64274
3.64274
3.64274
3.64274
3.64274
3.64274
3.64274
3.64274
3.64274
3.64274
3.64274
3.64274
3.64274
3.64274
3.64274
3.64274
3.64274
3.64274
3.64274
3.64274
3.64274
3.64274
3.64274
3.64274
3.64274
3.64274
3.64274
3.64274
3.64274
3.64274
3.64274
3.64275
3.64277
3.64282
3.64291
3.6431
3.64346
3.64409
3.64511
3.64641
3.64747
3.64777
3.64776
3.64763
3.64722
3.6464
3.64509
3.6433
3.64113
3.63869
3.63609
3.63344
3.63078
3.62815
3.6256
3.62314
3.62077
3.61849
3.61636
3.61436
3.61253
3.61085
3.60937
3.60809
3.607
3.60608
3.60529
3.60465
3.60409
3.60359
3.60314
3.60271
3.60231
3.60192
3.60156
3.60128
3.60114
3.60111
3.60111
3.60111
3.60112
3.60115
3.6012
3.60128
3.60139
3.60153
3.60169
3.60187
3.60203
3.60218
3.60229
3.60237
3.60243
3.60248
3.60252
3.60256
3.60259
3.60261
3.60263
3.60265
3.60266
3.60267
3.60268
3.60268
3.60268
3.60267
3.60266
3.60264
3.60261
3.60257
3.60252
3.60246
3.60239
3.60232
3.60224
3.60217
3.6021
3.60203
3.60198
3.60196
3.60195
3.60195
3.60196
3.60196
3.60197
3.60198
3.602
3.60203
3.60207
3.60213
3.60219
3.60224
3.60228
3.60232
3.60234
3.60236
3.60237
3.60239
3.60241
3.60243
3.60245
3.60247
3.60249
3.60252
3.60255
3.60259
3.60262
3.60264
3.60264
3.60264
3.60263
3.60261
3.60257
3.60251
3.60245
3.60238
3.6023
3.60224
3.60219
3.60214
3.6021
3.60207
3.60204
3.60201
3.60199
3.60198
3.60198
3.60198
3.60198
3.60198
3.60199
3.60201
3.60203
3.60207
3.60212
3.60217
3.60222
3.60226
3.6023
3.60233
3.60235
3.60236
3.60238
3.6024
3.60241
3.60242
3.60243
3.60244
3.60245
3.60247
3.60249
3.60252
3.60256
3.60261
3.60265
3.60267
3.60267
3.60266
3.60265
3.60263
3.60259
3.60253
3.60246
3.60237
3.60228
3.60221
3.60215
3.60211
3.60209
3.60207
3.60205
3.60203
3.60201
3.60198
3.60196
3.60195
3.60195
3.60195
3.60195
3.60196
3.60197
3.602
3.60204
3.60209
3.60215
3.60221
3.60227
3.60231
3.60234
3.60236
3.60237
3.60238
3.60239
3.60241
3.60242
3.60243
3.60244
3.60245
3.60247
3.6025
3.60254
3.60259
3.60265
3.60271
3.60274
3.60274
3.60274
3.60273
3.60271
3.60268
3.60263
3.60256
3.60247
3.60236
3.60226
3.60218
3.60211
3.60207
3.60204
3.64274
3.64274
3.64274
3.64274
3.64274
3.64274
3.64274
3.64274
3.64274
3.64274
3.64274
3.64274
3.64274
3.64274
3.64274
3.64274
3.64274
3.64274
3.64274
3.64274
3.64274
3.64274
3.64274
3.64274
3.64274
3.64274
3.64274
3.64274
3.64274
3.64274
3.64274
3.64274
3.64274
3.64274
3.64274
3.64274
3.64274
3.64274
3.64274
3.64274
3.64274
3.64274
3.64274
3.64274
3.64274
3.64274
3.64274
3.64274
3.64274
3.64274
3.64274
3.64274
3.64274
3.64274
3.64274
3.64274
3.64274
3.64274
3.64274
3.64274
3.64274
3.64274
3.64274
3.64274
3.64274
3.64274
3.64274
3.64274
3.64274
3.64274
3.64274
3.64274
3.64275
3.64277
3.64282
3.64291
3.6431
3.64346
3.64409
3.64511
3.64641
3.64746
3.64777
3.64776
3.64763
3.64722
3.6464
3.64509
3.6433
3.64113
3.63868
3.63609
3.63344
3.63077
3.62815
3.62561
3.62314
3.62076
3.61849
3.61636
3.61436
3.61253
3.61084
3.60938
3.60809
3.607
3.60607
3.60529
3.60465
3.60408
3.60359
3.60314
3.60271
3.60231
3.60192
3.60156
3.60127
3.60114
3.60111
3.60111
3.60111
3.60112
3.60115
3.6012
3.60127
3.60139
3.60153
3.60169
3.60187
3.60203
3.60218
3.60229
3.60237
3.60243
3.60248
3.60252
3.60255
3.60258
3.60261
3.60264
3.60266
3.60267
3.60267
3.60267
3.60267
3.60267
3.60267
3.60266
3.60264
3.60261
3.60257
3.60252
3.60246
3.60239
3.60231
3.60224
3.60217
3.6021
3.60203
3.60198
3.60196
3.60195
3.60195
3.60196
3.60196
3.60197
3.60198
3.602
3.60203
3.60207
3.60213
3.60219
3.60224
3.60228
3.60232
3.60234
3.60236
3.60237
3.60239
3.60241
3.60243
3.60245
3.60247
3.60249
3.60252
3.60255
3.60259
3.60262
3.60264
3.60264
3.60264
3.60263
3.60261
3.60257
3.60251
3.60245
3.60237
3.6023
3.60224
3.60219
3.60215
3.60211
3.60207
3.60204
3.60201
3.60199
3.60198
3.60198
3.60198
3.60198
3.60199
3.60199
3.60201
3.60203
3.60207
3.60212
3.60217
3.60222
3.60227
3.6023
3.60233
3.60235
3.60236
3.60238
3.6024
3.60241
3.60242
3.60243
3.60244
3.60245
3.60247
3.60248
3.60251
3.60256
3.60261
3.60265
3.60267
3.60267
3.60266
3.60265
3.60263
3.60259
3.60253
3.60246
3.60238
3.60229
3.60221
3.60215
3.60211
3.60208
3.60207
3.60205
3.60203
3.60201
3.60198
3.60196
3.60195
3.60194
3.60194
3.60195
3.60196
3.60197
3.602
3.60204
3.60209
3.60215
3.60221
3.60226
3.6023
3.60233
3.60236
3.60238
3.60239
3.6024
3.60241
3.60242
3.60242
3.60243
3.60245
3.60247
3.6025
3.60254
3.60259
3.60265
3.60271
3.60273
3.60274
3.60274
3.60273
3.60271
3.60269
3.60264
3.60257
3.60247
3.60236
3.60226
3.60216
3.6021
3.60207
3.60204
3.64274
3.64274
3.64274
3.64274
3.64274
3.64274
3.64274
3.64274
3.64274
3.64274
3.64274
3.64274
3.64274
3.64274
3.64274
3.64274
3.64274
3.64274
3.64274
3.64274
3.64274
3.64274
3.64274
3.64274
3.64274
3.64274
3.64274
3.64274
3.64274
3.64274
3.64274
3.64274
3.64274
3.64274
3.64274
3.64274
3.64274
3.64274
3.64274
3.64274
3.64274
3.64274
3.64274
3.64274
3.64274
3.64274
3.64274
3.64274
3.64274
3.64274
3.64274
3.64274
3.64274
3.64274
3.64274
3.64274
3.64274
3.64274
3.64274
3.64274
3.64274
3.64274
3.64274
3.64274
3.64274
3.64274
3.64274
3.64274
3.64274
3.64274
3.64274
3.64274
3.64275
3.64277
3.64282
3.64291
3.6431
3.64346
3.64409
3.64511
3.64641
3.64746
3.64777
3.64776
3.64763
3.64722
3.6464
3.64509
3.6433
3.64113
3.63869
3.63609
3.63344
3.63077
3.62816
3.62561
3.62314
3.62076
3.61849
3.61636
3.61436
3.61252
3.61084
3.60938
3.60809
3.607
3.60607
3.60529
3.60465
3.60408
3.60359
3.60314
3.60272
3.60232
3.60192
3.60156
3.60127
3.60113
3.60111
3.60111
3.60111
3.60112
3.60115
3.6012
3.60127
3.60138
3.60152
3.60169
3.60187
3.60204
3.60218
3.60229
3.60237
3.60243
3.60248
3.60251
3.60255
3.60258
3.60261
3.60264
3.60266
3.60267
3.60267
3.60267
3.60267
3.60267
3.60267
3.60266
3.60264
3.60261
3.60257
3.60252
3.60246
3.60239
3.60231
3.60224
3.60217
3.6021
3.60204
3.60199
3.60196
3.60195
3.60195
3.60195
3.60196
3.60197
3.60198
3.602
3.60203
3.60207
3.60213
3.60219
3.60224
3.60229
3.60232
3.60234
3.60236
3.60237
3.60239
3.60241
3.60243
3.60245
3.60247
3.60249
3.60252
3.60255
3.60259
3.60262
3.60263
3.60264
3.60264
3.60263
3.60261
3.60257
3.60251
3.60244
3.60237
3.6023
3.60224
3.60219
3.60215
3.60211
3.60207
3.60204
3.60201
3.60199
3.60198
3.60198
3.60198
3.60198
3.60199
3.60199
3.60201
3.60203
3.60206
3.60211
3.60217
3.60222
3.60227
3.60231
3.60233
3.60235
3.60236
3.60237
3.60239
3.60242
3.60243
3.60244
3.60245
3.60246
3.60246
3.60248
3.60251
3.60255
3.60261
3.60265
3.60267
3.60268
3.60267
3.60265
3.60262
3.60259
3.60253
3.60246
3.60238
3.60229
3.60222
3.60216
3.60211
3.60208
3.60206
3.60204
3.60203
3.60201
3.60199
3.60197
3.60195
3.60194
3.60194
3.60194
3.60195
3.60198
3.60201
3.60205
3.6021
3.60215
3.60221
3.60225
3.6023
3.60233
3.60236
3.60238
3.60239
3.60241
3.60241
3.60242
3.60242
3.60243
3.60244
3.60247
3.6025
3.60254
3.6026
3.60265
3.60271
3.60273
3.60273
3.60273
3.60273
3.60272
3.6027
3.60265
3.60258
3.60248
3.60236
3.60225
3.60215
3.60209
3.60207
3.60205
3.64274
3.64274
3.64274
3.64274
3.64274
3.64274
3.64274
3.64274
3.64274
3.64274
3.64274
3.64274
3.64274
3.64274
3.64274
3.64274
3.64274
3.64274
3.64274
3.64274
3.64274
3.64274
3.64274
3.64274
3.64274
3.64274
3.64274
3.64274
3.64274
3.64274
3.64274
3.64274
3.64274
3.64274
3.64274
3.64274
3.64274
3.64274
3.64274
3.64274
3.64274
3.64274
3.64274
3.64274
3.64274
3.64274
3.64274
3.64274
3.64274
3.64274
3.64274
3.64274
3.64274
3.64274
3.64274
3.64274
3.64274
3.64274
3.64274
3.64274
3.64274
3.64274
3.64274
3.64274
3.64274
3.64274
3.64274
3.64274
3.64274
3.64274
3.64274
3.64274
3.64275
3.64277
3.64282
3.64291
3.6431
3.64346
3.64409
3.6451
3.64641
3.64746
3.64777
3.64776
3.64763
3.64722
3.6464
3.64509
3.6433
3.64113
3.63869
3.63609
3.63344
3.63077
3.62816
3.62561
3.62314
3.62075
3.6185
3.61636
3.61437
3.61251
3.61085
3.60938
3.60809
3.607
3.60607
3.6053
3.60464
3.60408
3.60359
3.60314
3.60272
3.60232
3.60192
3.60156
3.60127
3.60113
3.60111
3.60111
3.60112
3.60113
3.60115
3.6012
3.60127
3.60138
3.60152
3.60169
3.60187
3.60204
3.60218
3.60229
3.60237
3.60243
3.60247
3.60251
3.60255
3.60258
3.60262
3.60264
3.60266
3.60267
3.60267
3.60267
3.60267
3.60267
3.60267
3.60266
3.60264
3.60261
3.60257
3.60252
3.60245
3.60238
3.60231
3.60224
3.60217
3.6021
3.60204
3.60199
3.60196
3.60195
3.60195
3.60195
3.60196
3.60197
3.60198
3.602
3.60203
3.60207
3.60212
3.60218
3.60224
3.60229
3.60232
3.60234
3.60236
3.60237
3.60239
3.60241
3.60243
3.60245
3.60247
3.60249
3.60252
3.60255
3.60259
3.60262
3.60263
3.60264
3.60264
3.60263
3.60261
3.60257
3.60251
3.60245
3.60237
3.6023
3.60224
3.60219
3.60215
3.60211
3.60208
3.60204
3.60201
3.60198
3.60197
3.60198
3.60198
3.60198
3.60199
3.60199
3.60201
3.60203
3.60206
3.60211
3.60217
3.60222
3.60227
3.60231
3.60233
3.60235
3.60236
3.60237
3.60239
3.60241
3.60243
3.60244
3.60245
3.60246
3.60246
3.60248
3.60251
3.60255
3.6026
3.60266
3.60268
3.60268
3.60267
3.60265
3.60262
3.60258
3.60253
3.60246
3.60238
3.6023
3.60222
3.60216
3.60211
3.60208
3.60206
3.60204
3.60202
3.60201
3.60199
3.60197
3.60195
3.60194
3.60194
3.60194
3.60195
3.60198
3.60201
3.60206
3.6021
3.60215
3.6022
3.60225
3.60229
3.60233
3.60236
3.60238
3.6024
3.60241
3.60242
3.60242
3.60241
3.60242
3.60244
3.60247
3.6025
3.60255
3.6026
3.60265
3.6027
3.60272
3.60273
3.60273
3.60273
3.60272
3.6027
3.60265
3.60258
3.60248
3.60236
3.60224
3.60214
3.60209
3.60207
3.60205
3.64274
3.64274
3.64274
3.64274
3.64274
3.64274
3.64274
3.64274
3.64274
3.64274
3.64274
3.64274
3.64274
3.64274
3.64274
3.64274
3.64274
3.64274
3.64274
3.64274
3.64274
3.64274
3.64274
3.64274
3.64274
3.64274
3.64274
3.64274
3.64274
3.64274
3.64274
3.64274
3.64274
3.64274
3.64274
3.64274
3.64274
3.64274
3.64274
3.64274
3.64274
3.64274
3.64274
3.64274
3.64274
3.64274
3.64274
3.64274
3.64274
3.64274
3.64274
3.64274
3.64274
3.64274
3.64274
3.64274
3.64274
3.64274
3.64274
3.64274
3.64274
3.64274
3.64274
3.64274
3.64274
3.64274
3.64274
3.64274
3.64274
3.64274
3.64274
3.64274
3.64275
3.64277
3.64282
3.64291
3.6431
3.64346
3.64409
3.6451
3.64641
3.64746
3.64777
3.64776
3.64763
3.64722
3.6464
3.64509
3.6433
3.64113
3.63869
3.63609
3.63343
3.63077
3.62816
3.62561
3.62314
3.62075
3.6185
3.61636
3.61437
3.61251
3.61086
3.60938
3.6081
3.607
3.60606
3.6053
3.60464
3.60408
3.60359
3.60314
3.60272
3.60232
3.60192
3.60156
3.60127
3.60113
3.60111
3.60111
3.60112
3.60113
3.60115
3.60119
3.60127
3.60138
3.60152
3.60169
3.60187
3.60204
3.60218
3.60229
3.60237
3.60243
3.60247
3.60251
3.60255
3.60258
3.60262
3.60264
3.60266
3.60267
3.60267
3.60267
3.60267
3.60267
3.60267
3.60266
3.60264
3.60262
3.60258
3.60252
3.60245
3.60238
3.60231
3.60224
3.60217
3.6021
3.60204
3.60199
3.60196
3.60195
3.60195
3.60195
3.60196
3.60197
3.60198
3.602
3.60203
3.60207
3.60212
3.60218
3.60224
3.60229
3.60232
3.60235
3.60236
3.60237
3.60239
3.60241
3.60243
3.60245
3.60247
3.6025
3.60252
3.60256
3.60259
3.60262
3.60263
3.60264
3.60264
3.60263
3.60261
3.60257
3.60252
3.60245
3.60237
3.6023
3.60224
3.60219
3.60215
3.60211
3.60208
3.60205
3.60201
3.60198
3.60197
3.60197
3.60198
3.60198
3.60199
3.60199
3.60201
3.60203
3.60207
3.60211
3.60216
3.60222
3.60227
3.60231
3.60234
3.60235
3.60236
3.60237
3.60239
3.60241
3.60243
3.60244
3.60245
3.60246
3.60247
3.60248
3.60251
3.60255
3.6026
3.60265
3.60268
3.60268
3.60267
3.60265
3.60262
3.60258
3.60253
3.60246
3.60238
3.6023
3.60222
3.60216
3.60211
3.60208
3.60205
3.60204
3.60202
3.60201
3.60199
3.60197
3.60195
3.60194
3.60193
3.60194
3.60195
3.60198
3.60201
3.60206
3.6021
3.60215
3.6022
3.60225
3.60229
3.60233
3.60236
3.60238
3.6024
3.60241
3.60242
3.60241
3.60241
3.60242
3.60244
3.60247
3.60251
3.60255
3.6026
3.60266
3.6027
3.60272
3.60273
3.60273
3.60273
3.60272
3.6027
3.60265
3.60258
3.60247
3.60236
3.60223
3.60214
3.60209
3.60207
3.60206
3.64274
3.64274
3.64274
3.64274
3.64274
3.64274
3.64274
3.64274
3.64274
3.64274
3.64274
3.64274
3.64274
3.64274
3.64274
3.64274
3.64274
3.64274
3.64274
3.64274
3.64274
3.64274
3.64274
3.64274
3.64274
3.64274
3.64274
3.64274
3.64274
3.64274
3.64274
3.64274
3.64274
3.64274
3.64274
3.64274
3.64274
3.64274
3.64274
3.64274
3.64274
3.64274
3.64274
3.64274
3.64274
3.64274
3.64274
3.64274
3.64274
3.64274
3.64274
3.64274
3.64274
3.64274
3.64274
3.64274
3.64274
3.64274
3.64274
3.64274
3.64274
3.64274
3.64274
3.64274
3.64274
3.64274
3.64274
3.64274
3.64274
3.64274
3.64274
3.64274
3.64275
3.64277
3.64282
3.64291
3.6431
3.64346
3.64409
3.6451
3.64641
3.64746
3.64777
3.64776
3.64763
3.64722
3.6464
3.64509
3.6433
3.64113
3.63869
3.63609
3.63343
3.63077
3.62816
3.62561
3.62313
3.62075
3.6185
3.61636
3.61436
3.61251
3.61086
3.60937
3.6081
3.60699
3.60607
3.6053
3.60464
3.60408
3.60358
3.60314
3.60272
3.60232
3.60192
3.60156
3.60127
3.60113
3.60111
3.60111
3.60112
3.60113
3.60115
3.6012
3.60127
3.60138
3.60152
3.60169
3.60187
3.60204
3.60218
3.60229
3.60237
3.60243
3.60247
3.60251
3.60255
3.60259
3.60262
3.60264
3.60266
3.60267
3.60267
3.60267
3.60267
3.60267
3.60267
3.60266
3.60265
3.60262
3.60258
3.60252
3.60245
3.60238
3.60231
3.60224
3.60217
3.6021
3.60204
3.60199
3.60195
3.60194
3.60194
3.60195
3.60196
3.60197
3.60199
3.60201
3.60203
3.60207
3.60212
3.60218
3.60224
3.60229
3.60232
3.60235
3.60236
3.60238
3.60239
3.6024
3.60242
3.60244
3.60247
3.6025
3.60253
3.60256
3.60259
3.60262
3.60263
3.60263
3.60263
3.60263
3.60261
3.60257
3.60252
3.60245
3.60237
3.6023
3.60223
3.60218
3.60215
3.60211
3.60208
3.60205
3.60201
3.60199
3.60197
3.60197
3.60198
3.60198
3.60199
3.602
3.60201
3.60203
3.60207
3.60211
3.60216
3.60222
3.60227
3.60231
3.60234
3.60235
3.60236
3.60237
3.60239
3.6024
3.60242
3.60244
3.60245
3.60246
3.60247
3.60248
3.60251
3.60255
3.6026
3.60265
3.60268
3.60268
3.60267
3.60265
3.60262
3.60258
3.60253
3.60246
3.60238
3.6023
3.60222
3.60216
3.60211
3.60208
3.60205
3.60204
3.60202
3.60201
3.60199
3.60197
3.60195
3.60194
3.60193
3.60194
3.60195
3.60198
3.60202
3.60206
3.6021
3.60215
3.6022
3.60225
3.60229
3.60233
3.60236
3.60238
3.6024
3.60241
3.60242
3.60241
3.60241
3.60242
3.60244
3.60247
3.60251
3.60255
3.6026
3.60265
3.6027
3.60272
3.60273
3.60273
3.60273
3.60273
3.6027
3.60265
3.60257
3.60247
3.60235
3.60223
3.60215
3.6021
3.60208
3.60206
3.64274
3.64274
3.64274
3.64274
3.64274
3.64274
3.64274
3.64274
3.64274
3.64274
3.64274
3.64274
3.64274
3.64274
3.64274
3.64274
3.64274
3.64274
3.64274
3.64274
3.64274
3.64274
3.64274
3.64274
3.64274
3.64274
3.64274
3.64274
3.64274
3.64274
3.64274
3.64274
3.64274
3.64274
3.64274
3.64274
3.64274
3.64274
3.64274
3.64274
3.64274
3.64274
3.64274
3.64274
3.64274
3.64274
3.64274
3.64274
3.64274
3.64274
3.64274
3.64274
3.64274
3.64274
3.64274
3.64274
3.64274
3.64274
3.64274
3.64274
3.64274
3.64274
3.64274
3.64274
3.64274
3.64274
3.64274
3.64274
3.64274
3.64274
3.64274
3.64274
3.64275
3.64277
3.64282
3.64291
3.6431
3.64346
3.64409
3.6451
3.64641
3.64746
3.64777
3.64776
3.64763
3.64722
3.6464
3.64509
3.6433
3.64113
3.63869
3.63609
3.63342
3.63078
3.62816
3.62561
3.62313
3.62076
3.6185
3.61636
3.61436
3.61251
3.61086
3.60937
3.6081
3.60699
3.60608
3.6053
3.60464
3.60408
3.60358
3.60314
3.60272
3.60232
3.60192
3.60155
3.60127
3.60113
3.60111
3.60111
3.60112
3.60113
3.60115
3.6012
3.60127
3.60138
3.60152
3.60169
3.60187
3.60204
3.60218
3.60229
3.60237
3.60243
3.60247
3.60251
3.60255
3.60259
3.60262
3.60264
3.60266
3.60266
3.60266
3.60267
3.60267
3.60267
3.60267
3.60267
3.60265
3.60262
3.60257
3.60251
3.60245
3.60238
3.60231
3.60224
3.60217
3.60211
3.60204
3.60199
3.60195
3.60194
3.60194
3.60195
3.60196
3.60198
3.60199
3.60201
3.60203
3.60207
3.60212
3.60217
3.60223
3.60229
3.60233
3.60235
3.60237
3.60238
3.60239
3.6024
3.60242
3.60244
3.60247
3.6025
3.60253
3.60256
3.60259
3.60262
3.60263
3.60263
3.60263
3.60263
3.60261
3.60257
3.60252
3.60245
3.60237
3.60229
3.60223
3.60218
3.60215
3.60211
3.60208
3.60205
3.60202
3.60198
3.60197
3.60197
3.60197
3.60198
3.60199
3.602
3.60201
3.60203
3.60207
3.60211
3.60216
3.60221
3.60227
3.60231
3.60234
3.60236
3.60237
3.60238
3.60239
3.6024
3.60242
3.60244
3.60245
3.60246
3.60247
3.60248
3.60251
3.60255
3.6026
3.60265
3.60268
3.60268
3.60267
3.60265
3.60262
3.60258
3.60253
3.60246
3.60238
3.6023
3.60222
3.60216
3.60211
3.60208
3.60205
3.60204
3.60202
3.60201
3.60199
3.60197
3.60195
3.60194
3.60193
3.60194
3.60195
3.60198
3.60202
3.60206
3.6021
3.60215
3.6022
3.60225
3.60229
3.60233
3.60236
3.60238
3.6024
3.60241
3.60241
3.60241
3.60241
3.60242
3.60245
3.60247
3.60251
3.60255
3.6026
3.60265
3.6027
3.60272
3.60273
3.60273
3.60273
3.60273
3.6027
3.60265
3.60257
3.60246
3.60235
3.60223
3.60215
3.6021
3.60209
3.60206
3.64274
3.64274
3.64274
3.64274
3.64274
3.64274
3.64274
3.64274
3.64274
3.64274
3.64274
3.64274
3.64274
3.64274
3.64274
3.64274
3.64274
3.64274
3.64274
3.64274
3.64274
3.64274
3.64274
3.64274
3.64274
3.64274
3.64274
3.64274
3.64274
3.64274
3.64274
3.64274
3.64274
3.64274
3.64274
3.64274
3.64274
3.64274
3.64274
3.64274
3.64274
3.64274
3.64274
3.64274
3.64274
3.64274
3.64274
3.64274
3.64274
3.64274
3.64274
3.64274
3.64274
3.64274
3.64274
3.64274
3.64274
3.64274
3.64274
3.64274
3.64274
3.64274
3.64274
3.64274
3.64274
3.64274
3.64274
3.64274
3.64274
3.64274
3.64274
3.64274
3.64275
3.64277
3.64282
3.64291
3.6431
3.64346
3.64409
3.6451
3.64641
3.64746
3.64777
3.64776
3.64763
3.64722
3.6464
3.64509
3.6433
3.64113
3.63869
3.63609
3.63342
3.63078
3.62816
3.62561
3.62312
3.62077
3.6185
3.61636
3.61435
3.61252
3.61086
3.60938
3.6081
3.60699
3.60608
3.6053
3.60465
3.60408
3.60358
3.60314
3.60272
3.60232
3.60192
3.60155
3.60127
3.60113
3.60111
3.60111
3.60111
3.60113
3.60115
3.6012
3.60127
3.60138
3.60153
3.60169
3.60187
3.60203
3.60218
3.60229
3.60237
3.60243
3.60247
3.60251
3.60255
3.60259
3.60262
3.60264
3.60266
3.60266
3.60266
3.60267
3.60267
3.60267
3.60267
3.60267
3.60265
3.60262
3.60257
3.60251
3.60245
3.60238
3.60231
3.60224
3.60217
3.60211
3.60204
3.60198
3.60195
3.60194
3.60194
3.60195
3.60197
3.60198
3.60199
3.60201
3.60203
3.60207
3.60212
3.60217
3.60223
3.60229
3.60233
3.60235
3.60237
3.60238
3.60239
3.6024
3.60242
3.60244
3.60247
3.6025
3.60253
3.60256
3.60259
3.60261
3.60263
3.60263
3.60263
3.60263
3.60261
3.60258
3.60252
3.60245
3.60237
3.60229
3.60223
3.60218
3.60215
3.60211
3.60208
3.60205
3.60202
3.60198
3.60197
3.60197
3.60197
3.60198
3.60199
3.602
3.60201
3.60203
3.60206
3.60211
3.60216
3.60221
3.60227
3.60231
3.60234
3.60236
3.60237
3.60238
3.60239
3.6024
3.60241
3.60243
3.60245
3.60246
3.60247
3.60248
3.60251
3.60255
3.6026
3.60265
3.60268
3.60268
3.60267
3.60265
3.60262
3.60258
3.60253
3.60246
3.60238
3.6023
3.60222
3.60216
3.60211
3.60208
3.60206
3.60204
3.60203
3.60201
3.60199
3.60197
3.60195
3.60194
3.60193
3.60194
3.60195
3.60198
3.60201
3.60206
3.6021
3.60215
3.6022
3.60225
3.60229
3.60233
3.60236
3.60238
3.6024
3.60241
3.60241
3.60241
3.60241
3.60242
3.60245
3.60248
3.60251
3.60255
3.6026
3.60265
3.6027
3.60272
3.60273
3.60273
3.60273
3.60273
3.6027
3.60265
3.60257
3.60246
3.60234
3.60224
3.60216
3.60211
3.6021
3.60207
3.64274
3.64274
3.64274
3.64274
3.64274
3.64274
3.64274
3.64274
3.64274
3.64274
3.64274
3.64274
3.64274
3.64274
3.64274
3.64274
3.64274
3.64274
3.64274
3.64274
3.64274
3.64274
3.64274
3.64274
3.64274
3.64274
3.64274
3.64274
3.64274
3.64274
3.64274
3.64274
3.64274
3.64274
3.64274
3.64274
3.64274
3.64274
3.64274
3.64274
3.64274
3.64274
3.64274
3.64274
3.64274
3.64274
3.64274
3.64274
3.64274
3.64274
3.64274
3.64274
3.64274
3.64274
3.64274
3.64274
3.64274
3.64274
3.64274
3.64274
3.64274
3.64274
3.64274
3.64274
3.64274
3.64274
3.64274
3.64274
3.64274
3.64274
3.64274
3.64274
3.64275
3.64277
3.64282
3.64291
3.6431
3.64346
3.64409
3.6451
3.64641
3.64746
3.64777
3.64776
3.64763
3.64722
3.6464
3.64509
3.6433
3.64113
3.63869
3.63609
3.63343
3.63078
3.62816
3.6256
3.62313
3.62077
3.6185
3.61636
3.61435
3.61252
3.61085
3.60938
3.60809
3.60699
3.60608
3.6053
3.60465
3.60408
3.60358
3.60314
3.60272
3.60232
3.60192
3.60156
3.60128
3.60113
3.6011
3.60111
3.60111
3.60113
3.60115
3.6012
3.60127
3.60138
3.60153
3.60169
3.60187
3.60203
3.60218
3.60229
3.60237
3.60243
3.60248
3.60251
3.60255
3.60258
3.60262
3.60264
3.60266
3.60266
3.60266
3.60267
3.60267
3.60267
3.60267
3.60267
3.60265
3.60262
3.60257
3.60251
3.60245
3.60238
3.60231
3.60224
3.60217
3.60211
3.60204
3.60198
3.60195
3.60194
3.60194
3.60195
3.60197
3.60198
3.60199
3.60201
3.60203
3.60207
3.60212
3.60217
3.60223
3.60229
3.60233
3.60235
3.60237
3.60238
3.60238
3.6024
3.60242
3.60244
3.60247
3.6025
3.60253
3.60256
3.60259
3.60261
3.60263
3.60263
3.60263
3.60263
3.60261
3.60258
3.60252
3.60245
3.60237
3.60229
3.60223
3.60218
3.60215
3.60211
3.60208
3.60205
3.60201
3.60198
3.60197
3.60197
3.60198
3.60198
3.60199
3.602
3.60201
3.60203
3.60206
3.60211
3.60216
3.60221
3.60227
3.60231
3.60234
3.60236
3.60237
3.60238
3.60239
3.6024
3.60241
3.60243
3.60245
3.60246
3.60247
3.60249
3.60251
3.60255
3.6026
3.60265
3.60267
3.60268
3.60267
3.60266
3.60262
3.60258
3.60253
3.60246
3.60238
3.60229
3.60222
3.60216
3.60211
3.60208
3.60206
3.60204
3.60203
3.60202
3.602
3.60197
3.60195
3.60194
3.60193
3.60194
3.60195
3.60198
3.60201
3.60206
3.6021
3.60215
3.6022
3.60225
3.60229
3.60233
3.60236
3.60239
3.6024
3.60241
3.60241
3.60241
3.60241
3.60242
3.60245
3.60248
3.60251
3.60255
3.6026
3.60265
3.6027
3.60271
3.60273
3.60273
3.60273
3.60273
3.6027
3.60265
3.60257
3.60246
3.60235
3.60224
3.60216
3.60211
3.6021
3.60207
3.64274
3.64274
3.64274
3.64274
3.64274
3.64274
3.64274
3.64274
3.64274
3.64274
3.64274
3.64274
3.64274
3.64274
3.64274
3.64274
3.64274
3.64274
3.64274
3.64274
3.64274
3.64274
3.64274
3.64274
3.64274
3.64274
3.64274
3.64274
3.64274
3.64274
3.64274
3.64274
3.64274
3.64274
3.64274
3.64274
3.64274
3.64274
3.64274
3.64274
3.64274
3.64274
3.64274
3.64274
3.64274
3.64274
3.64274
3.64274
3.64274
3.64274
3.64274
3.64274
3.64274
3.64274
3.64274
3.64274
3.64274
3.64274
3.64274
3.64274
3.64274
3.64274
3.64274
3.64274
3.64274
3.64274
3.64274
3.64274
3.64274
3.64274
3.64274
3.64274
3.64275
3.64277
3.64282
3.64291
3.6431
3.64346
3.64409
3.6451
3.64641
3.64746
3.64777
3.64776
3.64763
3.64722
3.6464
3.64509
3.6433
3.64113
3.63869
3.63608
3.63343
3.63078
3.62816
3.6256
3.62313
3.62077
3.6185
3.61636
3.61435
3.61253
3.61086
3.60938
3.60808
3.607
3.60608
3.6053
3.60465
3.60407
3.60359
3.60314
3.60272
3.60232
3.60192
3.60156
3.60127
3.60113
3.6011
3.60111
3.60111
3.60113
3.60115
3.6012
3.60127
3.60138
3.60152
3.60169
3.60187
3.60203
3.60218
3.6023
3.60237
3.60243
3.60248
3.60251
3.60255
3.60258
3.60262
3.60264
3.60266
3.60267
3.60267
3.60267
3.60267
3.60267
3.60267
3.60267
3.60265
3.60262
3.60257
3.60251
3.60245
3.60238
3.60231
3.60224
3.60217
3.6021
3.60204
3.60199
3.60195
3.60194
3.60194
3.60195
3.60196
3.60198
3.60199
3.60201
3.60204
3.60207
3.60212
3.60217
3.60223
3.60229
3.60233
3.60235
3.60237
3.60238
3.60239
3.6024
3.60242
3.60244
3.60247
3.6025
3.60253
3.60256
3.60259
3.60261
3.60263
3.60263
3.60264
3.60263
3.60261
3.60258
3.60252
3.60244
3.60237
3.60229
3.60223
3.60219
3.60215
3.60212
3.60208
3.60205
3.60201
3.60198
3.60197
3.60197
3.60198
3.60198
3.60199
3.602
3.60201
3.60203
3.60206
3.60211
3.60216
3.60221
3.60227
3.60231
3.60234
3.60236
3.60237
3.60238
3.60239
3.6024
3.60241
3.60243
3.60245
3.60246
3.60247
3.60249
3.60251
3.60255
3.6026
3.60265
3.60267
3.60268
3.60267
3.60265
3.60262
3.60258
3.60253
3.60246
3.60238
3.60229
3.60222
3.60216
3.60211
3.60208
3.60206
3.60204
3.60203
3.60202
3.602
3.60197
3.60195
3.60194
3.60193
3.60194
3.60195
3.60198
3.60201
3.60206
3.6021
3.60215
3.6022
3.60224
3.60229
3.60233
3.60236
3.60239
3.6024
3.60241
3.60242
3.60241
3.60241
3.60242
3.60245
3.60247
3.60251
3.60255
3.6026
3.60265
3.60269
3.60271
3.60273
3.60273
3.60273
3.60273
3.6027
3.60265
3.60257
3.60246
3.60235
3.60224
3.60216
3.60211
3.6021
3.60207
3.64274
3.64274
3.64274
3.64274
3.64274
3.64274
3.64274
3.64274
3.64274
3.64274
3.64274
3.64274
3.64274
3.64274
3.64274
3.64274
3.64274
3.64274
3.64274
3.64274
3.64274
3.64274
3.64274
3.64274
3.64274
3.64274
3.64274
3.64274
3.64274
3.64274
3.64274
3.64274
3.64274
3.64274
3.64274
3.64274
3.64274
3.64274
3.64274
3.64274
3.64274
3.64274
3.64274
3.64274
3.64274
3.64274
3.64274
3.64274
3.64274
3.64274
3.64274
3.64274
3.64274
3.64274
3.64274
3.64274
3.64274
3.64274
3.64274
3.64274
3.64274
3.64274
3.64274
3.64274
3.64274
3.64274
3.64274
3.64274
3.64274
3.64274
3.64274
3.64274
3.64275
3.64277
3.64282
3.64291
3.6431
3.64346
3.64409
3.6451
3.64641
3.64746
3.64777
3.64776
3.64763
3.64722
3.6464
3.64509
3.6433
3.64113
3.63869
3.63608
3.63343
3.63078
3.62816
3.62559
3.62314
3.62077
3.6185
3.61635
3.61436
3.61253
3.61086
3.60938
3.60808
3.607
3.60607
3.6053
3.60464
3.60408
3.60359
3.60314
3.60272
3.60231
3.60192
3.60156
3.60127
3.60113
3.6011
3.60111
3.60111
3.60113
3.60115
3.6012
3.60127
3.60138
3.60152
3.60169
3.60187
3.60204
3.60219
3.6023
3.60238
3.60243
3.60247
3.60251
3.60254
3.60258
3.60262
3.60264
3.60266
3.60267
3.60267
3.60267
3.60267
3.60267
3.60267
3.60267
3.60265
3.60262
3.60257
3.60251
3.60245
3.60238
3.60231
3.60224
3.60217
3.6021
3.60204
3.60199
3.60195
3.60194
3.60194
3.60195
3.60196
3.60197
3.60199
3.60201
3.60204
3.60207
3.60212
3.60217
3.60223
3.60228
3.60233
3.60235
3.60237
3.60238
3.60239
3.6024
3.60242
3.60244
3.60247
3.6025
3.60253
3.60256
3.60259
3.60262
3.60263
3.60264
3.60264
3.60263
3.60261
3.60257
3.60251
3.60244
3.60237
3.6023
3.60224
3.60219
3.60215
3.60212
3.60208
3.60204
3.60201
3.60198
3.60197
3.60198
3.60198
3.60199
3.60199
3.602
3.60201
3.60203
3.60206
3.60211
3.60216
3.60222
3.60227
3.60231
3.60234
3.60236
3.60237
3.60238
3.60239
3.6024
3.60242
3.60243
3.60245
3.60246
3.60247
3.60248
3.60251
3.60256
3.60261
3.60265
3.60268
3.60268
3.60267
3.60265
3.60262
3.60258
3.60253
3.60246
3.60238
3.6023
3.60222
3.60216
3.60211
3.60207
3.60206
3.60204
3.60203
3.60202
3.602
3.60197
3.60195
3.60194
3.60193
3.60194
3.60195
3.60198
3.60202
3.60206
3.6021
3.60215
3.6022
3.60224
3.60229
3.60233
3.60236
3.60239
3.60241
3.60242
3.60242
3.60241
3.60241
3.60242
3.60244
3.60247
3.60251
3.60255
3.6026
3.60265
3.60269
3.60271
3.60272
3.60273
3.60273
3.60272
3.6027
3.60265
3.60257
3.60247
3.60235
3.60224
3.60216
3.60211
3.6021
3.60207
3.64274
3.64274
3.64274
3.64274
3.64274
3.64274
3.64274
3.64274
3.64274
3.64274
3.64274
3.64274
3.64274
3.64274
3.64274
3.64274
3.64274
3.64274
3.64274
3.64274
3.64274
3.64274
3.64274
3.64274
3.64274
3.64274
3.64274
3.64274
3.64274
3.64274
3.64274
3.64274
3.64274
3.64274
3.64274
3.64274
3.64274
3.64274
3.64274
3.64274
3.64274
3.64274
3.64274
3.64274
3.64274
3.64274
3.64274
3.64274
3.64274
3.64274
3.64274
3.64274
3.64274
3.64274
3.64274
3.64274
3.64274
3.64274
3.64274
3.64274
3.64274
3.64274
3.64274
3.64274
3.64274
3.64274
3.64274
3.64274
3.64274
3.64274
3.64274
3.64274
3.64275
3.64277
3.64282
3.64291
3.6431
3.64346
3.64409
3.6451
3.64641
3.64746
3.64777
3.64776
3.64763
3.64723
3.6464
3.64509
3.6433
3.64113
3.63868
3.63608
3.63343
3.63078
3.62815
3.6256
3.62314
3.62077
3.6185
3.61634
3.61436
3.61252
3.61086
3.60937
3.60809
3.607
3.60607
3.6053
3.60464
3.60408
3.60359
3.60314
3.60272
3.60231
3.60192
3.60156
3.60127
3.60113
3.60111
3.60111
3.60111
3.60113
3.60115
3.6012
3.60127
3.60138
3.60152
3.60169
3.60187
3.60204
3.60219
3.6023
3.60238
3.60243
3.60247
3.60251
3.60254
3.60258
3.60262
3.60264
3.60266
3.60267
3.60267
3.60267
3.60267
3.60267
3.60267
3.60266
3.60265
3.60262
3.60257
3.60252
3.60245
3.60238
3.60231
3.60224
3.60217
3.6021
3.60204
3.60199
3.60196
3.60195
3.60195
3.60195
3.60196
3.60197
3.60198
3.60201
3.60204
3.60208
3.60212
3.60218
3.60223
3.60228
3.60232
3.60235
3.60236
3.60238
3.60239
3.60241
3.60242
3.60245
3.60247
3.6025
3.60252
3.60255
3.60259
3.60262
3.60263
3.60264
3.60264
3.60263
3.60261
3.60257
3.60251
3.60244
3.60237
3.6023
3.60224
3.60219
3.60215
3.60212
3.60208
3.60204
3.60201
3.60198
3.60197
3.60198
3.60198
3.60199
3.60199
3.602
3.602
3.60203
3.60206
3.60211
3.60216
3.60222
3.60227
3.60231
3.60234
3.60235
3.60236
3.60237
3.60239
3.6024
3.60242
3.60243
3.60245
3.60246
3.60247
3.60248
3.60251
3.60256
3.60261
3.60266
3.60268
3.60268
3.60267
3.60265
3.60262
3.60258
3.60253
3.60246
3.60238
3.6023
3.60222
3.60215
3.6021
3.60207
3.60205
3.60204
3.60204
3.60202
3.602
3.60198
3.60195
3.60193
3.60193
3.60193
3.60195
3.60198
3.60202
3.60206
3.6021
3.60215
3.60219
3.60224
3.60229
3.60233
3.60236
3.60239
3.60241
3.60242
3.60242
3.60241
3.60241
3.60242
3.60244
3.60247
3.60251
3.60255
3.6026
3.60265
3.60269
3.60271
3.60272
3.60273
3.60273
3.60272
3.6027
3.60265
3.60258
3.60247
3.60236
3.60224
3.60216
3.60211
3.60209
3.60206
3.64274
3.64274
3.64274
3.64274
3.64274
3.64274
3.64274
3.64274
3.64274
3.64274
3.64274
3.64274
3.64274
3.64274
3.64274
3.64274
3.64274
3.64274
3.64274
3.64274
3.64274
3.64274
3.64274
3.64274
3.64274
3.64274
3.64274
3.64274
3.64274
3.64274
3.64274
3.64274
3.64274
3.64274
3.64274
3.64274
3.64274
3.64274
3.64274
3.64274
3.64274
3.64274
3.64274
3.64274
3.64274
3.64274
3.64274
3.64274
3.64274
3.64274
3.64274
3.64274
3.64274
3.64274
3.64274
3.64274
3.64274
3.64274
3.64274
3.64274
3.64274
3.64274
3.64274
3.64274
3.64274
3.64274
3.64274
3.64274
3.64274
3.64274
3.64274
3.64274
3.64275
3.64277
3.64282
3.64291
3.6431
3.64346
3.64409
3.6451
3.64641
3.64746
3.64777
3.64776
3.64763
3.64723
3.6464
3.64509
3.6433
3.64113
3.63868
3.63609
3.63343
3.63078
3.62815
3.62561
3.62314
3.62077
3.61849
3.61635
3.61437
3.61252
3.61086
3.60937
3.6081
3.607
3.60607
3.6053
3.60463
3.60408
3.60359
3.60314
3.60272
3.60231
3.60192
3.60155
3.60127
3.60113
3.60111
3.60111
3.60111
3.60113
3.60115
3.6012
3.60127
3.60138
3.60152
3.60169
3.60186
3.60204
3.60219
3.6023
3.60237
3.60243
3.60247
3.60251
3.60254
3.60258
3.60262
3.60264
3.60266
3.60267
3.60267
3.60267
3.60267
3.60267
3.60267
3.60266
3.60264
3.60261
3.60257
3.60252
3.60245
3.60238
3.60231
3.60224
3.60217
3.6021
3.60204
3.60199
3.60196
3.60195
3.60195
3.60195
3.60196
3.60197
3.60198
3.602
3.60203
3.60208
3.60213
3.60218
3.60224
3.60228
3.60232
3.60234
3.60236
3.60238
3.60239
3.60241
3.60243
3.60245
3.60247
3.60249
3.60252
3.60255
3.60259
3.60262
3.60264
3.60265
3.60264
3.60263
3.60261
3.60256
3.6025
3.60244
3.60237
3.6023
3.60224
3.60219
3.60215
3.60212
3.60207
3.60204
3.60201
3.60198
3.60198
3.60198
3.60199
3.60199
3.60199
3.60199
3.602
3.60203
3.60206
3.60211
3.60217
3.60223
3.60227
3.60231
3.60234
3.60235
3.60236
3.60237
3.60239
3.6024
3.60242
3.60244
3.60245
3.60246
3.60246
3.60248
3.60251
3.60256
3.60261
3.60266
3.60268
3.60268
3.60267
3.60264
3.60262
3.60258
3.60253
3.60246
3.60238
3.6023
3.60222
3.60215
3.6021
3.60207
3.60205
3.60204
3.60204
3.60203
3.602
3.60198
3.60195
3.60193
3.60193
3.60193
3.60195
3.60198
3.60202
3.60206
3.6021
3.60215
3.60219
3.60224
3.60229
3.60233
3.60236
3.60239
3.60241
3.60242
3.60242
3.60241
3.60241
3.60242
3.60244
3.60247
3.60251
3.60255
3.6026
3.60265
3.60269
3.60271
3.60272
3.60273
3.60273
3.60272
3.6027
3.60265
3.60258
3.60247
3.60236
3.60224
3.60216
3.6021
3.60209
3.60206
3.64274
3.64274
3.64274
3.64274
3.64274
3.64274
3.64274
3.64274
3.64274
3.64274
3.64274
3.64274
3.64274
3.64274
3.64274
3.64274
3.64274
3.64274
3.64274
3.64274
3.64274
3.64274
3.64274
3.64274
3.64274
3.64274
3.64274
3.64274
3.64274
3.64274
3.64274
3.64274
3.64274
3.64274
3.64274
3.64274
3.64274
3.64274
3.64274
3.64274
3.64274
3.64274
3.64274
3.64274
3.64274
3.64274
3.64274
3.64274
3.64274
3.64274
3.64274
3.64274
3.64274
3.64274
3.64274
3.64274
3.64274
3.64274
3.64274
3.64274
3.64274
3.64274
3.64274
3.64274
3.64274
3.64274
3.64274
3.64274
3.64274
3.64274
3.64274
3.64274
3.64275
3.64277
3.64282
3.64291
3.6431
3.64346
3.64409
3.6451
3.64641
3.64746
3.64777
3.64776
3.64763
3.64722
3.6464
3.64509
3.6433
3.64113
3.63868
3.63609
3.63343
3.63078
3.62815
3.62561
3.62313
3.62077
3.61849
3.61636
3.61436
3.61252
3.61086
3.60937
3.6081
3.60699
3.60608
3.6053
3.60463
3.60409
3.60359
3.60314
3.60272
3.60231
3.60192
3.60155
3.60127
3.60113
3.60111
3.60111
3.60111
3.60112
3.60115
3.6012
3.60128
3.60139
3.60153
3.60169
3.60187
3.60204
3.60218
3.60229
3.60237
3.60243
3.60247
3.60251
3.60255
3.60259
3.60262
3.60264
3.60265
3.60266
3.60267
3.60267
3.60267
3.60268
3.60267
3.60266
3.60264
3.60261
3.60257
3.60252
3.60245
3.60239
3.60231
3.60224
3.60217
3.6021
3.60203
3.60199
3.60196
3.60195
3.60195
3.60195
3.60196
3.60197
3.60198
3.602
3.60203
3.60208
3.60213
3.60218
3.60224
3.60228
3.60232
3.60234
3.60236
3.60237
3.60239
3.60241
3.60243
3.60245
3.60247
3.60249
3.60252
3.60255
3.60259
3.60262
3.60264
3.60265
3.60264
3.60263
3.60261
3.60256
3.6025
3.60244
3.60237
3.6023
3.60224
3.60219
3.60215
3.60211
3.60207
3.60203
3.60201
3.60198
3.60198
3.60198
3.60199
3.60199
3.60199
3.60199
3.602
3.60203
3.60206
3.60211
3.60217
3.60223
3.60227
3.60231
3.60233
3.60235
3.60236
3.60237
3.60239
3.60241
3.60242
3.60243
3.60245
3.60245
3.60246
3.60248
3.60251
3.60256
3.60262
3.60266
3.60268
3.60268
3.60266
3.60264
3.60262
3.60258
3.60253
3.60246
3.60238
3.6023
3.60222
3.60215
3.6021
3.60207
3.60205
3.60205
3.60204
3.60203
3.602
3.60197
3.60195
3.60193
3.60193
3.60193
3.60195
3.60198
3.60202
3.60206
3.6021
3.60214
3.60219
3.60224
3.60229
3.60233
3.60237
3.6024
3.60241
3.60241
3.60241
3.6024
3.60241
3.60242
3.60244
3.60247
3.60251
3.60255
3.6026
3.60265
3.60269
3.60271
3.60273
3.60273
3.60273
3.60272
3.6027
3.60265
3.60257
3.60247
3.60236
3.60224
3.60215
3.6021
3.60209
3.60206
3.64274
3.64274
3.64274
3.64274
3.64274
3.64274
3.64274
3.64274
3.64274
3.64274
3.64274
3.64274
3.64274
3.64274
3.64274
3.64274
3.64274
3.64274
3.64274
3.64274
3.64274
3.64274
3.64274
3.64274
3.64274
3.64274
3.64274
3.64274
3.64274
3.64274
3.64274
3.64274
3.64274
3.64274
3.64274
3.64274
3.64274
3.64274
3.64274
3.64274
3.64274
3.64274
3.64274
3.64274
3.64274
3.64274
3.64274
3.64274
3.64274
3.64274
3.64274
3.64274
3.64274
3.64274
3.64274
3.64274
3.64274
3.64274
3.64274
3.64274
3.64274
3.64274
3.64274
3.64274
3.64274
3.64274
3.64274
3.64274
3.64274
3.64274
3.64274
3.64274
3.64275
3.64277
3.64282
3.64291
3.6431
3.64346
3.64409
3.6451
3.64641
3.64746
3.64777
3.64776
3.64763
3.64722
3.6464
3.64509
3.6433
3.64113
3.63868
3.63609
3.63343
3.63078
3.62815
3.62561
3.62313
3.62077
3.61849
3.61636
3.61436
3.61252
3.61086
3.60937
3.6081
3.60699
3.60608
3.6053
3.60464
3.60409
3.60358
3.60314
3.60272
3.60231
3.60192
3.60155
3.60127
3.60114
3.60111
3.60111
3.60111
3.60112
3.60115
3.60119
3.60127
3.60139
3.60153
3.6017
3.60187
3.60203
3.60218
3.60229
3.60237
3.60243
3.60248
3.60252
3.60256
3.60259
3.60262
3.60264
3.60265
3.60266
3.60266
3.60267
3.60268
3.60268
3.60267
3.60266
3.60264
3.60261
3.60257
3.60251
3.60246
3.60239
3.60232
3.60224
3.60217
3.6021
3.60203
3.60198
3.60196
3.60195
3.60195
3.60196
3.60196
3.60197
3.60198
3.602
3.60203
3.60207
3.60213
3.60219
3.60224
3.60229
3.60232
3.60234
3.60236
3.60237
3.60239
3.60241
3.60244
3.60245
3.60247
3.60249
3.60252
3.60255
3.60259
3.60262
3.60264
3.60265
3.60264
3.60263
3.6026
3.60256
3.6025
3.60244
3.60237
3.6023
3.60224
3.60219
3.60215
3.60211
3.60207
3.60203
3.60201
3.60198
3.60198
3.60198
3.60198
3.60199
3.60198
3.60199
3.602
3.60203
3.60206
3.60211
3.60217
3.60223
3.60227
3.60231
3.60233
3.60235
3.60236
3.60238
3.60239
3.60241
3.60242
3.60243
3.60244
3.60245
3.60246
3.60248
3.60252
3.60256
3.60262
3.60266
3.60268
3.60268
3.60266
3.60264
3.60262
3.60258
3.60253
3.60246
3.60238
3.6023
3.60221
3.60214
3.6021
3.60207
3.60206
3.60205
3.60205
3.60203
3.602
3.60197
3.60194
3.60193
3.60193
3.60194
3.60196
3.60199
3.60202
3.60205
3.6021
3.60214
3.60219
3.60224
3.60229
3.60234
3.60237
3.6024
3.60241
3.60241
3.60241
3.6024
3.60241
3.60242
3.60245
3.60247
3.60251
3.60255
3.6026
3.60265
3.60269
3.60272
3.60273
3.60274
3.60274
3.60273
3.6027
3.60265
3.60257
3.60247
3.60236
3.60224
3.60216
3.60211
3.60209
3.60206
3.64274
3.64274
3.64274
3.64274
3.64274
3.64274
3.64274
3.64274
3.64274
3.64274
3.64274
3.64274
3.64274
3.64274
3.64274
3.64274
3.64274
3.64274
3.64274
3.64274
3.64274
3.64274
3.64274
3.64274
3.64274
3.64274
3.64274
3.64274
3.64274
3.64274
3.64274
3.64274
3.64274
3.64274
3.64274
3.64274
3.64274
3.64274
3.64274
3.64274
3.64274
3.64274
3.64274
3.64274
3.64274
3.64274
3.64274
3.64274
3.64274
3.64274
3.64274
3.64274
3.64274
3.64274
3.64274
3.64274
3.64274
3.64274
3.64274
3.64274
3.64274
3.64274
3.64274
3.64274
3.64274
3.64274
3.64274
3.64274
3.64274
3.64274
3.64274
3.64274
3.64275
3.64277
3.64282
3.64291
3.6431
3.64346
3.64409
3.6451
3.64641
3.64746
3.64777
3.64776
3.64763
3.64722
3.6464
3.64509
3.6433
3.64113
3.63869
3.6361
3.63343
3.63078
3.62815
3.62561
3.62313
3.62077
3.61849
3.61637
3.61436
3.61251
3.61086
3.60937
3.6081
3.60699
3.60608
3.6053
3.60464
3.60409
3.60358
3.60314
3.60272
3.60231
3.60192
3.60156
3.60127
3.60114
3.60111
3.60111
3.60111
3.60112
3.60114
3.60119
3.60127
3.60139
3.60153
3.6017
3.60187
3.60204
3.60218
3.60228
3.60236
3.60242
3.60248
3.60252
3.60256
3.60259
3.60261
3.60263
3.60264
3.60265
3.60266
3.60268
3.60268
3.60268
3.60268
3.60266
3.60264
3.6026
3.60256
3.60251
3.60245
3.60239
3.60232
3.60224
3.60217
3.6021
3.60203
3.60198
3.60195
3.60195
3.60195
3.60196
3.60196
3.60197
3.60198
3.602
3.60203
3.60207
3.60213
3.60219
3.60224
3.60229
3.60232
3.60234
3.60235
3.60237
3.60239
3.60241
3.60244
3.60246
3.60247
3.60249
3.60252
3.60255
3.60259
3.60262
3.60264
3.60265
3.60264
3.60263
3.6026
3.60256
3.6025
3.60244
3.60237
3.6023
3.60224
3.60219
3.60215
3.60211
3.60207
3.60204
3.60201
3.60199
3.60198
3.60198
3.60198
3.60198
3.60198
3.60198
3.602
3.60203
3.60207
3.60212
3.60218
3.60223
3.60227
3.60231
3.60233
3.60235
3.60236
3.60238
3.6024
3.60241
3.60242
3.60243
3.60244
3.60244
3.60246
3.60248
3.60252
3.60257
3.60262
3.60266
3.60268
3.60267
3.60266
3.60264
3.60262
3.60259
3.60254
3.60247
3.60238
3.60229
3.60221
3.60214
3.6021
3.60207
3.60206
3.60206
3.60205
3.60203
3.602
3.60197
3.60194
3.60193
3.60193
3.60194
3.60196
3.60199
3.60202
3.60205
3.60209
3.60214
3.60219
3.60224
3.6023
3.60235
3.60238
3.60239
3.6024
3.60241
3.6024
3.6024
3.60241
3.60243
3.60245
3.60248
3.60251
3.60255
3.60259
3.60264
3.60269
3.60272
3.60274
3.60274
3.60274
3.60273
3.6027
3.60265
3.60256
3.60246
3.60235
3.60224
3.60216
3.60211
3.60209
3.60205
3.64274
3.64274
3.64274
3.64274
3.64274
3.64274
3.64274
3.64274
3.64274
3.64274
3.64274
3.64274
3.64274
3.64274
3.64274
3.64274
3.64274
3.64274
3.64274
3.64274
3.64274
3.64274
3.64274
3.64274
3.64274
3.64274
3.64274
3.64274
3.64274
3.64274
3.64274
3.64274
3.64274
3.64274
3.64274
3.64274
3.64274
3.64274
3.64274
3.64274
3.64274
3.64274
3.64274
3.64274
3.64274
3.64274
3.64274
3.64274
3.64274
3.64274
3.64274
3.64274
3.64274
3.64274
3.64274
3.64274
3.64274
3.64274
3.64274
3.64274
3.64274
3.64274
3.64274
3.64274
3.64274
3.64274
3.64274
3.64274
3.64274
3.64274
3.64274
3.64274
3.64275
3.64277
3.64282
3.64291
3.6431
3.64346
3.64409
3.6451
3.64641
3.64746
3.64777
3.64776
3.64763
3.64722
3.6464
3.64509
3.6433
3.64113
3.63869
3.6361
3.63343
3.63077
3.62816
3.62561
3.62313
3.62076
3.6185
3.61637
3.61436
3.61251
3.61086
3.60937
3.6081
3.60699
3.60607
3.6053
3.60465
3.60409
3.60358
3.60313
3.60271
3.60231
3.60192
3.60155
3.60128
3.60114
3.60112
3.60111
3.60111
3.60112
3.60114
3.60119
3.60127
3.60139
3.60153
3.6017
3.60188
3.60204
3.60218
3.60228
3.60236
3.60242
3.60248
3.60253
3.60257
3.60259
3.60261
3.60262
3.60264
3.60265
3.60266
3.60268
3.60268
3.60268
3.60268
3.60266
3.60263
3.6026
3.60256
3.60251
3.60245
3.60239
3.60232
3.60225
3.60217
3.6021
3.60203
3.60197
3.60195
3.60195
3.60195
3.60196
3.60197
3.60197
3.60198
3.60199
3.60202
3.60207
3.60213
3.60219
3.60225
3.60229
3.60232
3.60234
3.60235
3.60237
3.60238
3.60241
3.60244
3.60246
3.60248
3.6025
3.60252
3.60255
3.60259
3.60262
3.60264
3.60265
3.60264
3.60263
3.60261
3.60256
3.6025
3.60244
3.60237
3.6023
3.60224
3.60219
3.60215
3.60211
3.60207
3.60204
3.60201
3.60199
3.60198
3.60198
3.60198
3.60198
3.60198
3.60198
3.602
3.60203
3.60207
3.60212
3.60218
3.60223
3.60227
3.6023
3.60233
3.60235
3.60236
3.60238
3.6024
3.60241
3.60242
3.60243
3.60244
3.60244
3.60246
3.60248
3.60252
3.60257
3.60262
3.60266
3.60267
3.60267
3.60266
3.60264
3.60262
3.60259
3.60254
3.60247
3.60238
3.60229
3.6022
3.60214
3.6021
3.60208
3.60207
3.60206
3.60205
3.60203
3.602
3.60196
3.60194
3.60193
3.60193
3.60194
3.60196
3.60199
3.60202
3.60205
3.60209
3.60214
3.60219
3.60225
3.6023
3.60235
3.60238
3.60239
3.6024
3.6024
3.60239
3.60239
3.60241
3.60243
3.60245
3.60248
3.60251
3.60255
3.60259
3.60264
3.60269
3.60272
3.60274
3.60275
3.60275
3.60274
3.6027
3.60264
3.60256
3.60246
3.60235
3.60224
3.60216
3.60211
3.60209
3.60205
3.64274
3.64274
3.64274
3.64274
3.64274
3.64274
3.64274
3.64274
3.64274
3.64274
3.64274
3.64274
3.64274
3.64274
3.64274
3.64274
3.64274
3.64274
3.64274
3.64274
3.64274
3.64274
3.64274
3.64274
3.64274
3.64274
3.64274
3.64274
3.64274
3.64274
3.64274
3.64274
3.64274
3.64274
3.64274
3.64274
3.64274
3.64274
3.64274
3.64274
3.64274
3.64274
3.64274
3.64274
3.64274
3.64274
3.64274
3.64274
3.64274
3.64274
3.64274
3.64274
3.64274
3.64274
3.64274
3.64274
3.64274
3.64274
3.64274
3.64274
3.64274
3.64274
3.64274
3.64274
3.64274
3.64274
3.64274
3.64274
3.64274
3.64274
3.64274
3.64274
3.64275
3.64277
3.64282
3.64291
3.6431
3.64346
3.64409
3.6451
3.64641
3.64746
3.64777
3.64776
3.64763
3.64722
3.6464
3.64509
3.64331
3.64113
3.63869
3.6361
3.63343
3.63077
3.62815
3.62561
3.62314
3.62075
3.61849
3.61637
3.61437
3.61252
3.61084
3.60937
3.6081
3.607
3.60607
3.60529
3.60465
3.6041
3.60359
3.60313
3.60271
3.6023
3.60192
3.60156
3.60128
3.60115
3.60112
3.60111
3.60111
3.60112
3.60114
3.60119
3.60127
3.60139
3.60153
3.60171
3.60188
3.60204
3.60217
3.60228
3.60236
3.60242
3.60248
3.60254
3.60257
3.60259
3.60261
3.60262
3.60264
3.60265
3.60266
3.60268
3.60269
3.60268
3.60268
3.60266
3.60263
3.6026
3.60256
3.60251
3.60245
3.60239
3.60232
3.60225
3.60218
3.6021
3.60202
3.60197
3.60195
3.60195
3.60196
3.60196
3.60197
3.60197
3.60198
3.60199
3.60202
3.60207
3.60213
3.6022
3.60225
3.60229
3.60232
3.60234
3.60235
3.60237
3.60238
3.60241
3.60244
3.60246
3.60248
3.6025
3.60251
3.60255
3.60258
3.60262
3.60264
3.60265
3.60265
3.60263
3.60261
3.60256
3.6025
3.60244
3.60237
3.6023
3.60224
3.60219
3.60215
3.60212
3.60207
3.60204
3.60201
3.60199
3.60198
3.60198
3.60198
3.60198
3.60198
3.60198
3.602
3.60203
3.60207
3.60212
3.60218
3.60223
3.60227
3.6023
3.60233
3.60235
3.60236
3.60238
3.6024
3.60241
3.60242
3.60243
3.60244
3.60244
3.60245
3.60248
3.60252
3.60257
3.60262
3.60266
3.60267
3.60267
3.60266
3.60264
3.60262
3.60259
3.60254
3.60247
3.60238
3.60229
3.6022
3.60214
3.6021
3.60208
3.60207
3.60206
3.60205
3.60203
3.60199
3.60196
3.60194
3.60193
3.60193
3.60194
3.60197
3.60199
3.60202
3.60205
3.60209
3.60213
3.60219
3.60225
3.60231
3.60235
3.60238
3.60239
3.6024
3.6024
3.60239
3.60239
3.60241
3.60243
3.60246
3.60248
3.60251
3.60255
3.60259
3.60264
3.60269
3.60272
3.60275
3.60275
3.60275
3.60274
3.6027
3.60264
3.60255
3.60245
3.60235
3.60225
3.60217
3.60211
3.60209
3.60205
)
;

boundaryField
{
    sides
    {
        type            calculated;
        value           nonuniform List<scalar> 
600
(
3.64274
3.64274
3.64274
3.64274
3.64274
3.64274
3.64274
3.64274
3.64274
3.64274
3.64274
3.64274
3.64274
3.64274
3.64274
3.64274
3.64274
3.64274
3.64274
3.64274
3.64274
3.64274
3.64274
3.64274
3.64274
3.64274
3.64274
3.64274
3.64274
3.64274
3.64274
3.64274
3.64274
3.64274
3.64274
3.64274
3.64274
3.64274
3.64274
3.64274
3.64274
3.64274
3.64274
3.64274
3.64274
3.64274
3.64274
3.64274
3.64274
3.64274
3.64274
3.64274
3.64274
3.64274
3.64274
3.64274
3.64274
3.64274
3.64274
3.64274
3.64274
3.64274
3.64274
3.64274
3.64274
3.64274
3.64274
3.64274
3.64274
3.64274
3.64274
3.64274
3.64275
3.64277
3.64282
3.64291
3.6431
3.64346
3.6441
3.6451
3.64641
3.64747
3.64777
3.64776
3.64763
3.64722
3.6464
3.64509
3.64331
3.64113
3.63869
3.63609
3.63343
3.63078
3.62816
3.6256
3.62313
3.62077
3.61851
3.61635
3.61435
3.61252
3.61086
3.60937
3.60808
3.60699
3.60608
3.6053
3.60465
3.60408
3.60359
3.60314
3.60271
3.6023
3.60191
3.60155
3.60129
3.60115
3.60112
3.60111
3.6011
3.60112
3.60115
3.6012
3.60128
3.60139
3.60153
3.6017
3.60187
3.60204
3.60217
3.60228
3.60236
3.60242
3.60248
3.60253
3.60256
3.60259
3.60261
3.60262
3.60264
3.60266
3.60267
3.60268
3.60269
3.60268
3.60268
3.60266
3.60263
3.6026
3.60256
3.60251
3.60246
3.60239
3.60232
3.60225
3.60217
3.60209
3.60202
3.60198
3.60195
3.60195
3.60196
3.60196
3.60197
3.60197
3.60197
3.602
3.60203
3.60207
3.60213
3.60219
3.60224
3.60229
3.60232
3.60235
3.60236
3.60237
3.60239
3.60241
3.60243
3.60245
3.60247
3.60249
3.60252
3.60256
3.60259
3.60262
3.60263
3.60264
3.60264
3.60263
3.60261
3.60257
3.60252
3.60245
3.60238
3.6023
3.60224
3.60218
3.60214
3.6021
3.60207
3.60205
3.60202
3.60199
3.60198
3.60198
3.60198
3.60198
3.60198
3.60199
3.60201
3.60203
3.60207
3.60212
3.60217
3.60221
3.60226
3.6023
3.60233
3.60235
3.60237
3.60239
3.6024
3.60241
3.60242
3.60243
3.60244
3.60245
3.60247
3.60249
3.60253
3.60257
3.60261
3.60265
3.60266
3.60266
3.60266
3.60265
3.60263
3.60259
3.60254
3.60246
3.60237
3.60228
3.6022
3.60215
3.60212
3.60209
3.60208
3.60206
3.60204
3.60201
3.60198
3.60196
3.60195
3.60195
3.60195
3.60195
3.60196
3.60197
3.60199
3.60203
3.60208
3.60214
3.60222
3.60227
3.60232
3.60235
3.60236
3.60237
3.60238
3.60239
3.6024
3.60242
3.60244
3.60245
3.60246
3.60247
3.60249
3.60253
3.60258
3.60264
3.60271
3.60275
3.60275
3.60275
3.60273
3.60271
3.60267
3.60262
3.60255
3.60246
3.60237
3.60227
3.60219
3.60213
3.60208
3.60204
3.64274
3.64274
3.64274
3.64274
3.64274
3.64274
3.64274
3.64274
3.64274
3.64274
3.64274
3.64274
3.64274
3.64274
3.64274
3.64274
3.64274
3.64274
3.64274
3.64274
3.64274
3.64274
3.64274
3.64274
3.64274
3.64274
3.64274
3.64274
3.64274
3.64274
3.64274
3.64274
3.64274
3.64274
3.64274
3.64274
3.64274
3.64274
3.64274
3.64274
3.64274
3.64274
3.64274
3.64274
3.64274
3.64274
3.64274
3.64274
3.64274
3.64274
3.64274
3.64274
3.64274
3.64274
3.64274
3.64274
3.64274
3.64274
3.64274
3.64274
3.64274
3.64274
3.64274
3.64274
3.64274
3.64274
3.64274
3.64274
3.64274
3.64274
3.64274
3.64274
3.64275
3.64277
3.64282
3.64291
3.6431
3.64346
3.64409
3.6451
3.64641
3.64746
3.64777
3.64776
3.64763
3.64722
3.6464
3.64509
3.64331
3.64113
3.63869
3.6361
3.63343
3.63077
3.62815
3.62561
3.62314
3.62075
3.61849
3.61637
3.61437
3.61252
3.61084
3.60937
3.6081
3.607
3.60607
3.60529
3.60465
3.6041
3.60359
3.60313
3.60271
3.6023
3.60192
3.60156
3.60128
3.60115
3.60112
3.60111
3.60111
3.60112
3.60114
3.60119
3.60127
3.60139
3.60153
3.60171
3.60188
3.60204
3.60217
3.60228
3.60236
3.60242
3.60248
3.60254
3.60257
3.60259
3.60261
3.60262
3.60264
3.60265
3.60266
3.60268
3.60269
3.60268
3.60268
3.60266
3.60263
3.6026
3.60256
3.60251
3.60245
3.60239
3.60232
3.60225
3.60218
3.6021
3.60202
3.60197
3.60195
3.60195
3.60196
3.60196
3.60197
3.60197
3.60198
3.60199
3.60202
3.60207
3.60213
3.6022
3.60225
3.60229
3.60232
3.60234
3.60235
3.60237
3.60238
3.60241
3.60244
3.60246
3.60248
3.6025
3.60251
3.60255
3.60258
3.60262
3.60264
3.60265
3.60265
3.60263
3.60261
3.60256
3.6025
3.60244
3.60237
3.6023
3.60224
3.60219
3.60215
3.60212
3.60207
3.60204
3.60201
3.60199
3.60198
3.60198
3.60198
3.60198
3.60198
3.60198
3.602
3.60203
3.60207
3.60212
3.60218
3.60223
3.60227
3.6023
3.60233
3.60235
3.60236
3.60238
3.6024
3.60241
3.60242
3.60243
3.60244
3.60244
3.60245
3.60248
3.60252
3.60257
3.60262
3.60266
3.60267
3.60267
3.60266
3.60264
3.60262
3.60259
3.60254
3.60247
3.60238
3.60229
3.6022
3.60214
3.6021
3.60208
3.60207
3.60206
3.60205
3.60203
3.60199
3.60196
3.60194
3.60193
3.60193
3.60194
3.60197
3.60199
3.60202
3.60205
3.60209
3.60213
3.60219
3.60225
3.60231
3.60235
3.60238
3.60239
3.6024
3.6024
3.60239
3.60239
3.60241
3.60243
3.60246
3.60248
3.60251
3.60255
3.60259
3.60264
3.60269
3.60272
3.60275
3.60275
3.60275
3.60274
3.6027
3.60264
3.60255
3.60245
3.60235
3.60225
3.60217
3.60211
3.60209
3.60205
)
;
    }
    inlet
    {
        type            calculated;
        value           nonuniform List<scalar> 
20
(
3.64274
3.64274
3.64274
3.64274
3.64274
3.64274
3.64274
3.64274
3.64274
3.64274
3.64274
3.64274
3.64274
3.64274
3.64274
3.64274
3.64274
3.64274
3.64274
3.64274
)
;
    }
    outlet
    {
        type            calculated;
        value           nonuniform List<scalar> 
20
(
3.60204
3.60204
3.60204
3.60204
3.60205
3.60205
3.60206
3.60206
3.60206
3.60207
3.60207
3.60207
3.60207
3.60206
3.60206
3.60206
3.60206
3.60205
3.60205
3.60205
)
;
    }
    empty
    {
        type            empty;
    }
}


// ************************************************************************* //
