/*--------------------------------*- C++ -*----------------------------------*\
| =========                 |                                                 |
| \\      /  F ield         | OpenFOAM: The Open Source CFD Toolbox           |
|  \\    /   O peration     | Version:  2306                                  |
|   \\  /    A nd           | Website:  www.openfoam.com                      |
|    \\/     M anipulation  |                                                 |
\*---------------------------------------------------------------------------*/
FoamFile
{
    version     2.0;
    format      ascii;
    arch        "LSB;label=32;scalar=64";
    class       volScalarField;
    location    "0.15";
    object      T;
}
// * * * * * * * * * * * * * * * * * * * * * * * * * * * * * * * * * * * * * //

dimensions      [0 0 0 1 0 0 0];

internalField   nonuniform List<scalar> 
6000
(
532.368
532.368
532.368
532.368
532.368
532.368
532.368
532.368
532.368
532.368
532.368
532.368
532.368
532.368
532.368
532.368
532.368
532.368
532.368
532.368
532.368
532.368
532.368
532.368
532.368
532.368
532.368
532.368
532.368
532.368
532.368
532.368
532.368
532.368
532.368
532.368
532.368
532.368
532.368
532.368
532.368
532.368
532.368
532.368
532.368
532.368
532.368
532.368
532.368
532.368
532.368
532.368
532.368
532.368
532.368
532.368
532.368
532.368
532.368
532.368
532.368
532.368
532.368
532.368
532.368
532.368
532.368
532.368
532.368
532.368
532.368
532.368
532.369
532.37
532.373
532.378
532.389
532.41
532.447
532.506
532.582
532.644
532.662
532.661
532.654
532.63
532.582
532.506
532.401
532.274
532.131
531.979
531.823
531.668
531.514
531.364
531.219
531.081
530.948
530.821
530.704
530.596
530.499
530.411
530.335
530.271
530.218
530.172
530.133
530.1
530.071
530.044
530.019
529.995
529.972
529.951
529.935
529.927
529.925
529.925
529.924
529.925
529.927
529.93
529.934
529.941
529.95
529.96
529.97
529.979
529.987
529.994
529.998
530.002
530.006
530.009
530.011
530.012
530.013
530.014
530.015
530.015
530.016
530.017
530.018
530.018
530.017
530.016
530.014
530.012
530.01
530.007
530.004
530.001
529.996
529.992
529.987
529.982
529.978
529.976
529.975
529.975
529.975
529.975
529.975
529.975
529.975
529.977
529.979
529.981
529.985
529.989
529.992
529.994
529.996
529.997
529.998
529.999
530
530.001
530.003
530.004
530.005
530.006
530.007
530.009
530.012
530.014
530.015
530.015
530.015
530.014
530.013
530.01
530.007
530.003
529.999
529.995
529.992
529.989
529.985
529.983
529.981
529.979
529.978
529.977
529.977
529.977
529.976
529.975
529.975
529.976
529.977
529.979
529.982
529.985
529.988
529.99
529.992
529.994
529.995
529.997
529.999
530.001
530.002
530.002
530.002
530.002
530.002
530.003
530.004
530.006
530.009
530.012
530.014
530.017
530.016
530.015
530.015
530.015
530.014
530.012
530.01
530.006
530
529.994
529.989
529.985
529.983
529.982
529.982
529.981
529.981
529.979
529.976
529.974
529.973
529.973
529.973
529.975
529.976
529.977
529.978
529.98
529.982
529.984
529.989
529.993
529.996
529.999
530
530
529.999
529.999
529.999
530
530.002
530.004
530.006
530.007
530.008
530.009
530.01
530.013
530.017
530.019
530.022
530.023
530.023
530.021
530.017
530.013
530.008
530.002
529.997
529.993
529.99
529.987
529.985
529.98
532.368
532.368
532.368
532.368
532.368
532.368
532.368
532.368
532.368
532.368
532.368
532.368
532.368
532.368
532.368
532.368
532.368
532.368
532.368
532.368
532.368
532.368
532.368
532.368
532.368
532.368
532.368
532.368
532.368
532.368
532.368
532.368
532.368
532.368
532.368
532.368
532.368
532.368
532.368
532.368
532.368
532.368
532.368
532.368
532.368
532.368
532.368
532.368
532.368
532.368
532.368
532.368
532.368
532.368
532.368
532.368
532.368
532.368
532.368
532.368
532.368
532.368
532.368
532.368
532.368
532.368
532.368
532.368
532.368
532.368
532.368
532.368
532.369
532.37
532.373
532.378
532.389
532.41
532.447
532.506
532.582
532.644
532.662
532.661
532.654
532.63
532.582
532.506
532.401
532.274
532.131
531.979
531.823
531.668
531.514
531.364
531.22
531.081
530.947
530.821
530.704
530.596
530.498
530.411
530.336
530.271
530.217
530.171
530.133
530.1
530.071
530.044
530.019
529.995
529.972
529.951
529.935
529.927
529.925
529.925
529.924
529.925
529.927
529.93
529.935
529.941
529.95
529.96
529.97
529.979
529.987
529.994
529.998
530.002
530.006
530.008
530.01
530.012
530.013
530.014
530.015
530.016
530.016
530.017
530.018
530.018
530.017
530.016
530.014
530.012
530.01
530.007
530.004
530
529.996
529.992
529.987
529.983
529.978
529.976
529.975
529.975
529.975
529.975
529.975
529.975
529.975
529.977
529.979
529.981
529.985
529.989
529.992
529.994
529.996
529.997
529.998
529.999
530
530.002
530.003
530.004
530.005
530.006
530.007
530.009
530.012
530.014
530.015
530.015
530.015
530.014
530.013
530.01
530.007
530.003
529.999
529.995
529.992
529.989
529.986
529.983
529.981
529.979
529.978
529.977
529.977
529.977
529.976
529.976
529.975
529.976
529.977
529.979
529.982
529.985
529.988
529.99
529.992
529.994
529.995
529.997
529.999
530.001
530.002
530.002
530.002
530.002
530.002
530.003
530.004
530.006
530.008
530.012
530.014
530.016
530.016
530.016
530.015
530.015
530.014
530.012
530.01
530.005
530
529.994
529.989
529.985
529.983
529.982
529.982
529.981
529.981
529.979
529.976
529.974
529.973
529.973
529.973
529.975
529.976
529.977
529.978
529.98
529.982
529.984
529.988
529.993
529.996
529.999
530
530
530
529.999
529.999
530
530.002
530.004
530.006
530.007
530.008
530.009
530.01
530.013
530.017
530.019
530.022
530.023
530.023
530.021
530.018
530.013
530.008
530.002
529.997
529.993
529.989
529.987
529.985
529.98
532.368
532.368
532.368
532.368
532.368
532.368
532.368
532.368
532.368
532.368
532.368
532.368
532.368
532.368
532.368
532.368
532.368
532.368
532.368
532.368
532.368
532.368
532.368
532.368
532.368
532.368
532.368
532.368
532.368
532.368
532.368
532.368
532.368
532.368
532.368
532.368
532.368
532.368
532.368
532.368
532.368
532.368
532.368
532.368
532.368
532.368
532.368
532.368
532.368
532.368
532.368
532.368
532.368
532.368
532.368
532.368
532.368
532.368
532.368
532.368
532.368
532.368
532.368
532.368
532.368
532.368
532.368
532.368
532.368
532.368
532.368
532.368
532.369
532.37
532.373
532.378
532.389
532.41
532.447
532.506
532.582
532.644
532.662
532.661
532.654
532.63
532.582
532.505
532.401
532.274
532.131
531.979
531.823
531.668
531.514
531.364
531.22
531.081
530.947
530.822
530.704
530.596
530.498
530.411
530.336
530.271
530.217
530.171
530.133
530.1
530.071
530.044
530.019
529.995
529.972
529.951
529.935
529.927
529.925
529.924
529.924
529.925
529.927
529.93
529.935
529.941
529.95
529.959
529.969
529.979
529.987
529.994
529.999
530.003
530.006
530.008
530.01
530.012
530.013
530.014
530.015
530.016
530.017
530.017
530.017
530.017
530.017
530.016
530.015
530.013
530.01
530.008
530.004
530
529.996
529.992
529.987
529.983
529.979
529.976
529.975
529.975
529.975
529.975
529.975
529.975
529.975
529.977
529.979
529.982
529.985
529.989
529.992
529.994
529.996
529.997
529.998
529.999
530
530.002
530.003
530.004
530.005
530.006
530.007
530.01
530.012
530.014
530.015
530.015
530.015
530.014
530.013
530.01
530.007
530.004
529.999
529.995
529.992
529.988
529.986
529.983
529.981
529.979
529.978
529.977
529.977
529.976
529.976
529.976
529.976
529.976
529.977
529.979
529.982
529.985
529.988
529.99
529.992
529.994
529.995
529.997
529.999
530.001
530.002
530.002
530.002
530.002
530.002
530.003
530.004
530.006
530.008
530.011
530.014
530.016
530.016
530.016
530.015
530.015
530.014
530.013
530.01
530.005
530
529.994
529.989
529.985
529.983
529.982
529.982
529.981
529.98
529.979
529.976
529.974
529.973
529.973
529.974
529.975
529.976
529.977
529.978
529.98
529.982
529.984
529.988
529.992
529.996
529.999
530
530
529.999
529.999
529.999
530
530.002
530.004
530.006
530.007
530.008
530.009
530.01
530.013
530.017
530.02
530.022
530.023
530.022
530.021
530.018
530.013
530.008
530.003
529.997
529.993
529.989
529.986
529.984
529.98
532.368
532.368
532.368
532.368
532.368
532.368
532.368
532.368
532.368
532.368
532.368
532.368
532.368
532.368
532.368
532.368
532.368
532.368
532.368
532.368
532.368
532.368
532.368
532.368
532.368
532.368
532.368
532.368
532.368
532.368
532.368
532.368
532.368
532.368
532.368
532.368
532.368
532.368
532.368
532.368
532.368
532.368
532.368
532.368
532.368
532.368
532.368
532.368
532.368
532.368
532.368
532.368
532.368
532.368
532.368
532.368
532.368
532.368
532.368
532.368
532.368
532.368
532.368
532.368
532.368
532.368
532.368
532.368
532.368
532.368
532.368
532.368
532.369
532.37
532.373
532.378
532.389
532.41
532.447
532.506
532.582
532.644
532.662
532.661
532.654
532.63
532.582
532.505
532.401
532.274
532.131
531.979
531.823
531.667
531.514
531.364
531.22
531.08
530.947
530.822
530.704
530.596
530.498
530.411
530.336
530.271
530.217
530.171
530.133
530.1
530.071
530.044
530.019
529.996
529.972
529.951
529.934
529.927
529.925
529.924
529.925
529.925
529.927
529.93
529.935
529.941
529.95
529.959
529.969
529.979
529.987
529.994
529.999
530.003
530.006
530.008
530.01
530.011
530.013
530.014
530.016
530.017
530.017
530.017
530.017
530.017
530.016
530.016
530.015
530.013
530.011
530.008
530.004
530
529.996
529.991
529.987
529.983
529.979
529.976
529.975
529.975
529.975
529.974
529.975
529.975
529.976
529.977
529.979
529.982
529.985
529.989
529.991
529.994
529.995
529.997
529.998
530
530.001
530.002
530.003
530.004
530.004
530.006
530.007
530.01
530.012
530.014
530.015
530.015
530.015
530.014
530.012
530.01
530.007
530.004
530
529.995
529.992
529.988
529.986
529.983
529.981
529.98
529.978
529.977
529.977
529.976
529.976
529.976
529.976
529.976
529.977
529.979
529.982
529.985
529.988
529.99
529.992
529.994
529.996
529.997
529.999
530.001
530.002
530.002
530.002
530.002
530.002
530.003
530.004
530.006
530.008
530.011
530.014
530.016
530.016
530.015
530.015
530.015
530.014
530.013
530.01
530.005
530
529.994
529.988
529.985
529.983
529.982
529.982
529.981
529.98
529.978
529.976
529.974
529.973
529.973
529.974
529.975
529.976
529.977
529.978
529.979
529.982
529.985
529.989
529.993
529.996
529.999
530
530
529.999
529.999
529.999
530.001
530.003
530.005
530.006
530.007
530.007
530.008
530.01
530.013
530.017
530.02
530.023
530.023
530.022
530.02
530.017
530.013
530.008
530.003
529.998
529.993
529.989
529.986
529.983
529.979
532.368
532.368
532.368
532.368
532.368
532.368
532.368
532.368
532.368
532.368
532.368
532.368
532.368
532.368
532.368
532.368
532.368
532.368
532.368
532.368
532.368
532.368
532.368
532.368
532.368
532.368
532.368
532.368
532.368
532.368
532.368
532.368
532.368
532.368
532.368
532.368
532.368
532.368
532.368
532.368
532.368
532.368
532.368
532.368
532.368
532.368
532.368
532.368
532.368
532.368
532.368
532.368
532.368
532.368
532.368
532.368
532.368
532.368
532.368
532.368
532.368
532.368
532.368
532.368
532.368
532.368
532.368
532.368
532.368
532.368
532.368
532.368
532.369
532.37
532.373
532.378
532.389
532.41
532.447
532.506
532.582
532.644
532.662
532.661
532.654
532.63
532.582
532.505
532.401
532.274
532.131
531.979
531.823
531.667
531.514
531.364
531.22
531.08
530.947
530.822
530.705
530.596
530.498
530.412
530.336
530.272
530.217
530.171
530.133
530.1
530.071
530.044
530.019
529.996
529.972
529.951
529.934
529.927
529.925
529.924
529.925
529.925
529.927
529.93
529.935
529.941
529.949
529.959
529.969
529.979
529.988
529.994
529.999
530.003
530.006
530.008
530.009
530.011
530.013
530.015
530.016
530.017
530.017
530.017
530.017
530.016
530.016
530.016
530.015
530.013
530.011
530.008
530.005
530
529.995
529.991
529.986
529.983
529.979
529.977
529.975
529.975
529.974
529.974
529.974
529.975
529.976
529.977
529.979
529.982
529.985
529.988
529.991
529.993
529.995
529.997
529.998
530
530.001
530.002
530.003
530.003
530.004
530.006
530.007
530.01
530.012
530.015
530.015
530.015
530.015
530.014
530.012
530.01
530.008
530.004
530
529.995
529.991
529.988
529.985
529.983
529.981
529.98
529.978
529.977
529.976
529.976
529.975
529.976
529.976
529.976
529.978
529.98
529.982
529.985
529.988
529.99
529.992
529.994
529.996
529.997
529.999
530.001
530.002
530.002
530.002
530.002
530.002
530.003
530.004
530.006
530.009
530.011
530.014
530.016
530.016
530.015
530.015
530.015
530.015
530.013
530.01
530.005
530
529.994
529.988
529.985
529.983
529.982
529.982
529.981
529.98
529.978
529.975
529.973
529.973
529.974
529.974
529.975
529.976
529.977
529.978
529.979
529.981
529.985
529.989
529.993
529.996
529.999
529.999
529.999
529.999
529.999
529.999
530.001
530.003
530.005
530.006
530.006
530.007
530.008
530.01
530.013
530.017
530.021
530.023
530.023
530.022
530.02
530.017
530.013
530.008
530.003
529.999
529.993
529.989
529.985
529.983
529.979
532.368
532.368
532.368
532.368
532.368
532.368
532.368
532.368
532.368
532.368
532.368
532.368
532.368
532.368
532.368
532.368
532.368
532.368
532.368
532.368
532.368
532.368
532.368
532.368
532.368
532.368
532.368
532.368
532.368
532.368
532.368
532.368
532.368
532.368
532.368
532.368
532.368
532.368
532.368
532.368
532.368
532.368
532.368
532.368
532.368
532.368
532.368
532.368
532.368
532.368
532.368
532.368
532.368
532.368
532.368
532.368
532.368
532.368
532.368
532.368
532.368
532.368
532.368
532.368
532.368
532.368
532.368
532.368
532.368
532.368
532.368
532.368
532.369
532.37
532.373
532.378
532.389
532.41
532.447
532.506
532.583
532.644
532.662
532.661
532.654
532.63
532.582
532.506
532.401
532.274
532.131
531.979
531.823
531.667
531.514
531.365
531.22
531.08
530.947
530.822
530.705
530.596
530.498
530.412
530.336
530.272
530.216
530.171
530.133
530.1
530.071
530.044
530.02
529.996
529.973
529.951
529.934
529.927
529.924
529.925
529.925
529.926
529.927
529.93
529.935
529.941
529.949
529.959
529.969
529.979
529.988
529.994
529.999
530.003
530.006
530.008
530.009
530.011
530.013
530.015
530.016
530.017
530.017
530.017
530.017
530.016
530.016
530.016
530.015
530.013
530.011
530.008
530.005
530
529.995
529.991
529.986
529.983
529.979
529.977
529.976
529.975
529.974
529.974
529.974
529.975
529.976
529.977
529.98
529.982
529.985
529.988
529.991
529.993
529.995
529.997
529.998
530
530.001
530.002
530.003
530.003
530.004
530.006
530.007
530.01
530.013
530.015
530.015
530.015
530.014
530.013
530.012
530.011
530.008
530.004
530
529.995
529.991
529.988
529.985
529.983
529.982
529.98
529.979
529.977
529.976
529.975
529.975
529.975
529.976
529.976
529.978
529.98
529.982
529.985
529.987
529.99
529.992
529.994
529.996
529.997
529.999
530.001
530.002
530.002
530.002
530.002
530.002
530.003
530.004
530.006
530.009
530.011
530.014
530.016
530.015
530.015
530.016
530.015
530.015
530.013
530.01
530.005
529.999
529.993
529.988
529.985
529.984
529.983
529.982
529.981
529.98
529.977
529.975
529.973
529.973
529.974
529.975
529.976
529.976
529.976
529.977
529.979
529.981
529.985
529.989
529.993
529.997
529.999
529.999
529.999
529.999
529.999
530
530.001
530.003
530.005
530.006
530.006
530.007
530.008
530.01
530.013
530.017
530.021
530.023
530.023
530.022
530.02
530.017
530.013
530.008
530.004
529.999
529.993
529.989
529.985
529.982
529.978
532.368
532.368
532.368
532.368
532.368
532.368
532.368
532.368
532.368
532.368
532.368
532.368
532.368
532.368
532.368
532.368
532.368
532.368
532.368
532.368
532.368
532.368
532.368
532.368
532.368
532.368
532.368
532.368
532.368
532.368
532.368
532.368
532.368
532.368
532.368
532.368
532.368
532.368
532.368
532.368
532.368
532.368
532.368
532.368
532.368
532.368
532.368
532.368
532.368
532.368
532.368
532.368
532.368
532.368
532.368
532.368
532.368
532.368
532.368
532.368
532.368
532.368
532.368
532.368
532.368
532.368
532.368
532.368
532.368
532.368
532.368
532.368
532.369
532.37
532.373
532.378
532.389
532.41
532.447
532.506
532.583
532.644
532.662
532.661
532.654
532.63
532.582
532.506
532.401
532.274
532.131
531.979
531.823
531.667
531.514
531.365
531.22
531.079
530.948
530.822
530.705
530.595
530.498
530.411
530.336
530.272
530.216
530.172
530.133
530.1
530.071
530.044
530.02
529.996
529.973
529.951
529.934
529.927
529.925
529.925
529.925
529.926
529.927
529.93
529.935
529.941
529.949
529.959
529.969
529.979
529.988
529.994
529.999
530.003
530.006
530.008
530.009
530.011
530.013
530.015
530.016
530.017
530.017
530.017
530.017
530.016
530.016
530.016
530.015
530.013
530.011
530.008
530.004
530
529.995
529.991
529.986
529.983
529.98
529.977
529.976
529.975
529.974
529.974
529.974
529.975
529.976
529.977
529.98
529.982
529.985
529.988
529.991
529.993
529.995
529.997
529.999
530
530.001
530.002
530.002
530.003
530.004
530.006
530.008
530.01
530.013
530.015
530.015
530.014
530.014
530.013
530.012
530.011
530.008
530.004
530
529.995
529.991
529.987
529.985
529.983
529.982
529.98
529.979
529.977
529.976
529.975
529.975
529.975
529.976
529.977
529.978
529.98
529.982
529.985
529.987
529.99
529.992
529.994
529.996
529.998
530
530.001
530.001
530.002
530.002
530.002
530.002
530.003
530.004
530.007
530.009
530.011
530.013
530.015
530.015
530.015
530.016
530.016
530.015
530.013
530.01
530.005
529.999
529.993
529.988
529.985
529.984
529.983
529.982
529.981
529.979
529.977
529.974
529.973
529.973
529.974
529.975
529.976
529.976
529.976
529.977
529.979
529.981
529.985
529.989
529.993
529.997
529.999
529.999
529.999
529.998
529.999
530
530.001
530.004
530.005
530.006
530.006
530.006
530.008
530.01
530.013
530.017
530.022
530.024
530.023
530.022
530.02
530.016
530.012
530.008
530.004
529.999
529.994
529.989
529.985
529.982
529.978
532.368
532.368
532.368
532.368
532.368
532.368
532.368
532.368
532.368
532.368
532.368
532.368
532.368
532.368
532.368
532.368
532.368
532.368
532.368
532.368
532.368
532.368
532.368
532.368
532.368
532.368
532.368
532.368
532.368
532.368
532.368
532.368
532.368
532.368
532.368
532.368
532.368
532.368
532.368
532.368
532.368
532.368
532.368
532.368
532.368
532.368
532.368
532.368
532.368
532.368
532.368
532.368
532.368
532.368
532.368
532.368
532.368
532.368
532.368
532.368
532.368
532.368
532.368
532.368
532.368
532.368
532.368
532.368
532.368
532.368
532.368
532.368
532.369
532.37
532.373
532.378
532.389
532.41
532.447
532.506
532.583
532.644
532.662
532.661
532.654
532.63
532.582
532.506
532.401
532.274
532.131
531.979
531.823
531.667
531.514
531.365
531.219
531.08
530.948
530.822
530.704
530.595
530.499
530.411
530.336
530.271
530.217
530.172
530.133
530.1
530.07
530.044
530.02
529.996
529.973
529.951
529.934
529.927
529.925
529.925
529.925
529.926
529.927
529.93
529.935
529.941
529.95
529.959
529.969
529.979
529.987
529.994
529.999
530.003
530.006
530.008
530.009
530.011
530.013
530.015
530.016
530.017
530.017
530.017
530.017
530.016
530.016
530.016
530.015
530.014
530.011
530.008
530.004
530
529.995
529.991
529.987
529.983
529.98
529.977
529.975
529.974
529.974
529.974
529.974
529.975
529.976
529.978
529.98
529.982
529.985
529.988
529.991
529.993
529.995
529.997
529.999
530
530.001
530.002
530.002
530.003
530.004
530.006
530.008
530.011
530.013
530.015
530.015
530.014
530.014
530.013
530.012
530.011
530.008
530.005
530
529.995
529.991
529.987
529.985
529.983
529.982
529.981
529.979
529.978
529.976
529.975
529.975
529.975
529.976
529.977
529.978
529.98
529.982
529.985
529.987
529.989
529.992
529.994
529.996
529.998
530
530.001
530.001
530.001
530.001
530.002
530.002
530.003
530.005
530.007
530.009
530.011
530.013
530.015
530.015
530.015
530.016
530.016
530.015
530.013
530.01
530.005
529.999
529.993
529.988
529.985
529.984
529.983
529.983
529.981
529.979
529.977
529.974
529.973
529.973
529.975
529.975
529.976
529.976
529.976
529.977
529.978
529.981
529.985
529.989
529.994
529.997
529.999
529.999
529.998
529.998
529.998
529.999
530.002
530.004
530.005
530.006
530.006
530.006
530.008
530.01
530.013
530.017
530.022
530.024
530.023
530.022
530.019
530.016
530.012
530.008
530.004
529.999
529.994
529.99
529.986
529.982
529.977
532.368
532.368
532.368
532.368
532.368
532.368
532.368
532.368
532.368
532.368
532.368
532.368
532.368
532.368
532.368
532.368
532.368
532.368
532.368
532.368
532.368
532.368
532.368
532.368
532.368
532.368
532.368
532.368
532.368
532.368
532.368
532.368
532.368
532.368
532.368
532.368
532.368
532.368
532.368
532.368
532.368
532.368
532.368
532.368
532.368
532.368
532.368
532.368
532.368
532.368
532.368
532.368
532.368
532.368
532.368
532.368
532.368
532.368
532.368
532.368
532.368
532.368
532.368
532.368
532.368
532.368
532.368
532.368
532.368
532.368
532.368
532.368
532.369
532.37
532.373
532.378
532.389
532.41
532.447
532.506
532.583
532.644
532.662
532.661
532.654
532.63
532.582
532.506
532.401
532.274
532.131
531.979
531.823
531.668
531.514
531.365
531.219
531.08
530.947
530.822
530.704
530.596
530.499
530.411
530.336
530.271
530.217
530.172
530.133
530.1
530.07
530.044
530.02
529.996
529.973
529.951
529.934
529.927
529.925
529.925
529.925
529.925
529.927
529.93
529.935
529.941
529.95
529.959
529.969
529.979
529.987
529.994
529.999
530.003
530.006
530.008
530.01
530.011
530.013
530.014
530.016
530.017
530.017
530.017
530.017
530.016
530.016
530.016
530.015
530.014
530.011
530.008
530.004
530
529.995
529.991
529.987
529.983
529.98
529.977
529.975
529.974
529.974
529.974
529.974
529.975
529.976
529.978
529.98
529.982
529.985
529.988
529.99
529.993
529.996
529.998
529.999
530
530.001
530.002
530.002
530.003
530.004
530.006
530.008
530.011
530.013
530.015
530.015
530.014
530.013
530.013
530.012
530.011
530.009
530.005
530
529.995
529.991
529.987
529.985
529.983
529.982
529.981
529.979
529.977
529.976
529.975
529.975
529.975
529.976
529.977
529.978
529.98
529.982
529.985
529.987
529.989
529.992
529.994
529.996
529.998
530
530.001
530.001
530.001
530.001
530.001
530.002
530.003
530.005
530.007
530.009
530.011
530.013
530.015
530.015
530.015
530.016
530.016
530.015
530.013
530.01
530.005
529.999
529.993
529.988
529.985
529.984
529.984
529.983
529.981
529.979
529.977
529.974
529.973
529.973
529.975
529.975
529.976
529.976
529.976
529.977
529.978
529.981
529.985
529.989
529.994
529.998
529.999
529.999
529.998
529.998
529.998
529.999
530.002
530.004
530.006
530.006
530.006
530.006
530.008
530.01
530.013
530.017
530.022
530.024
530.023
530.022
530.019
530.016
530.012
530.008
530.004
529.999
529.994
529.99
529.986
529.982
529.977
532.368
532.368
532.368
532.368
532.368
532.368
532.368
532.368
532.368
532.368
532.368
532.368
532.368
532.368
532.368
532.368
532.368
532.368
532.368
532.368
532.368
532.368
532.368
532.368
532.368
532.368
532.368
532.368
532.368
532.368
532.368
532.368
532.368
532.368
532.368
532.368
532.368
532.368
532.368
532.368
532.368
532.368
532.368
532.368
532.368
532.368
532.368
532.368
532.368
532.368
532.368
532.368
532.368
532.368
532.368
532.368
532.368
532.368
532.368
532.368
532.368
532.368
532.368
532.368
532.368
532.368
532.368
532.368
532.368
532.368
532.368
532.368
532.369
532.37
532.373
532.378
532.389
532.41
532.447
532.506
532.583
532.644
532.662
532.661
532.654
532.63
532.582
532.506
532.401
532.274
532.131
531.979
531.823
531.668
531.514
531.365
531.219
531.081
530.947
530.822
530.704
530.596
530.498
530.411
530.336
530.271
530.217
530.171
530.133
530.1
530.07
530.044
530.019
529.996
529.973
529.951
529.934
529.927
529.925
529.924
529.925
529.925
529.927
529.93
529.935
529.941
529.95
529.959
529.969
529.979
529.987
529.994
529.999
530.003
530.006
530.008
530.01
530.011
530.013
530.014
530.016
530.017
530.017
530.017
530.017
530.016
530.016
530.016
530.015
530.014
530.011
530.008
530.004
530
529.995
529.991
529.987
529.983
529.98
529.977
529.975
529.974
529.974
529.974
529.975
529.975
529.976
529.978
529.98
529.982
529.985
529.987
529.99
529.994
529.996
529.998
529.999
530
530.001
530.001
530.002
530.002
530.004
530.006
530.008
530.011
530.013
530.015
530.015
530.014
530.013
530.013
530.013
530.011
530.009
530.005
530
529.995
529.991
529.987
529.985
529.983
529.982
529.981
529.979
529.977
529.976
529.975
529.975
529.975
529.976
529.977
529.978
529.98
529.982
529.984
529.987
529.989
529.992
529.994
529.996
529.998
530
530.001
530.001
530.001
530.001
530.001
530.002
530.003
530.005
530.007
530.01
530.012
530.013
530.015
530.015
530.015
530.016
530.016
530.015
530.014
530.01
530.005
529.999
529.992
529.988
529.985
529.984
529.984
529.983
529.982
529.979
529.977
529.974
529.973
529.973
529.975
529.976
529.976
529.976
529.976
529.977
529.978
529.981
529.985
529.989
529.994
529.998
529.999
529.999
529.998
529.998
529.998
529.999
530.002
530.004
530.006
530.006
530.006
530.006
530.007
530.009
530.013
530.017
530.023
530.024
530.023
530.022
530.019
530.016
530.012
530.008
530.004
529.999
529.995
529.99
529.986
529.982
529.977
532.368
532.368
532.368
532.368
532.368
532.368
532.368
532.368
532.368
532.368
532.368
532.368
532.368
532.368
532.368
532.368
532.368
532.368
532.368
532.368
532.368
532.368
532.368
532.368
532.368
532.368
532.368
532.368
532.368
532.368
532.368
532.368
532.368
532.368
532.368
532.368
532.368
532.368
532.368
532.368
532.368
532.368
532.368
532.368
532.368
532.368
532.368
532.368
532.368
532.368
532.368
532.368
532.368
532.368
532.368
532.368
532.368
532.368
532.368
532.368
532.368
532.368
532.368
532.368
532.368
532.368
532.368
532.368
532.368
532.368
532.368
532.368
532.369
532.37
532.373
532.378
532.389
532.41
532.447
532.506
532.583
532.644
532.662
532.661
532.654
532.63
532.582
532.506
532.401
532.274
532.131
531.979
531.823
531.668
531.514
531.364
531.219
531.081
530.947
530.822
530.703
530.596
530.498
530.412
530.336
530.271
530.217
530.171
530.133
530.099
530.07
530.044
530.019
529.996
529.972
529.951
529.934
529.927
529.925
529.924
529.925
529.925
529.927
529.93
529.935
529.941
529.95
529.959
529.969
529.979
529.987
529.994
529.999
530.003
530.006
530.008
530.01
530.011
530.013
530.014
530.016
530.017
530.017
530.017
530.017
530.016
530.016
530.016
530.015
530.014
530.011
530.008
530.004
530
529.995
529.991
529.987
529.983
529.98
529.977
529.975
529.974
529.974
529.974
529.975
529.975
529.976
529.978
529.98
529.982
529.985
529.987
529.99
529.994
529.996
529.998
529.999
530
530.001
530.001
530.002
530.002
530.004
530.006
530.008
530.011
530.013
530.015
530.015
530.014
530.013
530.013
530.013
530.011
530.009
530.004
530
529.995
529.991
529.987
529.985
529.983
529.982
529.981
529.979
529.977
529.976
529.975
529.975
529.975
529.976
529.977
529.978
529.98
529.982
529.984
529.987
529.989
529.992
529.994
529.996
529.998
530
530.001
530.001
530.001
530.001
530.001
530.002
530.003
530.005
530.007
530.01
530.012
530.013
530.015
530.015
530.015
530.016
530.016
530.015
530.014
530.01
530.005
529.999
529.992
529.988
529.985
529.984
529.984
529.983
529.982
529.979
529.977
529.974
529.973
529.974
529.975
529.975
529.976
529.976
529.976
529.977
529.978
529.981
529.985
529.989
529.994
529.998
529.999
529.999
529.998
529.998
529.998
530
530.002
530.005
530.006
530.006
530.006
530.006
530.007
530.009
530.013
530.017
530.023
530.024
530.023
530.022
530.019
530.016
530.012
530.008
530.004
529.999
529.995
529.991
529.986
529.982
529.977
532.368
532.368
532.368
532.368
532.368
532.368
532.368
532.368
532.368
532.368
532.368
532.368
532.368
532.368
532.368
532.368
532.368
532.368
532.368
532.368
532.368
532.368
532.368
532.368
532.368
532.368
532.368
532.368
532.368
532.368
532.368
532.368
532.368
532.368
532.368
532.368
532.368
532.368
532.368
532.368
532.368
532.368
532.368
532.368
532.368
532.368
532.368
532.368
532.368
532.368
532.368
532.368
532.368
532.368
532.368
532.368
532.368
532.368
532.368
532.368
532.368
532.368
532.368
532.368
532.368
532.368
532.368
532.368
532.368
532.368
532.368
532.368
532.369
532.37
532.373
532.378
532.389
532.41
532.447
532.506
532.583
532.644
532.662
532.661
532.654
532.63
532.582
532.506
532.401
532.274
532.131
531.979
531.823
531.668
531.514
531.364
531.22
531.081
530.948
530.822
530.704
530.597
530.498
530.412
530.335
530.272
530.217
530.172
530.133
530.099
530.071
530.044
530.019
529.996
529.972
529.951
529.934
529.927
529.925
529.924
529.925
529.925
529.927
529.93
529.935
529.941
529.95
529.959
529.969
529.979
529.987
529.994
529.999
530.003
530.006
530.008
530.009
530.011
530.013
530.014
530.016
530.017
530.017
530.017
530.017
530.016
530.016
530.016
530.015
530.014
530.011
530.008
530.004
530
529.995
529.991
529.987
529.983
529.98
529.977
529.975
529.974
529.974
529.974
529.974
529.975
529.976
529.978
529.98
529.982
529.985
529.987
529.99
529.993
529.996
529.998
529.999
530
530.001
530.001
530.002
530.003
530.004
530.006
530.008
530.011
530.013
530.015
530.015
530.014
530.014
530.013
530.012
530.011
530.008
530.004
530
529.995
529.991
529.987
529.985
529.983
529.982
529.981
529.979
529.977
529.976
529.975
529.975
529.975
529.976
529.977
529.978
529.98
529.982
529.984
529.987
529.989
529.992
529.994
529.996
529.998
530
530.001
530.001
530.001
530.001
530.001
530.002
530.003
530.005
530.007
530.01
530.012
530.014
530.015
530.015
530.015
530.016
530.016
530.015
530.014
530.01
530.005
529.999
529.992
529.988
529.985
529.984
529.984
529.983
529.982
529.979
529.977
529.974
529.973
529.974
529.975
529.975
529.976
529.976
529.976
529.977
529.978
529.981
529.985
529.989
529.994
529.998
529.999
529.999
529.998
529.998
529.998
530
530.002
530.005
530.006
530.006
530.006
530.006
530.007
530.009
530.013
530.017
530.023
530.024
530.023
530.021
530.019
530.016
530.012
530.008
530.004
530
529.995
529.991
529.986
529.982
529.977
532.368
532.368
532.368
532.368
532.368
532.368
532.368
532.368
532.368
532.368
532.368
532.368
532.368
532.368
532.368
532.368
532.368
532.368
532.368
532.368
532.368
532.368
532.368
532.368
532.368
532.368
532.368
532.368
532.368
532.368
532.368
532.368
532.368
532.368
532.368
532.368
532.368
532.368
532.368
532.368
532.368
532.368
532.368
532.368
532.368
532.368
532.368
532.368
532.368
532.368
532.368
532.368
532.368
532.368
532.368
532.368
532.368
532.368
532.368
532.368
532.368
532.368
532.368
532.368
532.368
532.368
532.368
532.368
532.368
532.368
532.368
532.368
532.369
532.37
532.373
532.378
532.389
532.41
532.447
532.506
532.583
532.644
532.662
532.661
532.654
532.63
532.582
532.505
532.401
532.274
532.131
531.978
531.823
531.668
531.514
531.364
531.22
531.08
530.948
530.821
530.704
530.596
530.498
530.411
530.335
530.272
530.217
530.172
530.133
530.099
530.071
530.044
530.02
529.996
529.972
529.951
529.934
529.927
529.925
529.924
529.925
529.925
529.927
529.93
529.935
529.941
529.949
529.959
529.969
529.979
529.988
529.994
529.999
530.003
530.006
530.008
530.009
530.011
530.013
530.014
530.016
530.017
530.017
530.017
530.017
530.016
530.016
530.016
530.015
530.014
530.011
530.008
530.004
530
529.995
529.991
529.986
529.983
529.98
529.977
529.975
529.975
529.974
529.974
529.974
529.975
529.976
529.978
529.98
529.982
529.985
529.988
529.99
529.993
529.996
529.997
529.999
530
530.001
530.002
530.002
530.003
530.004
530.006
530.008
530.01
530.013
530.015
530.015
530.014
530.014
530.013
530.012
530.011
530.008
530.004
530
529.995
529.991
529.987
529.985
529.983
529.982
529.981
529.979
529.977
529.976
529.975
529.975
529.975
529.976
529.977
529.978
529.98
529.982
529.984
529.987
529.989
529.992
529.994
529.996
529.998
530
530.001
530.001
530.001
530.001
530.001
530.002
530.003
530.005
530.007
530.01
530.012
530.014
530.015
530.015
530.015
530.016
530.016
530.015
530.014
530.01
530.005
529.999
529.992
529.988
529.985
529.984
529.984
529.983
529.982
529.98
529.977
529.974
529.973
529.974
529.975
529.975
529.976
529.976
529.976
529.977
529.978
529.981
529.985
529.989
529.994
529.997
529.999
529.999
529.998
529.998
529.998
530
530.002
530.005
530.005
530.005
530.005
530.006
530.007
530.01
530.013
530.018
530.023
530.024
530.023
530.021
530.019
530.016
530.012
530.008
530.004
530
529.995
529.99
529.986
529.982
529.977
532.368
532.368
532.368
532.368
532.368
532.368
532.368
532.368
532.368
532.368
532.368
532.368
532.368
532.368
532.368
532.368
532.368
532.368
532.368
532.368
532.368
532.368
532.368
532.368
532.368
532.368
532.368
532.368
532.368
532.368
532.368
532.368
532.368
532.368
532.368
532.368
532.368
532.368
532.368
532.368
532.368
532.368
532.368
532.368
532.368
532.368
532.368
532.368
532.368
532.368
532.368
532.368
532.368
532.368
532.368
532.368
532.368
532.368
532.368
532.368
532.368
532.368
532.368
532.368
532.368
532.368
532.368
532.368
532.368
532.368
532.368
532.368
532.369
532.37
532.373
532.378
532.389
532.41
532.447
532.506
532.583
532.644
532.662
532.661
532.654
532.63
532.582
532.505
532.401
532.274
532.131
531.978
531.823
531.668
531.514
531.364
531.22
531.081
530.948
530.821
530.704
530.596
530.499
530.411
530.336
530.272
530.217
530.172
530.132
530.1
530.071
530.044
530.02
529.996
529.972
529.951
529.934
529.927
529.925
529.924
529.925
529.925
529.927
529.93
529.935
529.941
529.949
529.959
529.969
529.979
529.988
529.995
529.999
530.003
530.006
530.008
530.009
530.011
530.013
530.015
530.016
530.017
530.017
530.017
530.017
530.016
530.016
530.016
530.015
530.013
530.011
530.008
530.004
530
529.995
529.991
529.986
529.983
529.979
529.977
529.976
529.975
529.974
529.974
529.974
529.975
529.976
529.978
529.98
529.982
529.985
529.988
529.99
529.993
529.995
529.997
529.999
530
530.001
530.002
530.002
530.003
530.004
530.005
530.008
530.01
530.013
530.015
530.015
530.015
530.014
530.013
530.012
530.011
530.008
530.004
530
529.995
529.991
529.987
529.985
529.983
529.982
529.98
529.979
529.977
529.976
529.975
529.975
529.975
529.976
529.977
529.978
529.98
529.982
529.984
529.987
529.99
529.992
529.994
529.996
529.998
530
530.001
530.001
530.001
530.001
530.001
530.002
530.003
530.005
530.007
530.01
530.012
530.014
530.015
530.015
530.015
530.016
530.016
530.015
530.014
530.01
530.005
529.998
529.992
529.988
529.985
529.984
529.984
529.983
529.982
529.98
529.977
529.974
529.973
529.974
529.975
529.975
529.976
529.976
529.976
529.977
529.978
529.981
529.985
529.989
529.994
529.997
529.999
529.999
529.998
529.998
529.999
530
530.002
530.005
530.005
530.005
530.005
530.006
530.007
530.01
530.013
530.018
530.023
530.024
530.023
530.021
530.018
530.016
530.012
530.009
530.005
530
529.995
529.99
529.986
529.981
529.977
532.368
532.368
532.368
532.368
532.368
532.368
532.368
532.368
532.368
532.368
532.368
532.368
532.368
532.368
532.368
532.368
532.368
532.368
532.368
532.368
532.368
532.368
532.368
532.368
532.368
532.368
532.368
532.368
532.368
532.368
532.368
532.368
532.368
532.368
532.368
532.368
532.368
532.368
532.368
532.368
532.368
532.368
532.368
532.368
532.368
532.368
532.368
532.368
532.368
532.368
532.368
532.368
532.368
532.368
532.368
532.368
532.368
532.368
532.368
532.368
532.368
532.368
532.368
532.368
532.368
532.368
532.368
532.368
532.368
532.368
532.368
532.368
532.369
532.37
532.373
532.378
532.389
532.41
532.447
532.506
532.583
532.644
532.662
532.661
532.654
532.63
532.582
532.505
532.401
532.274
532.131
531.979
531.823
531.668
531.514
531.364
531.22
531.081
530.947
530.821
530.705
530.596
530.499
530.411
530.336
530.271
530.217
530.172
530.132
530.1
530.071
530.044
530.02
529.996
529.973
529.951
529.934
529.927
529.925
529.924
529.925
529.925
529.927
529.93
529.935
529.941
529.949
529.959
529.969
529.979
529.988
529.995
529.999
530.003
530.006
530.008
530.009
530.011
530.013
530.014
530.016
530.017
530.017
530.017
530.017
530.016
530.016
530.016
530.015
530.013
530.011
530.008
530.004
530
529.995
529.991
529.986
529.983
529.979
529.977
529.976
529.975
529.974
529.974
529.974
529.975
529.976
529.978
529.98
529.982
529.985
529.988
529.99
529.993
529.995
529.997
529.999
530
530.001
530.002
530.002
530.003
530.004
530.005
530.008
530.01
530.013
530.015
530.015
530.015
530.014
530.013
530.012
530.01
530.008
530.004
530
529.995
529.991
529.988
529.985
529.983
529.982
529.98
529.979
529.977
529.976
529.975
529.975
529.976
529.976
529.977
529.978
529.98
529.982
529.984
529.987
529.99
529.992
529.994
529.996
529.998
530
530.001
530.001
530.001
530.001
530.001
530.002
530.003
530.005
530.007
530.009
530.011
530.014
530.015
530.015
530.015
530.016
530.016
530.015
530.014
530.01
530.005
529.998
529.992
529.988
529.985
529.984
529.984
529.983
529.982
529.98
529.977
529.974
529.973
529.974
529.974
529.975
529.976
529.976
529.976
529.977
529.978
529.981
529.985
529.989
529.994
529.997
529.999
529.999
529.998
529.998
529.999
530
530.003
530.005
530.005
530.005
530.005
530.006
530.007
530.01
530.013
530.018
530.023
530.023
530.023
530.021
530.018
530.016
530.012
530.009
530.005
530.001
529.995
529.99
529.985
529.981
529.977
532.368
532.368
532.368
532.368
532.368
532.368
532.368
532.368
532.368
532.368
532.368
532.368
532.368
532.368
532.368
532.368
532.368
532.368
532.368
532.368
532.368
532.368
532.368
532.368
532.368
532.368
532.368
532.368
532.368
532.368
532.368
532.368
532.368
532.368
532.368
532.368
532.368
532.368
532.368
532.368
532.368
532.368
532.368
532.368
532.368
532.368
532.368
532.368
532.368
532.368
532.368
532.368
532.368
532.368
532.368
532.368
532.368
532.368
532.368
532.368
532.368
532.368
532.368
532.368
532.368
532.368
532.368
532.368
532.368
532.368
532.368
532.368
532.369
532.37
532.373
532.378
532.389
532.41
532.447
532.506
532.583
532.644
532.662
532.661
532.654
532.63
532.582
532.505
532.401
532.274
532.131
531.979
531.823
531.668
531.514
531.365
531.219
531.081
530.947
530.822
530.704
530.596
530.499
530.411
530.336
530.271
530.217
530.171
530.132
530.1
530.071
530.044
530.02
529.996
529.973
529.951
529.934
529.927
529.924
529.924
529.925
529.925
529.927
529.93
529.935
529.941
529.949
529.959
529.969
529.979
529.988
529.994
529.999
530.003
530.006
530.008
530.009
530.011
530.013
530.014
530.016
530.017
530.017
530.017
530.017
530.017
530.016
530.016
530.015
530.013
530.011
530.008
530.004
530
529.995
529.991
529.986
529.983
529.979
529.977
529.976
529.975
529.974
529.974
529.974
529.975
529.976
529.978
529.98
529.982
529.985
529.988
529.991
529.993
529.995
529.997
529.999
530
530.001
530.002
530.002
530.003
530.004
530.005
530.008
530.01
530.013
530.015
530.015
530.015
530.014
530.013
530.012
530.01
530.008
530.004
530
529.995
529.991
529.988
529.985
529.983
529.981
529.98
529.979
529.977
529.976
529.975
529.975
529.976
529.976
529.976
529.978
529.98
529.982
529.984
529.987
529.99
529.992
529.994
529.996
529.998
530
530.001
530.001
530.001
530.001
530.001
530.002
530.003
530.005
530.007
530.009
530.011
530.014
530.015
530.015
530.015
530.016
530.016
530.015
530.014
530.01
530.005
529.998
529.992
529.988
529.985
529.984
529.984
529.983
529.982
529.98
529.977
529.974
529.973
529.974
529.974
529.975
529.976
529.976
529.976
529.977
529.978
529.981
529.985
529.99
529.994
529.997
529.999
529.999
529.998
529.998
529.999
530
530.003
530.005
530.005
530.005
530.005
530.005
530.007
530.01
530.014
530.019
530.023
530.024
530.023
530.02
530.018
530.016
530.012
530.009
530.005
530.001
529.995
529.99
529.985
529.98
529.977
532.368
532.368
532.368
532.368
532.368
532.368
532.368
532.368
532.368
532.368
532.368
532.368
532.368
532.368
532.368
532.368
532.368
532.368
532.368
532.368
532.368
532.368
532.368
532.368
532.368
532.368
532.368
532.368
532.368
532.368
532.368
532.368
532.368
532.368
532.368
532.368
532.368
532.368
532.368
532.368
532.368
532.368
532.368
532.368
532.368
532.368
532.368
532.368
532.368
532.368
532.368
532.368
532.368
532.368
532.368
532.368
532.368
532.368
532.368
532.368
532.368
532.368
532.368
532.368
532.368
532.368
532.368
532.368
532.368
532.368
532.368
532.368
532.369
532.37
532.373
532.378
532.389
532.41
532.447
532.506
532.583
532.644
532.662
532.661
532.654
532.63
532.582
532.506
532.401
532.274
532.131
531.979
531.823
531.668
531.514
531.365
531.219
531.081
530.947
530.822
530.704
530.596
530.498
530.411
530.336
530.271
530.217
530.171
530.133
530.1
530.07
530.044
530.02
529.996
529.973
529.951
529.934
529.927
529.924
529.924
529.925
529.925
529.927
529.93
529.935
529.941
529.949
529.959
529.969
529.979
529.988
529.994
529.999
530.003
530.006
530.008
530.01
530.011
530.013
530.014
530.015
530.017
530.017
530.017
530.017
530.017
530.016
530.016
530.015
530.013
530.011
530.008
530.004
530
529.995
529.991
529.987
529.983
529.979
529.977
529.976
529.975
529.974
529.974
529.974
529.975
529.976
529.978
529.98
529.982
529.985
529.988
529.991
529.993
529.995
529.997
529.999
530
530.001
530.002
530.002
530.003
530.004
530.006
530.008
530.01
530.013
530.015
530.015
530.015
530.014
530.013
530.012
530.01
530.008
530.004
530
529.995
529.991
529.988
529.985
529.983
529.981
529.98
529.979
529.977
529.976
529.975
529.975
529.976
529.976
529.976
529.978
529.98
529.982
529.984
529.987
529.99
529.992
529.994
529.996
529.998
530
530.001
530.001
530.001
530.001
530.001
530.002
530.003
530.005
530.007
530.009
530.011
530.013
530.015
530.015
530.015
530.016
530.016
530.016
530.014
530.01
530.004
529.998
529.992
529.988
529.985
529.984
529.984
529.983
529.982
529.98
529.977
529.974
529.973
529.974
529.975
529.975
529.976
529.976
529.976
529.976
529.978
529.981
529.985
529.99
529.994
529.998
529.999
529.999
529.998
529.998
529.999
530
530.003
530.005
530.005
530.005
530.005
530.005
530.007
530.009
530.014
530.019
530.023
530.024
530.023
530.02
530.018
530.015
530.012
530.009
530.005
530.001
529.995
529.989
529.985
529.98
529.977
532.368
532.368
532.368
532.368
532.368
532.368
532.368
532.368
532.368
532.368
532.368
532.368
532.368
532.368
532.368
532.368
532.368
532.368
532.368
532.368
532.368
532.368
532.368
532.368
532.368
532.368
532.368
532.368
532.368
532.368
532.368
532.368
532.368
532.368
532.368
532.368
532.368
532.368
532.368
532.368
532.368
532.368
532.368
532.368
532.368
532.368
532.368
532.368
532.368
532.368
532.368
532.368
532.368
532.368
532.368
532.368
532.368
532.368
532.368
532.368
532.368
532.368
532.368
532.368
532.368
532.368
532.368
532.368
532.368
532.368
532.368
532.368
532.369
532.37
532.373
532.378
532.389
532.41
532.447
532.506
532.583
532.644
532.662
532.661
532.654
532.63
532.582
532.506
532.401
532.274
532.131
531.979
531.823
531.668
531.514
531.365
531.219
531.081
530.947
530.822
530.704
530.596
530.498
530.411
530.336
530.271
530.217
530.171
530.133
530.1
530.07
530.044
530.019
529.995
529.973
529.951
529.935
529.927
529.924
529.924
529.925
529.925
529.927
529.93
529.935
529.941
529.949
529.959
529.969
529.979
529.988
529.994
529.999
530.003
530.005
530.008
530.01
530.012
530.013
530.014
530.015
530.016
530.017
530.017
530.017
530.017
530.016
530.016
530.015
530.013
530.011
530.008
530.004
530
529.995
529.991
529.987
529.983
529.979
529.977
529.975
529.974
529.974
529.974
529.974
529.975
529.976
529.978
529.98
529.982
529.985
529.988
529.991
529.993
529.996
529.997
529.999
530
530.001
530.001
530.002
530.003
530.004
530.006
530.008
530.01
530.013
530.015
530.015
530.015
530.014
530.014
530.012
530.01
530.008
530.004
530
529.995
529.991
529.988
529.985
529.983
529.982
529.98
529.979
529.977
529.976
529.975
529.975
529.975
529.976
529.977
529.978
529.98
529.982
529.984
529.987
529.989
529.992
529.994
529.997
529.999
530
530.001
530.001
530.001
530.001
530.001
530.002
530.003
530.005
530.007
530.009
530.011
530.013
530.014
530.015
530.015
530.016
530.016
530.016
530.014
530.01
530.004
529.998
529.992
529.987
529.985
529.984
529.984
529.983
529.982
529.98
529.976
529.974
529.973
529.973
529.975
529.976
529.976
529.976
529.976
529.976
529.978
529.98
529.985
529.99
529.994
529.998
529.999
529.999
529.998
529.998
529.999
530
530.003
530.005
530.005
530.005
530.005
530.005
530.007
530.009
530.014
530.019
530.024
530.024
530.023
530.021
530.018
530.015
530.012
530.009
530.005
530.001
529.995
529.989
529.984
529.98
529.977
532.368
532.368
532.368
532.368
532.368
532.368
532.368
532.368
532.368
532.368
532.368
532.368
532.368
532.368
532.368
532.368
532.368
532.368
532.368
532.368
532.368
532.368
532.368
532.368
532.368
532.368
532.368
532.368
532.368
532.368
532.368
532.368
532.368
532.368
532.368
532.368
532.368
532.368
532.368
532.368
532.368
532.368
532.368
532.368
532.368
532.368
532.368
532.368
532.368
532.368
532.368
532.368
532.368
532.368
532.368
532.368
532.368
532.368
532.368
532.368
532.368
532.368
532.368
532.368
532.368
532.368
532.368
532.368
532.368
532.368
532.368
532.368
532.369
532.37
532.373
532.378
532.389
532.41
532.447
532.506
532.583
532.644
532.662
532.661
532.654
532.63
532.582
532.506
532.401
532.274
532.131
531.979
531.823
531.667
531.514
531.365
531.219
531.08
530.947
530.822
530.705
530.596
530.498
530.411
530.336
530.271
530.217
530.172
530.133
530.1
530.07
530.044
530.019
529.995
529.973
529.951
529.935
529.927
529.925
529.924
529.924
529.925
529.927
529.93
529.935
529.941
529.949
529.959
529.97
529.979
529.988
529.994
529.999
530.002
530.006
530.008
530.01
530.012
530.013
530.014
530.015
530.016
530.017
530.017
530.017
530.017
530.016
530.016
530.015
530.013
530.011
530.008
530.004
530
529.995
529.991
529.987
529.983
529.979
529.976
529.975
529.974
529.974
529.974
529.975
529.975
529.976
529.977
529.979
529.982
529.985
529.988
529.991
529.994
529.996
529.997
529.999
530
530
530.001
530.002
530.003
530.004
530.006
530.008
530.01
530.013
530.014
530.014
530.014
530.014
530.014
530.013
530.011
530.008
530.004
530
529.995
529.991
529.987
529.985
529.984
529.982
529.98
529.979
529.977
529.976
529.975
529.975
529.975
529.976
529.977
529.978
529.98
529.982
529.984
529.987
529.989
529.992
529.994
529.997
529.999
530
530.001
530.001
530.001
530.001
530.001
530.002
530.003
530.005
530.007
530.009
530.011
530.013
530.014
530.014
530.015
530.016
530.017
530.016
530.014
530.01
530.004
529.998
529.992
529.987
529.985
529.984
529.984
529.984
529.982
529.98
529.976
529.973
529.973
529.973
529.975
529.976
529.976
529.976
529.976
529.976
529.978
529.98
529.985
529.99
529.994
529.998
529.999
529.999
529.998
529.998
529.998
530
530.003
530.005
530.005
530.005
530.005
530.005
530.007
530.009
530.014
530.019
530.024
530.024
530.023
530.021
530.018
530.015
530.013
530.009
530.005
530.001
529.995
529.989
529.984
529.979
529.977
532.368
532.368
532.368
532.368
532.368
532.368
532.368
532.368
532.368
532.368
532.368
532.368
532.368
532.368
532.368
532.368
532.368
532.368
532.368
532.368
532.368
532.368
532.368
532.368
532.368
532.368
532.368
532.368
532.368
532.368
532.368
532.368
532.368
532.368
532.368
532.368
532.368
532.368
532.368
532.368
532.368
532.368
532.368
532.368
532.368
532.368
532.368
532.368
532.368
532.368
532.368
532.368
532.368
532.368
532.368
532.368
532.368
532.368
532.368
532.368
532.368
532.368
532.368
532.368
532.368
532.368
532.368
532.368
532.368
532.368
532.368
532.368
532.369
532.37
532.373
532.378
532.389
532.41
532.447
532.506
532.583
532.644
532.662
532.661
532.654
532.63
532.582
532.506
532.401
532.274
532.131
531.979
531.823
531.667
531.514
531.365
531.22
531.08
530.947
530.822
530.705
530.596
530.498
530.411
530.336
530.271
530.217
530.171
530.133
530.101
530.071
530.044
530.019
529.995
529.973
529.951
529.935
529.927
529.925
529.924
529.924
529.925
529.927
529.93
529.935
529.941
529.949
529.959
529.97
529.979
529.988
529.994
529.999
530.002
530.006
530.009
530.01
530.012
530.013
530.014
530.015
530.016
530.017
530.017
530.017
530.017
530.016
530.016
530.014
530.013
530.011
530.008
530.004
530
529.996
529.991
529.987
529.983
529.979
529.976
529.975
529.974
529.974
529.974
529.975
529.975
529.976
529.977
529.979
529.982
529.985
529.988
529.991
529.994
529.996
529.997
529.999
530
530
530.001
530.002
530.003
530.005
530.006
530.008
530.01
530.013
530.014
530.014
530.014
530.014
530.014
530.013
530.011
530.008
530.004
530
529.995
529.991
529.987
529.985
529.984
529.982
529.98
529.979
529.977
529.976
529.975
529.975
529.975
529.976
529.977
529.978
529.98
529.982
529.984
529.987
529.989
529.992
529.994
529.997
529.999
530
530.001
530.001
530.001
530.001
530.001
530.002
530.003
530.005
530.007
530.009
530.011
530.013
530.014
530.014
530.015
530.017
530.017
530.016
530.014
530.01
530.004
529.998
529.992
529.987
529.985
529.984
529.984
529.984
529.983
529.98
529.976
529.973
529.973
529.973
529.975
529.976
529.976
529.976
529.976
529.976
529.978
529.98
529.985
529.99
529.994
529.998
529.999
529.999
529.998
529.998
529.998
530
530.003
530.005
530.005
530.005
530.005
530.005
530.006
530.009
530.014
530.019
530.024
530.024
530.023
530.021
530.018
530.015
530.012
530.009
530.005
530
529.995
529.989
529.984
529.979
529.977
)
;

boundaryField
{
    sides
    {
        type            zeroGradient;
    }
    inlet
    {
        type            zeroGradient;
    }
    outlet
    {
        type            zeroGradient;
    }
    empty
    {
        type            empty;
    }
}


// ************************************************************************* //
