/*--------------------------------*- C++ -*----------------------------------*\
| =========                 |                                                 |
| \\      /  F ield         | OpenFOAM: The Open Source CFD Toolbox           |
|  \\    /   O peration     | Version:  2306                                  |
|   \\  /    A nd           | Website:  www.openfoam.com                      |
|    \\/     M anipulation  |                                                 |
\*---------------------------------------------------------------------------*/
FoamFile
{
    version     2.0;
    format      ascii;
    arch        "LSB;label=32;scalar=64";
    class       volScalarField;
    location    "0.12";
    object      p;
}
// * * * * * * * * * * * * * * * * * * * * * * * * * * * * * * * * * * * * * //

dimensions      [1 -1 -2 0 0 0 0];

internalField   nonuniform List<scalar> 
6000
(
556770
556770
556770
556770
556770
556770
556770
556770
556770
556770
556770
556770
556770
556770
556770
556770
556770
556770
556770
556770
556770
556770
556770
556770
556770
556770
556770
556770
556770
556770
556770
556770
556770
556770
556770
556770
556770
556770
556770
556770
556770
556770
556770
556770
556770
556770
556770
556770
556770
556770
556770
556770
556770
556770
556770
556771
556773
556778
556789
556813
556864
556965
557146
557429
557748
557928
557947
557931
557857
557681
557374
556936
556388
555765
555100
554421
553750
553096
552466
551872
551322
550814
550354
549951
549608
549323
549082
548887
548725
548590
548472
548365
548268
548178
548093
548012
547941
547895
547879
547877
547879
547881
547885
547894
547909
547932
547963
547999
548037
548073
548102
548125
548142
548155
548166
548176
548186
548194
548199
548204
548208
548211
548213
548214
548215
548216
548216
548215
548211
548206
548196
548184
548171
548157
548142
548127
548113
548099
548086
548071
548062
548059
548058
548059
548061
548064
548067
548071
548077
548085
548095
548106
548117
548128
548137
548143
548147
548151
548152
548155
548159
548163
548168
548174
548179
548186
548195
548202
548207
548208
548207
548207
548205
548198
548187
548172
548154
548136
548122
548111
548104
548099
548094
548087
548080
548072
548065
548064
548063
548064
548067
548070
548073
548078
548083
548091
548101
548112
548122
548133
548142
548147
548150
548153
548154
548155
548157
548159
548163
548168
548172
548176
548181
548186
548194
548204
548210
548213
548216
548216
548212
548204
548191
548172
548152
548133
548117
548106
548101
548096
548093
548088
548080
548072
548066
548060
548058
548059
548060
548061
548063
548064
548068
548076
548086
548098
548112
548125
548134
548141
548146
548149
548152
548154
548157
548161
548163
548165
548167
548170
548173
548179
548188
548199
548214
548229
548234
548235
548234
548230
548223
548211
548195
548174
548152
548130
548114
548102
548094
548086
548081
548075
548070
548065
548058
548051
548047
548046
548044
548042
548042
548045
548050
548058
548071
548083
548097
548111
548122
548137
556770
556770
556770
556770
556770
556770
556770
556770
556770
556770
556770
556770
556770
556770
556770
556770
556770
556770
556770
556770
556770
556770
556770
556770
556770
556770
556770
556770
556770
556770
556770
556770
556770
556770
556770
556770
556770
556770
556770
556770
556770
556770
556770
556770
556770
556770
556770
556770
556770
556770
556770
556770
556770
556770
556770
556771
556773
556778
556789
556813
556864
556965
557146
557429
557749
557929
557947
557931
557857
557681
557374
556936
556388
555764
555099
554422
553750
553094
552466
551874
551322
550811
550354
549954
549610
549321
549081
548888
548726
548590
548471
548364
548269
548179
548093
548011
547941
547895
547879
547878
547878
547880
547885
547894
547909
547932
547963
547999
548037
548073
548102
548125
548142
548155
548166
548176
548186
548194
548199
548204
548207
548211
548213
548214
548215
548215
548216
548214
548211
548205
548196
548185
548172
548157
548142
548127
548113
548099
548086
548071
548063
548059
548059
548059
548061
548063
548066
548071
548077
548085
548095
548106
548117
548128
548137
548143
548147
548150
548153
548156
548159
548163
548168
548174
548179
548186
548195
548203
548207
548208
548208
548207
548205
548198
548187
548172
548154
548136
548122
548111
548104
548099
548093
548087
548080
548072
548065
548064
548063
548064
548067
548070
548073
548078
548084
548091
548101
548112
548122
548132
548142
548147
548150
548153
548154
548155
548157
548159
548163
548168
548171
548175
548181
548187
548195
548204
548211
548213
548215
548216
548212
548204
548192
548173
548152
548133
548117
548106
548100
548096
548092
548088
548081
548073
548066
548061
548058
548059
548059
548060
548062
548064
548069
548076
548086
548098
548112
548125
548134
548141
548146
548149
548152
548154
548157
548160
548163
548165
548167
548170
548173
548179
548188
548200
548214
548229
548234
548235
548233
548229
548222
548211
548195
548175
548152
548130
548114
548102
548093
548086
548081
548075
548070
548065
548058
548051
548047
548045
548043
548041
548043
548045
548051
548060
548071
548084
548097
548110
548122
548136
556770
556770
556770
556770
556770
556770
556770
556770
556770
556770
556770
556770
556770
556770
556770
556770
556770
556770
556770
556770
556770
556770
556770
556770
556770
556770
556770
556770
556770
556770
556770
556770
556770
556770
556770
556770
556770
556770
556770
556770
556770
556770
556770
556770
556770
556770
556770
556770
556770
556770
556770
556770
556770
556770
556770
556771
556773
556778
556789
556813
556864
556965
557146
557428
557749
557929
557947
557931
557857
557681
557374
556936
556388
555764
555100
554422
553750
553093
552467
551874
551322
550810
550356
549953
549610
549320
549081
548889
548725
548590
548471
548364
548269
548178
548093
548011
547941
547895
547879
547877
547878
547880
547885
547894
547910
547933
547963
547998
548036
548072
548102
548125
548142
548155
548166
548176
548186
548193
548199
548203
548207
548211
548213
548215
548215
548216
548215
548214
548211
548205
548196
548185
548172
548157
548142
548127
548112
548099
548085
548071
548063
548060
548059
548060
548061
548063
548066
548070
548077
548085
548096
548107
548118
548128
548137
548143
548147
548150
548153
548156
548159
548163
548168
548173
548179
548186
548195
548203
548207
548208
548208
548207
548204
548198
548187
548172
548155
548137
548122
548112
548104
548098
548093
548087
548080
548072
548066
548064
548063
548064
548067
548069
548073
548078
548084
548092
548102
548112
548122
548132
548141
548146
548150
548153
548154
548156
548158
548160
548162
548167
548171
548175
548180
548187
548195
548205
548212
548213
548214
548215
548211
548204
548192
548174
548153
548134
548117
548106
548099
548095
548091
548087
548082
548074
548067
548061
548058
548058
548059
548060
548062
548064
548069
548077
548086
548099
548113
548125
548134
548141
548146
548149
548152
548154
548156
548160
548162
548164
548167
548170
548173
548180
548189
548200
548215
548229
548234
548234
548233
548229
548222
548211
548195
548175
548152
548131
548114
548102
548093
548085
548080
548075
548070
548065
548058
548051
548047
548045
548042
548041
548042
548046
548051
548061
548072
548085
548098
548110
548121
548135
556770
556770
556770
556770
556770
556770
556770
556770
556770
556770
556770
556770
556770
556770
556770
556770
556770
556770
556770
556770
556770
556770
556770
556770
556770
556770
556770
556770
556770
556770
556770
556770
556770
556770
556770
556770
556770
556770
556770
556770
556770
556770
556770
556770
556770
556770
556770
556770
556770
556770
556770
556770
556770
556770
556770
556771
556773
556778
556789
556813
556864
556965
557146
557428
557749
557929
557947
557931
557857
557680
557374
556936
556388
555764
555100
554423
553749
553093
552468
551875
551321
550809
550356
549953
549611
549319
549082
548888
548726
548590
548470
548365
548269
548178
548094
548011
547941
547895
547879
547877
547878
547880
547885
547894
547910
547933
547963
547998
548036
548072
548102
548125
548142
548155
548166
548177
548186
548193
548199
548203
548207
548211
548213
548215
548216
548216
548215
548213
548210
548204
548196
548186
548173
548158
548142
548127
548112
548098
548084
548071
548063
548060
548059
548060
548062
548063
548066
548070
548076
548085
548096
548107
548118
548129
548137
548143
548147
548150
548153
548156
548159
548163
548167
548173
548179
548186
548195
548203
548208
548208
548208
548206
548204
548197
548187
548172
548155
548138
548122
548112
548104
548098
548092
548086
548079
548072
548066
548064
548064
548064
548066
548069
548073
548078
548084
548092
548102
548113
548122
548132
548141
548146
548150
548153
548154
548156
548158
548160
548162
548166
548170
548174
548180
548187
548196
548206
548212
548214
548214
548214
548211
548203
548191
548175
548154
548134
548118
548106
548098
548094
548090
548086
548082
548075
548068
548062
548058
548058
548058
548059
548061
548064
548069
548077
548087
548099
548113
548125
548134
548141
548145
548149
548152
548154
548156
548159
548162
548164
548167
548169
548173
548180
548189
548201
548216
548229
548233
548234
548232
548228
548221
548211
548195
548175
548153
548131
548114
548102
548093
548085
548080
548075
548070
548065
548058
548051
548047
548045
548042
548041
548043
548046
548052
548063
548073
548085
548098
548110
548120
548134
556770
556770
556770
556770
556770
556770
556770
556770
556770
556770
556770
556770
556770
556770
556770
556770
556770
556770
556770
556770
556770
556770
556770
556770
556770
556770
556770
556770
556770
556770
556770
556770
556770
556770
556770
556770
556770
556770
556770
556770
556770
556770
556770
556770
556770
556770
556770
556770
556770
556770
556770
556770
556770
556770
556770
556771
556773
556778
556789
556813
556864
556965
557146
557428
557749
557929
557947
557931
557856
557680
557374
556936
556388
555764
555101
554423
553748
553094
552468
551875
551319
550810
550356
549954
549611
549318
549084
548887
548726
548590
548469
548365
548268
548179
548093
548011
547942
547895
547879
547877
547878
547881
547885
547895
547911
547933
547963
547998
548035
548072
548102
548125
548142
548155
548167
548177
548186
548193
548198
548203
548207
548211
548214
548216
548216
548216
548214
548212
548209
548204
548197
548186
548173
548158
548142
548126
548112
548098
548084
548071
548063
548060
548060
548060
548062
548063
548066
548070
548076
548085
548095
548107
548119
548129
548137
548143
548147
548150
548153
548156
548159
548163
548167
548172
548179
548186
548195
548204
548208
548208
548208
548206
548203
548197
548186
548172
548155
548138
548123
548112
548104
548098
548092
548085
548079
548072
548067
548065
548064
548065
548066
548069
548072
548077
548084
548093
548103
548113
548123
548132
548140
548146
548150
548153
548155
548157
548159
548160
548162
548165
548169
548173
548179
548187
548197
548207
548213
548214
548214
548213
548210
548203
548191
548175
548155
548135
548118
548106
548098
548093
548089
548086
548081
548076
548069
548063
548059
548057
548057
548058
548060
548063
548069
548077
548088
548100
548114
548125
548134
548141
548145
548149
548152
548154
548156
548159
548161
548163
548166
548169
548174
548181
548190
548202
548217
548229
548233
548233
548232
548227
548221
548211
548196
548176
548153
548131
548114
548102
548093
548085
548080
548075
548070
548065
548058
548051
548047
548044
548041
548041
548043
548047
548054
548064
548074
548085
548098
548109
548118
548132
556770
556770
556770
556770
556770
556770
556770
556770
556770
556770
556770
556770
556770
556770
556770
556770
556770
556770
556770
556770
556770
556770
556770
556770
556770
556770
556770
556770
556770
556770
556770
556770
556770
556770
556770
556770
556770
556770
556770
556770
556770
556770
556770
556770
556770
556770
556770
556770
556770
556770
556770
556770
556770
556770
556770
556771
556773
556778
556789
556813
556864
556965
557146
557428
557749
557929
557947
557931
557857
557680
557374
556936
556387
555764
555101
554423
553747
553095
552468
551875
551317
550812
550355
549955
549609
549319
549085
548887
548727
548589
548469
548366
548268
548179
548093
548011
547942
547895
547878
547877
547878
547881
547886
547895
547910
547933
547963
547998
548035
548071
548101
548125
548142
548156
548167
548177
548186
548192
548198
548203
548207
548211
548215
548216
548216
548215
548214
548212
548209
548205
548197
548187
548174
548158
548142
548126
548111
548097
548084
548072
548064
548060
548060
548060
548062
548063
548066
548070
548076
548085
548096
548107
548119
548129
548137
548142
548147
548150
548154
548156
548159
548163
548167
548172
548179
548186
548195
548204
548208
548209
548208
548206
548203
548196
548186
548172
548156
548139
548124
548112
548104
548097
548091
548085
548078
548071
548067
548065
548065
548065
548066
548068
548072
548077
548084
548093
548103
548114
548123
548132
548139
548145
548149
548153
548155
548157
548159
548161
548162
548165
548168
548173
548179
548187
548197
548207
548214
548215
548214
548213
548210
548203
548191
548175
548156
548136
548118
548106
548098
548092
548088
548085
548081
548076
548070
548064
548059
548057
548057
548057
548059
548063
548069
548077
548088
548101
548114
548125
548134
548140
548145
548149
548152
548154
548156
548159
548161
548163
548166
548169
548174
548181
548191
548203
548218
548229
548233
548233
548231
548227
548221
548211
548196
548176
548153
548131
548114
548102
548093
548085
548080
548076
548070
548065
548058
548050
548046
548043
548041
548041
548044
548048
548055
548064
548074
548085
548097
548108
548117
548132
556770
556770
556770
556770
556770
556770
556770
556770
556770
556770
556770
556770
556770
556770
556770
556770
556770
556770
556770
556770
556770
556770
556770
556770
556770
556770
556770
556770
556770
556770
556770
556770
556770
556770
556770
556770
556770
556770
556770
556770
556770
556770
556770
556770
556770
556770
556770
556770
556770
556770
556770
556770
556770
556770
556770
556771
556773
556778
556789
556813
556864
556965
557146
557428
557749
557929
557947
557931
557857
557680
557374
556936
556387
555765
555101
554422
553747
553096
552468
551875
551317
550813
550355
549955
549607
549321
549084
548887
548727
548587
548470
548365
548268
548179
548093
548011
547942
547894
547878
547877
547878
547881
547886
547895
547910
547933
547963
547998
548036
548071
548101
548126
548143
548156
548167
548177
548185
548191
548197
548202
548207
548213
548215
548216
548216
548215
548213
548212
548209
548205
548198
548187
548174
548158
548141
548125
548110
548097
548085
548073
548064
548060
548060
548060
548061
548063
548065
548070
548076
548085
548096
548107
548118
548128
548136
548142
548147
548151
548154
548157
548160
548163
548167
548171
548178
548186
548196
548204
548208
548209
548208
548206
548202
548196
548186
548172
548156
548139
548125
548113
548104
548097
548091
548084
548078
548071
548067
548066
548065
548065
548066
548068
548071
548077
548084
548093
548104
548114
548124
548132
548139
548145
548149
548153
548155
548157
548159
548161
548163
548165
548168
548172
548179
548187
548197
548207
548214
548215
548215
548213
548210
548203
548191
548175
548156
548136
548118
548106
548097
548092
548088
548085
548081
548077
548071
548065
548060
548058
548057
548057
548059
548063
548069
548078
548088
548102
548114
548125
548134
548140
548144
548149
548152
548154
548156
548159
548161
548163
548165
548169
548174
548182
548192
548204
548217
548228
548232
548233
548231
548227
548221
548211
548196
548176
548153
548131
548113
548101
548093
548087
548081
548077
548071
548064
548057
548049
548044
548042
548041
548042
548045
548049
548056
548065
548074
548085
548097
548108
548117
548132
556770
556770
556770
556770
556770
556770
556770
556770
556770
556770
556770
556770
556770
556770
556770
556770
556770
556770
556770
556770
556770
556770
556770
556770
556770
556770
556770
556770
556770
556770
556770
556770
556770
556770
556770
556770
556770
556770
556770
556770
556770
556770
556770
556770
556770
556770
556770
556770
556770
556770
556770
556770
556770
556770
556770
556771
556773
556778
556789
556813
556864
556965
557146
557428
557749
557929
557947
557931
557857
557680
557374
556936
556387
555765
555101
554421
553748
553096
552469
551873
551318
550814
550355
549955
549606
549322
549083
548888
548726
548587
548471
548365
548268
548179
548092
548012
547941
547895
547879
547877
547878
547880
547886
547895
547910
547933
547963
547998
548036
548071
548101
548126
548144
548157
548167
548176
548184
548191
548197
548203
548209
548213
548215
548216
548215
548214
548213
548212
548210
548206
548198
548187
548174
548157
548140
548125
548110
548097
548085
548074
548066
548061
548060
548060
548060
548062
548065
548070
548077
548086
548097
548108
548118
548127
548135
548142
548147
548151
548154
548157
548160
548163
548167
548171
548178
548186
548196
548205
548209
548209
548208
548206
548202
548196
548185
548172
548155
548139
548125
548113
548104
548097
548091
548084
548078
548071
548067
548066
548065
548065
548066
548068
548071
548076
548084
548093
548104
548114
548124
548132
548139
548145
548149
548152
548155
548157
548159
548161
548163
548165
548168
548172
548178
548186
548196
548207
548214
548216
548216
548214
548210
548203
548191
548175
548155
548135
548118
548106
548098
548092
548088
548085
548081
548076
548071
548065
548060
548058
548057
548057
548059
548063
548069
548077
548088
548101
548114
548125
548134
548140
548145
548149
548152
548154
548156
548158
548160
548162
548165
548169
548175
548183
548192
548204
548217
548228
548232
548232
548231
548227
548222
548211
548196
548175
548152
548130
548113
548101
548093
548088
548083
548078
548072
548064
548055
548047
548043
548041
548041
548043
548046
548050
548056
548064
548073
548084
548096
548108
548118
548133
556770
556770
556770
556770
556770
556770
556770
556770
556770
556770
556770
556770
556770
556770
556770
556770
556770
556770
556770
556770
556770
556770
556770
556770
556770
556770
556770
556770
556770
556770
556770
556770
556770
556770
556770
556770
556770
556770
556770
556770
556770
556770
556770
556770
556770
556770
556770
556770
556770
556770
556770
556770
556770
556770
556770
556771
556773
556778
556789
556813
556864
556965
557146
557428
557749
557929
557947
557931
557857
557681
557374
556935
556387
555765
555101
554420
553749
553095
552469
551872
551320
550813
550356
549953
549607
549323
549083
548889
548725
548588
548471
548364
548269
548179
548092
548012
547941
547895
547879
547877
547878
547880
547885
547895
547910
547933
547963
547998
548036
548071
548102
548126
548144
548157
548167
548176
548183
548191
548198
548204
548209
548213
548215
548216
548215
548214
548214
548212
548210
548206
548198
548187
548173
548157
548140
548125
548110
548097
548085
548074
548066
548062
548059
548059
548060
548061
548064
548070
548078
548087
548097
548108
548118
548127
548134
548141
548147
548152
548155
548158
548160
548163
548166
548171
548177
548186
548196
548205
548209
548209
548208
548206
548202
548195
548185
548171
548156
548139
548125
548114
548104
548097
548090
548084
548078
548071
548068
548066
548065
548065
548066
548067
548071
548076
548084
548093
548104
548115
548124
548132
548139
548144
548148
548152
548155
548157
548159
548161
548163
548166
548168
548172
548178
548186
548196
548207
548214
548216
548216
548215
548211
548203
548190
548174
548154
548135
548118
548106
548098
548093
548089
548085
548081
548076
548070
548064
548060
548058
548058
548058
548059
548063
548069
548077
548088
548100
548114
548125
548134
548141
548145
548149
548152
548154
548156
548157
548160
548163
548166
548170
548176
548183
548192
548203
548216
548227
548232
548232
548231
548229
548223
548212
548196
548175
548151
548130
548112
548100
548093
548089
548085
548079
548072
548063
548054
548046
548042
548041
548042
548044
548047
548051
548056
548063
548073
548083
548095
548108
548119
548134
556770
556770
556770
556770
556770
556770
556770
556770
556770
556770
556770
556770
556770
556770
556770
556770
556770
556770
556770
556770
556770
556770
556770
556770
556770
556770
556770
556770
556770
556770
556770
556770
556770
556770
556770
556770
556770
556770
556770
556770
556770
556770
556770
556770
556770
556770
556770
556770
556770
556770
556770
556770
556770
556770
556770
556771
556773
556778
556789
556813
556864
556965
557146
557428
557749
557929
557947
557931
557857
557681
557374
556935
556388
555765
555101
554420
553750
553095
552469
551871
551321
550812
550356
549951
549608
549322
549083
548889
548724
548589
548471
548364
548269
548178
548092
548012
547941
547895
547879
547878
547878
547880
547885
547894
547910
547933
547963
547998
548036
548071
548102
548126
548143
548156
548167
548175
548183
548191
548199
548204
548209
548213
548215
548215
548215
548214
548214
548213
548210
548205
548198
548187
548173
548157
548140
548125
548110
548097
548085
548075
548067
548062
548059
548059
548059
548061
548064
548070
548078
548087
548097
548108
548118
548127
548134
548140
548147
548152
548155
548158
548161
548163
548166
548171
548177
548186
548196
548205
548209
548209
548208
548206
548201
548195
548185
548171
548156
548139
548125
548114
548104
548097
548091
548085
548078
548072
548068
548066
548065
548065
548065
548067
548071
548076
548084
548094
548105
548115
548124
548132
548138
548144
548148
548152
548155
548157
548159
548161
548163
548166
548169
548172
548178
548186
548196
548206
548214
548216
548217
548215
548211
548203
548190
548173
548154
548134
548118
548106
548098
548094
548090
548085
548081
548075
548069
548064
548060
548058
548058
548059
548060
548063
548068
548076
548087
548099
548113
548125
548134
548142
548147
548150
548152
548154
548155
548157
548159
548163
548167
548171
548177
548183
548192
548202
548215
548226
548231
548232
548232
548230
548224
548213
548195
548174
548151
548129
548112
548100
548094
548089
548085
548080
548072
548063
548054
548046
548042
548041
548042
548044
548047
548051
548056
548062
548072
548083
548096
548109
548120
548135
556770
556770
556770
556770
556770
556770
556770
556770
556770
556770
556770
556770
556770
556770
556770
556770
556770
556770
556770
556770
556770
556770
556770
556770
556770
556770
556770
556770
556770
556770
556770
556770
556770
556770
556770
556770
556770
556770
556770
556770
556770
556770
556770
556770
556770
556770
556770
556770
556770
556770
556770
556770
556770
556770
556770
556771
556773
556778
556789
556813
556864
556965
557146
557428
557749
557928
557947
557931
557857
557681
557374
556935
556388
555765
555100
554420
553750
553096
552468
551871
551322
550812
550356
549950
549610
549321
549084
548889
548724
548590
548470
548364
548269
548177
548093
548012
547941
547895
547879
547877
547878
547880
547885
547894
547910
547933
547963
547998
548035
548071
548102
548126
548143
548156
548166
548175
548184
548192
548199
548204
548208
548213
548215
548216
548216
548215
548214
548213
548210
548205
548197
548186
548173
548157
548141
548125
548110
548097
548085
548075
548067
548062
548059
548059
548059
548061
548064
548069
548078
548087
548097
548108
548118
548127
548134
548140
548147
548152
548155
548158
548161
548163
548166
548171
548177
548186
548196
548205
548209
548209
548208
548206
548202
548195
548185
548172
548156
548139
548125
548113
548104
548097
548091
548085
548078
548072
548068
548066
548065
548064
548065
548067
548071
548077
548085
548094
548105
548115
548124
548132
548138
548143
548148
548152
548155
548157
548159
548161
548163
548166
548169
548172
548178
548186
548196
548206
548214
548216
548217
548215
548211
548203
548190
548173
548153
548134
548118
548106
548099
548094
548091
548086
548081
548075
548069
548063
548060
548059
548059
548059
548060
548063
548068
548076
548086
548098
548112
548125
548135
548142
548147
548150
548152
548154
548155
548157
548159
548163
548167
548172
548177
548183
548191
548201
548214
548225
548231
548233
548233
548231
548225
548213
548195
548174
548150
548128
548111
548100
548093
548089
548085
548080
548072
548063
548055
548047
548043
548041
548041
548043
548046
548050
548055
548062
548071
548083
548096
548110
548121
548136
556770
556770
556770
556770
556770
556770
556770
556770
556770
556770
556770
556770
556770
556770
556770
556770
556770
556770
556770
556770
556770
556770
556770
556770
556770
556770
556770
556770
556770
556770
556770
556770
556770
556770
556770
556770
556770
556770
556770
556770
556770
556770
556770
556770
556770
556770
556770
556770
556770
556770
556770
556770
556770
556770
556770
556771
556773
556778
556789
556813
556864
556965
557146
557428
557749
557928
557947
557931
557857
557681
557374
556935
556388
555765
555099
554421
553750
553096
552466
551873
551322
550813
550355
549950
549611
549321
549085
548887
548725
548590
548470
548365
548268
548178
548093
548012
547942
547895
547879
547877
547878
547881
547885
547894
547910
547933
547963
547998
548035
548071
548102
548126
548143
548156
548167
548176
548184
548192
548198
548203
548208
548213
548215
548216
548216
548215
548214
548212
548209
548204
548197
548186
548173
548157
548141
548125
548111
548097
548085
548074
548066
548061
548060
548059
548060
548061
548064
548069
548077
548087
548097
548108
548119
548127
548134
548140
548146
548151
548155
548158
548161
548163
548166
548171
548177
548186
548196
548205
548209
548209
548208
548206
548202
548195
548185
548172
548156
548139
548125
548112
548104
548097
548092
548086
548079
548073
548068
548066
548064
548063
548064
548067
548071
548077
548085
548095
548105
548115
548124
548131
548138
548143
548148
548152
548155
548157
548159
548161
548163
548166
548169
548173
548179
548186
548196
548207
548213
548216
548216
548215
548211
548203
548190
548173
548153
548134
548117
548106
548099
548094
548091
548087
548081
548075
548069
548063
548060
548059
548059
548060
548061
548063
548068
548076
548086
548097
548111
548125
548135
548143
548148
548150
548152
548154
548155
548157
548159
548164
548168
548172
548177
548182
548190
548201
548213
548224
548231
548234
548234
548231
548225
548213
548194
548173
548150
548128
548111
548099
548093
548089
548085
548080
548072
548064
548056
548048
548043
548041
548041
548043
548045
548049
548054
548061
548071
548084
548097
548110
548121
548136
556770
556770
556770
556770
556770
556770
556770
556770
556770
556770
556770
556770
556770
556770
556770
556770
556770
556770
556770
556770
556770
556770
556770
556770
556770
556770
556770
556770
556770
556770
556770
556770
556770
556770
556770
556770
556770
556770
556770
556770
556770
556770
556770
556770
556770
556770
556770
556770
556770
556770
556770
556770
556770
556770
556770
556771
556773
556778
556789
556813
556864
556965
557146
557428
557749
557928
557947
557931
557857
557681
557374
556935
556388
555765
555098
554422
553750
553096
552464
551874
551321
550814
550353
549953
549611
549321
549085
548886
548726
548589
548470
548365
548267
548178
548093
548012
547941
547894
547879
547877
547878
547881
547885
547895
547910
547933
547963
547998
548035
548071
548102
548126
548143
548156
548167
548176
548185
548192
548198
548203
548208
548213
548216
548216
548216
548215
548214
548212
548209
548204
548197
548186
548173
548157
548141
548125
548111
548098
548085
548074
548065
548061
548060
548060
548061
548062
548064
548069
548076
548085
548097
548109
548119
548128
548135
548141
548146
548150
548154
548158
548161
548164
548167
548171
548177
548185
548196
548205
548209
548209
548208
548206
548202
548196
548185
548172
548156
548139
548124
548112
548104
548098
548092
548086
548080
548073
548068
548065
548063
548063
548064
548067
548072
548078
548086
548095
548105
548114
548123
548131
548137
548144
548149
548153
548155
548158
548159
548161
548163
548165
548168
548173
548179
548187
548197
548207
548213
548215
548216
548214
548211
548203
548190
548173
548153
548134
548117
548106
548098
548094
548091
548087
548081
548075
548069
548063
548060
548058
548058
548060
548061
548063
548068
548076
548086
548097
548111
548125
548135
548142
548148
548151
548153
548154
548155
548157
548160
548164
548167
548172
548177
548181
548189
548200
548213
548225
548232
548235
548234
548231
548224
548212
548195
548174
548151
548129
548111
548100
548093
548088
548084
548078
548072
548065
548057
548049
548044
548042
548041
548042
548044
548048
548053
548061
548072
548085
548097
548110
548120
548135
556770
556770
556770
556770
556770
556770
556770
556770
556770
556770
556770
556770
556770
556770
556770
556770
556770
556770
556770
556770
556770
556770
556770
556770
556770
556770
556770
556770
556770
556770
556770
556770
556770
556770
556770
556770
556770
556770
556770
556770
556770
556770
556770
556770
556770
556770
556770
556770
556770
556770
556770
556770
556770
556770
556770
556771
556773
556778
556789
556813
556864
556965
557146
557428
557749
557928
557947
557931
557857
557681
557374
556936
556389
555765
555098
554422
553751
553095
552464
551875
551321
550814
550351
549955
549609
549322
549083
548886
548727
548588
548470
548365
548267
548179
548093
548012
547941
547894
547878
547878
547879
547881
547885
547895
547910
547933
547963
547998
548036
548071
548102
548125
548143
548156
548167
548176
548185
548192
548198
548203
548208
548213
548215
548216
548216
548215
548214
548212
548209
548205
548197
548186
548173
548157
548141
548126
548111
548098
548086
548074
548065
548060
548060
548060
548061
548062
548065
548069
548075
548084
548096
548109
548120
548129
548136
548141
548146
548150
548153
548157
548161
548164
548167
548172
548178
548186
548195
548204
548209
548209
548208
548206
548203
548196
548186
548172
548155
548138
548123
548112
548104
548098
548093
548087
548080
548073
548068
548064
548062
548062
548064
548067
548072
548079
548086
548095
548104
548114
548122
548130
548137
548144
548149
548153
548156
548158
548159
548161
548162
548165
548168
548173
548180
548187
548197
548207
548213
548215
548215
548214
548210
548203
548191
548174
548154
548134
548117
548105
548098
548094
548090
548087
548082
548076
548069
548063
548059
548058
548058
548059
548061
548064
548069
548076
548086
548097
548110
548124
548134
548142
548148
548151
548153
548155
548156
548158
548161
548164
548167
548171
548175
548180
548189
548200
548213
548226
548234
548235
548234
548231
548223
548211
548195
548174
548151
548129
548112
548100
548093
548087
548082
548077
548072
548065
548058
548050
548045
548043
548041
548041
548044
548048
548053
548061
548073
548085
548097
548110
548120
548134
556770
556770
556770
556770
556770
556770
556770
556770
556770
556770
556770
556770
556770
556770
556770
556770
556770
556770
556770
556770
556770
556770
556770
556770
556770
556770
556770
556770
556770
556770
556770
556770
556770
556770
556770
556770
556770
556770
556770
556770
556770
556770
556770
556770
556770
556770
556770
556770
556770
556770
556770
556770
556770
556770
556770
556771
556773
556778
556789
556813
556864
556965
557146
557428
557749
557929
557947
557931
557857
557681
557374
556936
556389
555764
555099
554422
553751
553093
552466
551875
551322
550812
550352
549955
549608
549323
549082
548887
548727
548588
548471
548364
548268
548179
548093
548012
547941
547894
547879
547878
547879
547881
547885
547895
547910
547933
547963
547998
548036
548071
548102
548125
548143
548156
548167
548176
548184
548191
548198
548204
548209
548213
548215
548216
548216
548215
548214
548212
548210
548205
548197
548187
548173
548157
548141
548126
548111
548098
548086
548073
548064
548060
548060
548060
548061
548062
548065
548069
548075
548084
548095
548108
548120
548129
548137
548142
548146
548150
548153
548156
548160
548164
548168
548173
548178
548186
548195
548203
548208
548209
548208
548207
548203
548197
548186
548172
548155
548137
548122
548112
548104
548098
548093
548087
548080
548073
548067
548063
548062
548062
548064
548068
548073
548079
548087
548095
548104
548113
548122
548130
548138
548145
548150
548153
548156
548158
548159
548160
548162
548164
548168
548174
548180
548188
548197
548207
548213
548214
548214
548214
548210
548203
548191
548174
548154
548134
548117
548105
548098
548093
548090
548087
548082
548076
548069
548063
548059
548058
548058
548059
548061
548064
548069
548076
548086
548098
548111
548124
548134
548142
548147
548151
548153
548155
548156
548158
548161
548164
548167
548170
548174
548180
548189
548200
548214
548227
548234
548235
548234
548230
548222
548210
548195
548174
548152
548130
548113
548101
548093
548086
548081
548076
548071
548065
548059
548051
548046
548043
548041
548041
548043
548048
548053
548062
548073
548085
548097
548109
548119
548134
556770
556770
556770
556770
556770
556770
556770
556770
556770
556770
556770
556770
556770
556770
556770
556770
556770
556770
556770
556770
556770
556770
556770
556770
556770
556770
556770
556770
556770
556770
556770
556770
556770
556770
556770
556770
556770
556770
556770
556770
556770
556770
556770
556770
556770
556770
556770
556770
556770
556770
556770
556770
556770
556770
556770
556771
556773
556778
556789
556813
556864
556965
557146
557428
557748
557929
557947
557931
557857
557681
557374
556936
556389
555764
555101
554421
553751
553092
552469
551873
551322
550811
550354
549955
549608
549323
549081
548888
548727
548588
548471
548364
548268
548179
548092
548012
547940
547894
547879
547878
547879
547880
547885
547895
547910
547933
547963
547998
548036
548071
548102
548125
548143
548156
548167
548176
548184
548191
548199
548204
548209
548212
548215
548215
548215
548215
548214
548213
548210
548205
548198
548186
548172
548157
548141
548126
548111
548098
548085
548073
548064
548060
548060
548060
548061
548062
548065
548069
548076
548084
548095
548108
548120
548129
548137
548142
548146
548150
548153
548156
548159
548164
548169
548173
548179
548186
548195
548203
548207
548208
548208
548207
548204
548197
548186
548172
548155
548137
548122
548112
548104
548098
548093
548087
548080
548073
548067
548063
548062
548062
548064
548068
548073
548079
548086
548095
548104
548113
548122
548130
548138
548145
548150
548153
548156
548157
548158
548160
548162
548164
548169
548174
548180
548188
548197
548207
548213
548214
548214
548213
548210
548203
548191
548174
548154
548134
548118
548105
548098
548093
548090
548086
548082
548076
548069
548063
548059
548058
548058
548059
548061
548064
548069
548076
548086
548098
548111
548124
548134
548142
548147
548150
548153
548155
548156
548158
548162
548164
548167
548170
548173
548180
548188
548200
548214
548228
548234
548235
548234
548230
548222
548210
548195
548175
548152
548130
548113
548102
548094
548086
548080
548076
548070
548065
548058
548051
548046
548044
548041
548041
548044
548048
548054
548063
548073
548084
548097
548108
548118
548133
556770
556770
556770
556770
556770
556770
556770
556770
556770
556770
556770
556770
556770
556770
556770
556770
556770
556770
556770
556770
556770
556770
556770
556770
556770
556770
556770
556770
556770
556770
556770
556770
556770
556770
556770
556770
556770
556770
556770
556770
556770
556770
556770
556770
556770
556770
556770
556770
556770
556770
556770
556770
556770
556770
556770
556771
556773
556778
556789
556813
556864
556965
557146
557428
557748
557929
557947
557931
557857
557681
557374
556936
556388
555764
555101
554421
553750
553093
552469
551872
551321
550811
550356
549954
549608
549323
549081
548889
548726
548588
548471
548364
548269
548179
548092
548012
547940
547894
547880
547878
547879
547880
547885
547894
547910
547933
547963
547999
548036
548071
548102
548125
548143
548156
548166
548176
548184
548192
548199
548205
548209
548212
548214
548215
548215
548215
548214
548213
548211
548206
548198
548186
548172
548157
548141
548126
548111
548098
548085
548074
548065
548061
548060
548060
548061
548062
548065
548069
548076
548085
548095
548107
548119
548129
548137
548143
548147
548150
548153
548156
548159
548163
548168
548173
548179
548186
548195
548203
548207
548208
548207
548207
548204
548197
548187
548172
548155
548137
548122
548112
548104
548098
548092
548087
548080
548073
548067
548064
548062
548063
548064
548068
548073
548079
548086
548095
548104
548113
548122
548130
548138
548145
548150
548153
548155
548157
548158
548160
548162
548164
548169
548174
548180
548188
548197
548207
548213
548214
548215
548214
548210
548203
548191
548174
548154
548135
548118
548106
548098
548094
548090
548086
548081
548075
548069
548063
548059
548058
548059
548060
548062
548064
548068
548076
548086
548098
548112
548125
548135
548142
548147
548150
548152
548154
548156
548158
548162
548164
548167
548170
548173
548179
548188
548199
548213
548228
548234
548235
548234
548230
548222
548211
548195
548175
548152
548130
548113
548102
548094
548086
548080
548075
548070
548064
548058
548050
548046
548044
548042
548042
548044
548048
548054
548063
548073
548084
548096
548108
548118
548133
556770
556770
556770
556770
556770
556770
556770
556770
556770
556770
556770
556770
556770
556770
556770
556770
556770
556770
556770
556770
556770
556770
556770
556770
556770
556770
556770
556770
556770
556770
556770
556770
556770
556770
556770
556770
556770
556770
556770
556770
556770
556770
556770
556770
556770
556770
556770
556770
556770
556770
556770
556770
556770
556770
556770
556771
556773
556778
556789
556813
556864
556965
557146
557428
557749
557929
557947
557931
557857
557681
557374
556936
556388
555764
555101
554420
553750
553094
552470
551872
551321
550811
550356
549954
549607
549323
549081
548889
548726
548588
548472
548364
548269
548178
548092
548011
547940
547894
547880
547879
547879
547880
547884
547894
547909
547932
547963
547999
548037
548072
548102
548125
548142
548156
548166
548176
548184
548193
548199
548204
548208
548212
548214
548215
548215
548215
548214
548214
548211
548206
548198
548186
548172
548157
548141
548126
548111
548098
548085
548074
548065
548061
548060
548060
548061
548062
548065
548070
548076
548085
548096
548107
548118
548128
548137
548143
548147
548151
548153
548156
548159
548163
548168
548173
548179
548186
548195
548203
548207
548208
548207
548206
548204
548197
548187
548173
548156
548138
548123
548112
548104
548098
548092
548086
548079
548073
548067
548064
548063
548063
548065
548068
548072
548078
548086
548095
548104
548114
548123
548131
548139
548145
548149
548153
548155
548157
548158
548160
548162
548165
548169
548174
548180
548188
548197
548207
548213
548215
548215
548214
548210
548203
548190
548173
548154
548134
548118
548106
548099
548095
548091
548086
548080
548074
548068
548062
548060
548059
548059
548061
548062
548063
548068
548075
548085
548098
548113
548126
548135
548143
548147
548150
548152
548153
548155
548158
548162
548165
548168
548171
548174
548179
548188
548199
548213
548227
548234
548236
548235
548230
548222
548211
548195
548174
548152
548130
548113
548102
548094
548087
548080
548075
548069
548063
548057
548050
548046
548044
548043
548043
548045
548048
548054
548063
548073
548084
548096
548108
548118
548133
556770
556770
556770
556770
556770
556770
556770
556770
556770
556770
556770
556770
556770
556770
556770
556770
556770
556770
556770
556770
556770
556770
556770
556770
556770
556770
556770
556770
556770
556770
556770
556770
556770
556770
556770
556770
556770
556770
556770
556770
556770
556770
556770
556770
556770
556770
556770
556770
556770
556770
556770
556770
556770
556770
556770
556771
556773
556778
556789
556813
556864
556965
557146
557428
557749
557929
557947
557931
557857
557680
557374
556936
556387
555764
555102
554421
553748
553094
552470
551873
551319
550812
550357
549955
549607
549322
549082
548889
548727
548588
548471
548365
548269
548178
548091
548011
547940
547894
547880
547879
547879
547881
547885
547894
547909
547932
547962
547999
548038
548073
548102
548125
548141
548155
548166
548176
548185
548193
548199
548204
548208
548212
548214
548215
548215
548215
548214
548214
548211
548206
548198
548186
548172
548157
548141
548126
548111
548098
548085
548074
548064
548060
548059
548059
548061
548062
548065
548070
548076
548085
548095
548107
548117
548128
548137
548143
548147
548151
548154
548156
548159
548163
548167
548172
548179
548187
548195
548204
548208
548208
548207
548205
548203
548197
548187
548173
548156
548139
548123
548112
548103
548097
548091
548085
548079
548072
548068
548065
548063
548063
548065
548068
548072
548077
548085
548094
548104
548114
548123
548132
548139
548145
548149
548152
548155
548157
548158
548160
548162
548165
548169
548174
548180
548187
548197
548207
548213
548215
548216
548214
548210
548202
548189
548173
548153
548134
548118
548107
548100
548096
548092
548086
548079
548073
548067
548062
548060
548060
548060
548061
548062
548063
548067
548074
548084
548097
548113
548126
548136
548144
548148
548149
548151
548152
548154
548157
548162
548165
548168
548172
548175
548179
548188
548199
548212
548227
548234
548236
548235
548231
548223
548211
548195
548174
548151
548129
548113
548101
548094
548088
548080
548075
548069
548062
548056
548050
548046
548044
548044
548043
548045
548048
548054
548063
548072
548084
548096
548108
548119
548133
556770
556770
556770
556770
556770
556770
556770
556770
556770
556770
556770
556770
556770
556770
556770
556770
556770
556770
556770
556770
556770
556770
556770
556770
556770
556770
556770
556770
556770
556770
556770
556770
556770
556770
556770
556770
556770
556770
556770
556770
556770
556770
556770
556770
556770
556770
556770
556770
556770
556770
556770
556770
556770
556770
556770
556771
556773
556778
556789
556813
556864
556965
557146
557428
557749
557929
557947
557931
557857
557680
557374
556936
556387
555764
555102
554423
553747
553093
552470
551876
551319
550810
550356
549957
549608
549319
549080
548889
548727
548589
548471
548364
548269
548179
548091
548010
547939
547894
547880
547879
547880
547881
547885
547893
547909
547932
547962
547999
548038
548073
548102
548124
548141
548155
548166
548177
548186
548193
548198
548203
548208
548212
548214
548215
548215
548215
548214
548214
548211
548206
548198
548186
548172
548157
548141
548126
548111
548098
548086
548074
548064
548060
548059
548059
548061
548063
548066
548070
548076
548085
548095
548106
548117
548127
548137
548143
548148
548152
548154
548156
548159
548162
548166
548172
548179
548187
548196
548204
548208
548208
548207
548205
548202
548197
548187
548173
548157
548139
548123
548111
548103
548097
548091
548085
548079
548073
548068
548066
548064
548064
548065
548067
548071
548077
548085
548094
548105
548115
548124
548132
548139
548144
548149
548152
548154
548156
548158
548160
548163
548166
548169
548174
548179
548187
548197
548207
548214
548216
548216
548215
548210
548202
548189
548172
548153
548134
548118
548107
548100
548096
548092
548085
548078
548073
548066
548062
548061
548060
548061
548062
548062
548062
548066
548074
548084
548097
548114
548127
548137
548144
548148
548149
548150
548152
548154
548157
548163
548166
548169
548172
548175
548179
548187
548198
548212
548226
548234
548236
548235
548232
548224
548212
548195
548174
548151
548129
548112
548102
548095
548088
548080
548075
548068
548062
548056
548050
548046
548045
548044
548044
548045
548048
548054
548063
548072
548084
548096
548108
548119
548133
)
;

boundaryField
{
    sides
    {
        type            zeroGradient;
    }
    inlet
    {
        type            zeroGradient;
    }
    outlet
    {
        type            zeroGradient;
    }
    empty
    {
        type            empty;
    }
}


// ************************************************************************* //
