/*--------------------------------*- C++ -*----------------------------------*\
| =========                 |                                                 |
| \\      /  F ield         | OpenFOAM: The Open Source CFD Toolbox           |
|  \\    /   O peration     | Version:  2306                                  |
|   \\  /    A nd           | Website:  www.openfoam.com                      |
|    \\/     M anipulation  |                                                 |
\*---------------------------------------------------------------------------*/
FoamFile
{
    version     2.0;
    format      ascii;
    arch        "LSB;label=32;scalar=64";
    class       volScalarField;
    location    "0.12";
    object      rho;
}
// * * * * * * * * * * * * * * * * * * * * * * * * * * * * * * * * * * * * * //

dimensions      [1 -3 0 0 0 0 0];

internalField   nonuniform List<scalar> 
6000
(
34.0839
1.24266
0.167446
0.156736
0.152438
0.155639
0.163957
0.179693
0.198593
0.220433
0.244576
0.265433
0.273094
0.272874
0.271315
0.268822
0.263831
0.244071
0.188563
0.159215
0.158976
0.162476
0.168798
0.174975
0.180221
0.1849
0.189395
0.193941
0.198712
0.203849
0.209431
0.215607
0.223012
0.232608
0.241037
0.242531
0.240448
0.223534
0.18105
0.164185
0.164114
0.16681
0.171512
0.175584
0.178542
0.181028
0.183477
0.18604
0.18871
0.191426
0.194097
0.19665
0.199203
0.202395
0.207817
0.214894
0.217041
0.215662
0.206372
0.180421
0.165654
0.16486
0.165613
0.168373
0.171564
0.173805
0.175343
0.176748
0.178326
0.180141
0.18208
0.183925
0.185508
0.18691
0.18856
0.191373
0.196635
0.201845
0.202371
0.200548
0.190391
0.170111
0.16255
0.162364
0.16314
0.165372
0.167766
0.169162
0.16988
0.170504
0.171361
0.17257
0.174037
0.175483
0.176641
0.177541
0.178514
0.180195
0.183576
0.187225
0.187778
0.18693
0.181893
0.168356
0.159004
0.158063
0.158073
0.159137
0.161148
0.162831
0.163584
0.163876
0.164127
0.164574
0.165333
0.1663
0.167177
0.167819
0.168403
0.169359
0.171389
0.173848
0.174458
0.174013
0.171084
0.162027
0.15295
0.151249
0.151106
0.151806
0.153652
0.155758
0.156932
0.157329
0.157507
0.157728
0.158156
0.158856
0.159648
0.160213
0.160496
0.160716
0.161242
0.162465
0.163613
0.16339
0.162296
0.158351
0.14963
0.143346
0.142283
0.142064
0.142725
0.144292
0.145677
0.146101
0.146034
0.145768
0.145535
0.145481
0.14567
0.146127
0.146731
0.147317
0.147895
0.148709
0.150162
0.152107
0.153602
0.15435
0.153913
0.14987
0.144385
0.143212
0.144415
0.146646
0.150086
0.154093
0.157595
0.16008
0.16202
0.163932
0.166079
0.168675
0.171762
0.175083
0.178256
0.181258
0.184667
0.188821
0.192153
0.193625
0.192584
0.185823
0.178537
0.177798
0.179715
0.18381
0.189908
0.195827
0.19979
0.20312
0.206874
0.211398
0.217291
0.224604
0.232881
0.241946
0.252542
0.265076
0.276454
0.283347
0.284139
0.279409
0.280985
0.289278
0.30249
0.31665
0.325858
0.331269
0.335945
0.341103
0.348655
0.36064
0.377401
0.396459
0.41446
0.43888
0.471664
0.536935
0.651428
0.828893
1.04797
1.26635
1.45175
1.52512
1.53507
1.50732
1.50296
1.51942
1.56118
1.59968
1.60976
1.60814
1.5959
1.59489
1.60367
1.62636
1.65293
1.66097
1.66035
1.65193
1.64884
1.65214
1.66168
1.6703
1.67166
1.66905
1.66194
1.65955
1.661
1.66572
1.67091
1.67214
1.67174
1.66945
1.66843
1.66914
1.6714
1.6746
1.67604
1.67627
1.6758
1.67494
1.67484
1.67514
1.67549
1.6757
1.67571
1.67552
1.6755
1.67576
1.67613
1.67641
1.67654
1.67645
1.67629
1.67643
1.67675
1.67742
1.67824
1.6787
1.67886
1.67885
1.6786
1.67817
1.6777
1.67721
1.67672
1.67631
34.0975
1.23623
0.167823
0.156836
0.152493
0.155464
0.163811
0.179469
0.198369
0.220228
0.244419
0.26528
0.272911
0.272694
0.271133
0.268734
0.263866
0.244055
0.188223
0.158997
0.15879
0.162316
0.168642
0.174802
0.180054
0.184784
0.189382
0.194043
0.198915
0.204133
0.20978
0.215986
0.223387
0.232971
0.241404
0.242864
0.240646
0.223183
0.180483
0.164074
0.164062
0.166799
0.171493
0.1755
0.178359
0.180738
0.183085
0.18557
0.188196
0.190891
0.193545
0.196071
0.198595
0.201796
0.20734
0.214588
0.216777
0.215433
0.206167
0.180075
0.165278
0.164519
0.165324
0.168135
0.171352
0.173609
0.175154
0.176554
0.178119
0.179923
0.181864
0.18373
0.185349
0.186798
0.188485
0.191258
0.196443
0.201638
0.202172
0.200383
0.19031
0.170094
0.162517
0.162327
0.163093
0.165331
0.167746
0.169178
0.169938
0.170599
0.171484
0.172718
0.174208
0.17567
0.17684
0.177741
0.178704
0.180369
0.183738
0.187397
0.187973
0.187138
0.182099
0.16852
0.159118
0.158154
0.158152
0.159203
0.161202
0.162877
0.163634
0.163939
0.164211
0.164682
0.165467
0.166448
0.167322
0.167954
0.168528
0.169473
0.1715
0.173976
0.174602
0.174133
0.17121
0.162204
0.153092
0.15135
0.151184
0.151854
0.153653
0.155724
0.15686
0.157215
0.157358
0.157545
0.15793
0.158574
0.159318
0.159873
0.160189
0.160471
0.161095
0.16246
0.163721
0.163567
0.162508
0.15858
0.149802
0.143443
0.142357
0.142127
0.142766
0.144283
0.145619
0.146011
0.145916
0.145619
0.145366
0.145299
0.145484
0.145944
0.146573
0.147212
0.147856
0.148744
0.150293
0.152316
0.153834
0.154584
0.154129
0.150061
0.144549
0.143386
0.144583
0.146824
0.150287
0.154316
0.15781
0.16026
0.162164
0.164035
0.166131
0.168667
0.171662
0.174869
0.17794
0.180895
0.184269
0.188383
0.191818
0.193331
0.192432
0.185913
0.178785
0.178126
0.18012
0.184254
0.190308
0.196107
0.199966
0.203245
0.206977
0.211496
0.217379
0.224707
0.233001
0.242044
0.252565
0.264981
0.276204
0.283041
0.283819
0.279155
0.28081
0.289617
0.303637
0.319013
0.329632
0.335678
0.340665
0.346029
0.353539
0.365119
0.381252
0.398978
0.415424
0.438663
0.47014
0.535908
0.650766
0.828537
1.04673
1.26354
1.44656
1.51817
1.52822
1.50152
1.49793
1.5151
1.55858
1.59897
1.60983
1.60813
1.59553
1.59461
1.6036
1.62664
1.65322
1.66116
1.66062
1.65232
1.64917
1.65235
1.66166
1.67047
1.6719
1.66945
1.66251
1.65998
1.66132
1.66576
1.67068
1.67186
1.67149
1.66936
1.66845
1.66915
1.67135
1.67439
1.67571
1.67595
1.67551
1.67474
1.67474
1.67512
1.67565
1.67591
1.67593
1.6757
1.67557
1.67577
1.67607
1.67633
1.67647
1.67644
1.67633
1.67647
1.67678
1.67741
1.67819
1.67863
1.67879
1.67879
1.67856
1.67816
1.67772
1.67726
1.67681
1.67644
34.109
1.23534
0.16795
0.156673
0.152246
0.155292
0.163735
0.179471
0.198358
0.22016
0.244372
0.26509
0.272586
0.272333
0.270769
0.268437
0.263769
0.243935
0.187744
0.158766
0.158591
0.16214
0.168443
0.174572
0.179843
0.184662
0.189381
0.194195
0.199203
0.2045
0.210174
0.216441
0.224027
0.233807
0.24205
0.243287
0.240773
0.222452
0.179518
0.164058
0.164191
0.167036
0.171723
0.175642
0.178401
0.180638
0.182853
0.185243
0.18781
0.190455
0.193033
0.195448
0.197872
0.201071
0.20674
0.214278
0.216668
0.21539
0.206063
0.179741
0.164915
0.164211
0.16509
0.167977
0.1712
0.173421
0.174927
0.176297
0.177843
0.179643
0.181595
0.183489
0.185147
0.186624
0.188295
0.191011
0.196123
0.201295
0.20182
0.200074
0.190185
0.170162
0.162539
0.162327
0.163074
0.165305
0.16774
0.169205
0.169993
0.170671
0.171561
0.172796
0.174302
0.175802
0.177016
0.177957
0.178949
0.180626
0.183975
0.187618
0.188195
0.187353
0.182286
0.168667
0.159247
0.158269
0.158262
0.159307
0.161302
0.162982
0.163746
0.164061
0.164346
0.164831
0.165632
0.166627
0.1675
0.16812
0.168685
0.169619
0.171631
0.174135
0.174796
0.17432
0.171419
0.162442
0.153265
0.151493
0.151337
0.151992
0.153758
0.155785
0.156888
0.157218
0.157331
0.157477
0.157789
0.158319
0.158956
0.15947
0.159801
0.160145
0.160898
0.162466
0.163865
0.163772
0.162785
0.15895
0.150153
0.143656
0.142531
0.142287
0.142903
0.144382
0.145652
0.145995
0.145844
0.145478
0.14518
0.145081
0.145244
0.145693
0.146344
0.147035
0.147763
0.148763
0.150431
0.152524
0.154062
0.154826
0.154381
0.150275
0.144704
0.143541
0.144752
0.147031
0.150541
0.154609
0.158103
0.160496
0.162333
0.164141
0.166167
0.168614
0.171521
0.174642
0.177613
0.18043
0.18363
0.187642
0.191245
0.192793
0.19214
0.186147
0.179184
0.178468
0.180489
0.184704
0.190834
0.196543
0.200174
0.203312
0.206906
0.211256
0.217004
0.22432
0.232692
0.241767
0.252222
0.264461
0.275439
0.282342
0.283335
0.279008
0.281178
0.291573
0.307898
0.326445
0.340624
0.348974
0.355027
0.36055
0.36796
0.379718
0.394891
0.409109
0.422005
0.441164
0.468749
0.53395
0.64793
0.823929
1.03668
1.24553
1.42088
1.49099
1.50276
1.47955
1.47916
1.49987
1.54901
1.59646
1.61057
1.60963
1.59594
1.59444
1.60369
1.62748
1.65423
1.66207
1.66136
1.65276
1.6495
1.65258
1.66171
1.67069
1.67218
1.67009
1.66357
1.66088
1.66203
1.66598
1.67044
1.6715
1.67114
1.66918
1.66844
1.66916
1.67133
1.67421
1.67537
1.67556
1.67506
1.67438
1.67451
1.675
1.67577
1.67616
1.67628
1.67603
1.67575
1.67582
1.67604
1.67623
1.67637
1.67637
1.67633
1.67651
1.67683
1.67743
1.67815
1.67855
1.6787
1.67868
1.67846
1.6781
1.67771
1.67731
1.6769
1.67656
34.0956
1.25405
0.167644
0.156197
0.151738
0.154962
0.163711
0.179675
0.198653
0.220369
0.244359
0.264674
0.272042
0.271759
0.27013
0.267851
0.263515
0.243875
0.18756
0.158684
0.158458
0.161974
0.168248
0.174392
0.179739
0.184669
0.189543
0.194535
0.199701
0.20508
0.210777
0.217111
0.224922
0.234944
0.24287
0.243742
0.240826
0.221215
0.178135
0.163959
0.16423
0.167186
0.171836
0.175607
0.178189
0.180266
0.182363
0.184686
0.187224
0.189856
0.192414
0.194794
0.197189
0.200401
0.206155
0.213986
0.216604
0.215409
0.206021
0.179388
0.164522
0.163871
0.164837
0.167813
0.17105
0.173229
0.17468
0.176004
0.177526
0.179326
0.181297
0.18322
0.184908
0.186389
0.188024
0.190651
0.19566
0.200801
0.201318
0.199627
0.189973
0.170159
0.162443
0.1622
0.16292
0.165138
0.167598
0.169104
0.169927
0.170629
0.171538
0.172799
0.17435
0.175902
0.177169
0.178154
0.179161
0.180795
0.184083
0.187739
0.188357
0.187536
0.182492
0.168888
0.159426
0.158416
0.158396
0.159425
0.161401
0.163075
0.163865
0.16422
0.164541
0.165061
0.165884
0.166882
0.167747
0.168351
0.168895
0.169812
0.171812
0.174352
0.175055
0.174572
0.171683
0.162685
0.153426
0.151635
0.151486
0.152125
0.15385
0.155816
0.15683
0.157074
0.157114
0.157181
0.157401
0.157865
0.158502
0.159079
0.1595
0.159951
0.160815
0.162531
0.164059
0.164034
0.163117
0.159396
0.150634
0.143983
0.142811
0.142552
0.143147
0.144577
0.145745
0.146025
0.145819
0.145402
0.145072
0.14495
0.145105
0.14556
0.146248
0.146985
0.147745
0.148779
0.150522
0.152696
0.154286
0.155076
0.154664
0.150548
0.144922
0.143766
0.144993
0.147295
0.15082
0.154877
0.158311
0.160621
0.162381
0.16412
0.166082
0.168475
0.171319
0.174327
0.177129
0.179768
0.182803
0.18673
0.190619
0.192271
0.191948
0.186457
0.17961
0.178764
0.180789
0.185081
0.191391
0.197153
0.200589
0.203511
0.206889
0.211052
0.216568
0.223605
0.231715
0.240638
0.250956
0.262941
0.2738
0.280803
0.282171
0.2783
0.2815
0.294355
0.314633
0.338824
0.359551
0.373344
0.38256
0.389213
0.397031
0.410129
0.42321
0.43089
0.43818
0.448608
0.47086
0.533595
0.643436
0.811188
1.00817
1.19742
1.3583
1.42986
1.44802
1.43337
1.44048
1.47031
1.53072
1.59182
1.6122
1.61322
1.59736
1.5942
1.6037
1.62904
1.65659
1.66401
1.66277
1.653
1.64908
1.65207
1.66125
1.67093
1.67282
1.67124
1.66524
1.66217
1.66303
1.66634
1.6703
1.67124
1.67086
1.669
1.66832
1.66902
1.67115
1.67392
1.67499
1.67514
1.67461
1.67403
1.67425
1.67487
1.67588
1.67644
1.67664
1.67643
1.67604
1.67591
1.67602
1.67617
1.67629
1.67631
1.67633
1.67653
1.67686
1.67743
1.6781
1.67845
1.67859
1.67854
1.67831
1.67799
1.67767
1.67736
1.67703
1.67675
34.1421
1.21828
0.166145
0.155314
0.151242
0.155027
0.164029
0.180274
0.199309
0.220921
0.244617
0.264261
0.271295
0.270964
0.269254
0.26702
0.262919
0.243591
0.18776
0.158781
0.158458
0.161899
0.168146
0.174336
0.17977
0.184819
0.189856
0.195009
0.200302
0.205761
0.211506
0.217944
0.225994
0.236135
0.243511
0.243948
0.240594
0.219547
0.17655
0.16379
0.164158
0.167187
0.171777
0.175421
0.177876
0.179856
0.181889
0.184206
0.186774
0.189446
0.19204
0.194452
0.196877
0.200115
0.205919
0.213985
0.216794
0.215637
0.206155
0.179153
0.164232
0.163639
0.164699
0.167755
0.170978
0.173086
0.174467
0.175733
0.177218
0.179013
0.181006
0.182967
0.184685
0.186165
0.187746
0.190257
0.195132
0.200252
0.200784
0.199159
0.189764
0.170169
0.162331
0.162054
0.162735
0.16493
0.167407
0.168952
0.169815
0.17055
0.171489
0.172785
0.174362
0.17593
0.177211
0.178199
0.179189
0.180798
0.184048
0.187718
0.188372
0.187561
0.182543
0.169006
0.159564
0.158554
0.158559
0.159626
0.161637
0.163339
0.164141
0.164495
0.164809
0.165323
0.166159
0.167178
0.168035
0.168614
0.169131
0.170022
0.172011
0.174582
0.175312
0.174804
0.171894
0.162832
0.153502
0.151709
0.151552
0.152175
0.153871
0.155778
0.156664
0.156797
0.156769
0.15678
0.156977
0.157484
0.158215
0.158891
0.159393
0.159909
0.160837
0.162646
0.164287
0.164336
0.163482
0.159879
0.151171
0.144383
0.143174
0.142908
0.143493
0.144887
0.145992
0.146237
0.145992
0.145528
0.145154
0.144995
0.145141
0.145591
0.146256
0.146963
0.14771
0.148759
0.150572
0.152828
0.154453
0.155244
0.154864
0.150749
0.145062
0.143917
0.145143
0.147453
0.150974
0.155005
0.158356
0.160547
0.162245
0.163942
0.16588
0.16826
0.171054
0.17394
0.176571
0.179048
0.181942
0.185824
0.190033
0.191831
0.19181
0.186772
0.179988
0.178996
0.181011
0.185318
0.191745
0.197639
0.201026
0.203801
0.206964
0.210944
0.216168
0.22278
0.230369
0.238741
0.248558
0.260278
0.271159
0.278362
0.280489
0.277235
0.281255
0.296471
0.320897
0.35145
0.380789
0.403802
0.420333
0.431891
0.443321
0.458673
0.466416
0.466359
0.465519
0.463914
0.481343
0.53664
0.638069
0.787711
0.956028
1.11472
1.25569
1.33404
1.36429
1.36548
1.38575
1.42982
1.50555
1.58545
1.61513
1.61886
1.60021
1.59421
1.60393
1.63092
1.65985
1.66712
1.66521
1.65356
1.64807
1.65073
1.65994
1.67084
1.67352
1.67256
1.66722
1.6636
1.66416
1.66681
1.6703
1.67116
1.67078
1.66896
1.66822
1.66883
1.67083
1.67351
1.67456
1.67472
1.67424
1.67374
1.67402
1.67473
1.67592
1.67667
1.67691
1.67678
1.67634
1.67605
1.67608
1.67619
1.67627
1.67627
1.6763
1.67651
1.67684
1.67739
1.67801
1.67833
1.67845
1.67839
1.67817
1.67788
1.67761
1.67737
1.67715
1.67693
34.1477
1.21504
0.164419
0.154806
0.151218
0.155431
0.164614
0.180946
0.199931
0.22143
0.244876
0.263949
0.270507
0.270014
0.268256
0.26607
0.26211
0.243276
0.188369
0.159169
0.1586
0.161923
0.16815
0.174407
0.179938
0.185106
0.19025
0.195493
0.200841
0.206339
0.212148
0.218726
0.227001
0.237109
0.243878
0.243907
0.240064
0.217553
0.174933
0.163573
0.163979
0.167041
0.171572
0.175134
0.177555
0.179546
0.181631
0.184002
0.186624
0.189358
0.192018
0.194493
0.196977
0.200268
0.206121
0.214338
0.2173
0.216113
0.206482
0.179039
0.164061
0.16353
0.164672
0.167788
0.170972
0.172998
0.174307
0.175518
0.176968
0.178749
0.180756
0.182745
0.18448
0.185949
0.187475
0.189878
0.194633
0.199763
0.200337
0.19878
0.189633
0.170214
0.162239
0.16194
0.162598
0.164778
0.16726
0.168826
0.169712
0.170464
0.171416
0.17272
0.174297
0.175841
0.177064
0.177996
0.178949
0.180515
0.183717
0.18743
0.188136
0.187328
0.182367
0.168965
0.159573
0.158573
0.158611
0.159738
0.161823
0.163572
0.164404
0.164782
0.165119
0.165659
0.166507
0.167515
0.168341
0.168884
0.169369
0.170226
0.17221
0.174783
0.175507
0.174956
0.171991
0.162845
0.15346
0.151646
0.151465
0.152055
0.153695
0.155499
0.15629
0.156402
0.156386
0.156448
0.156745
0.157371
0.158194
0.158917
0.159448
0.159991
0.160959
0.162844
0.164586
0.164693
0.16388
0.160351
0.151675
0.144786
0.143561
0.143303
0.143896
0.145282
0.146352
0.146577
0.14632
0.145841
0.145448
0.145264
0.145382
0.145781
0.146408
0.147101
0.147836
0.148884
0.150736
0.153043
0.154645
0.155395
0.154997
0.150834
0.145062
0.14389
0.145096
0.147384
0.150893
0.154897
0.158164
0.160252
0.161888
0.163549
0.165467
0.167824
0.170566
0.173363
0.175902
0.178312
0.181137
0.185023
0.189542
0.191553
0.191781
0.187168
0.180354
0.179124
0.181125
0.185424
0.191936
0.197983
0.201437
0.204172
0.20724
0.21109
0.216026
0.22209
0.228944
0.236533
0.245653
0.25688
0.267714
0.275114
0.27819
0.275863
0.280309
0.296933
0.323755
0.359575
0.39741
0.431504
0.459517
0.481389
0.501891
0.51914
0.520878
0.515276
0.501243
0.489963
0.503924
0.548595
0.635878
0.757817
0.888611
1.01277
1.13232
1.21771
1.26389
1.28892
1.32776
1.3875
1.4785
1.57884
1.61921
1.62577
1.60415
1.59468
1.6042
1.63227
1.66303
1.67053
1.66808
1.65437
1.64689
1.64917
1.65844
1.67074
1.67434
1.6738
1.66892
1.66471
1.66503
1.66723
1.67045
1.67126
1.67089
1.66909
1.66823
1.66873
1.67048
1.67302
1.67413
1.67434
1.67395
1.67354
1.67384
1.67461
1.67592
1.67682
1.67707
1.67699
1.67661
1.67632
1.67628
1.67632
1.67635
1.67631
1.67628
1.67646
1.67676
1.67726
1.67786
1.67818
1.67829
1.67824
1.67805
1.67781
1.67759
1.67742
1.67726
1.67708
34.16
1.20346
0.163305
0.154192
0.151063
0.155651
0.165023
0.181405
0.200289
0.221666
0.245058
0.263713
0.269736
0.26905
0.26732
0.265218
0.261323
0.24286
0.188929
0.159589
0.158748
0.161938
0.168128
0.174462
0.180141
0.185457
0.190687
0.195952
0.201315
0.206858
0.212755
0.21946
0.227883
0.237869
0.243967
0.243629
0.239351
0.215542
0.173515
0.163361
0.16377
0.166853
0.171353
0.174898
0.177367
0.179433
0.181564
0.183937
0.186562
0.189328
0.192057
0.194634
0.197224
0.200585
0.206502
0.214949
0.218123
0.216895
0.207088
0.179123
0.164075
0.163616
0.164812
0.167949
0.171057
0.172992
0.174235
0.175406
0.176839
0.178614
0.180607
0.182571
0.18428
0.185718
0.187195
0.189517
0.194181
0.19937
0.200027
0.198536
0.189586
0.170271
0.162171
0.161857
0.162511
0.164684
0.167163
0.168732
0.16962
0.170368
0.171307
0.172589
0.174139
0.175634
0.176764
0.177593
0.178447
0.179907
0.183046
0.186829
0.187608
0.186822
0.181963
0.168757
0.159445
0.158463
0.15854
0.159732
0.16188
0.163654
0.1645
0.164905
0.165291
0.165898
0.166816
0.167862
0.168671
0.169159
0.169582
0.170392
0.172358
0.174934
0.175641
0.175049
0.172018
0.16274
0.153303
0.151477
0.151275
0.151835
0.153422
0.155176
0.155984
0.156138
0.156161
0.15627
0.156622
0.157305
0.158174
0.158937
0.159498
0.160069
0.161069
0.163006
0.164808
0.164959
0.164201
0.160764
0.152141
0.145201
0.143962
0.143706
0.144303
0.145699
0.146771
0.147002
0.146766
0.146296
0.145895
0.145697
0.1458
0.146177
0.146778
0.147447
0.148155
0.14916
0.150996
0.153312
0.15483
0.155503
0.155055
0.150787
0.144879
0.143671
0.144824
0.147056
0.150525
0.154484
0.157659
0.159629
0.161236
0.162888
0.164794
0.167104
0.169758
0.172471
0.174988
0.177433
0.180312
0.184304
0.189143
0.191363
0.191882
0.18764
0.180706
0.179141
0.181093
0.185347
0.192029
0.198329
0.201929
0.204663
0.207703
0.211451
0.216135
0.221681
0.227839
0.234667
0.242966
0.253449
0.26406
0.271494
0.275548
0.274115
0.278901
0.296059
0.323887
0.361943
0.40536
0.448681
0.488544
0.524327
0.55762
0.579483
0.580558
0.56858
0.542591
0.530717
0.539678
0.573783
0.641209
0.731008
0.825474
0.920044
1.02179
1.10989
1.16975
1.21641
1.27478
1.35072
1.45576
1.57303
1.62366
1.63297
1.60919
1.5956
1.60438
1.63244
1.66504
1.67315
1.67041
1.65515
1.64597
1.64799
1.6574
1.67077
1.67516
1.67478
1.66998
1.66524
1.66539
1.66744
1.67082
1.67183
1.6715
1.66959
1.66838
1.66875
1.67031
1.67268
1.67378
1.67402
1.67371
1.67338
1.67369
1.67447
1.67578
1.67675
1.67705
1.67704
1.67674
1.67661
1.67665
1.67668
1.67663
1.67648
1.67633
1.6764
1.67663
1.67704
1.6776
1.67799
1.67812
1.67812
1.678
1.67781
1.67763
1.67748
1.67735
1.67716
34.1902
1.18237
0.163388
0.15376
0.150718
0.155367
0.164851
0.181314
0.20029
0.221826
0.245283
0.263525
0.268979
0.268167
0.266571
0.264595
0.260689
0.242325
0.18919
0.159873
0.158811
0.161855
0.167973
0.174397
0.180226
0.185647
0.19091
0.196149
0.201462
0.206995
0.212965
0.219807
0.228363
0.238214
0.243849
0.243205
0.238603
0.213814
0.172396
0.163162
0.163595
0.166726
0.171192
0.174714
0.177222
0.179365
0.181565
0.183975
0.186603
0.189362
0.192137
0.194831
0.197569
0.201055
0.207075
0.215747
0.219166
0.217889
0.20791
0.179396
0.164205
0.163795
0.165043
0.168185
0.171206
0.173035
0.174216
0.175358
0.176785
0.178559
0.18054
0.18247
0.184127
0.185502
0.186913
0.189167
0.193776
0.19906
0.199831
0.198412
0.18961
0.17033
0.162104
0.161778
0.162425
0.164588
0.167057
0.168615
0.169497
0.170245
0.171183
0.172451
0.173941
0.175317
0.176315
0.177018
0.177754
0.179105
0.182172
0.186019
0.186866
0.18612
0.181399
0.16844
0.15922
0.158263
0.158384
0.159635
0.161827
0.163613
0.16446
0.164885
0.165314
0.16599
0.166994
0.16811
0.168949
0.169433
0.169826
0.170577
0.172499
0.175075
0.175764
0.17514
0.172033
0.162594
0.153118
0.151294
0.151071
0.151614
0.153174
0.154913
0.155741
0.155922
0.155971
0.156115
0.156515
0.157253
0.158185
0.159002
0.159598
0.160185
0.16119
0.163146
0.164979
0.165143
0.164404
0.160987
0.152391
0.145487
0.144306
0.144096
0.144739
0.146174
0.147251
0.147481
0.147257
0.146813
0.146435
0.146258
0.146376
0.146767
0.147361
0.147991
0.148635
0.149564
0.151333
0.153621
0.154997
0.15557
0.155045
0.150612
0.144551
0.143317
0.144381
0.146506
0.149896
0.153793
0.156845
0.15867
0.160233
0.161872
0.163759
0.165999
0.168553
0.171224
0.173808
0.17639
0.179411
0.183561
0.188695
0.191269
0.192061
0.188185
0.18114
0.179202
0.181101
0.185292
0.192082
0.19863
0.202407
0.205178
0.208225
0.211915
0.21639
0.221577
0.227201
0.233335
0.240788
0.250423
0.260792
0.268125
0.272932
0.272446
0.277188
0.294895
0.322914
0.362041
0.407898
0.455543
0.502566
0.54831
0.592755
0.625503
0.635148
0.620874
0.593017
0.584208
0.588458
0.610563
0.65606
0.718224
0.783813
0.859706
0.949859
1.03244
1.09885
1.15806
1.23174
1.3216
1.43957
1.5697
1.62814
1.63953
1.61408
1.59625
1.60407
1.63159
1.66585
1.67482
1.67212
1.65615
1.64577
1.64765
1.65712
1.6711
1.67581
1.6754
1.67047
1.66537
1.6654
1.6674
1.67102
1.67232
1.67212
1.67035
1.66888
1.66909
1.67042
1.67262
1.67361
1.67381
1.67349
1.67319
1.67351
1.67429
1.67558
1.67656
1.67688
1.67691
1.67673
1.67682
1.677
1.67713
1.67709
1.67685
1.6765
1.67634
1.67649
1.67677
1.67726
1.67775
1.67796
1.67803
1.67798
1.67785
1.6777
1.67753
1.67738
1.67716
34.1506
1.23024
0.162723
0.153258
0.150308
0.154984
0.164488
0.181076
0.200286
0.222114
0.24575
0.263576
0.268418
0.267611
0.266169
0.264279
0.260231
0.241599
0.188829
0.159945
0.158752
0.16172
0.167777
0.174238
0.180117
0.185544
0.190755
0.195897
0.201103
0.206551
0.212503
0.219392
0.227998
0.237894
0.243604
0.242936
0.238161
0.212652
0.171573
0.162943
0.163326
0.166477
0.17094
0.174493
0.177101
0.179367
0.181657
0.184111
0.186736
0.189497
0.192313
0.195103
0.197973
0.201583
0.207678
0.216505
0.220177
0.21884
0.208737
0.179706
0.16431
0.163909
0.165172
0.168318
0.171277
0.173042
0.17419
0.17533
0.176766
0.178542
0.180502
0.182389
0.18399
0.185315
0.186692
0.188919
0.193517
0.198884
0.199716
0.198313
0.189589
0.170297
0.161951
0.16162
0.162264
0.164416
0.166864
0.168397
0.169255
0.169988
0.170924
0.17219
0.173642
0.174919
0.175793
0.176384
0.177036
0.178332
0.181392
0.185282
0.186125
0.185368
0.180696
0.167927
0.158909
0.158025
0.158205
0.159533
0.161788
0.163563
0.164384
0.164796
0.165235
0.165959
0.167033
0.168212
0.169096
0.169614
0.17003
0.170789
0.172717
0.175288
0.175938
0.175279
0.172089
0.162518
0.153025
0.151211
0.150986
0.15153
0.153083
0.154803
0.155625
0.155813
0.155874
0.156043
0.156491
0.157292
0.158287
0.159143
0.159753
0.160336
0.161322
0.163252
0.165082
0.16524
0.164508
0.161095
0.152508
0.145657
0.144516
0.144336
0.145006
0.146503
0.14764
0.147898
0.147716
0.147327
0.146995
0.146864
0.147016
0.147443
0.148035
0.148612
0.149172
0.150006
0.151705
0.153942
0.155147
0.155602
0.154969
0.150313
0.144098
0.142866
0.143824
0.145817
0.149097
0.15287
0.155715
0.157367
0.158851
0.160439
0.162259
0.164402
0.166879
0.169581
0.172319
0.175102
0.178287
0.182577
0.187963
0.190967
0.19215
0.188825
0.181813
0.179421
0.181306
0.185416
0.192228
0.198856
0.202819
0.205624
0.208627
0.212187
0.216524
0.221519
0.226775
0.232335
0.239045
0.248013
0.258286
0.26569
0.270926
0.271093
0.275396
0.293007
0.320996
0.360834
0.408007
0.457193
0.505881
0.55413
0.604483
0.652126
0.674783
0.673009
0.64983
0.640601
0.641845
0.65462
0.679992
0.719628
0.771716
0.83842
0.919094
0.991243
1.05594
1.11697
1.19942
1.29979
1.42922
1.56884
1.63227
1.64473
1.61716
1.59582
1.603
1.63068
1.66636
1.67614
1.6736
1.65736
1.6461
1.64778
1.65716
1.67137
1.6762
1.67574
1.67068
1.66531
1.66528
1.66731
1.67112
1.67264
1.67256
1.67104
1.66963
1.66976
1.67088
1.67285
1.67368
1.67376
1.67327
1.67292
1.67324
1.67404
1.67534
1.67628
1.67658
1.67663
1.67666
1.67688
1.67729
1.6776
1.67765
1.67739
1.67682
1.67636
1.67634
1.67651
1.67689
1.67742
1.67781
1.67793
1.67798
1.67791
1.67777
1.67757
1.67738
1.67713
34.1935
1.18126
0.161694
0.152286
0.149518
0.154525
0.164449
0.181203
0.200567
0.222675
0.246456
0.263774
0.268131
0.267435
0.266135
0.264246
0.259828
0.240489
0.187693
0.159664
0.158485
0.161431
0.167441
0.173867
0.179706
0.185067
0.190166
0.195155
0.200214
0.205556
0.211446
0.218332
0.226949
0.237055
0.243254
0.242742
0.238038
0.212095
0.17093
0.16252
0.162941
0.166147
0.170651
0.174257
0.176969
0.179371
0.18178
0.184301
0.18695
0.189718
0.192539
0.195366
0.198311
0.202
0.208132
0.217109
0.221011
0.219628
0.209432
0.179969
0.164369
0.163961
0.165225
0.168368
0.171267
0.17297
0.174094
0.175244
0.176701
0.178481
0.18042
0.182266
0.183826
0.185125
0.186499
0.188747
0.193378
0.198834
0.199741
0.198364
0.1897
0.170351
0.161884
0.16156
0.162211
0.164358
0.166779
0.168276
0.169103
0.169808
0.170713
0.171927
0.173296
0.174477
0.175277
0.175833
0.176484
0.177828
0.180983
0.184878
0.185651
0.184832
0.180083
0.167333
0.158544
0.157732
0.157941
0.159317
0.161596
0.163358
0.164182
0.16462
0.165097
0.165851
0.166957
0.168175
0.169101
0.169661
0.170119
0.170938
0.172951
0.175583
0.176214
0.175529
0.172263
0.162559
0.153044
0.151261
0.151055
0.151614
0.153173
0.154865
0.155661
0.155849
0.155922
0.156121
0.156625
0.157502
0.158551
0.15941
0.159984
0.160512
0.16143
0.163296
0.165099
0.165236
0.164488
0.161059
0.152499
0.145726
0.144623
0.144466
0.145154
0.146709
0.147911
0.148189
0.148043
0.147726
0.147471
0.147416
0.147613
0.148081
0.148668
0.149191
0.149674
0.150413
0.152031
0.154257
0.15528
0.155596
0.154845
0.14993
0.143593
0.142403
0.143249
0.145101
0.148221
0.151776
0.154318
0.155783
0.157126
0.158607
0.160322
0.162364
0.164805
0.167593
0.170517
0.173492
0.17681
0.181184
0.18676
0.190393
0.192062
0.189474
0.182795
0.179958
0.181846
0.185916
0.192701
0.19936
0.20341
0.20616
0.208987
0.212303
0.216481
0.221262
0.226184
0.231376
0.237726
0.246506
0.25699
0.264405
0.269722
0.270194
0.273801
0.29075
0.318003
0.357592
0.405292
0.454545
0.502527
0.551466
0.604903
0.660402
0.694053
0.710165
0.698355
0.691525
0.691049
0.699186
0.715069
0.739403
0.782175
0.842945
0.91554
0.974345
1.03083
1.08929
1.17672
1.28532
1.42395
1.57002
1.63533
1.64776
1.61729
1.59463
1.60213
1.63053
1.66718
1.67731
1.6747
1.658
1.6465
1.64816
1.65756
1.6718
1.67656
1.67603
1.67078
1.66524
1.66521
1.6673
1.67121
1.67279
1.67275
1.67141
1.67035
1.67056
1.6717
1.67338
1.67393
1.67391
1.67312
1.67257
1.67286
1.67363
1.67493
1.67584
1.67613
1.67623
1.67644
1.67682
1.67752
1.6781
1.67826
1.67804
1.6773
1.67647
1.6762
1.6763
1.67657
1.67707
1.67758
1.67783
1.67793
1.67791
1.6778
1.67761
1.67741
1.6771
34.1458
1.20694
0.160201
0.151165
0.148505
0.153977
0.164469
0.181512
0.20108
0.223398
0.247232
0.26403
0.267838
0.267355
0.266161
0.264278
0.259422
0.239075
0.185731
0.158999
0.158005
0.161017
0.167012
0.17335
0.179081
0.18433
0.189312
0.194206
0.199185
0.204478
0.210372
0.217238
0.225809
0.236119
0.242824
0.242525
0.23795
0.211962
0.17043
0.162013
0.162494
0.165791
0.170363
0.174027
0.176821
0.179326
0.181842
0.18445
0.187166
0.189953
0.192767
0.195582
0.198526
0.20224
0.208414
0.217552
0.221637
0.220258
0.210003
0.180196
0.164393
0.163966
0.165204
0.168306
0.171135
0.172783
0.173887
0.175044
0.176524
0.178315
0.180242
0.182061
0.183598
0.184895
0.186296
0.188594
0.193282
0.198812
0.199774
0.198413
0.189786
0.170342
0.161758
0.161438
0.162089
0.164222
0.166613
0.168076
0.16887
0.169544
0.17042
0.17161
0.172971
0.174171
0.174991
0.175565
0.176243
0.177657
0.180905
0.184806
0.185514
0.184649
0.179726
0.16681
0.158247
0.157507
0.157718
0.159099
0.161345
0.163053
0.163854
0.164302
0.16482
0.165639
0.166799
0.168047
0.169002
0.169592
0.170088
0.170975
0.173109
0.175883
0.176567
0.175892
0.172598
0.16277
0.153225
0.151484
0.151303
0.15189
0.153466
0.155123
0.155878
0.156055
0.156136
0.156361
0.15691
0.157833
0.158899
0.159719
0.160218
0.160664
0.161512
0.163337
0.165123
0.165231
0.164464
0.160986
0.1524
0.14571
0.144646
0.144506
0.145205
0.146804
0.148064
0.148352
0.148227
0.147981
0.14781
0.147835
0.148092
0.1486
0.149193
0.149683
0.150109
0.150775
0.152294
0.15452
0.155396
0.155564
0.154671
0.149466
0.143062
0.141959
0.142701
0.14441
0.147318
0.150594
0.152801
0.154054
0.155197
0.156522
0.158109
0.160077
0.16252
0.165387
0.168439
0.171544
0.174944
0.179355
0.18508
0.18953
0.191717
0.190018
0.183966
0.180789
0.182681
0.186769
0.193547
0.200267
0.204192
0.206815
0.209565
0.212754
0.216667
0.221111
0.225821
0.231023
0.237545
0.246411
0.256805
0.264194
0.269462
0.269877
0.272826
0.288572
0.314495
0.352848
0.399511
0.446942
0.493594
0.5422
0.596917
0.657615
0.701545
0.726871
0.727706
0.729996
0.737058
0.748963
0.764826
0.784835
0.815791
0.863343
0.917638
0.967109
1.01473
1.07352
1.16327
1.27802
1.42373
1.57356
1.63684
1.64688
1.61428
1.59355
1.60199
1.63205
1.66882
1.67823
1.67518
1.65778
1.64655
1.64836
1.65814
1.67244
1.67696
1.67633
1.67089
1.66537
1.66536
1.66743
1.67124
1.67276
1.67274
1.67152
1.67086
1.67125
1.67268
1.67423
1.67454
1.67424
1.67309
1.67225
1.67245
1.67311
1.67433
1.6752
1.67552
1.67573
1.67605
1.67667
1.67772
1.67859
1.67884
1.6787
1.6779
1.6767
1.6761
1.67612
1.6763
1.67671
1.67723
1.67763
1.67779
1.67783
1.67777
1.67763
1.67746
1.67713
34.1931
1.13386
0.158689
0.150446
0.147851
0.1537
0.164554
0.181829
0.20158
0.224091
0.247956
0.264312
0.267737
0.267409
0.26621
0.264318
0.259062
0.237516
0.183207
0.158056
0.157365
0.160568
0.166617
0.17287
0.178496
0.183648
0.188532
0.193319
0.198208
0.203447
0.209304
0.216122
0.224629
0.235108
0.242309
0.242251
0.237852
0.212127
0.170199
0.161519
0.162076
0.165462
0.170123
0.17385
0.176689
0.179245
0.181825
0.184512
0.187288
0.190112
0.192957
0.195773
0.198702
0.20242
0.208646
0.217911
0.222085
0.22071
0.210407
0.180373
0.164346
0.16385
0.165018
0.168039
0.170811
0.172438
0.173548
0.174729
0.17623
0.178039
0.179973
0.181793
0.183334
0.184649
0.186088
0.188447
0.193204
0.198799
0.199789
0.198435
0.189826
0.170278
0.161577
0.161254
0.161888
0.163987
0.166335
0.167766
0.168541
0.169207
0.170097
0.17134
0.172801
0.174129
0.175052
0.175688
0.176394
0.177819
0.181087
0.184961
0.185628
0.184738
0.179593
0.16637
0.158016
0.157342
0.157546
0.158914
0.161103
0.162731
0.163487
0.163922
0.164445
0.165291
0.1665
0.167803
0.168802
0.169434
0.16998
0.170941
0.173213
0.176169
0.176941
0.176322
0.173073
0.163177
0.153588
0.151893
0.151737
0.152358
0.153957
0.155583
0.156291
0.156444
0.15651
0.156725
0.15727
0.15819
0.159224
0.159971
0.160395
0.160779
0.161589
0.163405
0.165186
0.165275
0.164496
0.160969
0.152325
0.145698
0.14466
0.144516
0.145207
0.146817
0.148122
0.148424
0.148302
0.1481
0.147991
0.148079
0.14841
0.148981
0.149594
0.15007
0.150472
0.151101
0.152532
0.154718
0.155527
0.155534
0.154441
0.148949
0.142506
0.141496
0.142142
0.143712
0.146385
0.149325
0.151227
0.152282
0.153255
0.154431
0.155884
0.157786
0.160258
0.163166
0.16626
0.169414
0.172851
0.177256
0.183017
0.188289
0.191025
0.190349
0.185152
0.181727
0.183626
0.187759
0.194529
0.201299
0.205218
0.207851
0.210459
0.213447
0.217035
0.221265
0.226051
0.231546
0.238453
0.247478
0.257651
0.264956
0.270224
0.270562
0.272747
0.287114
0.311121
0.346811
0.389637
0.43218
0.474667
0.519944
0.57314
0.638394
0.694209
0.728254
0.74113
0.756823
0.782613
0.807324
0.831112
0.854119
0.878928
0.905363
0.932105
0.969307
1.0091
1.06909
1.15863
1.27701
1.42873
1.57778
1.6351
1.64195
1.60845
1.59318
1.60349
1.63624
1.67127
1.67868
1.67452
1.65613
1.64636
1.64868
1.65929
1.67352
1.6775
1.67669
1.67095
1.66562
1.6657
1.66777
1.67135
1.67259
1.67252
1.67136
1.671
1.67161
1.67347
1.67512
1.67536
1.67485
1.67323
1.672
1.67206
1.67256
1.67355
1.67434
1.67475
1.67511
1.67561
1.67654
1.67791
1.67903
1.67935
1.67929
1.67853
1.6771
1.67607
1.67595
1.67608
1.67637
1.6768
1.67724
1.67756
1.67769
1.67772
1.67767
1.67758
1.67724
34.2119
1.11607
0.157869
0.150213
0.147932
0.153854
0.164805
0.182127
0.202003
0.224736
0.248726
0.264874
0.268003
0.267866
0.266705
0.264562
0.258848
0.235916
0.180467
0.157068
0.156765
0.160263
0.166411
0.172596
0.178081
0.183093
0.187889
0.192638
0.197523
0.202797
0.208699
0.21549
0.223859
0.234295
0.241827
0.241962
0.237748
0.21257
0.170268
0.161139
0.161766
0.165221
0.169969
0.173745
0.176587
0.179129
0.181715
0.18443
0.187262
0.190158
0.19304
0.195827
0.198665
0.202259
0.208392
0.217681
0.221994
0.220711
0.210525
0.180465
0.164222
0.163587
0.164713
0.167658
0.17039
0.172015
0.173138
0.174337
0.17586
0.177698
0.179669
0.181529
0.183108
0.184466
0.185945
0.18834
0.193126
0.198751
0.19975
0.198389
0.189802
0.170188
0.161385
0.161053
0.161658
0.163712
0.166021
0.167437
0.168214
0.1689
0.169835
0.171159
0.172734
0.174181
0.175218
0.175937
0.176701
0.178195
0.181568
0.185413
0.185996
0.185048
0.179582
0.165948
0.157833
0.157213
0.157427
0.158802
0.160924
0.162456
0.163156
0.163566
0.164071
0.164901
0.166106
0.167437
0.168498
0.16921
0.169842
0.1709
0.173291
0.176405
0.177275
0.176715
0.173533
0.163609
0.153977
0.152326
0.152187
0.152834
0.15445
0.156021
0.156651
0.156762
0.156806
0.157002
0.157533
0.158436
0.159421
0.160092
0.16045
0.160789
0.161576
0.163408
0.165222
0.165313
0.164535
0.160996
0.152336
0.14575
0.144724
0.14457
0.145234
0.146818
0.148136
0.148449
0.148344
0.148179
0.148108
0.14823
0.148627
0.149265
0.149907
0.150379
0.150771
0.151386
0.152759
0.154864
0.155653
0.155553
0.154223
0.148466
0.141949
0.140973
0.141516
0.142961
0.145415
0.147991
0.149656
0.150568
0.151447
0.152524
0.153912
0.155777
0.158191
0.161076
0.164175
0.167346
0.170815
0.175183
0.180906
0.186886
0.190022
0.190402
0.186145
0.182557
0.1844
0.188675
0.195599
0.202535
0.206505
0.209194
0.211611
0.214442
0.217902
0.222246
0.22743
0.233451
0.240675
0.249806
0.25989
0.26691
0.272002
0.272146
0.27358
0.286423
0.307939
0.339546
0.376179
0.411433
0.446948
0.485445
0.531694
0.592146
0.659109
0.706107
0.740804
0.768551
0.816023
0.865353
0.906685
0.93826
0.96253
0.972795
0.976497
0.991168
1.01715
1.07325
1.16225
1.28366
1.43792
1.57905
1.62997
1.63322
1.6016
1.59375
1.60702
1.64266
1.67351
1.67842
1.67224
1.65307
1.64611
1.64937
1.6614
1.67524
1.6783
1.67708
1.67078
1.66589
1.66616
1.66841
1.67162
1.67246
1.67217
1.67094
1.67085
1.67171
1.67401
1.67589
1.67614
1.67557
1.6736
1.67186
1.67171
1.67203
1.6727
1.67333
1.67384
1.67439
1.67517
1.67643
1.67813
1.6794
1.67974
1.67974
1.67906
1.67761
1.67621
1.67577
1.67584
1.67602
1.67633
1.67673
1.67716
1.67753
1.67768
1.67771
1.67771
1.67742
34.1657
1.1819
0.15834
0.150516
0.148385
0.154212
0.165039
0.182331
0.202389
0.22548
0.249776
0.265979
0.268922
0.268783
0.26747
0.265218
0.259141
0.234513
0.177757
0.156257
0.156327
0.16019
0.166453
0.172556
0.177922
0.182847
0.187588
0.192324
0.197246
0.202595
0.208566
0.215348
0.22359
0.233882
0.241514
0.241735
0.237673
0.213203
0.170591
0.160918
0.161588
0.165068
0.16987
0.173653
0.176442
0.178913
0.181464
0.184212
0.187112
0.19007
0.192948
0.195662
0.198368
0.201802
0.207793
0.217019
0.221353
0.220234
0.210268
0.180504
0.164064
0.163298
0.16435
0.167213
0.16994
0.171596
0.172751
0.173978
0.175533
0.177404
0.179423
0.18135
0.182999
0.1844
0.1859
0.188298
0.193085
0.19871
0.199697
0.198317
0.189749
0.170102
0.161217
0.160876
0.161444
0.16345
0.165726
0.167137
0.167928
0.168642
0.169615
0.170984
0.172623
0.174179
0.175365
0.176222
0.177109
0.178751
0.182285
0.18607
0.186545
0.185508
0.179587
0.165474
0.157645
0.157076
0.157293
0.158672
0.160738
0.162192
0.162851
0.163243
0.163731
0.164544
0.165731
0.167053
0.168137
0.168906
0.169621
0.17079
0.173315
0.176589
0.177546
0.177028
0.173885
0.163901
0.154251
0.152651
0.152528
0.153196
0.15484
0.156417
0.157043
0.157151
0.157191
0.157376
0.157886
0.158758
0.159692
0.160294
0.160584
0.16087
0.161626
0.163471
0.165323
0.165411
0.164637
0.161111
0.152456
0.145881
0.144861
0.144692
0.145331
0.146874
0.148181
0.148507
0.148422
0.148282
0.148232
0.148382
0.148836
0.14953
0.150185
0.150632
0.151
0.151604
0.152968
0.154972
0.155743
0.155574
0.15401
0.148019
0.141394
0.140403
0.140839
0.14215
0.144405
0.14668
0.148182
0.149036
0.149875
0.150902
0.152275
0.154133
0.156518
0.15933
0.162377
0.165566
0.169067
0.173401
0.1791
0.18549
0.189002
0.190254
0.186765
0.18304
0.184828
0.1893
0.196362
0.203443
0.207568
0.210421
0.2129
0.215904
0.219631
0.224501
0.230412
0.236897
0.24434
0.253585
0.263693
0.270428
0.274981
0.274432
0.274935
0.285933
0.304476
0.331069
0.360411
0.387341
0.414419
0.443901
0.479738
0.528435
0.591917
0.654212
0.709754
0.760899
0.828642
0.907521
0.978726
1.02672
1.05649
1.06316
1.05695
1.05153
1.05684
1.099
1.17924
1.29811
1.44902
1.5762
1.6223
1.62256
1.5965
1.59626
1.61325
1.65043
1.67442
1.67711
1.66775
1.64909
1.64571
1.65047
1.66449
1.67741
1.67939
1.67743
1.6703
1.66615
1.66667
1.66921
1.67194
1.67242
1.67179
1.6704
1.67047
1.67159
1.6743
1.67642
1.67671
1.67619
1.67414
1.67193
1.67139
1.67156
1.67191
1.67235
1.67288
1.67362
1.67472
1.67638
1.67842
1.67974
1.68006
1.68005
1.67944
1.67806
1.67647
1.67564
1.67556
1.67565
1.67585
1.6762
1.6767
1.67726
1.67764
1.67776
1.67784
1.67762
34.2414
1.10516
0.159222
0.151113
0.148674
0.154286
0.165061
0.182536
0.202982
0.226515
0.251123
0.267314
0.270101
0.269871
0.268435
0.266067
0.259704
0.233275
0.175387
0.155798
0.156205
0.16032
0.166666
0.172711
0.178004
0.182875
0.187602
0.192372
0.197373
0.202826
0.208871
0.215646
0.223773
0.233881
0.241406
0.241599
0.237633
0.21393
0.171144
0.160893
0.161565
0.165008
0.169796
0.173543
0.176246
0.178608
0.181081
0.183813
0.186766
0.189799
0.192707
0.195379
0.197973
0.201254
0.207058
0.216044
0.220237
0.21921
0.209611
0.180499
0.163848
0.162989
0.163968
0.166777
0.169551
0.171284
0.172497
0.173749
0.175322
0.17723
0.179306
0.181298
0.18301
0.184465
0.186002
0.188412
0.193188
0.198789
0.199745
0.198336
0.189753
0.170068
0.161127
0.160788
0.161336
0.163324
0.165599
0.167032
0.167852
0.168588
0.169589
0.17099
0.172668
0.17429
0.175564
0.176519
0.177529
0.179347
0.183054
0.186778
0.187137
0.185977
0.179529
0.164901
0.157411
0.156899
0.157129
0.158521
0.16054
0.161933
0.162569
0.162961
0.163458
0.164278
0.165461
0.166766
0.167839
0.168618
0.169375
0.170634
0.173303
0.176696
0.177666
0.17716
0.174004
0.163964
0.154347
0.152791
0.152669
0.153342
0.154997
0.156581
0.157238
0.157398
0.157499
0.15774
0.158279
0.159139
0.160019
0.160547
0.160782
0.16103
0.161773
0.163659
0.165586
0.165702
0.164942
0.161443
0.15276
0.146131
0.145108
0.144928
0.145541
0.147045
0.14834
0.148678
0.148606
0.148473
0.148428
0.148596
0.149101
0.149848
0.150507
0.150915
0.151235
0.151802
0.153164
0.155102
0.155838
0.155583
0.153803
0.147584
0.140815
0.139773
0.140109
0.141273
0.143376
0.145501
0.146913
0.147786
0.148624
0.149654
0.151036
0.152897
0.155293
0.158124
0.161156
0.164299
0.167797
0.172133
0.177843
0.184411
0.188232
0.190014
0.18697
0.183207
0.184943
0.189502
0.196563
0.203732
0.208204
0.211419
0.21442
0.217944
0.222258
0.227922
0.234429
0.241302
0.249063
0.258637
0.268963
0.275309
0.278972
0.277185
0.276208
0.28512
0.300615
0.322281
0.344602
0.363768
0.3828
0.403548
0.429231
0.464833
0.515474
0.581509
0.651783
0.729756
0.823004
0.931005
1.03667
1.11178
1.15949
1.17602
1.16891
1.15314
1.14141
1.16523
1.22492
1.32802
1.46496
1.57295
1.61374
1.61221
1.59459
1.60029
1.62135
1.6575
1.67374
1.67434
1.66164
1.64543
1.64532
1.65218
1.6682
1.67943
1.68052
1.67751
1.66975
1.66656
1.66734
1.6701
1.67219
1.6724
1.67127
1.66982
1.67002
1.67145
1.67458
1.67684
1.67711
1.67659
1.67459
1.67217
1.67114
1.6711
1.67122
1.67148
1.67197
1.67282
1.67422
1.67636
1.67878
1.68008
1.68034
1.6803
1.67969
1.67838
1.67674
1.67556
1.67522
1.67522
1.67537
1.67569
1.67625
1.67696
1.67755
1.67782
1.67795
1.67781
34.1588
1.18421
0.159754
0.151731
0.148984
0.154608
0.165567
0.183297
0.20411
0.227989
0.252842
0.269105
0.271853
0.271379
0.269733
0.267157
0.260404
0.232168
0.17354
0.155643
0.156278
0.160622
0.167031
0.173034
0.178281
0.183129
0.18787
0.192696
0.197789
0.203335
0.209434
0.216202
0.224253
0.234241
0.24162
0.241715
0.237772
0.214697
0.171835
0.161044
0.16169
0.165048
0.169769
0.17344
0.176021
0.178242
0.180597
0.183257
0.186191
0.189265
0.192265
0.194971
0.197502
0.200573
0.206036
0.214589
0.218561
0.217623
0.208542
0.180412
0.163616
0.162729
0.163623
0.166401
0.169243
0.171064
0.17235
0.17366
0.175262
0.177191
0.179302
0.181356
0.183133
0.184637
0.186198
0.188605
0.19336
0.198918
0.199833
0.1984
0.189794
0.170086
0.161124
0.160767
0.161287
0.16324
0.16549
0.16691
0.167727
0.168472
0.169486
0.170914
0.172642
0.174319
0.175653
0.176689
0.177798
0.17976
0.183602
0.187303
0.187593
0.186326
0.179362
0.164246
0.157105
0.156635
0.156886
0.158295
0.160293
0.161659
0.162296
0.162708
0.163236
0.164086
0.165289
0.166597
0.16766
0.16843
0.16919
0.170469
0.173188
0.176615
0.177574
0.177076
0.173905
0.163831
0.154265
0.152749
0.152623
0.153292
0.154938
0.156516
0.157211
0.157431
0.157596
0.157918
0.158546
0.159457
0.16034
0.160861
0.161103
0.161373
0.162155
0.164108
0.16612
0.166257
0.165502
0.162006
0.153238
0.146524
0.145494
0.145307
0.145902
0.147375
0.148639
0.148968
0.148899
0.148773
0.148735
0.148913
0.149445
0.150225
0.150886
0.151263
0.151536
0.152047
0.153342
0.155166
0.15584
0.155508
0.153548
0.147154
0.140249
0.139128
0.139374
0.140414
0.142477
0.144581
0.145961
0.146854
0.147691
0.148709
0.15009
0.151963
0.154391
0.157315
0.160478
0.163694
0.167185
0.171472
0.177162
0.183798
0.187777
0.189775
0.186808
0.182895
0.184489
0.189037
0.195965
0.203312
0.208533
0.212344
0.216093
0.220235
0.225301
0.231627
0.238671
0.245993
0.254218
0.264279
0.274872
0.280753
0.283174
0.279518
0.276993
0.284056
0.296784
0.314413
0.331051
0.344001
0.356744
0.370982
0.38938
0.415514
0.454452
0.512747
0.591496
0.686853
0.806657
0.94335
1.08212
1.19172
1.2673
1.30158
1.30036
1.2824
1.25987
1.26789
1.30372
1.38048
1.49025
1.57345
1.60642
1.60464
1.59633
1.60509
1.62949
1.66155
1.67171
1.67016
1.65506
1.64329
1.6451
1.65465
1.67191
1.68076
1.68125
1.67714
1.66941
1.66733
1.66834
1.67104
1.67235
1.67223
1.67051
1.66922
1.66959
1.67147
1.67496
1.67705
1.67722
1.67663
1.67472
1.67249
1.67119
1.67072
1.67066
1.67079
1.67118
1.67206
1.67372
1.67636
1.67916
1.68044
1.68065
1.68057
1.67991
1.67858
1.67689
1.67548
1.67488
1.67481
1.67493
1.67524
1.67583
1.67666
1.67745
1.67787
1.67805
1.67798
34.2733
1.07158
0.160199
0.15252
0.149916
0.15562
0.166674
0.184588
0.205586
0.229639
0.254568
0.270796
0.273658
0.272848
0.270996
0.268272
0.261223
0.231476
0.172419
0.155767
0.156513
0.161027
0.167488
0.173479
0.178717
0.183571
0.188337
0.19321
0.198368
0.203979
0.210113
0.216901
0.224974
0.234927
0.242133
0.242085
0.238118
0.215514
0.172608
0.161343
0.161927
0.165169
0.169806
0.173382
0.175824
0.177884
0.18008
0.182626
0.185511
0.188591
0.191624
0.194379
0.196869
0.19974
0.204803
0.21282
0.216584
0.215722
0.20724
0.180278
0.163406
0.162502
0.163355
0.166118
0.169033
0.17096
0.172329
0.173682
0.175304
0.177245
0.179379
0.181476
0.183319
0.18489
0.186494
0.188907
0.193638
0.199121
0.199976
0.1985
0.189833
0.170086
0.161139
0.160783
0.161293
0.163232
0.165477
0.1669
0.167726
0.168493
0.169543
0.171011
0.172766
0.174448
0.175771
0.176792
0.177899
0.17991
0.183839
0.187554
0.187798
0.186459
0.179044
0.163561
0.156749
0.156309
0.156588
0.158026
0.160028
0.161387
0.162041
0.162491
0.163069
0.163966
0.165206
0.166531
0.167595
0.168359
0.169109
0.170374
0.173061
0.176435
0.177341
0.176836
0.173652
0.163541
0.154063
0.152583
0.152451
0.153112
0.154744
0.156327
0.157065
0.157325
0.157532
0.157912
0.158612
0.1596
0.160546
0.161111
0.161398
0.16173
0.162607
0.164702
0.166854
0.167058
0.166327
0.162821
0.153906
0.14707
0.146028
0.145839
0.14643
0.147878
0.149085
0.149382
0.149298
0.149164
0.149131
0.149322
0.149864
0.150637
0.151252
0.151563
0.151771
0.152212
0.153444
0.155179
0.155782
0.155373
0.153266
0.146744
0.139789
0.138613
0.138789
0.139751
0.141788
0.14387
0.145206
0.14609
0.146931
0.14796
0.14935
0.151275
0.153841
0.156948
0.160273
0.163603
0.167152
0.171441
0.177063
0.183639
0.187639
0.18957
0.186271
0.182089
0.183468
0.187941
0.194847
0.202673
0.208887
0.213324
0.217607
0.222231
0.227888
0.234842
0.242485
0.250354
0.259138
0.26968
0.280298
0.285698
0.286717
0.28106
0.277411
0.282988
0.293411
0.307901
0.32063
0.329871
0.338805
0.349124
0.363148
0.38368
0.415534
0.466827
0.545652
0.651349
0.787107
0.946254
1.11215
1.25267
1.3576
1.41353
1.42081
1.40499
1.37479
1.37209
1.39071
1.44315
1.5235
1.58025
1.60362
1.60195
1.60025
1.61022
1.63524
1.66197
1.66835
1.66475
1.64939
1.64254
1.6458
1.6578
1.67495
1.68136
1.68129
1.67628
1.6694
1.66847
1.66972
1.67199
1.67254
1.67186
1.6695
1.6686
1.66921
1.67161
1.67535
1.67705
1.67714
1.67644
1.67457
1.67265
1.67148
1.67073
1.67027
1.67026
1.67052
1.67137
1.67324
1.67635
1.67952
1.68084
1.68102
1.68089
1.68014
1.67869
1.67687
1.67531
1.67457
1.67446
1.67458
1.67487
1.67546
1.67638
1.67733
1.67789
1.67813
1.67812
34.1887
1.16074
0.160454
0.153538
0.151157
0.157007
0.167996
0.185878
0.206784
0.230768
0.255839
0.271967
0.274911
0.273807
0.271786
0.269131
0.262206
0.23159
0.172031
0.15608
0.156888
0.161491
0.167952
0.173915
0.179141
0.183997
0.188779
0.193686
0.198899
0.204577
0.210781
0.217637
0.225785
0.235736
0.242759
0.242586
0.238595
0.216312
0.173354
0.161708
0.162281
0.165406
0.16992
0.173368
0.175672
0.177584
0.179634
0.182055
0.184858
0.187909
0.190965
0.193742
0.196185
0.198859
0.203538
0.211099
0.214763
0.213995
0.206082
0.180149
0.163208
0.162305
0.163143
0.165903
0.168889
0.170927
0.17238
0.173778
0.175418
0.177368
0.179524
0.181669
0.18358
0.185211
0.186847
0.189251
0.193947
0.199347
0.200135
0.19861
0.189879
0.17011
0.161205
0.160856
0.161369
0.163314
0.165563
0.16699
0.167828
0.168624
0.169715
0.171202
0.172932
0.174541
0.175774
0.176718
0.177785
0.179808
0.183812
0.187541
0.187757
0.18634
0.178587
0.162918
0.156397
0.156002
0.156318
0.15781
0.15984
0.161205
0.161875
0.162356
0.162976
0.16392
0.165192
0.16653
0.167583
0.168314
0.169021
0.17024
0.172885
0.17619
0.177036
0.176519
0.173276
0.163112
0.15376
0.152321
0.152179
0.152832
0.154455
0.15605
0.15682
0.157118
0.157365
0.157794
0.158565
0.159651
0.160695
0.161359
0.161737
0.162159
0.163124
0.165318
0.167582
0.167847
0.167163
0.163675
0.154638
0.147688
0.14664
0.146457
0.147061
0.1485
0.149653
0.149925
0.149828
0.149682
0.149635
0.149801
0.150303
0.151017
0.151539
0.15175
0.151878
0.152262
0.153452
0.155118
0.155631
0.155158
0.152943
0.146408
0.139497
0.138303
0.138437
0.139353
0.141332
0.143338
0.144619
0.145478
0.146314
0.147358
0.148808
0.150853
0.153605
0.156902
0.160396
0.163873
0.167526
0.171866
0.177409
0.183707
0.187484
0.189139
0.185409
0.180924
0.182239
0.18682
0.193955
0.202235
0.209083
0.214067
0.218691
0.223676
0.229801
0.237303
0.245528
0.253936
0.263169
0.273982
0.284175
0.289331
0.289161
0.28178
0.277347
0.281892
0.290809
0.303418
0.314175
0.321607
0.328603
0.336958
0.3488
0.366832
0.395521
0.443205
0.520421
0.631153
0.774887
0.948142
1.1312
1.28936
1.41074
1.48129
1.49544
1.48292
1.45118
1.44534
1.45811
1.49831
1.55719
1.59195
1.60533
1.60248
1.60409
1.61441
1.63816
1.65981
1.66403
1.65877
1.64543
1.64276
1.64747
1.66137
1.6771
1.68125
1.68062
1.67502
1.66966
1.6697
1.67128
1.67283
1.6729
1.67125
1.66841
1.66799
1.66893
1.67195
1.67577
1.677
1.67698
1.67608
1.67422
1.67263
1.67173
1.67096
1.67016
1.66987
1.67004
1.67082
1.67282
1.67633
1.67985
1.68121
1.68138
1.68121
1.68035
1.67873
1.67676
1.6751
1.6743
1.6742
1.67431
1.67458
1.67518
1.67615
1.67725
1.67793
1.67822
1.67824
34.3458
1.00379
0.160672
0.154344
0.152144
0.157928
0.16871
0.186451
0.207357
0.231413
0.256572
0.272604
0.275582
0.27417
0.27192
0.269366
0.262999
0.232331
0.172189
0.156428
0.157217
0.161849
0.168289
0.174215
0.179429
0.184289
0.189084
0.194016
0.19928
0.205033
0.211329
0.218284
0.226492
0.236419
0.243326
0.243028
0.239005
0.216908
0.173928
0.162083
0.162614
0.165644
0.170047
0.173387
0.175579
0.177381
0.179329
0.181651
0.184378
0.1874
0.190452
0.193214
0.195615
0.198179
0.202646
0.209962
0.213578
0.212833
0.20532
0.180081
0.163052
0.162144
0.162971
0.165722
0.168754
0.17086
0.172381
0.173848
0.175537
0.177526
0.17972
0.18191
0.183867
0.185533
0.187182
0.189558
0.194201
0.199522
0.200257
0.198694
0.189908
0.170139
0.161288
0.160945
0.161475
0.163446
0.165718
0.167158
0.168006
0.168811
0.169908
0.171394
0.173085
0.174614
0.175735
0.176564
0.177557
0.179596
0.18367
0.187403
0.187608
0.186133
0.178193
0.162493
0.156174
0.155813
0.156155
0.157676
0.159714
0.161081
0.161762
0.162267
0.162923
0.163903
0.165199
0.166541
0.167585
0.168299
0.168983
0.170176
0.172799
0.17604
0.17682
0.176278
0.17295
0.16273
0.153498
0.152093
0.151944
0.152588
0.154198
0.15579
0.156583
0.156915
0.157204
0.157692
0.158552
0.159737
0.160867
0.161605
0.162047
0.162526
0.163536
0.165762
0.168068
0.168359
0.16769
0.164214
0.155112
0.148091
0.147063
0.14691
0.14755
0.149007
0.150135
0.150406
0.150313
0.150164
0.15011
0.150265
0.150752
0.151436
0.151869
0.151958
0.151954
0.152209
0.153301
0.154913
0.155397
0.154889
0.152654
0.146212
0.139366
0.138162
0.138281
0.139177
0.141108
0.14304
0.144264
0.145084
0.1459
0.146947
0.148448
0.150604
0.153494
0.156936
0.160582
0.1642
0.167985
0.172464
0.178026
0.184053
0.187634
0.188737
0.184434
0.179808
0.181339
0.186126
0.193467
0.201843
0.208885
0.214288
0.219332
0.224773
0.231292
0.239117
0.247633
0.256274
0.265658
0.276508
0.286304
0.291288
0.290425
0.281963
0.276954
0.280963
0.289129
0.300873
0.31092
0.317905
0.324365
0.332201
0.343351
0.360475
0.387909
0.434109
0.510035
0.62237
0.770709
0.950661
1.14132
1.30428
1.42719
1.50774
1.52606
1.51616
1.48642
1.48163
1.49454
1.53172
1.58
1.60328
1.61072
1.607
1.60842
1.61798
1.63984
1.65649
1.65931
1.65343
1.64319
1.6434
1.64966
1.66467
1.67824
1.68077
1.6795
1.67374
1.67016
1.67079
1.67264
1.67361
1.67323
1.67055
1.66752
1.66744
1.66876
1.67235
1.67607
1.67693
1.67679
1.67568
1.6739
1.67267
1.672
1.67126
1.6702
1.66958
1.66968
1.67039
1.67251
1.67635
1.68014
1.68153
1.68168
1.68147
1.68049
1.67872
1.67664
1.67493
1.67412
1.67401
1.67413
1.67439
1.67498
1.676
1.6772
1.67795
1.67828
1.67832
34.2529
1.08163
0.160146
0.154619
0.152486
0.158378
0.169202
0.186917
0.207714
0.231806
0.257075
0.273119
0.276168
0.274718
0.272369
0.269831
0.26362
0.232809
0.172373
0.156709
0.15747
0.16207
0.168473
0.174381
0.179591
0.184452
0.18925
0.194189
0.199472
0.205256
0.211609
0.218654
0.226934
0.236852
0.243737
0.243408
0.239359
0.217278
0.174262
0.162331
0.162844
0.165825
0.170172
0.173443
0.175556
0.177267
0.179109
0.181324
0.183952
0.186883
0.189875
0.192617
0.195007
0.197538
0.201945
0.209238
0.212906
0.212184
0.204794
0.179951
0.162906
0.161979
0.162825
0.165585
0.168665
0.170834
0.17242
0.173949
0.175695
0.177726
0.179946
0.182148
0.184111
0.185784
0.187427
0.189771
0.194366
0.199644
0.200362
0.198788
0.189971
0.170201
0.161385
0.161043
0.16159
0.163582
0.165869
0.167299
0.168114
0.168876
0.169926
0.171371
0.173036
0.174541
0.175622
0.176417
0.177398
0.179442
0.183534
0.187269
0.187475
0.186006
0.177999
0.162286
0.156051
0.155706
0.156056
0.157588
0.159629
0.161002
0.161701
0.162229
0.162911
0.163917
0.165229
0.166572
0.167605
0.1683
0.168957
0.170116
0.172695
0.17587
0.176605
0.176061
0.172712
0.162455
0.153282
0.151902
0.151758
0.152405
0.154017
0.155606
0.156398
0.156741
0.157053
0.157584
0.158508
0.159779
0.161003
0.161819
0.162324
0.162855
0.163901
0.166152
0.168496
0.168826
0.168139
0.164641
0.15548
0.148418
0.147394
0.147241
0.147891
0.149342
0.150451
0.150721
0.150633
0.150482
0.15042
0.15057
0.151046
0.151696
0.152048
0.152056
0.151983
0.152151
0.153128
0.154688
0.155159
0.15467
0.152488
0.146137
0.139313
0.138077
0.138179
0.139052
0.140952
0.142857
0.144066
0.144883
0.145705
0.146775
0.148329
0.150572
0.15357
0.15716
0.160921
0.164584
0.168376
0.172876
0.178461
0.184207
0.187702
0.1883
0.183557
0.179043
0.180856
0.185816
0.193235
0.201623
0.208766
0.214423
0.219785
0.2256
0.23246
0.24047
0.24899
0.257478
0.266697
0.277518
0.287041
0.291905
0.290497
0.28136
0.276282
0.280224
0.288364
0.300181
0.31032
0.317268
0.323564
0.331211
0.342075
0.358721
0.385917
0.431726
0.507472
0.620958
0.771393
0.953417
1.14402
1.30516
1.42763
1.5118
1.53433
1.52834
1.50135
1.49689
1.50926
1.54592
1.59112
1.61045
1.61561
1.61082
1.61175
1.62049
1.63986
1.65315
1.65563
1.65059
1.64268
1.64432
1.65134
1.66639
1.67838
1.68027
1.67873
1.67321
1.67085
1.67161
1.67331
1.67394
1.67323
1.66994
1.66704
1.66716
1.66873
1.67264
1.6762
1.67684
1.67663
1.67548
1.67384
1.67281
1.67218
1.67137
1.67015
1.66933
1.66945
1.67021
1.67243
1.67648
1.68043
1.68176
1.68186
1.6816
1.68054
1.67867
1.67652
1.67481
1.674
1.67388
1.674
1.67426
1.67489
1.67593
1.67717
1.67799
1.67838
1.67843
)
;

boundaryField
{
    sides
    {
        type            calculated;
        value           nonuniform List<scalar> 
600
(
34.0839
1.24266
0.167446
0.156736
0.152438
0.155639
0.163957
0.179693
0.198593
0.220433
0.244576
0.265433
0.273094
0.272874
0.271315
0.268822
0.263831
0.244071
0.188563
0.159215
0.158976
0.162476
0.168798
0.174975
0.180221
0.1849
0.189395
0.193941
0.198712
0.203849
0.209431
0.215607
0.223012
0.232608
0.241037
0.242531
0.240448
0.223534
0.18105
0.164185
0.164114
0.16681
0.171512
0.175584
0.178542
0.181028
0.183477
0.18604
0.18871
0.191426
0.194097
0.19665
0.199203
0.202395
0.207817
0.214894
0.217041
0.215662
0.206372
0.180421
0.165654
0.16486
0.165613
0.168373
0.171564
0.173805
0.175343
0.176748
0.178326
0.180141
0.18208
0.183925
0.185508
0.18691
0.18856
0.191373
0.196635
0.201845
0.202371
0.200548
0.190391
0.170111
0.16255
0.162364
0.16314
0.165372
0.167766
0.169162
0.16988
0.170504
0.171361
0.17257
0.174037
0.175483
0.176641
0.177541
0.178514
0.180195
0.183576
0.187225
0.187778
0.18693
0.181893
0.168356
0.159004
0.158063
0.158073
0.159137
0.161148
0.162831
0.163584
0.163876
0.164127
0.164574
0.165333
0.1663
0.167177
0.167819
0.168403
0.169359
0.171389
0.173848
0.174458
0.174013
0.171084
0.162027
0.15295
0.151249
0.151106
0.151806
0.153652
0.155758
0.156932
0.157329
0.157507
0.157728
0.158156
0.158856
0.159648
0.160213
0.160496
0.160716
0.161242
0.162465
0.163613
0.16339
0.162296
0.158351
0.14963
0.143346
0.142283
0.142064
0.142725
0.144292
0.145677
0.146101
0.146034
0.145768
0.145535
0.145481
0.14567
0.146127
0.146731
0.147317
0.147895
0.148709
0.150162
0.152107
0.153602
0.15435
0.153913
0.14987
0.144385
0.143212
0.144415
0.146646
0.150086
0.154093
0.157595
0.16008
0.16202
0.163932
0.166079
0.168675
0.171762
0.175083
0.178256
0.181258
0.184667
0.188821
0.192153
0.193625
0.192584
0.185823
0.178537
0.177798
0.179715
0.18381
0.189908
0.195827
0.19979
0.20312
0.206874
0.211398
0.217291
0.224604
0.232881
0.241946
0.252542
0.265076
0.276454
0.283347
0.284139
0.279409
0.280985
0.289278
0.30249
0.31665
0.325858
0.331269
0.335945
0.341103
0.348655
0.36064
0.377401
0.396459
0.41446
0.43888
0.471664
0.536935
0.651428
0.828893
1.04797
1.26635
1.45175
1.52512
1.53507
1.50732
1.50296
1.51942
1.56118
1.59968
1.60976
1.60814
1.5959
1.59489
1.60367
1.62636
1.65293
1.66097
1.66035
1.65193
1.64884
1.65214
1.66168
1.6703
1.67166
1.66905
1.66194
1.65955
1.661
1.66572
1.67091
1.67214
1.67174
1.66945
1.66843
1.66914
1.6714
1.6746
1.67604
1.67627
1.6758
1.67494
1.67484
1.67514
1.67549
1.6757
1.67571
1.67552
1.6755
1.67576
1.67613
1.67641
1.67654
1.67645
1.67629
1.67643
1.67675
1.67742
1.67824
1.6787
1.67886
1.67885
1.6786
1.67817
1.6777
1.67721
1.67672
1.67631
34.2529
1.08163
0.160146
0.154619
0.152486
0.158378
0.169202
0.186917
0.207714
0.231806
0.257075
0.273119
0.276168
0.274718
0.272369
0.269831
0.26362
0.232809
0.172373
0.156709
0.15747
0.16207
0.168473
0.174381
0.179591
0.184452
0.18925
0.194189
0.199472
0.205256
0.211609
0.218654
0.226934
0.236852
0.243737
0.243408
0.239359
0.217278
0.174262
0.162331
0.162844
0.165825
0.170172
0.173443
0.175556
0.177267
0.179109
0.181324
0.183952
0.186883
0.189875
0.192617
0.195007
0.197538
0.201945
0.209238
0.212906
0.212184
0.204794
0.179951
0.162906
0.161979
0.162825
0.165585
0.168665
0.170834
0.17242
0.173949
0.175695
0.177726
0.179946
0.182148
0.184111
0.185784
0.187427
0.189771
0.194366
0.199644
0.200362
0.198788
0.189971
0.170201
0.161385
0.161043
0.16159
0.163582
0.165869
0.167299
0.168114
0.168876
0.169926
0.171371
0.173036
0.174541
0.175622
0.176417
0.177398
0.179442
0.183534
0.187269
0.187475
0.186006
0.177999
0.162286
0.156051
0.155706
0.156056
0.157588
0.159629
0.161002
0.161701
0.162229
0.162911
0.163917
0.165229
0.166572
0.167605
0.1683
0.168957
0.170116
0.172695
0.17587
0.176605
0.176061
0.172712
0.162455
0.153282
0.151902
0.151758
0.152405
0.154017
0.155606
0.156398
0.156741
0.157053
0.157584
0.158508
0.159779
0.161003
0.161819
0.162324
0.162855
0.163901
0.166152
0.168496
0.168826
0.168139
0.164641
0.15548
0.148418
0.147394
0.147241
0.147891
0.149342
0.150451
0.150721
0.150633
0.150482
0.15042
0.15057
0.151046
0.151696
0.152048
0.152056
0.151983
0.152151
0.153128
0.154688
0.155159
0.15467
0.152488
0.146137
0.139313
0.138077
0.138179
0.139052
0.140952
0.142857
0.144066
0.144883
0.145705
0.146775
0.148329
0.150572
0.15357
0.15716
0.160921
0.164584
0.168376
0.172876
0.178461
0.184207
0.187702
0.1883
0.183557
0.179043
0.180856
0.185816
0.193235
0.201623
0.208766
0.214423
0.219785
0.2256
0.23246
0.24047
0.24899
0.257478
0.266697
0.277518
0.287041
0.291905
0.290497
0.28136
0.276282
0.280224
0.288364
0.300181
0.31032
0.317268
0.323564
0.331211
0.342075
0.358721
0.385917
0.431726
0.507472
0.620958
0.771393
0.953417
1.14402
1.30516
1.42763
1.5118
1.53433
1.52834
1.50135
1.49689
1.50926
1.54592
1.59112
1.61045
1.61561
1.61082
1.61175
1.62049
1.63986
1.65315
1.65563
1.65059
1.64268
1.64432
1.65134
1.66639
1.67838
1.68027
1.67873
1.67321
1.67085
1.67161
1.67331
1.67394
1.67323
1.66994
1.66704
1.66716
1.66873
1.67264
1.6762
1.67684
1.67663
1.67548
1.67384
1.67281
1.67218
1.67137
1.67015
1.66933
1.66945
1.67021
1.67243
1.67648
1.68043
1.68176
1.68186
1.6816
1.68054
1.67867
1.67652
1.67481
1.674
1.67388
1.674
1.67426
1.67489
1.67593
1.67717
1.67799
1.67838
1.67843
)
;
    }
    inlet
    {
        type            calculated;
        value           nonuniform List<scalar> 
20
(
0.0990177
0.0990156
0.0990078
0.0989971
0.0989642
0.0989256
0.0989105
0.0989421
0.0989538
0.0989641
0.0989419
0.0989439
0.0989643
0.0989765
0.0989844
0.0989498
0.0989256
0.0988652
0.0988293
0.0987554
)
;
    }
    outlet
    {
        type            calculated;
        value           nonuniform List<scalar> 
20
(
1.67631
1.67644
1.67656
1.67675
1.67693
1.67708
1.67716
1.67716
1.67713
1.6771
1.67713
1.67724
1.67742
1.67762
1.67781
1.67798
1.67812
1.67824
1.67832
1.67843
)
;
    }
    empty
    {
        type            empty;
    }
}


// ************************************************************************* //
