/*--------------------------------*- C++ -*----------------------------------*\
| =========                 |                                                 |
| \\      /  F ield         | OpenFOAM: The Open Source CFD Toolbox           |
|  \\    /   O peration     | Version:  2306                                  |
|   \\  /    A nd           | Website:  www.openfoam.com                      |
|    \\/     M anipulation  |                                                 |
\*---------------------------------------------------------------------------*/
FoamFile
{
    version     2.0;
    format      ascii;
    arch        "LSB;label=32;scalar=64";
    class       volScalarField;
    location    "0.12";
    object      T;
}
// * * * * * * * * * * * * * * * * * * * * * * * * * * * * * * * * * * * * * //

dimensions      [0 0 0 1 0 0 0];

internalField   nonuniform List<scalar> 
6000
(
3517.64
2958
2279.74
2140.55
2147.56
2190.33
2241.46
2325.89
2425.73
2539.05
2662.13
2771.92
2830.2
2857.56
2881.56
2900.67
2910.39
2856.06
2592.98
2404.21
2415.88
2454.38
2508.14
2561.48
2609.64
2654.48
2698.23
2742.19
2787.18
2833.67
2882.22
2934.37
2994.65
3068.74
3137.71
3166.41
3174.8
3109.29
2867.31
2750.96
2760.67
2791.26
2833.22
2871.23
2902.18
2929.98
2957.62
2986.21
3015.76
3045.82
3075.66
3104.73
3133.97
3167.87
3216.27
3274.9
3300.89
3306.39
3266.65
3105.79
3001.45
3003.56
3019.48
3048.3
3080.05
3105.32
3125.62
3145.09
3165.84
3188.22
3211.47
3234.18
3255.22
3275.14
3296.98
3327.26
3375.08
3422.22
3435.73
3434.55
3376.73
3234.8
3179.8
3185.41
3200.86
3226.1
3252.81
3272.16
3286.29
3299.97
3315.73
3334.33
3355.09
3376.03
3395.24
3412.97
3431.78
3456.24
3493.58
3533.11
3548.11
3553.71
3529.89
3432.58
3360.73
3361.19
3372.67
3392.49
3419.77
3445.13
3462.82
3476.62
3490.41
3506.05
3524.35
3544.6
3564.48
3582.79
3601.17
3623.25
3654.59
3690.01
3708.72
3718.22
3709.35
3643.33
3569.57
3563.31
3573.68
3592.88
3621.01
3652.33
3675.34
3690.85
3704.38
3718.73
3735.33
3754.93
3776.01
3795.5
3812.72
3829.99
3850.8
3879.01
3907.08
3921.45
3930.64
3914.31
3845.88
3795.96
3801.11
3819.91
3848.2
3885.21
3921.84
3948.24
3968.86
3987.8
4006.44
4025.95
4046.09
4065.29
4081.58
4092.32
4097.23
4098.72
4100.51
4103.26
4095.95
4070.04
4024.78
3940.5
3836.75
3777.12
3741.68
3711.01
3690.19
3673.17
3650.03
3616.71
3579.48
3543.98
3512.23
3485.6
3463.98
3445.11
3426
3406.5
3390.52
3380.6
3364.48
3331.23
3278.56
3189.94
3096.42
3047.93
3015.54
2990.15
2971.76
2945.38
2899.29
2843.67
2786.26
2728.29
2672.31
2618.01
2562.92
2506.27
2450.97
2398.47
2337.35
2258.65
2161.54
2054.92
1976.12
1918.13
1874.84
1836.67
1791.66
1745.55
1706.87
1676.84
1655.98
1642.84
1631.46
1606.17
1542.09
1429.57
1256.09
1051.71
850.434
679.784
551.06
469.822
429.208
407.534
395.768
386.506
382.12
379.993
379.955
379.581
376.2
371.637
366.943
363.925
362.22
361.926
362.2
361.264
359.572
357.649
356.525
356.105
356.211
356.419
356.115
355.424
354.515
354.072
353.985
354.131
354.39
354.341
354.12
353.765
353.553
353.496
353.545
353.697
353.719
353.63
353.466
353.292
353.189
353.122
353.058
352.985
352.898
352.795
352.713
352.656
352.61
352.56
352.498
352.42
352.343
352.295
352.261
352.255
352.266
352.253
352.207
352.15
352.077
351.994
351.908
351.819
351.719
351.639
3517.71
2952.5
2280.96
2140.52
2146.24
2187.81
2239.67
2323.78
2423.67
2537.23
2660.83
2770.88
2829.05
2856.41
2880.61
2900.44
2910.94
2856.6
2591.62
2403.12
2415
2453.58
2507.29
2560.44
2608.53
2653.58
2697.83
2742.45
2787.99
2834.93
2883.89
2936.29
2996.6
3070.61
3139.53
3168
3175.72
3107.24
2862.98
2749.73
2759.92
2790.85
2832.78
2870.36
2900.73
2927.91
2954.97
2983.12
3012.44
3042.39
3072.11
3101.02
3130.14
3164.17
3213.43
3273.32
3299.75
3305.35
3265.63
3103.72
2998.89
3001.23
3017.57
3046.78
3078.71
3104.08
3124.4
3143.83
3164.49
3186.8
3210.08
3232.94
3254.24
3274.51
3296.68
3326.78
3374.12
3421.08
3434.6
3433.75
3376.55
3234.98
3179.81
3185.45
3200.86
3226.17
3253.05
3272.67
3287.14
3301.14
3317.15
3335.97
3356.91
3377.96
3397.21
3414.89
3433.58
3457.93
3495.22
3534.87
3550.07
3555.73
3531.87
3434.27
3362.09
3362.34
3373.61
3393.29
3420.4
3445.62
3463.29
3477.17
3491.12
3506.93
3525.43
3545.79
3565.65
3583.85
3602.1
3624
3655.23
3690.71
3709.46
3718.69
3709.83
3644.2
3570.26
3563.67
3573.78
3592.74
3620.46
3651.41
3674.11
3689.26
3702.49
3716.54
3732.76
3751.81
3772.42
3791.78
3809.29
3827.15
3848.88
3878.47
3907.73
3922.8
3932.18
3916.07
3847.22
3796.6
3801.48
3820.08
3848.11
3884.59
3920.69
3946.79
3967.14
3985.81
4004.23
4023.61
4043.76
4063.07
4079.75
4091.16
4096.87
4099.25
4102.17
4105.82
4098.85
4073.08
4027.74
3943.33
3839.33
3779.83
3744.33
3713.76
3693.1
3676.22
3652.94
3619.23
3581.63
3545.77
3513.58
3486.39
3464
3444.16
3424.07
3404.1
3387.89
3377.7
3362.26
3329.4
3277.72
3190.56
3098.28
3050.42
3018.47
2993.38
2974.83
2947.93
2901.54
2846.08
2788.97
2731.28
2675.52
2621.5
2566.57
2509.79
2454.1
2401.09
2339.18
2259.6
2161.06
2051.9
1969.78
1908.82
1862.45
1821.9
1775.75
1728.48
1689.79
1661.06
1641.93
1630.35
1620.52
1595.99
1532.91
1423.06
1252.74
1052.41
852.59
681.972
552.911
471.678
431.072
409.259
397.337
387.882
383.257
380.891
380.706
380.11
376.401
371.604
366.79
363.774
362.099
361.845
362.139
361.216
359.544
357.64
356.519
356.097
356.193
356.419
356.126
355.451
354.556
354.102
354.007
354.132
354.368
354.314
354.095
353.755
353.551
353.493
353.538
353.677
353.688
353.6
353.44
353.275
353.181
353.119
353.07
353.003
352.915
352.808
352.716
352.655
352.603
352.551
352.491
352.418
352.345
352.297
352.263
352.254
352.261
352.246
352.201
352.146
352.075
351.994
351.911
351.824
351.728
351.651
3517.99
2949.92
2277.86
2136.5
2141.67
2184.02
2236.67
2321.3
2421.23
2534.86
2659.15
2769.09
2826.78
2854.04
2878.64
2899.35
2911.28
2857.2
2589.99
2402.2
2414.26
2452.85
2506.24
2558.95
2606.86
2652.14
2697.05
2742.52
2788.8
2836.24
2885.55
2938.57
3000.09
3075.16
3142.88
3169.86
3176.12
3102.74
2855.06
2748.51
2759.85
2791.5
2833.53
2870.71
2900.39
2926.78
2953.15
2980.86
3009.95
3039.65
3068.92
3097.19
3125.83
3160.04
3210.16
3272.27
3300.24
3305.92
3265.72
3102.13
2996.79
2999.49
3016.42
3046.22
3078.24
3103.32
3123.32
3142.5
3163
3185.29
3208.67
3231.73
3253.3
3273.81
3296.03
3325.97
3372.89
3419.55
3433.01
3432.75
3377
3236.8
3181.23
3186.76
3202.03
3227.34
3254.45
3274.4
3289.13
3303.27
3319.32
3338.17
3359.27
3380.6
3400.1
3417.96
3436.76
3461.19
3498.35
3537.84
3552.98
3558.48
3534.33
3436.39
3364.14
3364.22
3375.27
3394.8
3421.73
3446.85
3464.45
3478.34
3492.29
3508.11
3526.65
3547.1
3566.92
3584.98
3603.02
3624.63
3655.51
3691.05
3709.92
3718.84
3710
3644.56
3570.22
3563.37
3573.53
3592.43
3619.91
3650.48
3672.79
3687.68
3700.66
3714.34
3729.85
3747.78
3767.28
3786.18
3803.83
3822.31
3845.33
3877.03
3907.73
3923.41
3933.34
3918.27
3849.58
3797.59
3802.05
3820.38
3848.15
3884.14
3919.35
3944.72
3964.49
3982.57
4000.51
4019.56
4039.62
4059.06
4076.33
4088.78
4095.88
4099.9
4104.4
4108.99
4102.54
4077.39
4032.52
3947.96
3843.54
3784.18
3748.98
3718.82
3698.6
3682.03
3658.65
3624.32
3586
3549.45
3516.54
3488.57
3465.43
3444.88
3423.88
3402.51
3384.79
3373.67
3359.11
3326.44
3276.14
3192.13
3101.11
3052.92
3021.45
2997.17
2979.61
2952.9
2906.06
2850.99
2794.38
2737.09
2681.86
2628.84
2575.12
2519.05
2463.39
2409.6
2345.88
2264.48
2162.6
2047.14
1956.08
1885.46
1827.99
1776.53
1721.77
1668.4
1627.53
1600.78
1586.89
1582.43
1579.14
1559.06
1502.23
1401.44
1241.63
1052.02
857.691
688.889
560.176
479.327
438.814
416.649
403.96
393.467
387.718
384.172
382.978
381.496
376.942
371.601
366.426
363.353
361.755
361.597
361.971
361.111
359.471
357.574
356.466
356.052
356.146
356.395
356.119
355.483
354.622
354.156
354.049
354.141
354.336
354.274
354.056
353.731
353.541
353.484
353.526
353.653
353.653
353.559
353.397
353.241
353.161
353.107
353.077
353.021
352.939
352.83
352.725
352.653
352.595
352.538
352.479
352.41
352.343
352.298
352.264
352.255
352.258
352.239
352.193
352.137
352.067
351.991
351.912
351.83
351.738
351.665
3518.37
2958.47
2269.01
2129.14
2135.97
2179.98
2234.34
2319.86
2420.14
2533.68
2657.57
2766.23
2823.49
2850.6
2875.28
2896.88
2910.81
2857.5
2589.5
2401.97
2413.72
2452.02
2505.02
2557.49
2605.5
2651.31
2697.03
2743.46
2790.66
2838.72
2888.51
2942.35
3005.37
3081.68
3147.25
3171.84
3176.26
3095.29
2843.92
2746.57
2758.94
2791.33
2833.27
2869.67
2898.32
2923.81
2949.61
2977.14
3006.27
3036.05
3065.31
3093.5
3122.22
3156.73
3207.39
3271.25
3300.98
3307.09
3266.58
3100.98
2994.98
2998.08
3015.72
3046.18
3078.37
3103.22
3122.85
3141.66
3161.94
3184.21
3207.73
3231.01
3252.76
3273.33
3295.42
3324.94
3371.18
3417.57
3431.07
3431.53
3377.6
3238.84
3182.48
3187.86
3203.01
3228.36
3255.82
3276.21
3291.29
3305.62
3321.79
3340.83
3362.29
3384.04
3403.89
3421.92
3440.65
3464.65
3501.27
3540.79
3556.14
3561.55
3537.28
3439.35
3366.89
3366.62
3377.33
3396.64
3423.3
3448.2
3465.86
3479.93
3494.03
3509.96
3528.55
3548.95
3568.63
3586.44
3604.15
3625.37
3655.87
3691.47
3710.47
3719.1
3710.24
3644.68
3569.65
3562.46
3572.56
3591.32
3618.43
3648.39
3669.82
3683.79
3695.94
3708.78
3723.29
3740.42
3759.76
3779.14
3797.67
3817.28
3841.59
3874.94
3907.02
3923.35
3933.71
3920.02
3852.16
3798.63
3802.59
3820.7
3848.28
3883.7
3917.71
3942.14
3961.11
3978.51
3995.91
4014.67
4034.87
4054.85
4073.18
4087
4095.37
4100.61
4106.63
4112.52
4107.21
4083.3
4039.46
3955.31
3850.78
3791.89
3757.14
3727.34
3707.25
3690.53
3666.45
3631.05
3591.82
3554.5
3520.9
3492.36
3468.59
3447.06
3424.79
3401.98
3382.59
3370.12
3356.86
3324.45
3275.52
3194.02
3103.66
3054.52
3023.64
3000.57
2985.18
2960.03
2913.41
2858.91
2803.33
2747.54
2693.7
2641.79
2589.15
2534.37
2479.42
2424.8
2359.04
2274.31
2167.23
2043.84
1940.68
1854.77
1779.27
1708.02
1634.46
1566.35
1517.3
1491.09
1483.29
1487.64
1492.71
1479.76
1436.84
1352.13
1216.21
1048.68
867.826
705.339
579.042
499.016
458.199
434.71
419.721
406.383
397.376
390.624
386.818
383.529
377.631
371.555
365.821
362.634
361.164
361.186
361.76
360.98
359.361
357.416
356.288
355.898
356.011
356.338
356.117
355.54
354.72
354.225
354.098
354.148
354.299
354.229
354.012
353.698
353.516
353.457
353.497
353.615
353.608
353.509
353.348
353.202
353.132
353.089
353.079
353.039
352.962
352.855
352.74
352.651
352.587
352.526
352.466
352.401
352.34
352.297
352.264
352.254
352.254
352.231
352.185
352.127
352.059
351.986
351.914
351.839
351.755
351.687
3519.54
2939.42
2259.68
2120.77
2131.55
2179.24
2234.41
2320.85
2421.2
2534.57
2657.79
2763.94
2819.65
2846.24
2870.76
2892.99
2908.05
2855.74
2590.35
2402.59
2413.73
2451.39
2503.97
2556.54
2605
2651.48
2698.06
2745.46
2793.57
2842.42
2892.96
2947.83
3012.31
3089.04
3150.83
3172.48
3175.36
3085.44
2831.36
2744.18
2757.29
2790.15
2831.73
2867.39
2895.49
2920.58
2946.25
2974.02
3003.56
3033.7
3063.22
3091.72
3120.83
3155.72
3206.84
3272.33
3303.45
3309.81
3268.87
3101.06
2994.35
2997.92
3016.23
3047.28
3079.55
3104.02
3123.2
3141.59
3161.65
3183.94
3207.63
3231.1
3252.99
3273.52
3295.32
3324.12
3369.41
3415.57
3429.23
3430.31
3378.16
3240.77
3183.43
3188.69
3203.72
3229.08
3256.82
3277.65
3293.2
3307.93
3324.42
3343.73
3365.3
3386.98
3406.71
3424.57
3443
3466.65
3502.97
3542.65
3558.14
3563.41
3539.28
3441.87
3369.55
3369.14
3379.82
3399.26
3426.08
3451.08
3468.7
3482.6
3496.44
3512.13
3530.67
3551.11
3570.61
3588.05
3605.32
3626.11
3656.28
3691.87
3710.89
3719.33
3710.42
3644.29
3568.29
3560.82
3570.61
3588.97
3615.62
3644.94
3665.17
3677.86
3689.07
3701.21
3715.31
3732.62
3752.73
3773.07
3792.42
3812.71
3837.71
3871.95
3905.2
3922.32
3933
3920.48
3853.67
3799.05
3802.65
3820.68
3848.16
3883.16
3916.44
3940.38
3958.75
3975.44
3992.17
4010.47
4030.77
4051.16
4070.01
4084.57
4094.05
4100.76
4108.73
4116.38
4112.41
4089.94
4047.55
3964.52
3860.38
3802.25
3767.93
3738.37
3718.24
3701.18
3676.15
3639.43
3599.47
3561.67
3527.68
3498.75
3474.28
3451.5
3427.53
3403.11
3382.16
3368.44
3356.2
3324.04
3275.95
3196.05
3105.48
3054.94
3024.33
3002.07
2988.79
2966.26
2921.23
2868.17
2814.32
2760.82
2709.21
2659.15
2607.94
2554.12
2499.58
2444.92
2377.81
2289.34
2177.06
2045.49
1931.43
1831.24
1736.72
1642.12
1544.02
1453.98
1388.47
1355.23
1348.9
1358.53
1366.44
1360.55
1333.76
1269.71
1171.49
1037.77
883.092
734.929
614.923
536.352
494.017
467.273
446.928
427.841
412.372
399.74
391.502
385.649
378.203
371.414
365.124
361.781
360.454
360.68
361.53
360.868
359.272
357.223
356.01
355.635
355.776
356.225
356.097
355.604
354.832
354.294
354.145
354.155
354.265
354.19
353.974
353.669
353.484
353.421
353.453
353.564
353.556
353.46
353.304
353.168
353.102
353.067
353.073
353.05
352.978
352.877
352.758
352.657
352.585
352.523
352.46
352.394
352.334
352.292
352.261
352.25
352.248
352.223
352.177
352.119
352.053
351.984
351.916
351.848
351.773
351.712
3520.91
2951.39
2252.27
2116.08
2130.44
2180.58
2235.88
2322.66
2422.96
2536.33
2659
2762.89
2816.04
2841.21
2865.39
2887.79
2903.15
2852.55
2592.54
2404.53
2414.12
2451.03
2503.34
2556.29
2605.43
2652.63
2700
2748.15
2796.93
2846.5
2897.94
2953.96
3019.68
3095.8
3153.2
3171.85
3173.09
3073.8
2818.64
2741.6
2755.04
2788
2829.27
2864.62
2892.77
2918.25
2944.51
2972.84
3002.89
3033.55
3063.57
3092.56
3122.18
3157.67
3209.44
3276.26
3308.2
3314.25
3272.53
3101.7
2994.2
2998.36
3017.5
3049.15
3081.27
3105.24
3123.98
3142.06
3161.99
3184.32
3208.19
3231.86
3253.83
3274.25
3295.69
3323.78
3368.11
3414.29
3428.23
3429.6
3379.02
3242.89
3184.45
3189.57
3204.49
3229.84
3257.71
3278.8
3294.66
3309.7
3326.46
3345.96
3367.59
3389.05
3408.25
3425.59
3443.69
3467.06
3503.01
3542.85
3558.51
3563.62
3539.88
3443.5
3371.48
3371.03
3381.85
3401.57
3428.73
3453.9
3471.57
3485.45
3499.26
3514.95
3533.44
3553.66
3572.74
3589.7
3606.5
3626.79
3656.68
3692.11
3710.98
3719.1
3709.74
3642.47
3565.7
3557.84
3567.12
3584.9
3610.85
3639.1
3658.23
3670.5
3681.7
3694.13
3708.9
3727.13
3747.97
3768.64
3788.15
3808.59
3833.84
3868.67
3902.83
3920.49
3931.29
3919.49
3853.49
3798.12
3801.58
3819.64
3847.07
3881.8
3914.49
3938.01
3956.18
3972.7
3989.22
4007.28
4027.48
4047.8
4066.99
4082.5
4093.37
4101.79
4111.91
4121.48
4118.75
4097.7
4056.64
3974.55
3870.74
3813.52
3780.02
3750.95
3731.19
3714.2
3688.54
3650.92
3610.32
3571.95
3537.43
3507.86
3482.45
3458.29
3432.78
3406.84
3384.5
3369.71
3358.23
3326.4
3278.28
3199.11
3107.23
3054.35
3023.48
3001.44
2989.44
2969.56
2927.25
2876.43
2825.05
2774.22
2724.84
2676.45
2626.48
2573.76
2520.19
2466.08
2398.96
2308.14
2192.21
2053.51
1930.06
1820.71
1712.22
1600.25
1481.55
1369.09
1281.66
1230.11
1214.68
1219.54
1222.58
1222.2
1204.81
1163.73
1107.24
1015.59
897.139
774.089
666.447
590.846
545.592
513.205
484.027
455.549
430.528
409.881
395.959
387.383
378.584
371.253
364.509
360.975
359.752
360.145
361.283
360.763
359.217
357.049
355.718
355.35
355.525
356.109
356.08
355.658
354.919
354.336
354.174
354.162
354.249
354.171
353.955
353.651
353.455
353.387
353.407
353.505
353.503
353.415
353.269
353.141
353.079
353.049
353.063
353.054
352.985
352.886
352.773
352.673
352.596
352.53
352.464
352.394
352.329
352.286
352.253
352.241
352.238
352.215
352.171
352.115
352.051
351.987
351.925
351.863
351.795
351.737
3521.45
2951.41
2245.91
2111.63
2129.26
2181.33
2237.27
2324.43
2424.67
2538.03
2660.84
2762.71
2812.77
2836.06
2859.81
2882.08
2897.07
2847.52
2593.12
2405.89
2413.92
2450.3
2502.48
2556.03
2606.28
2654.66
2702.82
2751.39
2800.62
2850.93
2903.29
2960.2
3026.63
3101.73
3154.49
3170.42
3170.06
3062.2
2807.71
2739.59
2753.14
2786.29
2827.55
2863.01
2891.63
2917.73
2944.44
2972.97
3003.22
3034.26
3064.88
3094.62
3125.02
3161.21
3213.77
3282
3314.95
3320.74
3278.12
3103.85
2995.53
3000.34
3020.18
3052.13
3083.79
3107.21
3125.6
3143.55
3163.46
3185.85
3209.75
3233.35
3255.15
3275.31
3296.37
3323.9
3367.53
3414.02
3428.37
3429.91
3380.7
3245.52
3186.09
3191.08
3206
3231.35
3259.26
3280.47
3296.49
3311.66
3328.51
3348.08
3369.77
3391.14
3409.86
3426.51
3443.89
3466.4
3501.69
3541.9
3557.9
3562.86
3539.51
3444.41
3372.82
3372.39
3383.4
3403.46
3430.92
3455.98
3473.43
3487.22
3501.1
3517.09
3535.98
3556.36
3575.15
3591.47
3607.57
3627.27
3656.72
3691.84
3710.3
3717.93
3707.79
3638.96
3561.67
3553.62
3562.54
3579.94
3605.32
3632.86
3651.88
3664.41
3675.86
3688.56
3703.7
3722.25
3743.24
3763.97
3783.52
3804.03
3829.43
3864.53
3899.06
3917.02
3928.05
3917.13
3851.93
3795.97
3799.14
3817.01
3844.24
3878.84
3911.29
3934.66
3952.89
3969.38
3985.78
4003.77
4024.08
4044.76
4064.54
4081.04
4093.19
4103.16
4115.37
4127.02
4125.36
4105.71
4066
3984.64
3881.16
3825.6
3793.55
3765.62
3746.81
3730.52
3704.69
3666.18
3625.33
3586.71
3551.67
3521.12
3494.2
3468.36
3441.43
3414.31
3390.76
3374.87
3363.71
3331.48
3282.78
3203.22
3108.73
3052.13
3020.41
2998.11
2987.43
2969.99
2930.31
2881.82
2833.02
2784.65
2737.06
2689.75
2640.74
2589.26
2536.93
2484.01
2418.68
2327.97
2211.92
2069.02
1936.64
1819.55
1704.24
1583.41
1453.18
1325.15
1217.74
1143.95
1107.64
1095.31
1089.37
1085.45
1071.34
1053.89
1029.85
979.531
900.562
808.712
720.597
651.789
604.094
564.465
524.262
484.138
448.268
419.08
399.61
388.6
378.854
371.189
364.119
360.315
359.128
359.601
360.997
360.628
359.149
356.896
355.465
355.113
355.327
356.021
356.068
355.69
354.961
354.341
354.168
354.149
354.248
354.188
353.979
353.666
353.443
353.366
353.373
353.457
353.457
353.375
353.239
353.118
353.057
353.028
353.043
353.04
352.976
352.884
352.777
352.691
352.622
352.555
352.482
352.405
352.332
352.281
352.246
352.227
352.222
352.206
352.166
352.116
352.058
351.999
351.942
351.884
351.819
351.76
3520.33
2927.84
2246.94
2110.85
2127.33
2179.06
2236.1
2324.15
2425.26
2539.88
2663.18
2762.72
2809.46
2831.25
2854.86
2876.9
2891.04
2841.46
2591.65
2406.29
2413.3
2448.94
2500.94
2555.35
2606.85
2656.21
2704.76
2753.26
2802.38
2852.89
2905.81
2963.46
3030.57
3104.98
3155.01
3169.19
3167.51
3052.84
2799.72
2738.6
2752.56
2786.14
2827.36
2862.8
2891.74
2918.39
2945.64
2974.48
3004.81
3035.89
3066.9
3097.44
3128.82
3165.95
3219.49
3289.26
3323.49
3329.05
3285.79
3108.16
2998.58
3003.71
3023.84
3055.92
3087.16
3110.01
3128.07
3145.91
3165.84
3188.24
3212.08
3235.48
3256.94
3276.67
3297.25
3324.28
3367.53
3414.71
3429.76
3431.55
3383.33
3248.54
3188.14
3193.11
3208.11
3233.54
3261.54
3282.88
3299.07
3314.45
3331.51
3351.2
3372.64
3393.28
3411.1
3426.87
3443.31
3464.78
3499.33
3539.99
3556.35
3561.21
3538.57
3445.01
3373.91
3373.53
3384.76
3405.08
3432.71
3457.52
3474.54
3488.08
3502.04
3518.4
3537.75
3558.44
3577.22
3593.29
3608.95
3627.97
3656.76
3691.35
3709.01
3716.08
3705.08
3634.71
3557.03
3548.92
3557.5
3574.62
3599.67
3626.93
3645.98
3658.65
3670.22
3683.1
3698.55
3717.48
3738.87
3759.9
3779.6
3800.08
3825.3
3860.21
3894.62
3912.36
3923.22
3912.2
3847.08
3791.23
3794.72
3812.87
3840.2
3874.81
3906.98
3930.03
3948.09
3964.59
3981.1
3999.33
4020.05
4041.46
4062.24
4079.81
4093.09
4104.25
4118.37
4132.26
4131.61
4113.63
4075.44
3995.01
3892.67
3839.76
3809.73
3783.4
3766.13
3751.25
3725.68
3686.59
3645.84
3607.21
3571.7
3539.91
3511.16
3483.57
3455.34
3427.02
3401.94
3384.27
3372.21
3339.52
3289.2
3208.55
3110.64
3049.27
3016.17
2993.08
2983.3
2968.1
2930.61
2883.65
2836.55
2789.87
2743.96
2697.73
2649.2
2597.97
2546.15
2494.71
2433.23
2345.31
2232.73
2090.28
1951.26
1827.53
1705.85
1581.24
1447.21
1312.37
1192.76
1100.69
1041.01
1006.53
985.282
970.253
958.652
955.137
948.626
928.625
886.5
823.918
758.365
701.762
655.559
609.291
558.847
507.549
462.195
426.035
402.44
389.626
379.2
371.267
363.926
359.797
358.591
359.088
360.693
360.469
359.08
356.799
355.299
354.964
355.207
355.973
356.059
355.692
354.956
354.308
354.122
354.101
354.218
354.187
354.002
353.701
353.459
353.372
353.366
353.435
353.425
353.34
353.206
353.09
353.031
353.003
353.017
353.015
352.954
352.869
352.773
352.707
352.65
352.592
352.52
352.436
352.349
352.28
352.24
352.212
352.203
352.195
352.166
352.122
352.071
352.018
351.964
351.905
351.839
351.778
3519.91
2955.04
2246.4
2111.16
2125.62
2176.72
2234.25
2323.38
2425.96
2542.11
2666.03
2763.13
2806.59
2827.79
2851.5
2873.16
2885.96
2834.98
2587.23
2405.87
2412.21
2447.51
2499.48
2554.51
2606.73
2656.45
2704.83
2752.82
2801.46
2851.68
2904.6
2962.46
3029.84
3104.67
3155.2
3169.26
3166.96
3047.82
2794.75
2738.14
2752.07
2785.89
2827.17
2862.9
2892.63
2920.26
2948.1
2977.16
3007.43
3038.6
3070.07
3101.41
3133.71
3171.7
3225.97
3296.92
3332.55
3337.79
3294.14
3113.21
3001.66
3006.8
3027
3059.18
3090.12
3112.54
3130.37
3148.16
3168.15
3190.58
3214.31
3237.44
3258.55
3277.98
3298.36
3325.21
3368.39
3416.33
3431.9
3433.68
3385.95
3251.05
3189.68
3194.7
3209.88
3235.46
3263.56
3284.96
3301.19
3316.66
3333.89
3353.72
3375
3394.97
3411.84
3426.7
3442.39
3463.37
3497.77
3538.61
3554.67
3559.15
3536.49
3443.92
3374.02
3374.07
3385.75
3406.47
3434.39
3458.88
3475.39
3488.5
3502.26
3518.79
3538.48
3559.42
3578.28
3594.31
3609.91
3628.8
3657.35
3691.48
3708.41
3714.99
3702.97
3631.03
3553.18
3545.08
3553.49
3570.49
3595.34
3622.29
3641.17
3653.8
3665.37
3678.39
3694.19
3713.64
3735.5
3756.81
3776.54
3796.84
3821.65
3855.94
3889.82
3906.98
3917.4
3905.86
3840.25
3784.5
3788
3806.03
3833.06
3867.74
3900.04
3922.93
3940.96
3957.59
3974.29
3992.93
4014.11
4036.38
4058.26
4076.96
4091.49
4103.98
4119.96
4136.38
4137.13
4121.52
4085.27
4005.57
3904.71
3855.54
3828.3
3804.49
3789.65
3776.88
3751.92
3712.91
3672.75
3634.33
3598.27
3565.1
3534.58
3505.46
3475.97
3446.08
3418.53
3397.74
3383.24
3349.46
3297.36
3215.72
3114.58
3047.52
3012.28
2987.28
2976.9
2962.37
2926.99
2881.35
2835.5
2790.06
2745.56
2700.53
2652.43
2600.92
2548.64
2497.82
2440.7
2358
2251.03
2112.67
1971.09
1843.28
1715.42
1586.46
1450.09
1312.55
1188.22
1087.56
1013.81
962.079
920.975
892.471
873.295
870.465
870.432
867.411
852.37
818.245
773.939
730.863
688.818
638.867
581.789
522.575
471.155
430.712
404.693
390.694
379.705
371.475
363.819
359.389
358.157
358.693
360.461
360.35
359.038
356.757
355.206
354.872
355.124
355.92
356.024
355.662
354.915
354.244
354.057
354.043
354.18
354.171
354.006
353.727
353.493
353.401
353.387
353.439
353.417
353.318
353.172
353.054
352.996
352.972
352.988
352.984
352.925
352.843
352.771
352.716
352.68
352.638
352.576
352.488
352.384
352.291
352.237
352.203
352.185
352.182
352.169
352.133
352.09
352.041
351.988
351.927
351.859
351.795
3519.54
2925.1
2244.79
2107.76
2122.93
2175.55
2235.01
2324.84
2427.89
2544.86
2668.75
2763.13
2804.32
2825.99
2850.22
2871.23
2881.69
2827.37
2578.66
2403.48
2410
2445.43
2497.57
2552.98
2605.52
2655.16
2703.07
2750.38
2798.42
2848.31
2900.98
2958.69
3026.05
3102.23
3155.53
3170.24
3168.17
3046.95
2791.97
2736.8
2751.11
2785.37
2826.97
2863.04
2893.43
2921.98
2950.72
2980.24
3010.73
3042.14
3073.99
3105.96
3138.99
3177.57
3232.16
3304.11
3341.01
3345.8
3301.6
3117.74
3004.28
3009.3
3029.47
3061.5
3091.76
3113.57
3131.13
3148.98
3169.16
3191.77
3215.49
3238.45
3259.37
3278.73
3299.18
3326.24
3369.8
3418.6
3434.77
3436.7
3389.55
3254.32
3191.98
3197.11
3212.49
3238.18
3266.21
3287.45
3303.54
3318.89
3335.99
3355.52
3376.3
3395.62
3411.83
3426.17
3441.63
3462.74
3497.75
3538.62
3554.14
3558.32
3534.73
3441.68
3373.23
3373.65
3385.45
3406.33
3434.35
3458.7
3475.14
3488.31
3502.16
3518.64
3538.37
3559.4
3578.29
3594.37
3610.06
3629.15
3658.14
3692.44
3708.97
3715.22
3702.47
3629.11
3550.94
3543
3551.44
3568.43
3593.11
3619.52
3637.93
3650.36
3661.88
3675.03
3691.21
3711.22
3733.5
3754.75
3773.99
3793.56
3817.4
3850.62
3883.7
3900.13
3909.98
3897.75
3831.77
3776.4
3779.68
3797.22
3823.6
3858.07
3890.3
3912.73
3930.46
3947.18
3964.29
3983.5
4005.07
4028.09
4050.88
4070.63
4086.66
4101.13
4119.37
4138.57
4141.3
4128.95
4095.46
4016.35
3917.53
3873.13
3849.4
3829.09
3817.47
3807.2
3783.14
3745.26
3706.16
3668.23
3631.83
3597.55
3565.65
3535.27
3504.37
3472.14
3440.97
3415.65
3397.1
3362.13
3307.78
3225.18
3121.31
3047.55
3008.85
2980.76
2968.01
2952.36
2917.64
2872.9
2827.97
2783.53
2740.13
2695.93
2648.09
2596.69
2544.79
2495.56
2442.64
2364.86
2263.6
2131.35
1991.6
1863.94
1733.35
1600.66
1460.45
1318.39
1190.11
1086.67
1009.05
950.57
897
851.883
814.571
801.074
800.124
802.435
802.672
794.409
772.329
741.371
702.849
651.119
591.573
529.67
476.166
433.938
406.674
391.847
380.238
371.661
363.64
359.1
357.895
358.494
360.355
360.29
359.01
356.703
355.142
354.817
355.077
355.879
355.982
355.617
354.861
354.182
354.001
353.995
354.145
354.146
353.99
353.726
353.525
353.443
353.433
353.468
353.425
353.312
353.144
353.012
352.955
352.933
352.95
352.947
352.889
352.814
352.757
352.719
352.711
352.697
352.644
352.557
352.439
352.316
352.241
352.202
352.177
352.172
352.169
352.147
352.108
352.064
352.013
351.955
351.886
351.819
3520.33
2953.12
2233.98
2102.2
2119.94
2174.92
2236.72
2327.37
2430.6
2547.62
2670.8
2762.45
2801.67
2824.97
2850.07
2870.77
2878.69
2819.55
2566.2
2398.76
2406.89
2443.19
2495.8
2551.3
2603.67
2652.94
2700.34
2747.25
2795.01
2844.7
2897.31
2954.72
3021.72
3099.26
3155.72
3171.69
3169.69
3048.29
2790.7
2735.24
2750.04
2784.94
2827.01
2863.38
2894.14
2923.2
2952.66
2982.89
3013.98
3045.73
3077.9
3110.28
3143.73
3182.7
3237.51
3310.31
3348.07
3352.49
3307.56
3121.29
3006.05
3010.62
3030.44
3062.16
3091.89
3113.32
3130.79
3148.77
3169.2
3191.97
3215.67
3238.52
3259.39
3278.86
3299.56
3327.02
3371.13
3420.7
3437.34
3439.33
3392.47
3256.63
3193.33
3198.56
3214.05
3239.71
3267.57
3288.58
3304.41
3319.53
3336.41
3355.69
3376.21
3395.48
3411.92
3426.58
3442.39
3464.07
3499.75
3540.54
3555.59
3559.61
3534.7
3439.8
3372.88
3373.8
3385.54
3406.32
3434.08
3457.87
3473.97
3487.1
3501.13
3517.96
3537.86
3558.8
3577.59
3593.67
3609.44
3628.86
3658.59
3693.77
3710.35
3716.34
3703.27
3628.85
3550.23
3542.51
3551
3568.06
3592.74
3618.67
3636.46
3648.56
3659.94
3673.1
3689.49
3709.79
3732.09
3752.77
3771.03
3789.5
3812.26
3844.54
3876.92
3892.57
3901.88
3888.65
3821.73
3766.76
3769.86
3786.78
3812.42
3846.4
3878.21
3899.78
3916.8
3933.35
3950.81
3970.51
3992.3
4015.93
4039.55
4060.41
4078.11
4094.92
4115.9
4138.48
4143.4
4135.04
4105.5
4027.04
3931.04
3892.2
3872.41
3856.32
3848.38
3841.05
3818.63
3782.78
3745.21
3708.25
3672.02
3637.34
3604.65
3573.03
3540.1
3504.68
3468.94
3438.04
3414.33
3378.41
3321
3237.23
3130.45
3048.93
3005.25
2972.87
2956.3
2938.17
2901.4
2855.86
2811.41
2767.95
2725.44
2682.11
2636
2587.48
2539.08
2492.9
2442.03
2367.03
2270.52
2144.38
2009.42
1885.86
1757.86
1626.18
1484.73
1338.19
1204.96
1097.39
1016.85
956.515
898.583
841.489
787.142
751.848
740.343
741.851
747.928
752.513
749.768
734.957
702.146
652.226
592.812
532.24
479.115
436.667
408.804
393.099
380.594
371.541
363.296
358.913
357.77
358.48
360.369
360.254
358.934
356.588
355.06
354.752
355.045
355.86
355.947
355.575
354.812
354.14
353.964
353.958
354.105
354.104
353.955
353.707
353.542
353.481
353.492
353.526
353.463
353.327
353.136
352.98
352.92
352.893
352.907
352.902
352.848
352.785
352.74
352.725
352.743
352.757
352.718
352.637
352.512
352.36
352.256
352.211
352.18
352.167
352.165
352.155
352.125
352.086
352.039
351.985
351.92
351.85
3520.26
2921.35
2227.66
2098.7
2118.24
2175.42
2238.4
2329.55
2432.99
2550.1
2672.57
2762.03
2800.22
2825.02
2850.67
2871.32
2877.72
2812.93
2551.72
2392.91
2403.44
2441.5
2494.99
2550.38
2602.29
2651.12
2698.12
2744.59
2791.92
2841.24
2893.47
2950.41
3017.03
3095.71
3155.24
3172.6
3170.86
3051.05
2791.22
2733.6
2749
2784.72
2827.47
2864.29
2895.37
2924.7
2954.37
2985.02
3016.55
3048.73
3081.37
3114.11
3147.81
3186.65
3241.36
3314.74
3353.15
3357.4
3311.67
3123.62
3006.54
3010.52
3029.8
3061.1
3090.68
3112.12
3129.78
3148.08
3168.77
3191.63
3215.33
3238.19
3259.17
3278.85
3299.87
3327.76
3372.4
3422.49
3439.27
3441.17
3394.34
3257.74
3193.44
3198.71
3214.18
3239.7
3267.34
3288.17
3303.91
3319
3336
3355.71
3377.04
3397.4
3414.91
3430.49
3446.93
3468.94
3504.74
3545.08
3559.61
3563.34
3536.57
3438.87
3373.4
3374.86
3386.55
3407.17
3434.35
3457.24
3472.69
3485.47
3499.34
3516.18
3536.25
3557.37
3576.26
3592.43
3608.4
3628.3
3658.95
3695.39
3712.42
3718.39
3705.27
3630.21
3551.14
3543.66
3552.22
3569.38
3594.12
3619.7
3636.95
3648.64
3659.73
3672.65
3688.83
3708.94
3730.74
3750.47
3767.67
3785.15
3807.09
3838.76
3870.59
3885.6
3894.31
3879.83
3811.43
3756.61
3759.4
3775.42
3800.05
3833.15
3864.36
3885.01
3900.99
3916.96
3934.35
3954.14
3976.19
4000.49
4024.86
4046.74
4066.16
4085.47
4109.26
4135.66
4143.44
4138.93
4114.36
4037.29
3944.59
3911.44
3895.63
3883.88
3879.87
3875.51
3855.62
3822.75
3787.82
3752.73
3717.36
3682.97
3650.14
3617.19
3581.63
3542.37
3501.58
3464.57
3434.44
3396.99
3336.43
3251.75
3141.78
3051.62
3001.47
2963.37
2941.33
2918.85
2878.85
2831.61
2785.81
2741.91
2699.62
2658.05
2615.82
2572.46
2529.3
2486.79
2437.91
2365.22
2272.49
2151.96
2023.39
1907.07
1786.53
1661.5
1523.75
1377.3
1242.61
1131.99
1047.3
983.27
920.596
853.953
786.233
730.827
697.91
688.505
691.504
699.62
706.736
704.166
684.113
644.731
590.606
533.23
481.246
439.357
411.239
394.314
380.625
371.058
362.761
358.818
357.786
358.683
360.475
360.192
358.739
356.348
354.955
354.695
355.051
355.877
355.923
355.532
354.754
354.104
353.94
353.938
354.07
354.051
353.9
353.669
353.536
353.495
353.54
353.591
353.527
353.375
353.151
352.965
352.893
352.858
352.857
352.845
352.8
352.755
352.728
352.735
352.784
352.82
352.791
352.718
352.594
352.425
352.286
352.226
352.192
352.171
352.161
352.153
352.138
352.108
352.068
352.02
351.96
351.888
3519.54
2915.1
2224.57
2097.82
2118.72
2176.51
2239.97
2331.26
2434.94
2552.46
2674.79
2763.26
2800.88
2827.47
2853.88
2873.58
2878.63
2807.69
2536.62
2387.4
2400.7
2440.74
2495.02
2550.15
2601.42
2649.63
2696.28
2742.68
2790.05
2839.48
2891.76
2948.41
3014.29
3092.89
3154.48
3172.77
3171.42
3055
2793.58
2732.56
2748.56
2785.02
2828.58
2865.96
2897.26
2926.61
2956.29
2986.98
3018.76
3051.34
3084.12
3116.5
3149.4
3187.33
3241.21
3314.62
3353.93
3358.62
3313.33
3125.05
3006.34
3009.45
3028.5
3059.34
3088.65
3110.15
3128.01
3146.55
3167.46
3190.56
3214.52
3237.71
3259.03
3279.11
3300.54
3328.75
3373.59
3423.79
3440.52
3442.32
3395.58
3258.43
3193.23
3198.47
3213.88
3239.24
3266.74
3287.61
3303.49
3318.86
3336.38
3356.96
3379.52
3401.18
3419.74
3436.06
3453.04
3475.64
3512.22
3552.29
3566.18
3569.49
3539.93
3438.4
3374.82
3376.78
3388.46
3408.94
3435.35
3457.19
3471.87
3484.16
3497.61
3514.06
3533.9
3555.08
3574.32
3590.98
3607.47
3627.92
3659.36
3696.94
3714.56
3720.64
3707.8
3632.49
3552.9
3545.63
3554.18
3571.37
3596.1
3621.04
3637.44
3648.68
3659.52
3672.16
3688.02
3707.67
3728.67
3747.33
3763.51
3780.11
3801.28
3832.48
3864.05
3878.57
3886.74
3871.44
3802.22
3747.43
3749.67
3764.54
3787.85
3819.61
3849.89
3869.62
3884.74
3900.12
3917.1
3936.53
3958.69
3983.52
4008.43
4031.03
4051.83
4073.34
4099.78
4129.79
4141.6
4140.4
4121.05
4046.63
3957.3
3929.18
3917.09
3909.27
3908.81
3907.07
3890.67
3861.65
3830.47
3798.27
3765.03
3731.75
3698.52
3664.1
3625.92
3582.81
3537.16
3493.98
3456.98
3417.18
3352.61
3267.48
3154.17
3055.27
2997.25
2953.05
2925.21
2897.45
2852.56
2801.67
2752.06
2706.01
2663.19
2623.5
2585.29
2547.03
2508.45
2470.1
2425.2
2356.63
2268.57
2153.64
2032.69
1926.04
1816.76
1703.53
1576.15
1437.89
1309.06
1200.67
1114.33
1045.92
979.852
898.724
813.064
733.807
675.991
643.743
635.014
638.833
647.107
650.112
642.393
619.426
579.264
530.667
482.174
441.513
413.421
395.074
380.311
370.232
362.169
358.836
357.998
359.135
360.606
360.077
358.414
356.002
354.845
354.658
355.121
355.938
355.915
355.477
354.669
354.064
353.926
353.939
354.054
354.006
353.837
353.614
353.513
353.491
353.575
353.654
353.597
353.445
353.195
352.968
352.876
352.83
352.805
352.78
352.749
352.724
352.719
352.754
352.836
352.886
352.86
352.793
352.675
352.504
352.335
352.247
352.207
352.177
352.158
352.146
352.139
352.128
352.1
352.057
352.002
351.93
3519.1
2950.13
2222.39
2098.27
2119.41
2176.96
2240.46
2332.15
2436.81
2555.57
2678.68
2767.42
2805.18
2832.92
2859.29
2878.66
2882.66
2804.05
2521.54
2382.97
2398.88
2441.07
2496.22
2551.07
2601.72
2649.37
2695.64
2741.95
2789.54
2839.34
2891.88
2948.41
3013.66
3091.65
3153.86
3172.46
3171.56
3059.4
2797.5
2732.46
2748.95
2785.95
2830.23
2868.02
2899.3
2928.42
2958.06
2989.02
3021.17
3053.93
3086.36
3117.83
3149.42
3186.21
3238.99
3311.73
3351.07
3356.67
3312.46
3126.21
3006.1
3008.16
3026.61
3056.92
3086.18
3107.9
3126
3144.75
3165.9
3189.28
3213.67
3237.38
3259.32
3279.94
3301.7
3330.02
3374.84
3424.92
3441.48
3443.28
3396.73
3259.23
3193.3
3198.53
3213.76
3238.92
3266.32
3287.31
3303.44
3319.17
3337.12
3358.19
3381.32
3403.84
3423.61
3441.09
3459.17
3483.07
3521.06
3560.76
3573.9
3576.69
3543.52
3437.48
3376.15
3378.53
3390.07
3410.39
3436.16
3457.16
3471.31
3483.27
3496.36
3512.41
3531.85
3552.77
3572.05
3589.01
3605.97
3627.1
3659.46
3698.22
3716.44
3722.72
3710.05
3634.19
3554.05
3547.07
3555.71
3572.9
3597.72
3622.6
3638.89
3650.11
3660.9
3673.3
3688.72
3707.8
3728.03
3745.66
3760.79
3776.5
3797
3827.87
3859.28
3873.19
3880.73
3864.83
3795.01
3739.86
3741.49
3755.26
3777.38
3807.73
3836.81
3855.7
3870.12
3884.86
3901.27
3920.23
3942.39
3967.48
3992.49
4015.23
4036.7
4059.72
4088.61
4121.57
4137.26
4139.7
4124.63
4053.57
3967.62
3943.93
3935.3
3930.76
3932.67
3933.19
3920.94
3896.36
3869.19
3840.4
3810.06
3778.63
3745.73
3709.87
3669.08
3622.69
3572.74
3523.94
3480.66
3437.01
3368.67
3282.28
3165.34
3058.26
2992.89
2943.06
2909.08
2874.89
2824.18
2768.38
2714.15
2665.13
2620.96
2582.23
2546.91
2511.51
2475.9
2441.29
2401.18
2338.32
2256.51
2148.24
2035.97
1941.2
1846.04
1748.88
1638.48
1516.79
1402.06
1303.03
1220.83
1151.55
1082.62
991.763
879.119
764.575
673.784
611.168
581.996
576.008
580.265
584.889
584.138
574.816
551.079
518.001
478.627
441.874
414.568
394.975
379.573
369.214
361.778
359.107
358.491
359.795
360.684
359.894
357.93
355.597
354.736
354.645
355.276
356.034
355.924
355.413
354.56
354.026
353.917
353.956
354.047
353.971
353.774
353.551
353.47
353.469
353.597
353.703
353.656
353.512
353.257
352.992
352.867
352.809
352.763
352.727
352.702
352.693
352.713
352.789
352.902
352.955
352.928
352.861
352.748
352.583
352.399
352.275
352.22
352.183
352.155
352.139
352.136
352.138
352.131
352.096
352.044
351.975
3518.82
2893.8
2222.68
2097.89
2118.22
2175.31
2239.26
2332.57
2439.64
2560.47
2684.84
2773.99
2812.08
2840.23
2866.27
2885.07
2888.64
2801.32
2508.02
2380.8
2398.88
2442.71
2498.69
2553.37
2603.46
2650.58
2696.62
2743.04
2790.97
2841.15
2893.91
2950.33
3015.11
3092.21
3153.66
3171.89
3171.55
3064.12
2802.88
2733.54
2750.22
2787.43
2832.12
2870.12
2901.19
2929.86
2959.12
2990.1
3022.63
3055.79
3088.15
3119.13
3149.86
3185.17
3236.01
3306.67
3345.17
3351.4
3309.03
3126.81
3005.35
3006.65
3024.45
3054.36
3083.9
3106.11
3124.56
3143.44
3164.71
3188.39
3213.26
3237.61
3260.21
3281.37
3303.5
3331.99
3376.73
3426.51
3442.8
3444.61
3398.08
3260.23
3193.79
3199.08
3214.23
3239.34
3266.82
3288.02
3304.41
3320.34
3338.55
3359.93
3383.44
3406.54
3427.11
3445.53
3464.75
3490.18
3529.68
3568.95
3581.37
3583.59
3546.03
3435.24
3376.5
3379.34
3390.88
3411.23
3436.59
3457
3470.88
3482.78
3495.81
3511.72
3530.89
3551.42
3570.36
3587.19
3604.28
3625.91
3659.31
3698.98
3717.26
3723.55
3710.61
3634.11
3554.14
3547.52
3556.2
3573.35
3598.16
3622.99
3639.34
3650.76
3661.85
3674.56
3690.18
3709.08
3728.74
3745.58
3760.03
3775.19
3795.23
3826.02
3857.65
3871.36
3878.35
3861.87
3790.93
3734.74
3735.7
3748.51
3769.59
3798.72
3826.72
3844.89
3858.66
3872.73
3888.48
3906.94
3929.05
3954.33
3979.27
4001.75
4023.24
4046.94
4077.6
4112.65
4131.52
4137.3
4125.26
4057.16
3974.21
3954.22
3948.32
3946.31
3950.45
3953.47
3945
3924.83
3901.27
3875.83
3848.36
3818.86
3786.91
3750.86
3708.33
3658.84
3605.24
3552.05
3503.69
3455.62
3383.44
3294.05
3173.34
3059.9
2988.46
2933.38
2893.29
2853.18
2797.79
2737.53
2679.84
2627.75
2581.45
2542.24
2506.5
2471.03
2436.5
2404.62
2368.73
2310.86
2235.06
2134
2032.36
1951.18
1872.29
1794.42
1705.28
1605.61
1510.68
1426.58
1353.72
1287.47
1216.23
1120.15
982.536
826.617
690.2
593.748
539.908
519.676
519.381
522.149
523.556
520.737
509.086
491.331
465.58
437.308
413.261
393.649
378.431
368.227
361.708
359.573
359.23
360.517
360.717
359.597
357.356
355.25
354.662
354.678
355.505
356.126
355.937
355.338
354.454
354.01
353.929
353.992
354.042
353.942
353.708
353.49
353.425
353.449
353.621
353.743
353.698
353.56
353.312
353.034
352.87
352.794
352.736
352.69
352.663
352.663
352.71
352.831
352.974
353.025
352.994
352.923
352.811
352.651
352.463
352.31
352.229
352.184
352.152
352.133
352.132
352.144
352.153
352.134
352.084
352.02
3520.05
2950.79
2217.22
2097.5
2116.93
2174.62
2240.11
2335.12
2444.37
2567.1
2693.07
2783.54
2822.51
2850.07
2875.07
2893
2895.63
2799.12
2497.14
2380.61
2400.4
2445.68
2502.04
2556.41
2606.14
2653.06
2699.14
2745.79
2794
2844.32
2897.01
2953.35
3017.91
3094.35
3154.54
3171.93
3172.26
3069.09
2809.06
2735.83
2752.49
2789.54
2834.19
2872.1
2902.66
2930.61
2959.26
2989.96
3022.48
3055.79
3088.5
3119.42
3149.51
3183.14
3231.3
3298.64
3335.46
3342.19
3302.54
3126.52
3004.22
3005.3
3022.45
3052.1
3082.05
3104.8
3123.68
3142.89
3164.36
3188.25
3213.46
3238.4
3261.55
3283.1
3305.48
3334.05
3378.68
3428.04
3444.03
3445.84
3399.21
3261.15
3194.53
3199.74
3214.73
3239.64
3266.96
3288.07
3304.44
3320.48
3338.85
3360.53
3384.52
3408.19
3429.46
3448.79
3468.97
3495.55
3536.1
3575.21
3587.22
3588.83
3546.88
3431.58
3375.64
3378.85
3390.51
3410.95
3436.15
3456.31
3470.21
3482.29
3495.54
3511.54
3530.66
3551.02
3569.7
3586.26
3603.15
3624.71
3658.35
3698.24
3716.35
3722.55
3709.23
3632.23
3552.69
3546.43
3555.13
3572.13
3596.74
3621.33
3637.8
3649.6
3661.13
3674.37
3690.56
3709.75
3729.26
3745.91
3760.27
3775.31
3795.16
3825.98
3857.98
3871.64
3878.41
3861.79
3789.99
3732.8
3733.19
3745.2
3765.38
3793.34
3820.12
3837.44
3850.62
3864.19
3879.44
3897.43
3919.32
3944.62
3969.44
3991.59
4012.83
4036.52
4067.57
4103.25
4124.14
4132.37
4123.07
4057.89
3977.28
3960.15
3956.18
3955.97
3963.02
3968.64
3963.12
3946.45
3925.44
3902.21
3876.73
3848.83
3817.92
3782.52
3739.91
3688.95
3632.57
3575.8
3523.63
3471.85
3396.12
3303.17
3177.57
3058.94
2982.35
2923.1
2877.89
2834.27
2777.84
2714.96
2654.94
2599.78
2551.16
2509.48
2471.31
2433.99
2398.91
2368.11
2334.55
2279.68
2207.8
2112.6
2022.31
1955.02
1893.19
1835.41
1768.06
1690.76
1616.44
1548.83
1487.25
1425.84
1352.59
1248.94
1094.94
901.446
721.146
590.449
513.717
479.311
471.438
472.013
472.292
470.655
464.515
455.955
442.294
424.792
407.442
390.637
376.909
367.477
362.023
360.147
360.067
361.068
360.695
359.187
356.799
355.057
354.618
354.794
355.761
356.178
355.925
355.238
354.378
354.032
353.977
354.045
354.038
353.898
353.629
353.432
353.384
353.442
353.654
353.764
353.713
353.573
353.339
353.082
352.899
352.791
352.719
352.667
352.633
352.636
352.705
352.87
353.044
353.095
353.06
352.984
352.869
352.707
352.512
352.339
352.236
352.183
352.148
352.126
352.126
352.147
352.171
352.164
352.12
352.059
3520.91
2877.04
2216.52
2097.84
2119.62
2178.22
2244.02
2339.69
2449.7
2573.52
2700.87
2792.81
2833.48
2860
2884.06
2901.7
2903.56
2799.08
2490.86
2382.45
2403.27
2449.53
2506.09
2560.19
2609.61
2656.35
2702.41
2749.14
2797.39
2847.59
2900.12
2956.56
3021.48
3097.68
3156.4
3172.73
3173.81
3074.18
2815.43
2738.92
2755.39
2792.02
2836.37
2873.87
2903.74
2930.76
2958.6
2988.74
3021
3054.23
3086.87
3117.72
3147.21
3179.47
3225.01
3288.57
3323.6
3330.65
3294.3
3125.79
3003.08
3004
3020.87
3050.37
3080.76
3104.2
3123.61
3143.1
3164.72
3188.73
3214.18
3239.41
3263.03
3285.09
3307.85
3336.56
3381.06
3429.79
3445.35
3447.03
3399.98
3261.62
3195.16
3200.42
3215.41
3240.28
3267.59
3288.74
3305.22
3321.48
3340.2
3362.23
3386.53
3410.43
3431.86
3451.21
3471.48
3498.52
3539.86
3579.02
3590.64
3591.6
3545.86
3427.06
3373.84
3377.32
3389.22
3409.86
3435.12
3455.25
3469.3
3481.72
3495.37
3511.69
3530.98
3551.35
3569.95
3586.37
3603.01
3624.23
3657.38
3696.69
3714.24
3720.21
3706.5
3628.89
3549.89
3543.9
3552.5
3569.25
3593.57
3617.98
3634.69
3646.88
3658.81
3672.46
3689.01
3708.62
3728.4
3745.05
3759.41
3774.61
3795
3826.9
3860.07
3874.25
3881.08
3864.52
3791.67
3733.34
3733.38
3744.98
3764.77
3792.06
3817.81
3834.32
3846.85
3859.85
3874.65
3892.24
3913.76
3938.61
3962.75
3984.15
4004.74
4027.96
4058.85
4094.7
4116.69
4126.49
4119.03
4056.4
3978.22
3963.34
3960.81
3961.99
3971.04
3978.42
3974.63
3960.23
3940.97
3919.28
3895.08
3868.61
3839.62
3806.11
3764.52
3713.2
3655.19
3595.9
3540.43
3485.31
3406.51
3309.72
3178.85
3055.3
2974.44
2912.35
2864.45
2820.57
2766.13
2702.47
2640.48
2582.76
2531.79
2487.7
2447.07
2407.58
2371.2
2340.03
2306.36
2252.2
2181.75
2090.73
2010.06
1954.83
1906.92
1865.45
1816.27
1758.23
1701.14
1647.1
1594.43
1536.28
1460.3
1348.38
1181.42
964.322
752.159
594.224
499.805
454.39
439.785
436.943
435.195
432.395
427.169
422.142
415.624
407.127
397.716
386.086
375.207
367.15
362.595
360.796
360.797
361.334
360.517
358.717
356.348
354.999
354.656
354.994
355.98
356.184
355.858
355.112
354.338
354.096
354.062
354.108
354.039
353.841
353.535
353.373
353.345
353.445
353.687
353.766
353.708
353.565
353.343
353.116
352.949
352.818
352.714
352.65
352.61
352.611
352.695
352.899
353.106
353.159
353.122
353.042
352.919
352.745
352.538
352.353
352.238
352.18
352.144
352.119
352.119
352.146
352.183
352.185
352.147
352.091
3523.06
2949.88
2209.61
2100.31
2124.52
2184.48
2249.43
2344.29
2453.36
2577.01
2706.19
2799.49
2841.65
2867.33
2891.08
2909.6
2912.1
2803.17
2489.65
2385.73
2407.03
2453.81
2510.25
2563.9
2612.91
2659.35
2705.24
2751.89
2800.06
2850.19
2902.78
2959.63
3025.22
3101.31
3158.51
3174.08
3175.86
3078.89
2821.09
2742.04
2758.62
2794.73
2838.52
2875.35
2904.45
2930.61
2957.6
2987
3018.74
3051.65
3084.15
3114.83
3143.84
3174.87
3218.07
3278.51
3312.52
3320.08
3286.83
3125.03
3001.95
3002.78
3019.56
3049.02
3079.88
3104.08
3124.07
3143.86
3165.59
3189.67
3215.28
3240.87
3264.96
3287.41
3310.39
3339.1
3383.4
3431.46
3446.55
3448.08
3400.64
3262.13
3196.06
3201.42
3216.49
3241.43
3268.8
3289.99
3306.55
3323.07
3342.15
3364.39
3388.55
3411.99
3432.83
3451.76
3471.83
3498.94
3540.85
3580.18
3591.65
3592.06
3543.46
3422.65
3371.73
3375.65
3387.93
3409.04
3434.59
3454.81
3468.98
3481.62
3495.58
3512.24
3531.74
3552.12
3570.54
3586.57
3602.74
3623.41
3656.03
3694.63
3711.6
3717.43
3703
3624.51
3546.41
3540.73
3549.17
3565.68
3589.78
3614.17
3631.09
3643.54
3655.76
3669.81
3687.02
3707.35
3727.83
3745.21
3760.26
3776.16
3797.33
3830.09
3864.15
3878.78
3885.73
3869.17
3795.23
3735.8
3735.66
3747.15
3766.96
3794.04
3819.07
3835.08
3847.28
3859.92
3874.33
3891.48
3912.35
3936.36
3959.31
3979.41
3999.03
4021.62
4052.27
4087.97
4110.07
4120.67
4114.13
4053.86
3978.43
3965.25
3963.81
3965.9
3975.61
3983.38
3980.37
3967.2
3949.01
3928.34
3905.41
3880.62
3853.81
3822.46
3782.46
3731.81
3673.42
3612.74
3554.61
3495.18
3412.62
3312.01
3176.56
3048.84
2966.06
2903.28
2855.19
2812.19
2759.41
2696.46
2633.72
2575.02
2522.97
2477.58
2435.48
2394.41
2356.53
2324.03
2288.14
2233.91
2163.23
2074.22
1999.45
1952.46
1913.63
1882.88
1846.04
1800.61
1754.29
1708.51
1660.85
1604.11
1525.22
1406.33
1230.25
1001.86
773.008
599.69
494.413
441.438
421.729
415.914
412.19
408.072
402.508
398.612
395.213
391.967
388.308
381.443
373.671
367.094
363.198
361.369
361.29
361.369
360.193
358.219
356.051
355.036
354.776
355.246
356.137
356.151
355.737
354.969
354.332
354.182
354.171
354.167
354.043
353.769
353.435
353.315
353.311
353.467
353.722
353.765
353.699
353.547
353.329
353.132
352.991
352.86
352.725
352.635
352.592
352.588
352.682
352.918
353.154
353.212
353.172
353.088
352.957
352.768
352.548
352.355
352.235
352.177
352.139
352.112
352.111
352.142
352.191
352.201
352.168
352.115
3524.35
2849.73
2209.83
2102.21
2128.79
2188.66
2252.03
2345.69
2454.47
2578.58
2709.06
2803.33
2846.38
2870.91
2894.38
2913.97
2918.73
2809.94
2491.95
2388.9
2410.18
2457.11
2513.29
2566.47
2615.12
2661.32
2707.07
2753.63
2801.8
2852.04
2904.92
2962.35
3028.49
3104.42
3160.54
3175.33
3177.68
3082.31
2825.15
2744.82
2761.23
2796.86
2840.07
2876.39
2904.86
2930.43
2956.83
2985.62
3016.83
3049.46
3081.74
3112.13
3140.74
3171.07
3213.01
3271.76
3305.15
3312.87
3281.89
3124.66
3001.01
3001.7
3018.43
3047.83
3079.04
3103.71
3124.16
3144.39
3166.45
3190.82
3216.73
3242.66
3267.05
3289.69
3312.73
3341.28
3385.24
3432.66
3447.39
3448.82
3401.05
3262.54
3196.94
3202.37
3217.59
3242.72
3270.26
3291.55
3308.18
3324.79
3343.99
3366.28
3390.19
3413.03
3433.09
3451.33
3470.97
3498.13
3540.43
3579.97
3591.52
3591.57
3541.25
3419.81
3370.53
3374.81
3387.37
3408.73
3434.4
3454.62
3468.84
3481.61
3495.8
3512.71
3532.4
3552.79
3571.05
3586.86
3602.75
3623.1
3655.42
3693.38
3709.74
3715.39
3700.13
3620.79
3543.6
3538.23
3546.57
3562.91
3586.82
3611.13
3628.23
3641.02
3653.65
3668.25
3686.27
3707.51
3728.78
3746.88
3762.54
3778.93
3800.43
3833.32
3867.56
3882.27
3889.19
3872.72
3798.29
3738.16
3738.09
3749.79
3769.82
3796.85
3821.39
3837.22
3849.42
3862
3876.28
3893.27
3913.96
3937.65
3959.68
3978.35
3996.5
4017.73
4047.29
4082.61
4104.85
4115.68
4109.92
4052.11
3978.74
3966.4
3965.61
3968.21
3977.95
3985.54
3982.55
3969.58
3951.78
3931.67
3909.66
3886.31
3861.16
3831.23
3792.32
3742.48
3684.64
3624.29
3565.33
3502.55
3417.15
3311.71
3171.08
3041.94
2960.26
2898.03
2850.43
2807.14
2754.55
2692.8
2630.88
2572.82
2520.92
2475.26
2432.7
2390.87
2351.85
2317.94
2279.86
2224.92
2153.43
2064.64
1992.49
1949.57
1915.29
1889.61
1858.83
1819.82
1778.75
1736.95
1691.39
1634.64
1553.24
1429.9
1248.93
1016.88
783.156
603.804
493.215
436.098
413.234
406.289
401.612
396.788
390.969
387.405
385.107
383.98
382.885
378.652
372.877
367.382
363.799
361.859
361.567
361.184
359.768
357.78
355.894
355.123
354.935
355.499
356.221
356.098
355.605
354.847
354.362
354.268
354.273
354.223
354.045
353.699
353.354
353.266
353.286
353.498
353.749
353.764
353.685
353.521
353.312
353.146
353.026
352.897
352.741
352.622
352.573
352.566
352.667
352.931
353.19
353.25
353.209
353.121
352.98
352.78
352.55
352.352
352.231
352.172
352.134
352.105
352.103
352.137
352.194
352.209
352.18
352.127
3526.98
2940
2200.98
2101.99
2130.57
2191.11
2254.05
2347.25
2455.41
2579.75
2711.06
2805.89
2849.51
2873.86
2897.17
2917.24
2922.72
2813.64
2493.55
2391.01
2412.16
2458.89
2514.77
2567.74
2616.25
2662.35
2708.02
2754.52
2802.7
2853
2906.11
2964.06
3030.68
3106.54
3162.32
3176.9
3179.42
3084.4
2827.37
2746.51
2762.84
2798.18
2841.1
2877.04
2905.04
2930.1
2955.85
2983.95
3014.5
3046.49
3078.34
3108.52
3137.01
3167.15
3208.78
3267.36
3300.93
3308.78
3278.48
3123.73
2999.99
3000.51
3017.38
3046.88
3078.45
3103.57
3124.47
3145.14
3167.59
3192.27
3218.38
3244.39
3268.8
3291.46
3314.44
3342.78
3386.41
3433.49
3448.09
3449.52
3401.57
3263.07
3197.78
3203.23
3218.58
3243.86
3271.51
3292.72
3309.11
3325.4
3344.25
3366.25
3389.98
3412.69
3432.52
3450.49
3470.06
3497.29
3539.81
3579.42
3591
3590.96
3540.06
3418.36
3369.75
3374.19
3386.86
3408.31
3434.03
3454.29
3468.62
3481.54
3495.91
3513.05
3532.86
3553.26
3571.4
3587.02
3602.65
3622.68
3654.59
3691.97
3707.94
3713.58
3698.05
3618.24
3541.46
3536.31
3544.73
3561.05
3584.97
3609.25
3626.34
3639.25
3652.11
3667.12
3685.76
3707.86
3730.03
3748.87
3765.08
3781.9
3803.68
3836.71
3871.19
3886.18
3892.93
3876.4
3801.51
3741
3740.95
3752.64
3772.72
3799.64
3823.94
3839.74
3851.97
3864.44
3878.54
3895.39
3915.93
3939.4
3960.68
3978.42
3995.84
4016.29
4044.63
4079.31
4101.56
4112.67
4107.63
4051.38
3978.75
3966.3
3965.54
3968.1
3977.66
3985.15
3982.16
3969.3
3951.78
3932.1
3910.77
3888.42
3864.45
3835.87
3797.9
3748.24
3690.16
3629.62
3570.45
3505.33
3418.33
3308.5
3165.22
3036.89
2957.17
2895.77
2848.53
2805.08
2752.7
2691.91
2631.01
2574.02
2523.04
2477.72
2434.82
2392.05
2351.97
2317.41
2278.03
2222.33
2149.29
2059.67
1988.88
1947.4
1914.93
1891.39
1862.86
1825.63
1785.72
1744.67
1699.24
1641.75
1559.47
1434.7
1252.81
1020.92
786.604
605.49
492.894
434.345
410.695
403.566
398.937
394.298
388.537
384.976
382.816
382.18
381.664
378.066
372.818
367.656
364.197
362.173
361.581
360.861
359.419
357.551
355.866
355.216
355.064
355.641
356.232
356.05
355.528
354.802
354.42
354.336
354.325
354.241
354.033
353.644
353.311
353.241
353.278
353.522
353.761
353.76
353.671
353.506
353.31
353.161
353.044
352.91
352.74
352.605
352.557
352.553
352.664
352.947
353.218
353.273
353.228
353.136
352.99
352.78
352.544
352.345
352.224
352.164
352.126
352.097
352.097
352.134
352.194
352.213
352.189
352.139
)
;

boundaryField
{
    sides
    {
        type            zeroGradient;
    }
    inlet
    {
        type            zeroGradient;
    }
    outlet
    {
        type            zeroGradient;
    }
    empty
    {
        type            empty;
    }
}


// ************************************************************************* //
