/*--------------------------------*- C++ -*----------------------------------*\
| =========                 |                                                 |
| \\      /  F ield         | OpenFOAM: The Open Source CFD Toolbox           |
|  \\    /   O peration     | Version:  2306                                  |
|   \\  /    A nd           | Website:  www.openfoam.com                      |
|    \\/     M anipulation  |                                                 |
\*---------------------------------------------------------------------------*/
FoamFile
{
    version     2.0;
    format      ascii;
    arch        "LSB;label=32;scalar=64";
    class       volScalarField;
    location    "0.16";
    object      p;
}
// * * * * * * * * * * * * * * * * * * * * * * * * * * * * * * * * * * * * * //

dimensions      [1 -1 -2 0 0 0 0];

internalField   nonuniform List<scalar> 
6000
(
4.4262e+07
175170
130154
198960
219959
226879
230942
231009
227074
224732
221855
197675
134654
101138
98655
103621
112999
123924
133553
139784
143738
147065
150969
157679
170334
188888
208912
225542
233365
231599
223161
191833
136663
124492
130500
136002
140144
142606
145866
151396
158720
165530
169662
171768
173456
176769
183853
194527
206194
219307
229438
226536
215070
175349
136043
132328
136591
143754
149884
153228
154212
154526
155028
156220
158751
163132
169059
175377
180555
183832
185893
189299
195694
199549
197484
189353
162992
146320
146088
149462
153481
156924
158712
159572
160422
161664
163711
167063
171983
177561
182395
186023
187547
188000
190093
195274
197459
198834
192635
172885
159344
156369
155309
156303
158323
160249
161853
163462
164853
166339
168161
169892
170883
171278
171528
172136
174303
178448
180635
182397
180541
168009
155332
153421
152777
154081
156491
158435
159574
160700
162659
165835
169928
173640
175593
175937
175283
174370
173910
174953
177916
180721
181822
180909
173016
161158
157817
158302
159873
162867
165988
167929
169059
170178
172034
175295
180026
185057
188178
189411
189580
189246
188849
188678
187228
185672
181387
170280
160162
157983
157304
157453
158731
160375
161173
161283
161307
161681
162613
164300
166851
169541
171162
172009
172868
174157
176484
179658
181348
182148
180199
172181
163966
162779
163315
165006
168071
170352
171225
171507
171621
171959
172690
173806
175383
177131
178086
177734
176314
174519
172932
171922
171951
171659
171183
168756
161823
154825
153601
154244
155492
157827
160241
161333
161826
162164
162493
162972
163880
165547
168101
170780
172520
173527
174413
175594
177619
180013
180757
180092
175210
163614
156372
155578
155780
157124
159014
159472
159374
159033
158664
158466
158522
159244
161024
163796
166667
168383
168811
168845
169120
170380
173067
174637
174337
170346
162815
158002
157986
159737
163603
166652
167323
167340
167557
167993
169023
170854
173721
177232
179240
178399
176572
174770
173474
173146
171578
168320
160988
155870
155876
159699
164886
165737
164265
162741
161408
162899
171118
183978
4.42598e+07
183362
131222
199721
219905
226126
229735
229823
226504
224199
220418
196282
134332
100601
98206.1
103116
112434
123367
132998
139423
143698
147331
151550
158548
171149
189293
208539
224676
232793
231195
223785
193290
137553
124559
129696
134869
139276
142210
145860
151529
158422
164314
167945
169990
171936
175921
183500
194000
205084
217275
226848
224286
213485
175442
136386
132641
137104
144394
150533
153480
154238
154473
155054
156529
159509
164351
170620
176945
181685
184638
186855
190791
197596
201400
199281
191161
164621
147324
146946
150085
153860
157053
158657
159391
160143
161392
163595
167186
172172
177604
182003
184472
185593
186138
188598
194083
196409
197942
191767
172264
158867
156177
155420
156688
158957
160918
162390
163770
164946
166223
167857
169536
170640
171272
171852
172815
175349
179705
181839
183365
181340
168815
156152
154251
153895
155346
157858
159782
160785
161653
163203
165949
169716
173428
175720
176261
175851
175246
175043
176232
179272
181870
182861
181678
173371
161246
157950
158255
159664
162467
165387
167146
168163
169236
171036
174039
178200
182560
185358
186425
186586
186501
186808
187381
186824
186061
182939
172516
161591
159091
158299
158272
159380
160881
161603
161628
161575
161896
162850
164618
167265
169983
171533
172283
173005
174174
176408
179574
181312
182146
180310
172519
164064
162656
163083
164625
167508
169639
170428
170510
170469
170690
171193
172113
173522
175354
176654
176668
175724
174621
173778
173717
174441
174299
173586
170516
162861
155685
154434
155005
156150
158381
160703
161703
162162
162499
162864
163392
164349
166071
168736
171664
173609
174612
175403
176470
178343
180479
181047
180391
175589
164478
157845
157194
157407
158620
160099
160315
160110
159732
159387
159283
159436
160143
161705
164177
166914
168756
169323
169392
169671
170898
173490
174828
174387
170131
162556
157985
158035
159838
163746
166776
167345
167139
166889
167020
167666
169216
171967
175637
178376
178040
176408
174884
174086
174116
172651
169477
162267
157096
157002
160553
165444
165876
164076
162261
160843
162358
169442
181425
4.42693e+07
182426
133632
201371
220176
225493
228778
229133
226863
224009
218138
194249
134006
100070
97753.8
102524
111617
122331
132001
138983
143888
147980
152634
160018
172404
189514
207557
223651
232711
231424
225174
195018
137968
124464
128025
133100
138194
142098
146384
151915
157873
162607
165726
168012
170714
175541
183601
193838
203620
214248
222947
220500
210754
175775
137329
133394
138000
145265
151057
153354
153921
154142
154948
157051
160877
166267
172653
178356
182027
184651
187242
191868
199536
204008
202131
194325
167285
148815
148178
150909
154394
157322
158663
159174
159797
161104
163601
167496
172451
177379
180892
182168
182721
183580
186694
192708
195460
197059
190748
171450
158086
155686
155442
157271
160008
162002
163213
164207
165131
166225
167675
169268
170485
171328
172130
173354
176339
181079
183117
184310
182185
169663
157384
155730
155866
157517
160136
161959
162572
163054
164088
166102
169126
172531
175259
176491
176567
176295
176357
177824
181136
183465
184387
182888
173715
161130
158026
158117
159336
161952
164714
166309
167268
168422
170154
172546
175527
178761
181083
182253
182689
182928
183996
185786
186394
186425
184364
174971
163303
160351
159554
159509
160445
161674
162279
162241
162117
162371
163317
165117
167842
170641
172078
172706
173315
174326
176412
179578
181272
182051
180340
172869
164065
162432
162803
164240
166924
168906
169540
169361
169012
168835
168985
169621
170870
172870
174662
175240
175098
174768
174769
175582
176879
177137
176709
173428
164621
156982
155745
156172
157152
159234
161344
162206
162569
162822
163165
163739
164737
166482
169193
172309
174573
175787
176665
177736
179343
180997
181301
180483
175428
164777
159078
158718
159278
161025
162278
162249
161721
161066
160679
160644
160868
161521
162818
164844
167308
169224
169997
170183
170510
171745
174227
175149
174441
169795
162021
157608
157756
159724
163883
166979
167444
167063
166197
165896
165911
166748
168920
172706
176513
177493
176339
175173
174777
175276
174179
171306
164174
158684
158459
161741
166200
166498
164599
162512
161355
162887
167882
177556
4.4314e+07
150927
137122
203695
220203
224259
227256
228017
226590
223315
215748
192631
133847
99418.9
97364.9
102090
110873
121210
130771
138129
143569
148289
153726
161689
173797
189760
206626
222746
232787
231799
226538
196273
137927
124256
126355
131169
136838
141746
146631
151811
156598
160210
162972
165507
169035
174945
183161
192406
200467
209721
218331
216785
208503
176864
139011
134603
139297
146151
151428
153342
153588
153735
154924
157953
162886
168970
175046
179392
182088
184313
187139
192280
200783
206688
205429
198439
171108
150857
149837
152012
155137
157745
158719
158949
159365
160703
163490
167624
172495
176780
179287
179973
179983
180718
184056
190377
193656
195592
189340
170290
157057
154971
155252
157678
160941
162986
164035
164696
165374
166317
167689
169307
170744
171914
173134
174895
178492
183621
185636
186378
183990
171261
159146
157654
158175
159970
162537
164160
164498
164601
165113
166454
168662
171621
174729
176630
177276
177457
178011
180018
183680
185626
186375
184371
174089
161035
158132
157934
158857
161192
163741
165066
165841
166777
168092
169716
171749
174186
176398
177888
178878
179909
181863
184718
186142
186727
185389
176941
164924
161477
160725
160861
161880
162931
163304
163131
162961
163185
164150
165976
168762
171585
172868
173341
173784
174618
176597
179783
181408
182155
180547
173168
163858
161913
162196
163518
165905
167538
167711
167190
166574
166249
166354
167061
168658
171333
173761
174747
175162
175450
175945
177188
178885
179545
179428
176436
167214
159092
157797
158079
158954
160829
162533
163134
163297
163413
163672
164205
165193
166927
169703
173001
175477
176858
177850
178931
180194
181342
181373
180338
174932
164742
159995
159840
160804
163362
165468
165629
164953
163579
162568
162252
162346
162808
163840
165641
167930
169847
170800
171148
171581
172849
175200
175760
174727
169671
161679
157400
157570
159594
163835
166920
167261
166641
165252
164274
163728
163866
165442
169123
173970
176635
176201
175419
175412
176652
176325
173890
166888
160191
159419
162166
166814
167226
164882
162185
161171
162634
166049
173613
4.43737e+07
101172
141259
206136
220091
223009
225505
226524
225589
222244
214091
191785
133912
98966.9
97125.5
101822
110325
120192
129461
137113
143254
148743
154894
163390
175219
190238
206210
222207
232754
232017
227354
196893
137608
123770
124851
129493
135563
141117
146293
151008
154729
157609
160089
163077
167501
174046
181856
189919
196839
205630
214946
214563
207535
178768
141369
136236
140734
146796
151422
153193
153283
153455
155195
159296
165320
171840
176915
179852
181757
183485
186347
191794
201218
208474
207940
201771
174606
152629
151240
152937
155788
158160
158867
158824
159029
160339
163306
167598
172302
175970
177563
178010
177974
178797
182047
188339
191712
193732
187709
168787
155752
154067
154768
157646
161214
163357
164385
164966
165582
166587
168173
170107
171934
173534
175188
177384
181397
186790
188822
189223
186399
173049
161089
159820
160606
162420
164864
166077
166059
165858
166015
166828
168430
171117
174163
176559
177742
178483
179578
182218
186127
187763
188291
185824
174492
160934
158052
157541
158192
160277
162521
163550
164047
164695
165584
166637
168112
170169
172344
173971
175220
176670
179141
182872
185227
186445
185782
178230
166088
162197
161541
161871
163094
164263
164653
164393
164174
164397
165362
167171
169961
172628
173720
174076
174384
175107
177034
180275
181917
182649
180968
173096
163181
161017
161179
162382
164409
165631
165515
164843
164235
163992
164213
165151
167159
170265
172926
174260
175069
175750
176684
178557
180793
181615
181443
178538
169364
161112
159918
160199
161241
163129
164461
164634
164358
164137
164131
164437
165262
166883
169701
173228
175924
177420
178476
179563
180694
181438
181326
179959
174144
164432
160641
160611
161726
164474
167654
168575
168420
167397
165907
165009
164663
164712
165291
166674
168658
170508
171620
172176
172808
174203
176408
176606
175317
169900
161707
157587
157769
159758
163844
166644
166723
165858
164146
162655
161840
161694
162845
165992
170807
174803
175799
175577
175997
177885
178624
176591
170011
161287
159466
161325
165939
167331
165222
162369
161354
162208
163913
170366
4.43888e+07
88178.3
145721
208310
220089
222197
224075
225191
224398
221164
212769
190898
133462
98664.1
97112.9
101889
110184
119553
128298
135869
142501
148755
155663
164680
176430
190935
206466
222217
232607
231973
227462
196704
136726
122736
123511
128276
134630
140395
145371
149409
152443
154914
157482
160978
166001
172520
179804
187028
193676
203124
213515
214153
208234
181556
144125
137955
141968
147146
151347
153020
153161
153621
156034
161068
167777
174023
177809
179791
180997
182296
185117
190677
200817
209199
209252
203562
176883
153762
152002
153394
156092
158370
158955
158774
158924
160318
163399
167618
171788
174574
175733
176062
176241
177474
180991
187309
190322
191710
185733
166682
154020
152908
153974
157213
161036
163422
164570
165195
165915
167175
169198
171685
174065
176140
178134
180507
184671
189926
191657
191699
188291
174168
162239
161161
161913
163636
165825
166771
166688
166520
166688
167307
168599
170949
174002
176723
178471
179739
181179
184109
188065
189508
189841
187029
174921
160890
157896
157127
157619
159466
161312
162058
162374
162784
163418
164153
165411
167359
169417
170918
172140
173714
176408
180624
183611
185266
185250
178555
166546
162239
161730
162206
163836
165306
165876
165838
165755
166014
166904
168673
171442
173921
174938
175241
175436
176084
178069
181370
182978
183535
181417
172390
161987
159734
159713
160706
162336
163393
163448
163058
162656
162504
162800
163908
166325
169801
172562
174063
175178
176274
177618
179839
182160
183014
183008
180316
171207
162866
161738
162062
163392
165560
166904
166859
166172
165413
164999
165016
165567
166925
169472
172853
175590
177223
178380
179526
180668
181236
181145
179480
173252
163951
160797
160873
162085
164895
168446
170131
170311
170017
168959
167921
167337
167123
167353
168201
169678
171301
172484
173241
174130
175784
178048
178037
176509
170635
162126
158081
158195
160009
163807
166290
166095
164952
162942
161441
160691
160583
161570
164120
168129
172119
174450
175424
176555
178864
180509
178924
172729
162888
159058
159819
163654
166318
165233
162936
161951
162053
162746
167967
4.43668e+07
106349
150087
210267
220458
221953
223204
224230
223300
219869
210913
189153
132045
98585.4
97557.7
102479
110668
119611
127841
135130
141825
148478
155980
165530
177568
192062
207503
222816
232517
231697
226824
195313
135089
121243
122455
127582
134135
139772
144209
147578
150147
152617
155604
159716
165152
171742
178371
184608
191412
201839
213662
215395
210356
184841
146555
139457
142714
147123
151040
152730
153173
154193
157234
162880
169574
174913
177899
179280
179836
180821
183630
189213
199651
208801
209180
203685
177524
154113
152176
153560
156196
158388
158914
158735
159001
160604
163671
167556
171128
173353
174270
174579
175026
176625
180590
187067
189710
190176
183823
164308
152178
151663
153082
156551
160583
163152
164520
165467
166728
168717
171605
174984
178012
180345
182106
183877
187478
192371
193822
193681
189446
174217
162242
161269
161632
163122
165252
166363
166567
166704
167122
167815
169054
171239
174161
176849
178839
180477
182317
185451
189376
190762
190896
187806
175224
160894
157735
156840
157208
158758
160421
160962
161190
161506
161886
162431
163624
165596
167614
168986
170035
171463
174157
178542
181675
183517
183514
177319
165850
161414
161201
161930
163905
165926
166825
167077
167273
167760
168728
170481
173139
175502
176481
176757
176900
177614
179806
183026
184350
184492
181443
171016
160516
158334
158105
158822
160241
161608
162130
162093
161863
161773
162118
163408
166199
169898
172640
174191
175512
176898
178522
180809
183135
184049
184040
181325
172411
164256
163179
163534
165017
167420
169033
169138
168451
167388
166513
166128
166316
167317
169235
171893
174285
175937
177273
178627
179880
180485
180496
178708
172292
163329
160496
160617
161865
164714
168466
170543
170934
170914
170452
169813
169365
169179
169335
169945
171007
172228
173240
174089
175212
177117
179422
179352
177709
171632
162998
159058
159106
160708
164163
166308
165785
164378
162346
161051
160412
160385
161248
163274
166439
169978
172827
174874
176981
179692
181679
180493
174728
164941
159217
158816
161031
164105
164968
164038
163316
162758
162333
165967
4.441e+07
45218.3
154922
213232
221873
222696
223091
223596
222550
219089
209596
186120
128651
98322.5
97944.4
103075
111318
120076
128058
135054
141552
148209
155997
165985
178582
193447
208994
223651
232294
230898
225198
192932
133217
119893
121751
127241
133892
139179
143019
145832
148334
151117
154767
159462
165322
171658
177431
182775
189658
201222
214766
218069
213326
187869
148100
140219
142817
146551
150400
152389
153387
154985
158673
164284
170221
174755
177129
178046
178321
179294
182187
187752
198161
207240
207466
202191
176602
153560
151568
153215
155916
158180
158791
158664
159145
160958
164000
167559
170660
172555
173400
173746
174407
176312
180736
187286
189655
189236
182301
162164
150642
150560
152404
156004
160157
162930
164533
165887
167721
170622
174740
179328
182996
185190
186374
187331
189969
193870
194875
194651
189534
173250
161321
160284
160238
161447
163619
165145
165906
166521
167260
168094
169411
171512
174228
176812
178834
180611
182684
185939
190021
191518
191448
188114
175391
160894
157557
156644
156976
158424
159971
160510
160724
160928
161050
161497
162718
164757
166760
168020
168900
170118
172668
176974
180003
181818
181578
175288
164083
160051
160210
161157
163441
166031
167412
167992
168492
169179
170327
172274
174983
177253
178181
178444
178603
179422
181743
184640
185298
184835
180900
169182
158983
157016
156623
157165
158628
160489
161481
161726
161718
161773
162262
163743
166812
170707
173408
174907
176117
177420
178975
181202
183744
184825
184822
182047
173247
165246
164076
164322
165842
168498
170450
170876
170374
169445
168508
167841
167679
168184
169425
171159
172763
174062
175336
176851
178301
179062
179240
177560
171235
162494
159771
159911
161127
163853
167731
170245
170818
170886
170698
170540
170433
170464
170759
171376
172279
173280
174121
174926
176153
178161
180340
180160
178436
172222
163558
159774
159754
161128
164294
166485
165959
164597
162831
161635
161005
160895
161494
163050
165616
168830
171898
174469
177144
180037
181853
180873
176062
166588
159462
158383
158990
161586
164041
164686
164387
163428
162278
164665
4.44055e+07
44648.2
158019
215915
224304
224534
223970
223990
223045
219990
209624
182392
123395
97659.2
97961
103525
112013
120781
128490
135168
141409
147947
155773
166128
179401
194869
210451
224153
231601
229654
223338
190451
131577
119026
121371
127126
133679
138555
141872
144527
147252
150587
154879
160181
166210
171935
176828
181520
188581
200972
215935
220860
216147
190257
149015
140344
142177
145588
149652
152163
153732
156055
159930
164917
169877
173600
175528
176416
176839
178050
181156
186890
197206
205360
204609
199014
174098
152257
150330
152520
155369
157767
158464
158415
159166
161345
164548
167947
170685
172358
173167
173620
174506
176693
181573
187992
189989
188767
181169
160532
149627
149779
152130
155983
160248
163165
164912
166565
168894
172502
177457
182775
186782
188764
189559
190185
191970
194665
194918
194475
188446
171401
159720
158376
158032
159206
161536
163528
164764
165797
166903
168059
169565
171670
174189
176545
178523
180376
182612
185975
190213
191840
191468
187995
175280
160736
157252
156490
157027
158588
160185
160825
160906
160902
160894
161323
162579
164668
166641
167802
168542
169575
171932
175954
178652
180238
179508
172800
161829
158364
158872
160121
162695
165692
167569
168501
169240
170117
171475
173703
176589
178758
179584
179859
180113
180987
183068
185296
185673
184864
179980
167122
157686
156052
155638
156285
158000
160132
161435
161968
162214
162502
163172
164827
168059
172053
174664
175881
176715
177750
179156
181346
183915
185100
185127
182315
173722
165902
164629
164738
166227
168890
170966
171740
171439
170752
170117
169721
169536
169583
170007
170788
171638
172479
173476
174825
176317
177179
177511
176059
170004
161484
158795
158997
160158
162672
166432
169204
170121
170344
170424
170423
170639
171084
171690
172437
173300
174169
174955
175807
177115
179082
180870
180555
178661
172237
163558
159921
159853
160982
163827
166332
166425
165435
164117
163073
162420
162138
162349
163315
165401
168545
171819
174510
177004
179551
181302
180417
176495
167635
159671
157978
157733
159756
163062
164968
165148
164186
162574
163726
4.43794e+07
77117.5
156199
217165
227776
227917
226084
225361
224606
222308
210934
178448
117664
96742.4
97651.1
103766
112751
121836
129515
135788
141531
147737
155584
166338
180316
196344
211697
223958
230368
228165
221772
188515
130484
118610
121253
127126
133474
137940
140984
143696
146820
150744
155695
161510
167409
172576
176898
181277
188370
201107
216704
222354
217789
191632
149275
139909
140971
144508
149072
152220
154463
157089
160573
164724
168632
171670
173654
174871
175774
177403
180775
186742
196744
203536
201609
195418
170857
150584
148980
151846
154719
157093
157892
158054
159174
161768
165276
168710
171209
172759
173574
174143
175246
177744
183013
189194
190745
188826
180316
159306
149213
149648
152579
156823
161165
163889
165465
167149
169767
173834
179139
184552
188527
190435
191086
191643
192796
194455
194303
193582
186676
169373
158067
156519
156016
157111
159520
161733
163283
164668
166169
167696
169458
171632
174116
176295
178038
179778
182097
185565
189890
191630
190974
187436
174829
160335
156886
156449
157331
159392
161187
161747
161673
161499
161483
161941
163225
165318
167165
168134
168705
169585
171732
175387
177675
178863
177527
170242
159459
156594
157292
158865
161817
165217
167435
168619
169488
170542
172151
174694
177778
179920
180654
180911
181214
182026
183685
185294
185300
184061
178373
165393
157125
155853
155555
156326
158139
160450
161963
162699
163212
163764
164709
166492
169608
173463
175869
176599
177036
177777
179022
181130
183645
184833
184890
182067
173733
166171
164853
164838
166297
168941
170944
171781
171718
171322
171038
170994
171154
171230
171119
170940
170954
171368
172128
173319
174732
175526
175807
174401
168543
160304
157770
158111
159280
161667
165236
167854
168819
169301
169734
170208
170789
171477
172295
173198
174072
174866
175644
176587
178021
179924
181067
180663
178416
171660
162988
159570
159461
160396
163021
165960
166917
166320
165449
164727
164197
163876
163850
164410
166031
168917
172259
174851
176759
178602
180018
179270
176199
168329
159999
157676
156952
158663
162359
165086
165719
164944
163297
163481
4.43185e+07
150328
152882
217591
231518
231743
228643
227276
226764
225477
213000
174642
112672
95759
97126.6
103785
113287
122722
130271
136203
141597
147637
155681
166940
181549
197805
212593
223076
228789
226559
220489
187367
130063
118630
121425
127214
133277
137411
140390
143311
146838
151346
156884
162972
168760
173600
177682
182034
188861
201187
216566
222220
218139
191977
148833
138824
139668
143647
148816
152656
155298
157711
160525
163738
166806
169569
171887
173682
175227
177378
181113
187262
196480
201967
199122
192236
167701
148996
147801
151255
154033
156236
157055
157458
159023
162137
166077
169647
172049
173517
174330
175033
176352
179125
184686
190798
191940
189439
179898
158455
149341
150185
153789
158278
162349
164544
165752
167353
170179
174534
179833
184983
188328
189683
190081
190603
191658
193062
192646
191699
184705
168124
156672
154823
154138
155200
157652
160086
161862
163511
165310
167123
169142
171506
173966
175984
177485
178999
181232
184741
189125
190964
190124
186581
174189
159849
156614
156618
157751
160165
162397
163071
163028
162857
162876
163326
164580
166553
168097
168748
169143
169896
171830
175076
177027
177776
175933
168082
157510
155042
155819
157614
160910
164738
167214
168501
169474
170669
172534
175337
178539
180593
181255
181480
181756
182481
183766
184611
184190
182350
176368
164521
157365
156285
156128
157040
159058
161495
163000
163827
164539
165318
166390
168093
170896
174317
176330
176842
177025
177451
178523
180488
182913
184064
184160
181461
173355
165981
164675
164590
165982
168575
170529
171302
171504
171458
171420
171449
171698
172192
172264
171767
171227
171177
171729
172714
173910
174441
174515
172856
166929
159060
156837
157403
158599
160939
164306
166646
167553
168082
168671
169413
170312
171446
172626
173698
174577
175330
176114
177134
178720
180546
181054
180501
177894
170590
161912
158812
158725
159604
162211
165634
167373
167075
166498
166011
165689
165515
165558
166066
167501
170116
173176
175327
176486
177447
178337
177525
175161
168195
159895
157069
156201
157967
162014
165335
166359
165760
164197
163717
4.43381e+07
144513
150847
218506
234667
235216
231423
228863
228464
228114
215000
171451
109171
95038
96776.4
103889
113854
123655
131093
136623
141642
147646
156125
168103
183065
199082
213059
221955
227076
225179
219841
187189
130406
119072
121812
127258
132958
136979
140093
143306
147246
152185
158028
164217
169965
174825
179066
183405
189854
201117
215508
220289
216914
191521
148101
137644
138792
143302
149045
153349
155929
157855
159956
162311
164989
167831
170556
172944
175174
177878
181961
188187
196321
200819
197414
189745
164924
147495
146709
150693
153406
155473
156274
156876
158779
162319
166762
170564
173068
174526
175248
175978
177442
180472
186304
192632
193659
190741
179937
158019
149884
151018
155009
159655
163555
165392
166310
167807
170631
174822
179648
183971
186526
187287
187362
187701
188793
190460
190336
190094
184369
168110
155864
153829
153121
154188
156623
159093
160943
162675
164596
166542
168667
171192
173753
175728
177095
178405
180402
183742
188044
189919
189107
185666
173644
159416
156323
156805
158161
160823
163524
164530
164728
164835
165114
165671
166735
168166
169145
169488
169737
170455
172295
175181
176802
177016
174644
166336
156105
153937
154723
156637
160157
164278
166998
168443
169422
170604
172569
175462
178626
180540
181195
181429
181706
182314
183061
183138
182318
180230
175029
164855
157978
156974
157006
158156
160588
163181
164507
165193
165813
166535
167471
168931
171372
174523
176324
176741
176738
176879
177693
179471
181800
182886
183051
180490
172605
165424
164199
164119
165439
167926
169779
170471
170528
170428
170527
170939
171616
172331
172872
172972
172710
172469
172539
173007
173766
173962
173799
171707
165400
157944
156098
156842
158113
160419
163604
165715
166530
166990
167531
168377
169626
171133
172559
173729
174701
175493
176292
177381
179065
180726
180819
180137
177252
169294
160661
157930
157924
158831
161470
165199
167543
167648
167313
166927
166704
166693
166903
167606
169216
171817
174515
175995
176165
176164
176554
175770
174142
168172
160213
156997
156022
157974
162356
166009
167173
166562
165057
164333
4.43576e+07
139113
150384
219399
236799
237375
233287
229570
228860
228989
215812
169028
107084
94721.4
96697.9
104091
114307
124302
131748
137073
141891
147997
157006
169621
184667
200017
213157
220974
225387
223841
219395
188026
131617
119860
122229
127247
132663
136690
140051
143651
147954
153148
158936
164957
170739
175988
180574
184989
190717
200762
213699
217305
214247
190298
147355
136647
138355
143258
149455
153919
156267
157687
159038
160922
163615
166692
169747
172580
175435
178649
182892
189048
196352
200216
196448
188079
162785
146237
145814
149951
152733
154810
155649
156423
158623
162503
167189
171149
173821
175368
176142
176923
178499
181717
187662
194151
195483
192375
180370
158056
150724
152003
155993
160571
164129
165698
166471
167899
170688
174596
178584
181841
183463
183707
183652
183888
185266
188136
189018
189367
184710
169186
155871
153631
152940
153957
156302
158702
160571
162258
164168
166117
168365
171045
173762
175815
177102
178215
179874
182805
186830
188673
188080
184891
173462
159302
156293
157003
158471
161213
164220
165802
166435
166930
167615
168556
169599
170359
170678
170571
170558
171180
172887
175457
176742
176520
173781
165258
155520
153563
154363
156342
159940
164100
166877
168295
169261
170388
172185
174837
177916
179864
180525
180727
180798
180956
181239
181195
180507
179030
174933
165650
158620
157673
157936
159351
162243
165023
166173
166640
167040
167571
168312
169493
171502
174315
175984
176349
176224
176196
176721
178264
180482
181436
181636
179218
171545
164614
163544
163535
164833
167245
168998
169583
169333
169051
169104
169628
170534
171707
172919
173702
174064
174172
174234
174508
174702
174391
173712
171160
164404
157303
155782
156625
157954
160264
163358
165283
165915
166207
166574
167265
168438
170110
172062
173664
174700
175476
176211
177296
178984
180446
180336
179593
176586
168170
159684
157299
157371
158332
160971
164791
167431
167796
167646
167450
167351
167398
167745
168704
170674
173611
176152
176522
175656
174955
175205
174674
173551
168181
160493
157132
156199
158364
163202
167223
168269
167367
165784
165051
4.43586e+07
147932
151492
220099
237374
238015
233576
228846
227537
227565
214849
166781
105683
94643.2
96856.9
104384
114585
124469
131864
137208
142208
148758
158340
171372
186117
200668
213089
220247
224053
222703
219263
189690
133437
120779
122601
127225
132490
136671
140403
144373
148941
154025
159440
165234
171242
176992
181995
186286
191130
199916
211549
214332
210983
188752
146878
136117
138435
143553
149684
153935
156063
156984
158081
160090
162982
166209
169448
172590
175819
179264
183536
189674
196631
200070
196126
187127
161221
145421
145258
149333
152210
154288
155126
156062
158528
162653
167556
171638
174477
176216
177083
177910
179576
182975
189196
195769
197251
193995
180951
158366
151566
152856
156336
160635
163998
165484
166316
167747
170303
173523
176612
178806
179631
179636
179628
180208
182304
186402
188287
189096
185590
171097
156566
154006
153364
154366
156652
158997
160863
162465
164291
166074
168227
170992
173893
175983
177203
178146
179428
181844
185481
187356
187036
184280
173695
159671
156496
157229
158687
161490
164815
166870
167956
168846
169680
170961
172583
173645
173904
173407
172953
173014
174085
176072
177120
176694
173787
165004
155635
153900
154720
156712
160340
164415
166981
168302
169175
170174
171652
173824
176535
178408
179077
179002
178643
178541
179007
179721
179881
179117
175525
166498
159227
158339
158822
160429
163581
166375
167389
167739
167986
168330
168945
169891
171514
173928
175450
175752
175574
175474
175856
177280
179303
180047
180202
177764
170147
163512
162670
162805
164180
166610
168209
168298
167893
167440
167484
168065
169010
170557
172648
174389
175211
175554
175946
176555
176581
175957
174722
171456
164059
157077
155781
156667
158025
160390
163526
165281
165694
165776
165893
166311
167160
168643
170750
172875
174336
175169
175882
176851
178406
179795
179653
178944
176059
167628
159260
157054
157188
158192
160811
164597
167265
167602
167463
167367
167415
167629
168138
169272
171467
174758
177417
177223
175810
174608
174772
174511
173602
168334
160647
157238
156519
159032
164306
168496
169186
167964
166257
165584
4.4374e+07
133033
154237
220576
236632
237207
232560
227176
224780
224054
212229
164281
104401
94606.5
97170.5
104686
114602
124082
131410
137007
142510
149775
159967
173051
187256
201118
213075
219871
223299
222085
219566
191807
135500
121600
122802
127119
132452
137025
141213
145540
150026
154534
159412
165073
171436
177786
183088
187034
190998
198535
209273
211914
208255
187581
146853
135843
138367
143636
149501
153299
155001
156089
157611
159992
163126
166491
169801
172947
176126
179620
183811
189936
196967
200241
196252
186840
160393
145117
145128
148880
151927
154114
155009
156062
158713
162984
167879
171938
174833
176699
177731
178633
180289
183678
190121
196779
198407
195193
181407
158648
152238
153296
155996
159947
163121
164653
165674
167164
169383
171864
174155
175546
175983
175953
176037
176941
179675
185031
187989
189147
186575
173265
157745
154803
154278
155321
157648
160000
161771
163358
165033
166518
168476
171248
174320
176445
177478
178151
178966
180790
183947
186043
185969
183777
174313
160584
156919
157582
158920
161744
165350
167824
169142
170163
171234
172621
174553
176307
177137
177065
176740
176751
177639
178828
178998
177956
174529
165376
156246
154719
155557
157566
161223
165160
167253
168076
168657
169482
170729
172433
174564
176128
176650
176398
176145
176457
177732
179523
180116
179593
176313
167271
159802
158997
159635
161288
164484
167196
168035
168248
168367
168601
169074
169923
171346
173507
174978
175194
174978
174907
175293
176624
178468
178996
178928
176300
168539
162151
161549
161864
163351
165708
166992
166816
166397
166053
166190
166814
167788
169474
172057
174434
175681
176395
177131
178043
178633
178123
176867
173087
164687
157412
156154
156964
158243
160693
163900
165442
165676
165516
165384
165459
166086
167308
169264
171643
173461
174403
175015
175941
177486
178808
178847
178333
175829
167875
159366
157132
157317
158372
161013
164710
167121
167241
166952
166780
166851
167208
167953
169354
171724
175013
177636
177861
176742
175759
175913
175507
174480
168904
160874
157425
157020
160021
165679
169576
169798
168354
166500
165888
4.44448e+07
44952
159438
222011
235211
235284
230568
224917
221254
219257
208305
161088
102917
94750.5
97571.4
104874
114167
122965
130250
136447
142885
151005
161803
174606
188029
201274
213129
219917
222943
222014
220354
193910
137269
122071
122663
126803
132531
137769
142509
146969
150926
154620
158957
164572
171419
178308
183681
187149
190274
196700
206739
209907
206208
187038
147369
135641
138274
143205
148465
151747
153428
155007
157418
160616
164141
167534
170619
173434
176269
179457
183711
190037
197309
200521
196663
187098
160270
145292
145359
148696
151924
154409
155582
156751
159261
163237
167850
171892
174899
176930
178161
179150
180624
183725
190198
196895
198666
195827
181664
158811
152717
153168
155071
158645
161735
163490
164776
166264
168020
169814
171518
172676
173093
173205
173495
174580
177711
183890
187909
189296
187411
175193
159016
155688
155376
156567
159114
161565
163209
164776
166302
167555
169309
172084
175192
177076
177759
178088
178456
179711
182403
184837
184944
183451
175319
161937
157550
158081
159225
161937
165455
168012
169605
170970
172197
173603
175693
177957
179270
179642
179845
180448
181783
182850
182673
180986
176640
166549
157428
155942
156649
158613
162403
165976
167147
167446
167711
168288
169204
170421
171902
173275
174007
174202
174450
175302
177230
179577
180400
180142
177104
168033
160349
159536
160271
161930
165110
167604
168228
168265
168200
168299
168708
169569
171160
173608
175191
175387
175088
174885
175158
176404
178128
178453
178024
174884
166279
160045
159657
160160
161813
164360
165588
165459
165227
165170
165480
166249
167262
168950
171451
173827
175339
176370
177506
178944
180137
180078
179286
175744
166681
158516
157015
157625
158775
161309
164353
165595
165633
165233
164830
164682
165007
165930
167540
169816
171953
173185
173880
174744
176262
177771
178148
177899
175787
168489
159887
157494
157696
158780
161387
164845
166892
166804
166311
165978
165954
166319
167159
168691
171180
174472
177232
177949
177457
177142
177704
177292
175996
169766
161222
157669
157659
161176
167035
170385
170118
168693
166852
166402
4.44331e+07
47947.5
164056
222910
233905
233375
228736
222876
217779
214325
203642
156986
101479
95040.1
97992
104891
113263
121192
128393
135353
143089
152331
163708
176092
188652
201407
213163
220130
222889
222397
221234
195745
138559
122000
122126
126367
132835
138906
144158
148368
151493
154393
158270
163957
171225
178411
183645
186613
189099
194781
204280
208037
204547
187052
148545
135797
138307
142344
146739
149600
151428
153765
157356
161736
165840
169151
171810
174093
176435
179350
183639
189968
197425
200643
197093
187441
160311
145258
145374
148638
152214
155147
156686
157858
159951
163399
167734
171849
174999
177146
178500
179411
180614
183268
189479
196286
198057
196038
181751
158773
152933
152457
153860
157073
160088
162082
163628
165067
166382
167748
169202
170446
171101
171467
172005
173192
176446
183042
187958
189479
188107
176809
160294
156507
156470
157915
160860
163586
165155
166641
167970
169111
170756
173535
176381
177744
177987
177881
177866
178707
181043
183826
184109
183294
176535
163563
158284
158594
159520
162107
165534
168121
169781
171340
172743
174259
176396
178948
180571
181133
181543
182489
184566
186613
186957
185562
180781
169174
159255
157709
158179
159925
163397
165908
166499
166370
166269
166458
167013
167854
169145
170874
172258
172976
173559
174627
176915
179644
180590
180564
177839
168882
160921
159965
160763
162355
165351
167606
168102
167998
167795
167793
168133
169034
170848
173662
175678
176104
175941
175734
175898
176931
178356
178354
177414
173308
163716
157775
157505
158141
159737
162340
163937
164257
164522
164813
165383
166254
167335
168983
171064
172950
174332
175493
176980
179102
181020
181478
181126
178404
169772
160667
158570
158819
159864
162223
164609
165461
165199
164532
163708
163413
163539
164296
165639
167778
170223
171890
172787
173668
175227
177021
177716
177697
175990
169316
160654
158043
158246
159315
161865
165077
166708
166373
165640
165106
164927
165171
165944
167473
170062
173571
176748
178147
178233
178437
179595
179469
178077
171196
161912
158176
158466
162389
168244
170847
170163
168876
167019
166791
4.44114e+07
56772
167721
223828
233339
232243
227760
221751
215415
210227
198751
152332
100282
94924.7
98449.9
104768
112011
119070
126116
133777
142799
153533
165459
177363
189171
201543
213135
220278
223204
223366
222270
197308
139436
121453
121324
125955
133350
140327
145862
149465
151746
154001
157570
163361
170878
178140
183089
185682
187858
193138
202157
206393
203173
187444
150065
136135
138419
141365
144927
147269
149160
152361
157313
163136
167862
171111
173302
175014
176791
179432
183621
189622
197290
200640
197241
187627
160560
145138
145255
148618
152698
156132
157840
158826
160440
163408
167482
171770
175269
177635
178921
179516
180306
182650
188480
195397
197051
196016
181610
158496
152696
151530
152611
155464
158421
160440
162354
163816
164780
165918
167383
168849
169861
170526
171197
172433
175620
182280
187851
189507
188540
177986
161368
157081
157389
159214
162612
165639
167335
168805
169979
171028
172595
175132
177325
178146
178017
177545
177266
177825
179982
183087
183607
183306
177707
165194
158990
159029
159759
162180
165551
168233
169878
171481
172972
174586
176840
179614
181632
182591
183275
184467
186874
189697
190716
189956
185820
173463
161948
159884
159994
161292
163727
165230
165297
164742
164175
164035
164481
165416
167104
169399
171212
172180
172950
174219
176752
179670
180651
180761
178395
169765
161567
160361
161175
162636
165307
167328
167798
167690
167465
167426
167742
168694
170670
173634
176047
176846
177062
177149
177469
178252
179050
178430
176824
171404
160767
155348
155091
155787
157394
160133
162541
163525
164308
164946
165828
166685
167687
169035
170633
172062
173171
174255
175859
178513
181383
182536
182611
180611
172889
163319
160660
160564
161430
163167
164534
164818
164292
163474
162545
162090
162118
162672
163785
165810
168514
170701
171949
172989
174601
176571
177498
177633
176287
170309
161667
158756
158922
159944
162378
165191
166401
165876
165003
164284
163930
164030
164701
166179
168804
172481
175949
177777
178392
179261
181243
181587
180221
172883
162842
158863
159303
163385
169043
171029
170103
168845
167146
167156
4.44107e+07
52477.8
171466
225092
232865
231525
227227
221181
214018
207531
195095
148851
99375.4
94517.3
98936.1
104660
110970
117236
124013
132202
142476
154455
166906
178442
189641
201569
212527
219714
223349
224090
223077
198460
139996
120616
120363
125528
133880
141645
147433
150358
151869
153618
156944
162843
170517
177795
182507
184914
186961
191991
200611
205209
202219
187921
151472
136471
138519
140658
143649
145302
146915
150792
156943
164354
170016
173177
174875
175994
177178
179590
183673
189184
196832
200652
197193
187549
160756
145029
145188
148698
153316
157166
158949
159748
160969
163471
167237
171615
175516
178133
179256
179506
179955
182130
187730
194580
195916
195687
181296
158188
152455
150810
151651
154152
156966
159178
161257
162926
163626
164640
166283
168035
169347
170228
170994
172284
175411
181963
187859
189579
188860
178708
162009
157439
158082
160194
163901
167162
169031
170535
171694
172795
174396
176514
178034
178421
177993
177261
176768
177125
179212
182584
183376
183372
178580
166500
159619
159463
160101
162408
165607
168002
169755
171267
172848
174559
177126
180224
182387
183412
184167
185399
188026
191699
193270
192822
189351
177366
164813
162203
161885
162639
163868
164462
163869
162880
162070
161931
162538
163754
165848
168447
170477
171678
172678
174148
176771
179641
180620
180772
178721
170545
162182
160678
161500
162784
165106
166981
167505
167432
167193
167106
167373
168352
170481
173666
176248
177340
177948
178490
179249
180056
180274
179082
176591
169066
157670
153174
152936
153596
155394
158565
161714
163342
164552
165455
166496
167388
168337
169368
170393
171333
172202
173193
174783
177649
181400
183200
183517
182064
175071
165240
162368
162212
163095
164332
164974
164461
163464
162159
161071
160552
160621
161179
162295
164376
167300
169921
171554
172796
174408
176362
177407
177623
176450
171060
162608
159458
159550
160504
162786
165303
166196
165551
164609
163790
163366
163319
163844
165218
167797
171459
175022
177199
178367
179897
182571
183327
181992
174361
163701
159483
159962
164023
169263
170787
169838
168552
167269
167609
4.43817e+07
52900.7
173024
226222
232819
230934
226474
220420
212866
205653
192398
146246
98216.7
93842.2
98860.7
104408
110278
116063
122530
130816
141686
154543
167509
179221
190046
201448
212025
219368
223513
224719
224002
199601
140445
120188
119701
125018
133954
142279
148404
151066
152208
153524
156580
162415
170093
177347
182001
184328
186316
191319
199822
204434
201519
188013
152169
136679
138609
140304
143004
144300
145511
149609
156576
164789
171492
174679
176164
176907
177560
179689
183522
188581
196033
200507
197303
187652
161046
145211
145241
148772
153680
157923
159798
160481
161496
163738
167296
171542
175439
178163
179372
179624
179889
181923
187395
194244
195181
195068
180875
157893
152233
150386
150901
153028
155591
157858
160035
161967
162717
163774
165496
167343
168755
169743
170570
171885
174958
181485
187578
189369
188833
178868
162254
157674
158465
160803
164844
168362
170378
171863
172997
174027
175549
177347
178528
178659
177865
176927
176304
176675
178881
182430
183428
183650
179207
167203
159978
159720
160289
162510
165561
167560
169398
170912
172817
174723
177487
180736
182993
184087
184957
186396
189291
193288
195384
195097
192014
180310
166921
163872
163340
163544
164057
163597
162295
161105
160495
160589
161425
162843
165130
167905
170115
171517
172685
174252
176868
179648
180593
180733
178885
170995
162495
160822
161639
162827
164964
166748
167299
167270
167052
166969
167246
168283
170548
173835
176515
177941
178816
179546
180399
181165
180996
179473
176197
167034
155368
151495
151295
152040
154076
157605
161187
163263
164748
165947
167017
167931
168756
169500
170079
170548
171154
172182
173983
177171
181427
183865
184477
183350
176765
166707
163692
163338
164092
165112
165289
164208
162662
160868
159644
159139
159285
159930
161160
163369
166491
169407
171288
172660
174319
176289
177483
177800
176821
171791
163390
160063
160057
160887
163016
165323
166009
165310
164309
163406
162902
162761
163192
164517
167101
170805
174505
176996
178536
180453
183581
184661
183300
175429
164394
159925
160365
164251
169286
170730
169840
168463
167543
168128
)
;

boundaryField
{
    sides
    {
        type            zeroGradient;
    }
    inlet
    {
        type            fixedValue;
        value           uniform 100000;
    }
    outlet
    {
        type            zeroGradient;
    }
    empty
    {
        type            empty;
    }
}


// ************************************************************************* //
