/*--------------------------------*- C++ -*----------------------------------*\
| =========                 |                                                 |
| \\      /  F ield         | OpenFOAM: The Open Source CFD Toolbox           |
|  \\    /   O peration     | Version:  2306                                  |
|   \\  /    A nd           | Website:  www.openfoam.com                      |
|    \\/     M anipulation  |                                                 |
\*---------------------------------------------------------------------------*/
FoamFile
{
    version     2.0;
    format      ascii;
    arch        "LSB;label=32;scalar=64";
    class       volScalarField;
    location    "0.16";
    object      rho;
}
// * * * * * * * * * * * * * * * * * * * * * * * * * * * * * * * * * * * * * //

dimensions      [1 -3 0 0 0 0 0];

internalField   nonuniform List<scalar> 
6000
(
48.0834
0.263864
0.233443
0.284868
0.300066
0.305437
0.309143
0.309283
0.305137
0.301407
0.296536
0.271307
0.205697
0.168666
0.16526
0.170438
0.180483
0.191888
0.201468
0.207166
0.210322
0.212687
0.215514
0.221093
0.232503
0.249305
0.266544
0.279458
0.28458
0.28225
0.273202
0.243521
0.191264
0.179252
0.184785
0.189633
0.193117
0.194967
0.197604
0.202382
0.208779
0.214574
0.217781
0.21908
0.219999
0.222385
0.228106
0.236877
0.246191
0.2563
0.263924
0.261034
0.25057
0.215701
0.180156
0.176463
0.180069
0.186263
0.191422
0.193971
0.1944
0.194275
0.194324
0.194955
0.196731
0.200097
0.204777
0.209735
0.213608
0.215752
0.216832
0.219113
0.223951
0.226721
0.224503
0.217186
0.194784
0.180392
0.179967
0.182593
0.185793
0.188469
0.189722
0.190206
0.190679
0.191468
0.192931
0.195498
0.199365
0.203732
0.207421
0.21004
0.210884
0.21085
0.212196
0.216026
0.217363
0.217984
0.2127
0.196602
0.185324
0.182601
0.181478
0.182031
0.183417
0.184716
0.185707
0.186693
0.187544
0.188497
0.189691
0.190787
0.191301
0.191352
0.191271
0.191462
0.192911
0.195907
0.197274
0.198284
0.196581
0.186531
0.176273
0.174582
0.173877
0.174753
0.176513
0.177882
0.178599
0.179291
0.180635
0.182947
0.18599
0.18873
0.19003
0.190051
0.189307
0.188337
0.187769
0.188358
0.190388
0.192182
0.19266
0.191654
0.185343
0.176002
0.173206
0.173353
0.17432
0.176449
0.178659
0.179931
0.180563
0.181166
0.18232
0.184546
0.187875
0.191388
0.193419
0.193981
0.193753
0.193264
0.192791
0.192417
0.191025
0.189517
0.186052
0.177599
0.169814
0.167938
0.167151
0.166952
0.167607
0.16857
0.168901
0.16872
0.168472
0.168491
0.168934
0.169973
0.171618
0.173274
0.174073
0.174279
0.174477
0.174978
0.176222
0.178053
0.178844
0.179051
0.177272
0.171162
0.165023
0.163879
0.16385
0.16463
0.166377
0.167516
0.167651
0.167353
0.166951
0.166759
0.166855
0.167227
0.167943
0.16875
0.169002
0.168341
0.16688
0.1652
0.163744
0.162707
0.162282
0.161573
0.160759
0.158697
0.153692
0.148685
0.147572
0.147625
0.148064
0.149266
0.150499
0.150845
0.150799
0.150615
0.150392
0.150243
0.150364
0.150987
0.152167
0.153379
0.153947
0.15403
0.154015
0.154175
0.154873
0.155806
0.155741
0.154747
0.151124
0.143459
0.13858
0.137796
0.137635
0.138292
0.139445
0.139757
0.139782
0.139784
0.139895
0.140231
0.140847
0.142051
0.144163
0.147186
0.150555
0.153444
0.155705
0.157839
0.160206
0.163277
0.167314
0.170508
0.172337
0.171382
0.167509
0.1653
0.166507
0.16911
0.173314
0.176957
0.178952
0.180544
0.18241
0.184624
0.187554
0.19147
0.196694
0.203062
0.209024
0.213613
0.218423
0.224489
0.232525
0.243228
0.254402
0.265074
0.271452
0.280102
0.295306
0.316332
0.34039
0.35902
0.374531
0.390414
0.407868
0.432454
0.470376
0.510162
48.0801
0.273582
0.234668
0.285517
0.299885
0.30457
0.307865
0.308057
0.304544
0.300898
0.295193
0.269965
0.205365
0.16803
0.164728
0.169837
0.17982
0.191242
0.200831
0.206749
0.210253
0.212948
0.216098
0.221958
0.233297
0.249675
0.26618
0.278677
0.284081
0.281884
0.273712
0.244812
0.192142
0.179318
0.18397
0.188508
0.192273
0.194585
0.197592
0.202496
0.208475
0.213412
0.216165
0.217418
0.218578
0.221572
0.227735
0.23635
0.245172
0.254552
0.261778
0.259167
0.249236
0.215771
0.180443
0.176733
0.180519
0.186831
0.191997
0.19418
0.194409
0.194217
0.194331
0.195211
0.197384
0.201151
0.206118
0.211069
0.21456
0.21644
0.217668
0.220376
0.225529
0.22824
0.225974
0.218672
0.196177
0.181284
0.180732
0.183149
0.186135
0.188598
0.189696
0.190072
0.190461
0.191256
0.19285
0.195615
0.199531
0.203778
0.20711
0.208788
0.209319
0.209379
0.211034
0.215099
0.216527
0.217288
0.212024
0.196106
0.184926
0.18245
0.181578
0.18234
0.18394
0.185268
0.186148
0.186946
0.187616
0.188394
0.189446
0.190507
0.191111
0.191344
0.191523
0.192008
0.193746
0.196893
0.19822
0.199046
0.197207
0.187174
0.17694
0.175263
0.174789
0.175774
0.177621
0.178978
0.179593
0.180078
0.181086
0.183052
0.185838
0.188579
0.190148
0.190319
0.189757
0.18903
0.188652
0.189346
0.191433
0.193058
0.193447
0.192234
0.18562
0.176079
0.173321
0.173324
0.174159
0.176137
0.17819
0.179323
0.179869
0.180437
0.181549
0.183587
0.186499
0.189522
0.191321
0.191789
0.191582
0.191242
0.191237
0.191443
0.19076
0.189795
0.187146
0.179228
0.170866
0.168742
0.16787
0.167539
0.168066
0.168925
0.169203
0.168959
0.168655
0.168634
0.169085
0.170182
0.171895
0.173568
0.174312
0.174449
0.17455
0.174966
0.176144
0.177967
0.178783
0.179011
0.177315
0.171373
0.165065
0.163768
0.163669
0.16434
0.165965
0.167011
0.167098
0.166664
0.166156
0.165889
0.165835
0.166072
0.16668
0.167556
0.168039
0.167626
0.166502
0.16529
0.164335
0.16392
0.163962
0.163378
0.162391
0.15989
0.15442
0.14929
0.148156
0.148161
0.148528
0.149657
0.150823
0.151105
0.151036
0.150848
0.150648
0.150531
0.150683
0.15134
0.15259
0.153957
0.154647
0.154723
0.154649
0.154733
0.155335
0.156115
0.155946
0.154952
0.151382
0.144021
0.139525
0.138828
0.138671
0.139246
0.140132
0.140284
0.140245
0.140224
0.140342
0.140733
0.141411
0.142605
0.144574
0.147401
0.150682
0.153651
0.156004
0.158165
0.160537
0.163585
0.167556
0.170582
0.172314
0.171166
0.167249
0.16522
0.166473
0.169112
0.173343
0.176969
0.178883
0.180295
0.181784
0.183757
0.186382
0.190055
0.195152
0.201606
0.208108
0.213061
0.217992
0.224241
0.23266
0.243633
0.25484
0.265523
0.271975
0.280466
0.295362
0.315742
0.339057
0.356847
0.371846
0.387569
0.40564
0.43164
0.469423
0.508692
48.0914
0.272886
0.237357
0.286874
0.299812
0.303603
0.306643
0.3072
0.304832
0.300774
0.293096
0.268072
0.20505
0.167398
0.16419
0.169119
0.178834
0.190006
0.199646
0.206183
0.210382
0.213575
0.217179
0.223417
0.23451
0.249847
0.265219
0.277721
0.283985
0.282039
0.274837
0.246311
0.192524
0.179206
0.182267
0.186745
0.191219
0.194474
0.198069
0.20281
0.207894
0.211738
0.214014
0.215494
0.217347
0.221099
0.227689
0.236045
0.243747
0.251883
0.25848
0.255958
0.246859
0.215983
0.181222
0.177359
0.181271
0.187563
0.192418
0.194014
0.194079
0.193878
0.194184
0.19562
0.198541
0.202785
0.207842
0.212249
0.214836
0.216478
0.218066
0.221383
0.227186
0.230396
0.228336
0.221296
0.198473
0.182632
0.181855
0.18391
0.18665
0.188893
0.189775
0.189957
0.190231
0.191069
0.192908
0.19592
0.199808
0.203638
0.206241
0.206947
0.207033
0.207374
0.209584
0.214053
0.21578
0.21661
0.211249
0.195471
0.184289
0.182056
0.181606
0.182809
0.184805
0.186157
0.186825
0.187309
0.187766
0.188385
0.189288
0.190289
0.190984
0.191385
0.191753
0.192454
0.194533
0.197965
0.199233
0.19981
0.197884
0.187868
0.17796
0.176485
0.176412
0.177556
0.179488
0.180768
0.181081
0.181262
0.18184
0.183211
0.185416
0.187921
0.189845
0.19055
0.190343
0.189884
0.189697
0.190597
0.192878
0.194275
0.194602
0.193148
0.185898
0.17601
0.173403
0.173231
0.173906
0.17573
0.177654
0.178657
0.179155
0.179775
0.180834
0.182418
0.184453
0.186643
0.188099
0.188671
0.1887
0.188591
0.189116
0.190199
0.190344
0.189974
0.188103
0.180946
0.172061
0.169593
0.168714
0.168372
0.168778
0.169444
0.169644
0.169352
0.168995
0.16892
0.169351
0.170463
0.172231
0.173957
0.174617
0.174676
0.1747
0.175
0.176073
0.177889
0.178664
0.178849
0.177243
0.171546
0.16501
0.163551
0.16342
0.164015
0.165514
0.16648
0.166483
0.165882
0.165173
0.164633
0.164343
0.164396
0.164898
0.165912
0.166733
0.166694
0.16614
0.165448
0.165037
0.165183
0.165625
0.165337
0.164552
0.161912
0.155668
0.150223
0.149097
0.149003
0.149255
0.150279
0.151295
0.151483
0.151344
0.151095
0.150882
0.150804
0.150993
0.151671
0.152949
0.154433
0.15532
0.155518
0.155489
0.155572
0.156009
0.156493
0.156164
0.155065
0.151344
0.144276
0.140362
0.139834
0.139877
0.140788
0.141516
0.141499
0.141256
0.141061
0.141139
0.141555
0.142268
0.143419
0.145208
0.147737
0.15083
0.153836
0.156315
0.15855
0.160947
0.16399
0.167872
0.170597
0.17214
0.170715
0.16664
0.164727
0.166045
0.168803
0.173212
0.176874
0.178698
0.179952
0.180925
0.182524
0.184618
0.187669
0.192213
0.19865
0.205897
0.211784
0.216965
0.223325
0.231839
0.242916
0.254097
0.264628
0.270673
0.278138
0.291963
0.310836
0.332358
0.349201
0.36404
0.38038
0.401398
0.43188
0.471999
0.511118
48.1433
0.237569
0.241053
0.2887
0.299381
0.301972
0.304823
0.305941
0.30455
0.300245
0.290961
0.266588
0.204858
0.166617
0.163716
0.168562
0.177901
0.188633
0.198164
0.205135
0.209944
0.213823
0.21825
0.225063
0.235848
0.250022
0.264264
0.27682
0.283985
0.282276
0.275876
0.247322
0.192421
0.178968
0.180548
0.1848
0.189878
0.194114
0.198263
0.20264
0.206587
0.209363
0.211305
0.213023
0.215639
0.220384
0.22712
0.234602
0.24083
0.247876
0.254483
0.252692
0.244764
0.216764
0.182615
0.178351
0.182343
0.188262
0.192646
0.1939
0.193685
0.193421
0.194075
0.196331
0.200227
0.205067
0.209844
0.213085
0.21487
0.21623
0.218076
0.221863
0.228334
0.232646
0.231122
0.224752
0.201786
0.184506
0.183397
0.184963
0.1874
0.189378
0.189953
0.189903
0.189988
0.190839
0.192917
0.196121
0.199935
0.203233
0.205002
0.205222
0.204893
0.205157
0.207569
0.212285
0.214397
0.215492
0.210185
0.194571
0.183468
0.181476
0.18145
0.18314
0.185562
0.186954
0.1875
0.187723
0.187973
0.188455
0.189287
0.19031
0.191187
0.191855
0.192567
0.193689
0.196226
0.199947
0.201228
0.201477
0.199336
0.18918
0.17944
0.1781
0.178341
0.179608
0.181487
0.182601
0.18269
0.182574
0.182745
0.183564
0.185129
0.187284
0.189508
0.190736
0.190968
0.190849
0.191018
0.192324
0.194835
0.195926
0.196115
0.194273
0.186206
0.175966
0.1735
0.173094
0.173537
0.175127
0.176876
0.177665
0.178015
0.178454
0.179192
0.180202
0.181533
0.183135
0.18452
0.185346
0.185806
0.186302
0.187479
0.18929
0.189982
0.190021
0.1887
0.182231
0.173111
0.170268
0.169419
0.169222
0.169705
0.170258
0.170291
0.169891
0.169497
0.169386
0.169812
0.170931
0.172737
0.174474
0.175028
0.174991
0.174903
0.175081
0.176083
0.177913
0.178627
0.17879
0.177274
0.171677
0.164777
0.163087
0.162908
0.163427
0.164731
0.165486
0.1652
0.164381
0.163517
0.162893
0.162581
0.162687
0.163439
0.164932
0.166194
0.166435
0.166269
0.165995
0.165875
0.166287
0.16702
0.167037
0.166499
0.16405
0.157515
0.151747
0.150576
0.15038
0.150558
0.15143
0.152171
0.152181
0.151895
0.151553
0.151296
0.151207
0.151396
0.152074
0.153406
0.155017
0.15604
0.156332
0.156357
0.156432
0.156638
0.156797
0.156297
0.155074
0.15115
0.144383
0.141073
0.140652
0.140917
0.142314
0.143543
0.143617
0.143257
0.142625
0.142313
0.142519
0.143127
0.14414
0.145739
0.148096
0.151045
0.154015
0.156579
0.158891
0.16133
0.164364
0.168128
0.170588
0.1719
0.170188
0.165955
0.164148
0.165477
0.16827
0.172734
0.176367
0.178073
0.17912
0.179658
0.180667
0.182227
0.184598
0.188517
0.194702
0.202561
0.209534
0.214999
0.22128
0.229562
0.240555
0.251543
0.2614
0.266395
0.271019
0.282251
0.298176
0.317623
0.333071
0.347019
0.363959
0.389229
0.427017
0.474198
0.516985
48.2132
0.184167
0.245144
0.290538
0.298971
0.300453
0.302907
0.304417
0.303586
0.299358
0.289539
0.265808
0.204865
0.166069
0.163407
0.16819
0.177188
0.187387
0.196615
0.203927
0.209504
0.214217
0.219391
0.226743
0.237222
0.250414
0.263762
0.276208
0.283851
0.282327
0.276382
0.247723
0.19203
0.178426
0.178984
0.183088
0.188593
0.193465
0.197884
0.201793
0.204694
0.206768
0.20845
0.210596
0.214041
0.21938
0.225781
0.232252
0.237508
0.244191
0.251414
0.250598
0.243708
0.218206
0.184593
0.179697
0.183504
0.188679
0.192456
0.193598
0.193274
0.193044
0.194192
0.197403
0.202253
0.20746
0.211362
0.213403
0.214571
0.215579
0.217529
0.221608
0.228823
0.234211
0.23332
0.227658
0.204886
0.1862
0.184783
0.18594
0.188132
0.189891
0.190238
0.189984
0.189891
0.190699
0.192912
0.196237
0.199899
0.202683
0.203686
0.203715
0.203371
0.203727
0.20609
0.21078
0.212942
0.214092
0.208946
0.193388
0.182424
0.180743
0.181042
0.183108
0.185778
0.187252
0.187796
0.187963
0.18816
0.188678
0.189671
0.190944
0.192134
0.193149
0.194204
0.195657
0.198506
0.202435
0.203771
0.203785
0.201302
0.190685
0.1811
0.179945
0.180401
0.181683
0.183444
0.18423
0.18404
0.183669
0.183567
0.183969
0.185045
0.186982
0.189153
0.190765
0.191422
0.191727
0.192292
0.194038
0.196692
0.197556
0.197588
0.195388
0.186547
0.175909
0.173431
0.172779
0.173015
0.174396
0.175901
0.176449
0.176573
0.176784
0.177191
0.177773
0.178689
0.180009
0.181372
0.18231
0.182981
0.183803
0.185356
0.187763
0.189094
0.189633
0.188819
0.182962
0.173767
0.170604
0.169808
0.169757
0.170424
0.171079
0.171125
0.170653
0.170209
0.170076
0.170481
0.17157
0.173366
0.174983
0.175406
0.175298
0.175126
0.175248
0.17624
0.178126
0.178849
0.179002
0.177448
0.171528
0.164174
0.162324
0.162082
0.162527
0.163591
0.164083
0.163627
0.162738
0.161919
0.161382
0.161164
0.161436
0.162477
0.164264
0.165699
0.166196
0.166304
0.1663
0.166454
0.167279
0.168384
0.168548
0.168006
0.165611
0.159097
0.153246
0.152136
0.151927
0.152215
0.153086
0.153579
0.153303
0.152699
0.152133
0.151717
0.151487
0.151579
0.152181
0.15354
0.155299
0.156463
0.156825
0.156886
0.156954
0.157076
0.156986
0.156388
0.154974
0.150812
0.144354
0.14165
0.141301
0.141645
0.143135
0.144966
0.145467
0.14541
0.144967
0.144372
0.144213
0.144504
0.145233
0.146513
0.148556
0.151248
0.154101
0.156691
0.159069
0.161582
0.164647
0.168263
0.170451
0.171578
0.169616
0.16525
0.163574
0.164909
0.167671
0.172007
0.175409
0.176902
0.177745
0.17801
0.178574
0.179838
0.181856
0.18525
0.190744
0.198214
0.205822
0.211918
0.217993
0.225718
0.236039
0.246513
0.254949
0.258555
0.258948
0.266391
0.278356
0.294651
0.30908
0.322568
0.340586
0.370146
0.415308
0.470976
0.52069
48.235
0.172741
0.249665
0.292331
0.298946
0.29967
0.301553
0.303207
0.302476
0.298401
0.28837
0.26495
0.20432
0.165703
0.163374
0.168229
0.176982
0.186622
0.195284
0.202523
0.208633
0.214165
0.220135
0.228033
0.238416
0.25103
0.26387
0.276089
0.28362
0.282154
0.276327
0.247444
0.191081
0.177304
0.177574
0.181821
0.187631
0.192715
0.196931
0.200179
0.202426
0.204115
0.205881
0.208496
0.212494
0.217838
0.223821
0.229583
0.234607
0.241843
0.249955
0.249996
0.244021
0.220366
0.186896
0.18108
0.184428
0.188765
0.19218
0.193266
0.19302
0.193061
0.194797
0.198837
0.204277
0.209233
0.212028
0.213287
0.213911
0.214617
0.216593
0.220839
0.228632
0.234901
0.234527
0.229346
0.207011
0.187362
0.185634
0.186543
0.188594
0.190257
0.190489
0.190116
0.189979
0.190848
0.193148
0.196409
0.199624
0.201664
0.202301
0.202246
0.202079
0.202779
0.205381
0.210077
0.211944
0.212585
0.207424
0.191692
0.181019
0.179798
0.180358
0.182741
0.185634
0.187314
0.187962
0.188171
0.188449
0.18916
0.190494
0.192206
0.193836
0.195225
0.196539
0.198123
0.2011
0.204946
0.206079
0.205827
0.202897
0.1917
0.182158
0.181148
0.181541
0.182734
0.184289
0.184868
0.184637
0.184308
0.18421
0.184466
0.18529
0.186943
0.189105
0.190968
0.192061
0.192766
0.19357
0.195483
0.198142
0.198887
0.198793
0.196328
0.186902
0.17588
0.173286
0.172438
0.172563
0.173741
0.174923
0.175236
0.175207
0.175229
0.175442
0.175789
0.176544
0.177779
0.179051
0.1799
0.180558
0.181478
0.183183
0.185908
0.187673
0.188574
0.188271
0.18305
0.17395
0.170485
0.169799
0.169823
0.170766
0.171645
0.171822
0.171509
0.17114
0.17101
0.171343
0.172382
0.174141
0.175613
0.175988
0.17585
0.17562
0.175725
0.176804
0.178764
0.17948
0.179501
0.177626
0.170897
0.163186
0.16127
0.160922
0.161239
0.162033
0.162427
0.162116
0.161469
0.160827
0.160384
0.16024
0.160639
0.161957
0.163989
0.1655
0.166132
0.166474
0.166772
0.167211
0.168263
0.169423
0.16963
0.169235
0.166987
0.160503
0.154586
0.153511
0.153322
0.153803
0.15486
0.155354
0.154923
0.154026
0.153098
0.152412
0.152003
0.151921
0.15234
0.15352
0.15519
0.156386
0.156845
0.156983
0.1571
0.157236
0.157029
0.156431
0.154833
0.15041
0.144205
0.141887
0.141596
0.142002
0.143527
0.145562
0.146512
0.146625
0.146571
0.146223
0.145975
0.146095
0.146616
0.147626
0.149258
0.151533
0.154134
0.156657
0.159056
0.161639
0.164787
0.168371
0.170374
0.17132
0.16904
0.164467
0.162859
0.164145
0.166772
0.170882
0.174037
0.175314
0.175941
0.175964
0.176487
0.177749
0.179698
0.182781
0.187494
0.193893
0.200931
0.207388
0.213548
0.22071
0.229846
0.239242
0.245967
0.247986
0.245355
0.248074
0.255992
0.268324
0.281631
0.294849
0.313742
0.346103
0.397206
0.462795
0.518449
48.2171
0.193524
0.254162
0.294137
0.299467
0.29965
0.300949
0.3025
0.301542
0.29718
0.286574
0.263213
0.202756
0.16562
0.163894
0.168889
0.177515
0.186664
0.194761
0.201702
0.207881
0.213829
0.220432
0.228889
0.239547
0.252072
0.264713
0.276506
0.283464
0.281807
0.275646
0.246103
0.189383
0.175701
0.176446
0.181081
0.187099
0.192065
0.195764
0.198377
0.20019
0.201884
0.204038
0.207218
0.211618
0.217048
0.222444
0.22733
0.232493
0.240572
0.249832
0.250704
0.245504
0.22291
0.188856
0.182223
0.184867
0.188534
0.19173
0.192858
0.192882
0.193427
0.195733
0.200301
0.205711
0.209894
0.212043
0.212814
0.212915
0.213398
0.215407
0.219737
0.227838
0.234713
0.234608
0.229616
0.207685
0.18778
0.185904
0.186825
0.18885
0.190457
0.190633
0.190254
0.190199
0.191225
0.193511
0.196503
0.19923
0.200797
0.20123
0.201159
0.201207
0.202222
0.205174
0.209973
0.211572
0.211487
0.205943
0.189759
0.179509
0.178788
0.179606
0.182209
0.185289
0.187124
0.187951
0.188419
0.18913
0.190422
0.192441
0.194855
0.196992
0.198575
0.199695
0.200812
0.203381
0.206975
0.207896
0.207474
0.203877
0.191842
0.182265
0.181343
0.181422
0.182422
0.183937
0.184638
0.184633
0.184548
0.184661
0.184993
0.185765
0.187253
0.18928
0.191105
0.192382
0.193373
0.194469
0.196498
0.199109
0.199837
0.199622
0.196941
0.187147
0.175874
0.173129
0.172193
0.172228
0.173154
0.174181
0.17432
0.174209
0.174157
0.174184
0.174385
0.175081
0.176326
0.177567
0.178323
0.178852
0.179656
0.181348
0.184178
0.186029
0.187063
0.186799
0.181958
0.173242
0.1697
0.169269
0.169474
0.170647
0.171879
0.172286
0.172184
0.171999
0.172012
0.172396
0.173401
0.175052
0.176431
0.176785
0.176642
0.176401
0.176588
0.177851
0.179779
0.180321
0.180036
0.177485
0.169787
0.161994
0.160122
0.159648
0.159795
0.160463
0.161094
0.161121
0.160763
0.160267
0.159887
0.159793
0.160332
0.161912
0.164092
0.165597
0.16628
0.166785
0.167293
0.167936
0.169042
0.170207
0.170478
0.170121
0.16787
0.161507
0.155701
0.15465
0.154485
0.155069
0.156274
0.156926
0.156579
0.155672
0.154533
0.15354
0.152877
0.152561
0.152749
0.153529
0.154755
0.155763
0.156262
0.156536
0.156795
0.156988
0.15678
0.156233
0.154551
0.149998
0.14398
0.141846
0.141573
0.142
0.14354
0.145688
0.146863
0.147087
0.14716
0.147112
0.147067
0.147239
0.147725
0.148608
0.149987
0.151879
0.15409
0.15636
0.158675
0.161273
0.16446
0.167956
0.169841
0.170655
0.168222
0.163587
0.162072
0.16331
0.165773
0.169609
0.172512
0.173556
0.174002
0.174024
0.174694
0.176002
0.177934
0.180773
0.18482
0.190159
0.196275
0.202405
0.208502
0.215301
0.223256
0.231093
0.236247
0.236896
0.232881
0.231889
0.236332
0.244524
0.25579
0.269085
0.288298
0.321331
0.375574
0.449028
0.510175
48.2724
0.136086
0.258881
0.296885
0.30114
0.3008
0.301233
0.302168
0.300931
0.296389
0.285168
0.260167
0.1991
0.165311
0.164321
0.169556
0.178238
0.187169
0.194995
0.201618
0.207582
0.213528
0.220426
0.229333
0.240535
0.253355
0.26599
0.277127
0.283195
0.281023
0.274072
0.243831
0.187444
0.174242
0.17567
0.18069
0.186816
0.19145
0.194583
0.19668
0.198445
0.200439
0.203211
0.20693
0.211716
0.216908
0.221499
0.225576
0.230836
0.239949
0.250513
0.252502
0.247753
0.225302
0.190041
0.182713
0.184773
0.187838
0.190985
0.192405
0.192946
0.194006
0.196886
0.201415
0.206175
0.209689
0.211328
0.211721
0.211642
0.212143
0.214245
0.218607
0.226745
0.233635
0.23343
0.228573
0.207035
0.187407
0.185477
0.186632
0.188737
0.190431
0.190692
0.190367
0.190494
0.191676
0.193925
0.196629
0.198961
0.200268
0.200653
0.200612
0.200831
0.202092
0.205407
0.210252
0.211661
0.210878
0.204792
0.18803
0.178255
0.177917
0.17911
0.18183
0.18499
0.186977
0.188001
0.188806
0.18998
0.192001
0.194995
0.198359
0.200991
0.202461
0.203132
0.203624
0.205449
0.208278
0.208825
0.208325
0.204067
0.191228
0.181657
0.180694
0.180481
0.18126
0.182817
0.183838
0.184243
0.184502
0.18486
0.185303
0.18613
0.18754
0.189388
0.191117
0.192411
0.193501
0.194766
0.196867
0.199566
0.20039
0.200051
0.197183
0.187273
0.175851
0.172961
0.172018
0.172022
0.172863
0.173795
0.173926
0.173801
0.173661
0.173481
0.173582
0.174277
0.17556
0.176785
0.177455
0.177854
0.178491
0.180065
0.182832
0.184597
0.185599
0.185138
0.180179
0.171641
0.168424
0.168297
0.168704
0.17015
0.171769
0.17248
0.172606
0.172639
0.172789
0.173303
0.174422
0.17608
0.177385
0.177714
0.177584
0.177383
0.177667
0.17903
0.180739
0.180842
0.18012
0.176938
0.168352
0.160756
0.159037
0.158461
0.158508
0.159227
0.160241
0.160621
0.16048
0.160163
0.159892
0.15991
0.160599
0.162378
0.164691
0.166166
0.16682
0.167251
0.167707
0.168311
0.169386
0.170706
0.171122
0.170812
0.168549
0.162272
0.156556
0.155438
0.15521
0.155819
0.157193
0.15806
0.157904
0.15711
0.156046
0.155009
0.154162
0.153645
0.153528
0.153867
0.154506
0.155029
0.15533
0.15559
0.155964
0.156274
0.156156
0.155725
0.154117
0.149604
0.143703
0.141627
0.141356
0.141751
0.143198
0.145399
0.146812
0.147129
0.147223
0.147259
0.14743
0.147756
0.148302
0.149169
0.150428
0.15207
0.15398
0.155967
0.158078
0.160574
0.163658
0.166905
0.168594
0.169252
0.166685
0.162045
0.160647
0.161824
0.164101
0.1677
0.170634
0.171709
0.172245
0.172517
0.173292
0.174606
0.176438
0.178977
0.182477
0.187052
0.192489
0.198217
0.203988
0.210301
0.217198
0.223447
0.227322
0.227535
0.222775
0.219361
0.221745
0.226666
0.235438
0.248072
0.266554
0.298018
0.351864
0.429739
0.495936
48.2711
0.134907
0.261781
0.299574
0.303883
0.303262
0.302657
0.302947
0.30151
0.297161
0.285028
0.256367
0.193387
0.164497
0.164301
0.170059
0.179026
0.18797
0.195499
0.201776
0.207458
0.213268
0.220192
0.229456
0.241305
0.254641
0.267205
0.277463
0.282547
0.27986
0.272296
0.241449
0.185735
0.173277
0.175212
0.180525
0.186568
0.190812
0.193456
0.195421
0.197414
0.199936
0.203303
0.207568
0.212475
0.217078
0.220858
0.224341
0.229797
0.23967
0.251324
0.254565
0.249952
0.227271
0.190755
0.182716
0.184083
0.186821
0.190176
0.192095
0.193159
0.194867
0.197911
0.201899
0.205826
0.208661
0.209933
0.210335
0.210388
0.211104
0.213435
0.217962
0.22605
0.232261
0.23133
0.22621
0.205134
0.186435
0.184545
0.186162
0.188389
0.190199
0.190549
0.190304
0.190672
0.192168
0.194539
0.19708
0.199075
0.200186
0.20056
0.20062
0.20103
0.20253
0.206197
0.210931
0.212089
0.210656
0.203986
0.186759
0.177478
0.177365
0.178978
0.181897
0.185137
0.187241
0.188392
0.189458
0.191035
0.193618
0.197278
0.201218
0.204118
0.205416
0.205777
0.206018
0.207168
0.209052
0.20904
0.208376
0.203482
0.19003
0.180596
0.179367
0.178929
0.179674
0.181351
0.18274
0.183507
0.184082
0.184697
0.185376
0.186338
0.187745
0.189433
0.190971
0.192214
0.193347
0.194722
0.196888
0.19968
0.200608
0.200071
0.197086
0.187164
0.175685
0.172697
0.171873
0.172033
0.172961
0.17392
0.174121
0.173889
0.173585
0.173303
0.173375
0.174074
0.175382
0.176578
0.17717
0.177452
0.177927
0.179338
0.181894
0.183422
0.184247
0.183399
0.178102
0.169708
0.166898
0.167034
0.167693
0.169385
0.171339
0.172396
0.172748
0.172951
0.173252
0.173912
0.175209
0.176965
0.178188
0.178461
0.178365
0.178258
0.1786
0.179793
0.181047
0.180975
0.179986
0.176141
0.166755
0.159691
0.158236
0.157665
0.157806
0.158722
0.159945
0.160557
0.160627
0.160503
0.160408
0.160565
0.161385
0.16327
0.165641
0.167045
0.167506
0.16769
0.167972
0.168491
0.169552
0.170894
0.171389
0.171116
0.168853
0.162745
0.157152
0.155967
0.15566
0.156251
0.157637
0.158585
0.15866
0.158013
0.15711
0.156273
0.155608
0.155072
0.154677
0.154504
0.154536
0.154576
0.154593
0.154686
0.154976
0.155331
0.155287
0.15498
0.153536
0.149185
0.143406
0.14134
0.141093
0.141435
0.142738
0.144859
0.146402
0.146881
0.147011
0.147137
0.147321
0.147754
0.14846
0.149403
0.150598
0.152048
0.153688
0.15544
0.157374
0.159712
0.162553
0.165337
0.166772
0.167174
0.16438
0.159727
0.158412
0.159524
0.161589
0.16493
0.16809
0.169642
0.170527
0.171218
0.172187
0.173542
0.175277
0.177505
0.18047
0.184524
0.189687
0.195267
0.200707
0.206299
0.212163
0.21747
0.220503
0.220687
0.215882
0.211152
0.212209
0.215287
0.22205
0.233417
0.250289
0.278697
0.329522
0.407428
0.474872
48.2378
0.165529
0.26031
0.301256
0.307605
0.307222
0.305441
0.304803
0.303207
0.299287
0.286115
0.252219
0.187034
0.163345
0.163882
0.170322
0.179874
0.189179
0.196679
0.202525
0.207671
0.213116
0.220026
0.229651
0.242142
0.255928
0.268175
0.277183
0.28149
0.278503
0.270773
0.239531
0.184585
0.172789
0.175035
0.180488
0.186334
0.190187
0.192587
0.194629
0.197018
0.200096
0.204067
0.208784
0.213547
0.217604
0.220833
0.224033
0.229555
0.239766
0.251916
0.255725
0.251281
0.228452
0.190961
0.182277
0.182916
0.185771
0.189597
0.192106
0.19377
0.195748
0.198462
0.201722
0.20474
0.206996
0.208345
0.209048
0.209498
0.210589
0.213167
0.217894
0.225751
0.230907
0.229033
0.223451
0.202554
0.185121
0.183505
0.185708
0.187961
0.189745
0.19018
0.190108
0.190788
0.192662
0.195297
0.197862
0.199631
0.2006
0.200978
0.201154
0.201764
0.203532
0.207458
0.211994
0.212862
0.210846
0.203443
0.185856
0.177227
0.177351
0.179453
0.182697
0.186015
0.187981
0.189009
0.190112
0.191933
0.194896
0.198839
0.202853
0.205686
0.20687
0.207095
0.207303
0.208015
0.209149
0.208852
0.207999
0.202443
0.188709
0.179506
0.178095
0.177521
0.17819
0.179922
0.181489
0.182501
0.183344
0.184265
0.185222
0.186363
0.187801
0.189438
0.190812
0.191853
0.192886
0.194315
0.196553
0.199397
0.200409
0.199676
0.196631
0.186765
0.175304
0.17237
0.171812
0.172219
0.173528
0.174615
0.174739
0.174382
0.173946
0.173664
0.173749
0.174457
0.175761
0.176866
0.177316
0.177461
0.177797
0.179021
0.181298
0.182547
0.183082
0.181767
0.176024
0.16774
0.165362
0.165627
0.166529
0.168512
0.170782
0.172114
0.172649
0.172939
0.173362
0.174194
0.175699
0.177578
0.178772
0.17899
0.178906
0.178854
0.179162
0.180059
0.180889
0.18056
0.179259
0.17488
0.165402
0.15918
0.158
0.157512
0.157748
0.158754
0.160115
0.160881
0.161103
0.161177
0.16128
0.161642
0.162555
0.164353
0.166618
0.167869
0.167998
0.16793
0.168034
0.168471
0.169498
0.170799
0.171279
0.171023
0.168755
0.162824
0.157407
0.156196
0.155825
0.156411
0.157793
0.158697
0.158828
0.158359
0.157666
0.157077
0.156659
0.156361
0.15598
0.155448
0.154867
0.154404
0.154186
0.154157
0.154363
0.154681
0.154601
0.154274
0.152879
0.148661
0.143048
0.141079
0.140909
0.14124
0.14245
0.144435
0.145853
0.146303
0.146524
0.146805
0.147213
0.147774
0.148509
0.149447
0.15058
0.151865
0.15326
0.154795
0.15656
0.158741
0.161293
0.163416
0.164598
0.164593
0.161447
0.156772
0.155562
0.156591
0.15847
0.161618
0.165078
0.167277
0.168529
0.169657
0.170979
0.172543
0.174365
0.176513
0.179234
0.182954
0.187903
0.193478
0.19873
0.20366
0.208639
0.213265
0.215953
0.216445
0.212251
0.206975
0.207115
0.209166
0.214677
0.224751
0.239674
0.264499
0.31069
0.385258
0.45065
48.1627
0.24121
0.257412
0.302273
0.311587
0.311445
0.30859
0.307165
0.305467
0.30221
0.287873
0.248067
0.181413
0.162089
0.163193
0.170327
0.180501
0.190212
0.197586
0.203078
0.207856
0.213106
0.220174
0.230237
0.243263
0.257171
0.268798
0.27627
0.280139
0.277062
0.26954
0.23837
0.18413
0.172763
0.175164
0.180531
0.186101
0.189643
0.192004
0.194268
0.197053
0.200684
0.205193
0.210147
0.214785
0.218511
0.221482
0.224648
0.229963
0.239848
0.251828
0.25564
0.251594
0.228775
0.19057
0.181275
0.181725
0.184992
0.189379
0.192508
0.194532
0.196337
0.198463
0.200904
0.2032
0.205221
0.20686
0.208066
0.209088
0.210635
0.213515
0.218363
0.225594
0.229758
0.227107
0.220935
0.199971
0.183826
0.182568
0.185299
0.187479
0.189121
0.189572
0.189688
0.19074
0.193077
0.196104
0.198793
0.200476
0.201357
0.201718
0.202011
0.20281
0.204798
0.208924
0.213401
0.213979
0.211495
0.203292
0.185302
0.177456
0.177929
0.180629
0.184086
0.187187
0.188736
0.189477
0.190515
0.19251
0.195705
0.199613
0.203379
0.205699
0.206456
0.206512
0.206733
0.207426
0.208399
0.207876
0.206852
0.201226
0.187993
0.178594
0.176909
0.176175
0.176814
0.178575
0.18032
0.181504
0.182543
0.183687
0.184857
0.186188
0.187754
0.189342
0.190562
0.191392
0.19224
0.193607
0.195883
0.198762
0.199835
0.198968
0.195914
0.18619
0.174835
0.172085
0.171881
0.172457
0.174044
0.175448
0.175647
0.175317
0.174885
0.174617
0.174676
0.175348
0.176565
0.177451
0.177673
0.177684
0.177904
0.178949
0.180918
0.181942
0.182166
0.180459
0.174286
0.166133
0.16404
0.164361
0.165433
0.167672
0.170254
0.171783
0.172408
0.172777
0.173289
0.174283
0.175956
0.177909
0.179044
0.179226
0.179137
0.179075
0.179315
0.17992
0.180195
0.179557
0.177864
0.173336
0.164651
0.159222
0.158182
0.157785
0.158129
0.159306
0.160775
0.161554
0.161851
0.162065
0.162329
0.162785
0.163649
0.165232
0.167191
0.168178
0.168163
0.167932
0.167857
0.168195
0.169138
0.170379
0.170825
0.170588
0.168404
0.16262
0.157333
0.15613
0.155718
0.156271
0.157636
0.158529
0.158624
0.158336
0.157879
0.157457
0.157101
0.156888
0.156808
0.15641
0.1556
0.15478
0.154294
0.154189
0.154321
0.154541
0.154315
0.153837
0.152275
0.148032
0.142655
0.140891
0.140859
0.141199
0.142361
0.144188
0.145396
0.145767
0.145965
0.146272
0.146762
0.147441
0.148347
0.149371
0.150441
0.15155
0.152731
0.154059
0.155641
0.157669
0.159913
0.161378
0.162249
0.161814
0.158162
0.153433
0.152368
0.153341
0.155121
0.158211
0.16199
0.164769
0.166326
0.167792
0.169428
0.17131
0.173425
0.175827
0.178723
0.1825
0.1874
0.192883
0.197872
0.202246
0.206452
0.210518
0.213004
0.213966
0.210476
0.205157
0.204719
0.206367
0.211406
0.220702
0.233988
0.255486
0.296508
0.365202
0.425738
48.1763
0.234311
0.255834
0.303725
0.315037
0.315254
0.31174
0.309002
0.30712
0.304526
0.289511
0.244477
0.177424
0.161152
0.162722
0.170432
0.181172
0.191316
0.198581
0.203638
0.208006
0.213195
0.220661
0.231368
0.244643
0.258242
0.269063
0.275169
0.278636
0.275803
0.26895
0.238174
0.184458
0.173177
0.175502
0.180515
0.185728
0.189179
0.191697
0.194267
0.197459
0.201503
0.206295
0.211342
0.215935
0.21965
0.222728
0.225851
0.230826
0.239826
0.251046
0.254165
0.250658
0.22845
0.18997
0.180252
0.18099
0.184752
0.189655
0.1932
0.195178
0.19655
0.198043
0.199741
0.201699
0.203791
0.205785
0.207511
0.209131
0.211149
0.214313
0.219166
0.225508
0.228918
0.225783
0.218955
0.197668
0.182562
0.181662
0.184869
0.186994
0.188527
0.188973
0.189265
0.190616
0.193326
0.196793
0.19969
0.201455
0.202318
0.202597
0.20291
0.203825
0.206025
0.210377
0.215026
0.215509
0.212739
0.203548
0.185147
0.178117
0.178853
0.181891
0.185505
0.188471
0.189705
0.190186
0.19112
0.193092
0.196125
0.199645
0.202759
0.204496
0.20486
0.204735
0.20484
0.205552
0.206694
0.206381
0.205893
0.201187
0.188188
0.178144
0.176287
0.175518
0.176149
0.177889
0.179655
0.180884
0.18197
0.183191
0.184447
0.185846
0.187523
0.189173
0.19034
0.191047
0.191721
0.192907
0.195066
0.19788
0.198967
0.198111
0.195111
0.185656
0.174397
0.171766
0.171921
0.172672
0.174458
0.176218
0.176662
0.17652
0.176304
0.176218
0.176339
0.176862
0.177669
0.17814
0.178142
0.178042
0.178223
0.179181
0.180875
0.181689
0.181539
0.17941
0.172896
0.164961
0.163089
0.163423
0.164591
0.167002
0.1698
0.171497
0.172231
0.172613
0.173132
0.174201
0.175927
0.177837
0.178863
0.179037
0.178943
0.178872
0.179007
0.179211
0.178949
0.178024
0.176178
0.172234
0.164733
0.159507
0.158541
0.158289
0.15882
0.160314
0.161899
0.162561
0.162763
0.162905
0.163115
0.163476
0.164186
0.165535
0.167316
0.168161
0.168092
0.167737
0.167485
0.167679
0.168504
0.169682
0.170077
0.169885
0.167804
0.162182
0.15704
0.15589
0.155466
0.155973
0.157283
0.158136
0.158203
0.157833
0.15735
0.157032
0.156935
0.157006
0.157093
0.157031
0.15663
0.155964
0.155336
0.154944
0.154799
0.154801
0.154405
0.153777
0.151931
0.147453
0.142346
0.14082
0.140888
0.14128
0.142402
0.144091
0.145121
0.145388
0.145491
0.145705
0.146184
0.146997
0.148048
0.149123
0.150118
0.151101
0.152113
0.153243
0.154642
0.156488
0.158383
0.159356
0.159928
0.159118
0.154906
0.15015
0.149249
0.150199
0.151932
0.154991
0.158959
0.162186
0.164118
0.165896
0.167777
0.169933
0.1724
0.175187
0.178509
0.182698
0.187854
0.193293
0.197928
0.20155
0.204973
0.208636
0.211149
0.212747
0.210118
0.20511
0.204294
0.205766
0.210799
0.219843
0.232072
0.250877
0.286922
0.348291
0.402089
48.1904
0.227967
0.255828
0.305208
0.317585
0.317706
0.313825
0.309781
0.307404
0.30516
0.290009
0.241684
0.175017
0.160717
0.162589
0.17066
0.181727
0.192121
0.199388
0.204208
0.208342
0.2136
0.221553
0.232822
0.246087
0.258987
0.269046
0.274276
0.277188
0.274595
0.268596
0.238966
0.185654
0.173958
0.175875
0.18043
0.185361
0.18884
0.19163
0.194597
0.198153
0.202445
0.207201
0.212115
0.216736
0.22077
0.224119
0.227281
0.231613
0.239596
0.249742
0.251957
0.248611
0.227535
0.189417
0.179461
0.18072
0.184839
0.190149
0.193819
0.195565
0.196487
0.19734
0.198632
0.200614
0.20292
0.205211
0.207324
0.209466
0.211921
0.215182
0.219924
0.225581
0.228495
0.22505
0.217634
0.195876
0.181477
0.180895
0.18424
0.186422
0.18797
0.188464
0.188918
0.190538
0.193558
0.197236
0.200275
0.202182
0.203113
0.203438
0.203796
0.204802
0.207162
0.211638
0.216415
0.217124
0.214286
0.204163
0.185438
0.179088
0.179952
0.183015
0.18657
0.189214
0.190184
0.190519
0.191377
0.193314
0.196146
0.199055
0.201366
0.202399
0.202409
0.202197
0.202213
0.203132
0.20519
0.205625
0.205602
0.20169
0.189241
0.178334
0.176289
0.175517
0.176101
0.177769
0.179474
0.180699
0.181722
0.182907
0.184145
0.185624
0.187406
0.189159
0.190366
0.190994
0.191502
0.192428
0.194286
0.196892
0.197939
0.197224
0.194398
0.1854
0.17422
0.171662
0.171972
0.172809
0.17466
0.176666
0.177552
0.177732
0.177804
0.178011
0.17842
0.178918
0.179219
0.179201
0.178864
0.17858
0.178697
0.179541
0.181
0.181604
0.181148
0.178706
0.172027
0.164457
0.162744
0.16309
0.164304
0.166767
0.169576
0.171286
0.171983
0.172361
0.172854
0.173813
0.175359
0.177191
0.178223
0.178391
0.17826
0.178041
0.177868
0.177736
0.177364
0.176566
0.175195
0.172003
0.165144
0.159852
0.158942
0.158859
0.159594
0.161424
0.163136
0.163674
0.163728
0.163711
0.163771
0.163986
0.164507
0.165579
0.167146
0.167911
0.167818
0.167383
0.16703
0.167054
0.167738
0.168855
0.169154
0.168979
0.167003
0.16153
0.156569
0.155531
0.155147
0.155649
0.15693
0.157749
0.157776
0.15722
0.156649
0.15633
0.156313
0.156534
0.15694
0.157329
0.15739
0.157167
0.15677
0.156357
0.156079
0.155724
0.155027
0.154103
0.151979
0.147223
0.142323
0.141004
0.141124
0.141561
0.14268
0.144293
0.145172
0.145284
0.145232
0.14527
0.145579
0.146273
0.14736
0.148686
0.149852
0.150721
0.151515
0.1524
0.153587
0.155212
0.156765
0.157426
0.157768
0.156701
0.15209
0.147383
0.146632
0.14756
0.149268
0.152278
0.156287
0.15975
0.161955
0.164003
0.1662
0.168666
0.171427
0.174587
0.178379
0.18313
0.188828
0.194399
0.198337
0.201221
0.20413
0.207713
0.210447
0.212467
0.210378
0.205655
0.204727
0.206221
0.211395
0.220685
0.232687
0.249607
0.281133
0.334394
0.380142
48.1885
0.23822
0.257506
0.306407
0.318545
0.318528
0.31424
0.309066
0.305981
0.303582
0.288783
0.23914
0.17338
0.160575
0.162744
0.17101
0.182096
0.192383
0.199601
0.204426
0.208722
0.214395
0.222869
0.234474
0.247345
0.259415
0.268897
0.273727
0.276124
0.273618
0.268528
0.240536
0.187461
0.174883
0.176202
0.180337
0.185121
0.188774
0.191946
0.195288
0.199114
0.203322
0.207756
0.212458
0.217281
0.221763
0.225476
0.228522
0.232052
0.238987
0.248217
0.249861
0.246147
0.226417
0.189162
0.179161
0.180974
0.185276
0.190503
0.193967
0.195507
0.195997
0.196637
0.198062
0.20022
0.202638
0.205064
0.207436
0.209903
0.21255
0.215809
0.220505
0.225862
0.228426
0.224828
0.216881
0.194554
0.180764
0.180406
0.183696
0.185957
0.187506
0.188008
0.188609
0.190474
0.193721
0.197595
0.200743
0.202799
0.203893
0.204294
0.204699
0.205786
0.208305
0.213026
0.217889
0.218727
0.215808
0.204897
0.185976
0.180067
0.180947
0.183571
0.186872
0.189341
0.190243
0.190625
0.19149
0.193271
0.195612
0.197843
0.199324
0.199744
0.199579
0.19939
0.199654
0.201132
0.204141
0.205328
0.205668
0.202668
0.190994
0.179075
0.176748
0.176001
0.176565
0.178184
0.179834
0.181035
0.181962
0.183054
0.184141
0.185526
0.187345
0.189204
0.190412
0.190976
0.191356
0.192
0.193477
0.195806
0.196851
0.196303
0.193808
0.18546
0.174423
0.171738
0.172053
0.172878
0.174773
0.177031
0.178292
0.178812
0.179172
0.17948
0.180132
0.181055
0.181576
0.181507
0.180869
0.18028
0.180004
0.180357
0.181385
0.181836
0.181229
0.178649
0.171778
0.164489
0.162943
0.163294
0.164504
0.166961
0.169671
0.171208
0.171841
0.17215
0.172534
0.173243
0.174439
0.176008
0.176998
0.177187
0.17687
0.176356
0.17602
0.176001
0.176138
0.175973
0.175143
0.172266
0.165618
0.160193
0.159336
0.159407
0.160293
0.162303
0.164014
0.164457
0.164432
0.164309
0.164241
0.164353
0.164701
0.165517
0.166836
0.167525
0.167405
0.166942
0.166546
0.166488
0.167118
0.168127
0.168284
0.16806
0.166066
0.160635
0.155892
0.155029
0.154746
0.155319
0.156632
0.15738
0.157103
0.156451
0.155795
0.155478
0.155492
0.155757
0.156441
0.157433
0.158137
0.158235
0.15803
0.15784
0.157781
0.157311
0.156405
0.155115
0.152546
0.147417
0.142571
0.141403
0.141552
0.142017
0.143173
0.144793
0.145532
0.145477
0.145248
0.145071
0.145133
0.14554
0.146431
0.147779
0.149179
0.150195
0.150873
0.151553
0.152487
0.153836
0.155158
0.155653
0.155873
0.154749
0.150056
0.145391
0.144697
0.145605
0.147293
0.150254
0.154227
0.157747
0.160026
0.162212
0.164645
0.167415
0.170529
0.174057
0.178239
0.183434
0.189662
0.195521
0.19919
0.201835
0.204483
0.208108
0.211182
0.213485
0.211585
0.206964
0.206065
0.207779
0.213251
0.222851
0.23463
0.250058
0.277584
0.322317
0.359215
48.21
0.222843
0.260726
0.30709
0.318128
0.317889
0.313306
0.307367
0.30313
0.299971
0.285947
0.236425
0.171898
0.1605
0.163094
0.171383
0.182179
0.192053
0.199232
0.204316
0.209094
0.21544
0.22446
0.236037
0.248274
0.259598
0.268774
0.273544
0.275613
0.273131
0.268866
0.24258
0.189493
0.175703
0.17637
0.180175
0.185033
0.189083
0.192708
0.19641
0.200179
0.203875
0.20782
0.212404
0.217556
0.222605
0.226608
0.229343
0.232091
0.237991
0.24659
0.248212
0.24419
0.225694
0.189336
0.179121
0.181099
0.185525
0.190498
0.193559
0.19474
0.195381
0.196399
0.198142
0.200496
0.203014
0.205479
0.207837
0.210255
0.212921
0.216096
0.220775
0.226195
0.228615
0.224955
0.216651
0.193851
0.180498
0.180289
0.183287
0.18569
0.187338
0.187892
0.188597
0.190629
0.194013
0.197886
0.201015
0.203133
0.204358
0.204905
0.205379
0.206475
0.209008
0.213927
0.218852
0.21981
0.21695
0.205484
0.186463
0.18089
0.181557
0.183514
0.18655
0.188913
0.189899
0.190458
0.191391
0.192933
0.194693
0.196276
0.197125
0.197241
0.197024
0.19689
0.197397
0.199385
0.203376
0.205385
0.206012
0.203733
0.192956
0.180246
0.177603
0.176933
0.177515
0.179155
0.180787
0.181884
0.182767
0.183709
0.184525
0.185715
0.187491
0.189446
0.190668
0.191089
0.191264
0.191546
0.192577
0.194572
0.195769
0.195363
0.193297
0.185802
0.175026
0.171965
0.172226
0.17296
0.17488
0.177372
0.178954
0.179643
0.180091
0.180571
0.181291
0.18243
0.183438
0.183774
0.183463
0.182965
0.182656
0.182875
0.183323
0.183139
0.182052
0.1791
0.171983
0.16487
0.163477
0.163821
0.165023
0.167477
0.170065
0.171268
0.171538
0.171626
0.171872
0.172418
0.173291
0.174463
0.175249
0.175339
0.174892
0.174452
0.174392
0.174943
0.175839
0.175962
0.175326
0.172693
0.166053
0.160519
0.15973
0.159906
0.160829
0.162861
0.164498
0.164814
0.164695
0.164482
0.16435
0.164373
0.164651
0.165343
0.166514
0.167188
0.16702
0.166541
0.16617
0.166119
0.166705
0.167626
0.167645
0.167238
0.165103
0.159578
0.155019
0.15435
0.154203
0.15487
0.156153
0.156712
0.156276
0.155634
0.155072
0.154819
0.154853
0.155142
0.15592
0.15725
0.158391
0.158795
0.158879
0.158967
0.159131
0.159044
0.158217
0.156889
0.153984
0.148214
0.143198
0.142063
0.142175
0.142591
0.143797
0.14545
0.146045
0.145853
0.145411
0.145029
0.144819
0.144998
0.145623
0.146771
0.148224
0.149375
0.150021
0.150505
0.151263
0.15248
0.15363
0.154098
0.154342
0.153376
0.148947
0.144168
0.143415
0.144309
0.145998
0.148953
0.152866
0.156255
0.15847
0.160661
0.163178
0.166128
0.169539
0.173456
0.178049
0.183567
0.189988
0.196048
0.200321
0.203478
0.206588
0.210516
0.213773
0.216277
0.214358
0.209618
0.208858
0.211026
0.217072
0.226955
0.237937
0.251556
0.275031
0.310785
0.338651
48.3017
0.137125
0.265952
0.308188
0.316957
0.31625
0.311381
0.305034
0.299578
0.295203
0.28194
0.233067
0.170246
0.160692
0.163564
0.171631
0.181765
0.190959
0.19814
0.203864
0.209567
0.216718
0.22627
0.237497
0.24889
0.259535
0.268688
0.273661
0.275388
0.273112
0.269686
0.244633
0.191204
0.176159
0.176199
0.179813
0.185077
0.189786
0.193958
0.197801
0.201087
0.20404
0.207506
0.212081
0.21769
0.223239
0.227321
0.229646
0.231704
0.236689
0.24475
0.246852
0.24281
0.225502
0.189981
0.179096
0.181155
0.185255
0.189688
0.192295
0.193473
0.194568
0.196379
0.198828
0.201517
0.204057
0.206325
0.208372
0.210456
0.212835
0.216065
0.220921
0.226531
0.228884
0.225304
0.216861
0.193752
0.180647
0.180482
0.183107
0.185667
0.187578
0.188372
0.189175
0.191093
0.194231
0.197867
0.200983
0.203205
0.204596
0.205335
0.205894
0.206858
0.209168
0.214128
0.21909
0.220157
0.217606
0.205873
0.186816
0.18152
0.181652
0.182967
0.185741
0.188086
0.189301
0.190112
0.191072
0.192243
0.193438
0.194545
0.19521
0.195308
0.195186
0.195197
0.195846
0.198151
0.202788
0.205625
0.206434
0.204679
0.194728
0.181502
0.178558
0.178041
0.178728
0.180539
0.182226
0.183188
0.184018
0.184795
0.18537
0.186332
0.188053
0.190011
0.19105
0.19121
0.191129
0.191054
0.191644
0.19332
0.194771
0.19447
0.192927
0.186435
0.175949
0.172333
0.172497
0.173087
0.174939
0.177384
0.179042
0.179941
0.180643
0.181232
0.181958
0.183193
0.18455
0.185218
0.185223
0.185106
0.185228
0.185794
0.186193
0.185755
0.184138
0.180558
0.172789
0.165696
0.16433
0.164559
0.16571
0.168248
0.170561
0.17108
0.170962
0.170814
0.170895
0.171216
0.171758
0.172493
0.173149
0.173362
0.173222
0.173109
0.173403
0.174438
0.175718
0.175999
0.175571
0.173128
0.166484
0.160825
0.160037
0.160281
0.161203
0.163204
0.16468
0.164853
0.164609
0.16426
0.164034
0.164017
0.164312
0.165142
0.166535
0.167308
0.167145
0.166619
0.16616
0.166036
0.166569
0.167432
0.167329
0.166648
0.164152
0.158056
0.153609
0.153114
0.15312
0.15393
0.155355
0.155888
0.15551
0.15503
0.154683
0.15454
0.154666
0.154974
0.15574
0.157024
0.158191
0.158799
0.159116
0.159498
0.160042
0.160371
0.159879
0.158865
0.156112
0.1499
0.144297
0.142999
0.142981
0.143303
0.144571
0.146121
0.146524
0.146194
0.145564
0.144961
0.144568
0.1445
0.144841
0.145677
0.146968
0.148217
0.14896
0.149411
0.150027
0.151141
0.152323
0.152886
0.153224
0.152472
0.148454
0.143602
0.142719
0.143591
0.145278
0.148202
0.151966
0.155151
0.157287
0.15942
0.161933
0.164947
0.168488
0.172611
0.177465
0.183251
0.189889
0.196357
0.201354
0.205379
0.209438
0.214127
0.217795
0.220487
0.218365
0.21344
0.212881
0.215755
0.222588
0.232746
0.24271
0.254042
0.273017
0.299659
0.319214
48.3039
0.14269
0.270249
0.308637
0.315707
0.314603
0.309578
0.302905
0.296132
0.290331
0.27732
0.228814
0.168713
0.161108
0.164081
0.171689
0.180815
0.189115
0.196276
0.202838
0.209866
0.218104
0.228178
0.238938
0.249436
0.259558
0.268637
0.273876
0.275361
0.273471
0.270566
0.246394
0.192413
0.176057
0.175618
0.179337
0.185365
0.190902
0.195575
0.199184
0.201694
0.203919
0.206992
0.211658
0.217678
0.223512
0.227492
0.229426
0.230965
0.235326
0.242953
0.24557
0.241699
0.225734
0.191204
0.179364
0.181299
0.184565
0.188206
0.190452
0.191781
0.193563
0.196428
0.199932
0.20312
0.205575
0.207454
0.209021
0.210659
0.212794
0.216068
0.220948
0.226683
0.229005
0.225673
0.217141
0.193784
0.180596
0.180475
0.183032
0.185899
0.188198
0.189303
0.190103
0.191669
0.194362
0.197771
0.200958
0.203312
0.204819
0.205679
0.206183
0.206928
0.208876
0.213661
0.218771
0.21983
0.217919
0.206112
0.186984
0.181891
0.181245
0.182179
0.184685
0.187007
0.188446
0.189485
0.190417
0.191236
0.19209
0.193006
0.193749
0.194037
0.194103
0.1943
0.195039
0.197438
0.202401
0.205932
0.206836
0.205479
0.196234
0.182738
0.179437
0.179135
0.18001
0.182135
0.184014
0.184882
0.185609
0.186178
0.186598
0.187401
0.189078
0.190818
0.191465
0.1913
0.190873
0.190508
0.190787
0.192203
0.193925
0.193748
0.192705
0.187224
0.177067
0.172768
0.17277
0.173199
0.174965
0.177356
0.179061
0.180021
0.180869
0.181588
0.182399
0.183661
0.185209
0.186075
0.186202
0.186224
0.186601
0.187756
0.18887
0.188796
0.187403
0.18352
0.174689
0.16702
0.165608
0.165658
0.166627
0.168905
0.170432
0.170528
0.170102
0.169696
0.169513
0.169578
0.169851
0.170469
0.171398
0.172064
0.172261
0.172366
0.172809
0.174101
0.175659
0.176022
0.175748
0.173531
0.166983
0.161148
0.160262
0.160558
0.161432
0.163294
0.164601
0.164687
0.164336
0.163878
0.163569
0.163495
0.163817
0.164817
0.166497
0.167598
0.167612
0.1672
0.166739
0.166539
0.166932
0.167608
0.167293
0.166239
0.163083
0.156313
0.152055
0.151662
0.151792
0.152599
0.15409
0.154881
0.154821
0.15472
0.154599
0.154624
0.154837
0.155196
0.155931
0.156944
0.157827
0.158384
0.158793
0.159402
0.160393
0.161212
0.161087
0.160409
0.158203
0.152275
0.146035
0.14432
0.144067
0.144303
0.145449
0.146595
0.146759
0.146213
0.145384
0.144489
0.143975
0.143745
0.14393
0.144536
0.145675
0.147029
0.147948
0.148459
0.14902
0.150096
0.151397
0.152094
0.152503
0.151978
0.148358
0.143484
0.142462
0.143322
0.144997
0.147884
0.151495
0.154437
0.156449
0.158476
0.16092
0.163889
0.167415
0.171581
0.176572
0.182632
0.189684
0.196751
0.202598
0.207428
0.212298
0.217911
0.222267
0.225342
0.223066
0.217791
0.217423
0.221011
0.228642
0.238996
0.247782
0.2568
0.271117
0.289191
0.301989
48.2943
0.153398
0.273648
0.309075
0.31505
0.313636
0.30863
0.301718
0.293758
0.286283
0.272568
0.224018
0.167471
0.161042
0.164667
0.171583
0.179434
0.186825
0.193893
0.201251
0.209625
0.219355
0.229943
0.240193
0.24992
0.25968
0.268668
0.274085
0.275636
0.274301
0.271529
0.247828
0.19319
0.175451
0.174775
0.178908
0.185884
0.192322
0.197266
0.20029
0.202001
0.203641
0.206447
0.211233
0.217504
0.223438
0.227203
0.228841
0.230123
0.234145
0.241375
0.244404
0.240749
0.226236
0.192712
0.17979
0.181515
0.183764
0.18664
0.188426
0.189821
0.192373
0.196446
0.201219
0.204949
0.207343
0.2088
0.209859
0.210999
0.212888
0.216088
0.220734
0.226621
0.228992
0.225815
0.217313
0.193992
0.180461
0.180349
0.182992
0.186296
0.189032
0.190275
0.19091
0.192068
0.194356
0.197553
0.2009
0.203563
0.20527
0.206078
0.206317
0.206717
0.20841
0.212933
0.218202
0.219174
0.218031
0.206146
0.186932
0.181845
0.180624
0.181328
0.183532
0.185828
0.187301
0.188644
0.189593
0.190139
0.190828
0.191767
0.192699
0.193272
0.193573
0.193885
0.194665
0.197004
0.202018
0.206055
0.207051
0.206007
0.197336
0.183763
0.180058
0.180036
0.181208
0.183678
0.185771
0.186711
0.187396
0.1878
0.18809
0.188773
0.190229
0.191462
0.191696
0.191245
0.190527
0.189975
0.190051
0.191328
0.193303
0.193294
0.192624
0.188004
0.178204
0.173207
0.173001
0.173275
0.174923
0.177289
0.179077
0.180035
0.180925
0.181721
0.182615
0.183968
0.185672
0.186806
0.187197
0.187408
0.187986
0.189411
0.191069
0.191461
0.190559
0.187129
0.177801
0.168992
0.167195
0.166988
0.167599
0.169084
0.169878
0.169621
0.168872
0.168135
0.167722
0.167706
0.168052
0.168978
0.17032
0.171287
0.171649
0.171876
0.172459
0.173924
0.175624
0.176004
0.175805
0.173834
0.167521
0.161532
0.160473
0.160794
0.161576
0.163212
0.16435
0.164411
0.164051
0.163572
0.163228
0.16313
0.16349
0.164615
0.166422
0.167814
0.168089
0.167951
0.167695
0.167602
0.167837
0.168105
0.167354
0.165826
0.161801
0.154301
0.150376
0.150006
0.150207
0.151045
0.152668
0.154031
0.154423
0.154671
0.154787
0.155045
0.155271
0.155574
0.156098
0.156793
0.157392
0.157795
0.158181
0.158879
0.160198
0.161612
0.161935
0.161599
0.159887
0.154532
0.147993
0.145894
0.145431
0.145545
0.146261
0.146766
0.146576
0.145821
0.144881
0.143908
0.143277
0.142972
0.143009
0.143433
0.144461
0.145922
0.147102
0.147773
0.148393
0.149462
0.15084
0.151644
0.152086
0.151759
0.148576
0.143739
0.142541
0.143382
0.145042
0.147871
0.151239
0.153923
0.155825
0.157783
0.160127
0.163
0.166484
0.170662
0.175721
0.181948
0.189303
0.196793
0.203197
0.208689
0.214368
0.220971
0.226065
0.22955
0.227237
0.221552
0.221276
0.225405
0.233578
0.243941
0.251735
0.258875
0.269269
0.281143
0.289482
48.3036
0.150781
0.277113
0.309855
0.314478
0.312908
0.30813
0.301112
0.292298
0.283617
0.269065
0.220433
0.166511
0.160601
0.16528
0.171478
0.178262
0.184799
0.191628
0.199605
0.209312
0.220302
0.231389
0.241246
0.25036
0.259743
0.268254
0.273687
0.275744
0.274881
0.272251
0.248849
0.193662
0.174549
0.173779
0.178481
0.186429
0.193643
0.198823
0.201186
0.202164
0.203335
0.205927
0.210828
0.217259
0.223231
0.226809
0.228298
0.22948
0.233293
0.240187
0.243523
0.240059
0.226733
0.194062
0.180171
0.181677
0.183181
0.185527
0.186689
0.187843
0.190997
0.196133
0.202301
0.206854
0.209168
0.210169
0.210703
0.211355
0.213048
0.216152
0.220409
0.226263
0.228977
0.225795
0.217287
0.194163
0.180343
0.180272
0.183047
0.186818
0.189911
0.191213
0.191683
0.192506
0.194399
0.19734
0.20077
0.20378
0.205706
0.206382
0.206334
0.206451
0.207998
0.212352
0.217616
0.218364
0.217842
0.205982
0.186795
0.181758
0.180119
0.180628
0.182542
0.184733
0.186375
0.187848
0.188964
0.189305
0.189912
0.191008
0.192179
0.192996
0.193473
0.19387
0.194696
0.196982
0.201916
0.206205
0.207229
0.206357
0.197992
0.18437
0.180439
0.180687
0.182084
0.184783
0.187041
0.188102
0.188796
0.189163
0.189459
0.190136
0.191242
0.19196
0.191867
0.191163
0.190251
0.18955
0.189483
0.190705
0.192885
0.193073
0.192619
0.188601
0.179136
0.173628
0.173274
0.173479
0.17504
0.177282
0.178857
0.179899
0.180729
0.181609
0.182587
0.184182
0.18612
0.187344
0.187765
0.188022
0.188636
0.190241
0.192514
0.193277
0.192595
0.189644
0.180618
0.171092
0.168877
0.168368
0.168581
0.16916
0.169301
0.168554
0.167482
0.166588
0.166172
0.166264
0.16683
0.168063
0.16963
0.17075
0.171271
0.171657
0.172379
0.173908
0.175583
0.175958
0.175774
0.174016
0.168024
0.161922
0.160652
0.160993
0.161647
0.163037
0.164073
0.164167
0.163834
0.163342
0.162959
0.162826
0.163209
0.164445
0.16641
0.167928
0.168409
0.168538
0.168595
0.168801
0.169074
0.168951
0.167764
0.165648
0.160238
0.152178
0.148866
0.148517
0.14871
0.149693
0.151638
0.15353
0.154363
0.154893
0.155206
0.155588
0.155836
0.156092
0.156393
0.156705
0.156984
0.157239
0.157578
0.158283
0.159752
0.161713
0.162434
0.162289
0.16096
0.156051
0.149345
0.147101
0.146603
0.146731
0.147131
0.147166
0.146442
0.145372
0.144131
0.14306
0.142382
0.142093
0.142123
0.142536
0.143579
0.145148
0.146562
0.14744
0.148169
0.149225
0.150584
0.151441
0.151885
0.151649
0.148851
0.144144
0.142804
0.143608
0.145242
0.147992
0.151183
0.153664
0.155481
0.157392
0.159679
0.162539
0.165957
0.170076
0.175118
0.181384
0.188818
0.196483
0.203267
0.209322
0.215684
0.223029
0.22864
0.232342
0.22997
0.223895
0.223594
0.228012
0.236411
0.246472
0.253554
0.259684
0.267782
0.276737
0.283107
48.2854
0.151922
0.278591
0.310748
0.314378
0.312306
0.307406
0.300356
0.29113
0.281757
0.266443
0.217703
0.165166
0.159796
0.165202
0.171188
0.177469
0.183483
0.190001
0.198122
0.208491
0.220392
0.231985
0.241993
0.250739
0.259665
0.267876
0.273429
0.275868
0.275377
0.27307
0.249868
0.194062
0.174089
0.173095
0.177971
0.186511
0.194277
0.199776
0.201879
0.202504
0.203264
0.205605
0.210452
0.216896
0.222859
0.226395
0.227824
0.22896
0.232753
0.239553
0.242904
0.2395
0.226834
0.194718
0.180385
0.181782
0.182873
0.184947
0.185782
0.186585
0.18995
0.195809
0.202682
0.208148
0.210476
0.211257
0.211457
0.211699
0.213166
0.216037
0.219909
0.225607
0.228854
0.225894
0.217386
0.194418
0.180497
0.180313
0.183104
0.18713
0.190561
0.191937
0.192305
0.192952
0.194622
0.197387
0.200707
0.203715
0.205734
0.206483
0.206441
0.206405
0.207833
0.212081
0.217364
0.217822
0.217362
0.205667
0.186587
0.18161
0.179794
0.180029
0.18163
0.183617
0.18531
0.186863
0.1882
0.188592
0.189242
0.190409
0.19166
0.192562
0.193127
0.193577
0.194425
0.19667
0.201593
0.206038
0.207105
0.206364
0.198142
0.184597
0.180661
0.181027
0.182601
0.18556
0.188011
0.189179
0.18985
0.190188
0.190414
0.191017
0.191865
0.192325
0.19204
0.191044
0.189974
0.189181
0.18913
0.190447
0.192757
0.193088
0.192808
0.18906
0.179652
0.173886
0.173454
0.173612
0.175104
0.177232
0.178506
0.179614
0.180449
0.181579
0.18271
0.184454
0.186501
0.187786
0.188248
0.188583
0.189348
0.191153
0.193658
0.194783
0.194205
0.191536
0.182742
0.172642
0.170088
0.169424
0.169242
0.169319
0.168688
0.167365
0.166163
0.165433
0.16518
0.165436
0.166165
0.167543
0.169238
0.170488
0.171151
0.171653
0.172442
0.173967
0.175582
0.175934
0.175736
0.174116
0.168327
0.16213
0.16074
0.161082
0.161668
0.162928
0.163901
0.164012
0.163711
0.163231
0.162849
0.162721
0.163147
0.164478
0.166513
0.168102
0.168812
0.16912
0.169307
0.169578
0.169831
0.169435
0.167997
0.165382
0.158871
0.150589
0.147699
0.147379
0.147634
0.148791
0.150994
0.153192
0.154332
0.155057
0.155569
0.155968
0.156231
0.156402
0.156507
0.156519
0.156488
0.156567
0.156936
0.157791
0.159477
0.161763
0.162874
0.162919
0.161823
0.157165
0.150317
0.147972
0.147348
0.147399
0.147673
0.147415
0.146298
0.144876
0.143326
0.142179
0.141511
0.141267
0.141348
0.141836
0.142955
0.14464
0.146224
0.147244
0.14805
0.149135
0.150508
0.151452
0.151935
0.151807
0.149249
0.144585
0.143143
0.143894
0.145453
0.14811
0.15117
0.153516
0.155291
0.157157
0.159391
0.162205
0.165567
0.169628
0.174644
0.180931
0.188419
0.196221
0.203289
0.209682
0.216411
0.224194
0.23013
0.233865
0.231346
0.224998
0.224531
0.228992
0.237299
0.247191
0.254112
0.259997
0.267311
0.275691
0.281681
)
;

boundaryField
{
    sides
    {
        type            calculated;
        value           nonuniform List<scalar> 
600
(
48.0834
0.263864
0.233443
0.284868
0.300066
0.305437
0.309143
0.309283
0.305137
0.301407
0.296536
0.271307
0.205697
0.168666
0.16526
0.170438
0.180483
0.191888
0.201468
0.207166
0.210322
0.212687
0.215514
0.221093
0.232503
0.249305
0.266544
0.279458
0.28458
0.28225
0.273202
0.243521
0.191264
0.179252
0.184785
0.189633
0.193117
0.194967
0.197604
0.202382
0.208779
0.214574
0.217781
0.21908
0.219999
0.222385
0.228106
0.236877
0.246191
0.2563
0.263924
0.261034
0.25057
0.215701
0.180156
0.176463
0.180069
0.186263
0.191422
0.193971
0.1944
0.194275
0.194324
0.194955
0.196731
0.200097
0.204777
0.209735
0.213608
0.215752
0.216832
0.219113
0.223951
0.226721
0.224503
0.217186
0.194784
0.180392
0.179967
0.182593
0.185793
0.188469
0.189722
0.190206
0.190679
0.191468
0.192931
0.195498
0.199365
0.203732
0.207421
0.21004
0.210884
0.21085
0.212196
0.216026
0.217363
0.217984
0.2127
0.196602
0.185324
0.182601
0.181478
0.182031
0.183417
0.184716
0.185707
0.186693
0.187544
0.188497
0.189691
0.190787
0.191301
0.191352
0.191271
0.191462
0.192911
0.195907
0.197274
0.198284
0.196581
0.186531
0.176273
0.174582
0.173877
0.174753
0.176513
0.177882
0.178599
0.179291
0.180635
0.182947
0.18599
0.18873
0.19003
0.190051
0.189307
0.188337
0.187769
0.188358
0.190388
0.192182
0.19266
0.191654
0.185343
0.176002
0.173206
0.173353
0.17432
0.176449
0.178659
0.179931
0.180563
0.181166
0.18232
0.184546
0.187875
0.191388
0.193419
0.193981
0.193753
0.193264
0.192791
0.192417
0.191025
0.189517
0.186052
0.177599
0.169814
0.167938
0.167151
0.166952
0.167607
0.16857
0.168901
0.16872
0.168472
0.168491
0.168934
0.169973
0.171618
0.173274
0.174073
0.174279
0.174477
0.174978
0.176222
0.178053
0.178844
0.179051
0.177272
0.171162
0.165023
0.163879
0.16385
0.16463
0.166377
0.167516
0.167651
0.167353
0.166951
0.166759
0.166855
0.167227
0.167943
0.16875
0.169002
0.168341
0.16688
0.1652
0.163744
0.162707
0.162282
0.161573
0.160759
0.158697
0.153692
0.148685
0.147572
0.147625
0.148064
0.149266
0.150499
0.150845
0.150799
0.150615
0.150392
0.150243
0.150364
0.150987
0.152167
0.153379
0.153947
0.15403
0.154015
0.154175
0.154873
0.155806
0.155741
0.154747
0.151124
0.143459
0.13858
0.137796
0.137635
0.138292
0.139445
0.139757
0.139782
0.139784
0.139895
0.140231
0.140847
0.142051
0.144163
0.147186
0.150555
0.153444
0.155705
0.157839
0.160206
0.163277
0.167314
0.170508
0.172337
0.171382
0.167509
0.1653
0.166507
0.16911
0.173314
0.176957
0.178952
0.180544
0.18241
0.184624
0.187554
0.19147
0.196694
0.203062
0.209024
0.213613
0.218423
0.224489
0.232525
0.243228
0.254402
0.265074
0.271452
0.280102
0.295306
0.316332
0.34039
0.35902
0.374531
0.390414
0.407868
0.432454
0.470376
0.510162
48.2854
0.151922
0.278591
0.310748
0.314378
0.312306
0.307406
0.300356
0.29113
0.281757
0.266443
0.217703
0.165166
0.159796
0.165202
0.171188
0.177469
0.183483
0.190001
0.198122
0.208491
0.220392
0.231985
0.241993
0.250739
0.259665
0.267876
0.273429
0.275868
0.275377
0.27307
0.249868
0.194062
0.174089
0.173095
0.177971
0.186511
0.194277
0.199776
0.201879
0.202504
0.203264
0.205605
0.210452
0.216896
0.222859
0.226395
0.227824
0.22896
0.232753
0.239553
0.242904
0.2395
0.226834
0.194718
0.180385
0.181782
0.182873
0.184947
0.185782
0.186585
0.18995
0.195809
0.202682
0.208148
0.210476
0.211257
0.211457
0.211699
0.213166
0.216037
0.219909
0.225607
0.228854
0.225894
0.217386
0.194418
0.180497
0.180313
0.183104
0.18713
0.190561
0.191937
0.192305
0.192952
0.194622
0.197387
0.200707
0.203715
0.205734
0.206483
0.206441
0.206405
0.207833
0.212081
0.217364
0.217822
0.217362
0.205667
0.186587
0.18161
0.179794
0.180029
0.18163
0.183617
0.18531
0.186863
0.1882
0.188592
0.189242
0.190409
0.19166
0.192562
0.193127
0.193577
0.194425
0.19667
0.201593
0.206038
0.207105
0.206364
0.198142
0.184597
0.180661
0.181027
0.182601
0.18556
0.188011
0.189179
0.18985
0.190188
0.190414
0.191017
0.191865
0.192325
0.19204
0.191044
0.189974
0.189181
0.18913
0.190447
0.192757
0.193088
0.192808
0.18906
0.179652
0.173886
0.173454
0.173612
0.175104
0.177232
0.178506
0.179614
0.180449
0.181579
0.18271
0.184454
0.186501
0.187786
0.188248
0.188583
0.189348
0.191153
0.193658
0.194783
0.194205
0.191536
0.182742
0.172642
0.170088
0.169424
0.169242
0.169319
0.168688
0.167365
0.166163
0.165433
0.16518
0.165436
0.166165
0.167543
0.169238
0.170488
0.171151
0.171653
0.172442
0.173967
0.175582
0.175934
0.175736
0.174116
0.168327
0.16213
0.16074
0.161082
0.161668
0.162928
0.163901
0.164012
0.163711
0.163231
0.162849
0.162721
0.163147
0.164478
0.166513
0.168102
0.168812
0.16912
0.169307
0.169578
0.169831
0.169435
0.167997
0.165382
0.158871
0.150589
0.147699
0.147379
0.147634
0.148791
0.150994
0.153192
0.154332
0.155057
0.155569
0.155968
0.156231
0.156402
0.156507
0.156519
0.156488
0.156567
0.156936
0.157791
0.159477
0.161763
0.162874
0.162919
0.161823
0.157165
0.150317
0.147972
0.147348
0.147399
0.147673
0.147415
0.146298
0.144876
0.143326
0.142179
0.141511
0.141267
0.141348
0.141836
0.142955
0.14464
0.146224
0.147244
0.14805
0.149135
0.150508
0.151452
0.151935
0.151807
0.149249
0.144585
0.143143
0.143894
0.145453
0.14811
0.15117
0.153516
0.155291
0.157157
0.159391
0.162205
0.165567
0.169628
0.174644
0.180931
0.188419
0.196221
0.203289
0.209682
0.216411
0.224194
0.23013
0.233865
0.231346
0.224998
0.224531
0.228992
0.237299
0.247191
0.254112
0.259997
0.267311
0.275691
0.281681
)
;
    }
    inlet
    {
        type            calculated;
        value           nonuniform List<scalar> 
20
(
0.108634
0.108631
0.108634
0.108641
0.108653
0.108665
0.108678
0.108697
0.108705
0.108694
0.108674
0.108657
0.108641
0.108634
0.108645
0.108678
0.108712
0.108743
0.108766
0.108796
)
;
    }
    outlet
    {
        type            calculated;
        value           nonuniform List<scalar> 
20
(
0.510162
0.508692
0.511118
0.516985
0.52069
0.518449
0.510175
0.495936
0.474872
0.45065
0.425738
0.402089
0.380142
0.359215
0.338651
0.319214
0.301989
0.289482
0.283107
0.281681
)
;
    }
    empty
    {
        type            empty;
    }
}


// ************************************************************************* //
