/*--------------------------------*- C++ -*----------------------------------*\
| =========                 |                                                 |
| \\      /  F ield         | OpenFOAM: The Open Source CFD Toolbox           |
|  \\    /   O peration     | Version:  2306                                  |
|   \\  /    A nd           | Website:  www.openfoam.com                      |
|    \\/     M anipulation  |                                                 |
\*---------------------------------------------------------------------------*/
FoamFile
{
    version     2.0;
    format      ascii;
    arch        "LSB;label=32;scalar=64";
    class       volScalarField;
    location    "0.16";
    object      T;
}
// * * * * * * * * * * * * * * * * * * * * * * * * * * * * * * * * * * * * * //

dimensions      [0 0 0 1 0 0 0];

internalField   nonuniform List<scalar> 
6000
(
532.368
532.368
532.368
532.368
532.368
532.368
532.368
532.368
532.368
532.368
532.368
532.368
532.368
532.368
532.368
532.368
532.368
532.368
532.368
532.368
532.368
532.368
532.368
532.368
532.368
532.368
532.368
532.368
532.368
532.368
532.368
532.368
532.368
532.368
532.368
532.368
532.368
532.368
532.368
532.368
532.368
532.368
532.368
532.368
532.368
532.368
532.368
532.368
532.368
532.368
532.368
532.368
532.368
532.368
532.368
532.368
532.368
532.368
532.368
532.368
532.368
532.368
532.368
532.368
532.368
532.368
532.368
532.368
532.368
532.368
532.368
532.368
532.368
532.368
532.368
532.368
532.368
532.369
532.369
532.371
532.375
532.384
532.399
532.427
532.474
532.541
532.613
532.651
532.655
532.652
532.639
532.607
532.551
532.467
532.359
532.232
532.093
531.947
531.799
531.652
531.506
531.365
531.228
531.095
530.967
530.847
530.733
530.627
530.529
530.441
530.364
530.296
530.239
530.19
530.15
530.116
530.085
530.057
530.031
530.007
529.984
529.962
529.942
529.929
529.926
529.926
529.925
529.925
529.926
529.928
529.931
529.937
529.945
529.954
529.964
529.974
529.983
529.99
529.996
530
530.004
530.007
530.01
530.011
530.013
530.014
530.015
530.015
530.016
530.017
530.017
530.018
530.017
530.017
530.015
530.013
530.011
530.009
530.006
530.003
529.999
529.994
529.989
529.984
529.98
529.977
529.975
529.975
529.975
529.975
529.975
529.975
529.975
529.976
529.978
529.98
529.984
529.987
529.99
529.992
529.994
529.996
529.997
529.999
530
530.002
530.003
530.003
530.004
530.005
530.006
530.008
530.011
530.014
530.015
530.015
530.015
530.014
530.013
530.011
530.009
530.006
530.002
529.998
529.994
529.99
529.986
529.984
529.982
529.98
529.979
529.978
529.977
529.977
529.976
529.975
529.975
529.976
529.977
529.979
529.981
529.983
529.986
529.988
529.99
529.993
529.995
529.997
529.999
530
530.001
530.001
530.001
530.001
530.002
530.003
530.005
530.006
530.008
530.01
530.012
530.014
530.014
530.015
530.016
530.016
530.016
530.014
530.011
530.007
530.002
529.996
529.991
529.987
529.985
529.984
529.983
529.982
529.979
529.977
529.975
529.974
529.974
529.974
529.975
529.976
529.976
529.976
529.976
529.977
529.979
529.982
529.987
529.992
529.995
529.998
529.999
529.999
529.999
529.999
530
530.001
530.003
530.004
530.005
530.005
530.005
530.006
530.008
530.011
530.016
530.021
530.023
530.023
530.022
530.02
530.017
530.014
530.011
530.005
532.368
532.368
532.368
532.368
532.368
532.368
532.368
532.368
532.368
532.368
532.368
532.368
532.368
532.368
532.368
532.368
532.368
532.368
532.368
532.368
532.368
532.368
532.368
532.368
532.368
532.368
532.368
532.368
532.368
532.368
532.368
532.368
532.368
532.368
532.368
532.368
532.368
532.368
532.368
532.368
532.368
532.368
532.368
532.368
532.368
532.368
532.368
532.368
532.368
532.368
532.368
532.368
532.368
532.368
532.368
532.368
532.368
532.368
532.368
532.368
532.368
532.368
532.368
532.368
532.368
532.368
532.368
532.368
532.368
532.368
532.368
532.368
532.368
532.368
532.368
532.368
532.368
532.369
532.369
532.371
532.375
532.384
532.399
532.427
532.474
532.541
532.613
532.651
532.655
532.652
532.639
532.607
532.551
532.467
532.359
532.232
532.093
531.947
531.799
531.651
531.507
531.365
531.227
531.095
530.968
530.847
530.733
530.626
530.529
530.441
530.364
530.296
530.239
530.191
530.15
530.115
530.084
530.057
530.032
530.007
529.984
529.961
529.943
529.929
529.926
529.925
529.925
529.925
529.926
529.928
529.931
529.937
529.945
529.954
529.964
529.974
529.983
529.99
529.996
530
530.004
530.007
530.01
530.011
530.013
530.014
530.015
530.015
530.016
530.017
530.017
530.018
530.017
530.017
530.015
530.013
530.011
530.009
530.006
530.003
529.999
529.994
529.989
529.984
529.98
529.977
529.975
529.975
529.975
529.975
529.975
529.975
529.975
529.976
529.978
529.98
529.984
529.987
529.99
529.992
529.994
529.996
529.998
529.999
530
530.002
530.002
530.003
530.004
530.005
530.006
530.008
530.011
530.014
530.015
530.015
530.015
530.014
530.013
530.011
530.009
530.006
530.003
529.998
529.994
529.99
529.986
529.984
529.982
529.98
529.979
529.978
529.977
529.977
529.976
529.975
529.975
529.976
529.977
529.979
529.981
529.983
529.986
529.988
529.99
529.993
529.995
529.997
529.999
530
530.001
530.001
530.001
530.001
530.002
530.003
530.004
530.006
530.008
530.01
530.012
530.014
530.014
530.015
530.016
530.016
530.016
530.014
530.012
530.007
530.002
529.996
529.991
529.987
529.985
529.984
529.983
529.982
529.98
529.977
529.975
529.974
529.974
529.974
529.975
529.976
529.976
529.976
529.976
529.977
529.979
529.982
529.987
529.992
529.995
529.998
529.999
529.999
529.999
529.999
530
530.001
530.003
530.004
530.005
530.005
530.005
530.006
530.008
530.011
530.016
530.021
530.023
530.023
530.022
530.02
530.017
530.014
530.011
530.005
532.368
532.368
532.368
532.368
532.368
532.368
532.368
532.368
532.368
532.368
532.368
532.368
532.368
532.368
532.368
532.368
532.368
532.368
532.368
532.368
532.368
532.368
532.368
532.368
532.368
532.368
532.368
532.368
532.368
532.368
532.368
532.368
532.368
532.368
532.368
532.368
532.368
532.368
532.368
532.368
532.368
532.368
532.368
532.368
532.368
532.368
532.368
532.368
532.368
532.368
532.368
532.368
532.368
532.368
532.368
532.368
532.368
532.368
532.368
532.368
532.368
532.368
532.368
532.368
532.368
532.368
532.368
532.368
532.368
532.368
532.368
532.368
532.368
532.368
532.368
532.368
532.368
532.369
532.369
532.371
532.375
532.384
532.399
532.427
532.474
532.541
532.613
532.651
532.655
532.652
532.639
532.607
532.551
532.467
532.359
532.232
532.093
531.947
531.799
531.652
531.507
531.365
531.227
531.095
530.968
530.847
530.733
530.626
530.529
530.441
530.364
530.296
530.239
530.19
530.15
530.115
530.084
530.057
530.032
530.008
529.984
529.962
529.943
529.93
529.926
529.925
529.925
529.925
529.926
529.928
529.932
529.937
529.944
529.953
529.964
529.974
529.983
529.99
529.996
530
530.004
530.007
530.009
530.011
530.013
530.014
530.015
530.016
530.016
530.017
530.017
530.017
530.017
530.016
530.015
530.014
530.012
530.009
530.006
530.003
529.999
529.994
529.989
529.984
529.98
529.977
529.975
529.975
529.975
529.975
529.975
529.975
529.975
529.976
529.978
529.98
529.984
529.987
529.99
529.992
529.994
529.996
529.998
529.999
530.001
530.002
530.002
530.003
530.004
530.004
530.006
530.008
530.011
530.014
530.015
530.015
530.015
530.014
530.013
530.011
530.009
530.006
530.003
529.998
529.994
529.99
529.986
529.983
529.982
529.98
529.979
529.978
529.977
529.977
529.976
529.975
529.975
529.976
529.977
529.979
529.981
529.983
529.986
529.988
529.99
529.993
529.995
529.997
529.999
530.001
530.001
530.001
530.001
530.001
530.002
530.003
530.004
530.006
530.008
530.01
530.012
530.014
530.014
530.015
530.016
530.016
530.016
530.015
530.012
530.007
530.002
529.996
529.991
529.987
529.985
529.984
529.983
529.982
529.98
529.977
529.975
529.974
529.974
529.974
529.975
529.976
529.976
529.976
529.976
529.977
529.979
529.982
529.987
529.991
529.995
529.998
529.999
529.999
529.999
529.999
530
530.001
530.003
530.004
530.004
530.005
530.005
530.006
530.008
530.012
530.016
530.021
530.023
530.022
530.021
530.019
530.017
530.014
530.012
530.005
532.368
532.368
532.368
532.368
532.368
532.368
532.368
532.368
532.368
532.368
532.368
532.368
532.368
532.368
532.368
532.368
532.368
532.368
532.368
532.368
532.368
532.368
532.368
532.368
532.368
532.368
532.368
532.368
532.368
532.368
532.368
532.368
532.368
532.368
532.368
532.368
532.368
532.368
532.368
532.368
532.368
532.368
532.368
532.368
532.368
532.368
532.368
532.368
532.368
532.368
532.368
532.368
532.368
532.368
532.368
532.368
532.368
532.368
532.368
532.368
532.368
532.368
532.368
532.368
532.368
532.368
532.368
532.368
532.368
532.368
532.368
532.368
532.368
532.368
532.368
532.368
532.368
532.369
532.369
532.371
532.375
532.384
532.399
532.427
532.474
532.541
532.613
532.651
532.655
532.652
532.639
532.607
532.551
532.467
532.359
532.232
532.093
531.947
531.799
531.652
531.507
531.365
531.227
531.095
530.968
530.847
530.732
530.626
530.529
530.441
530.364
530.296
530.239
530.19
530.149
530.114
530.084
530.057
530.032
530.008
529.984
529.962
529.942
529.93
529.925
529.924
529.925
529.925
529.927
529.929
529.932
529.937
529.944
529.953
529.963
529.974
529.983
529.991
529.996
530.001
530.004
530.007
530.009
530.011
530.012
530.014
530.015
530.016
530.017
530.017
530.017
530.017
530.017
530.016
530.015
530.014
530.012
530.01
530.006
530.003
529.998
529.994
529.989
529.985
529.981
529.977
529.976
529.975
529.975
529.974
529.974
529.974
529.975
529.976
529.978
529.981
529.984
529.987
529.989
529.992
529.994
529.996
529.998
529.999
530.001
530.002
530.002
530.003
530.003
530.004
530.006
530.008
530.011
530.014
530.015
530.015
530.015
530.014
530.013
530.011
530.009
530.006
530.003
529.999
529.994
529.99
529.986
529.983
529.982
529.981
529.979
529.978
529.977
529.977
529.976
529.975
529.975
529.976
529.977
529.979
529.981
529.983
529.986
529.988
529.99
529.993
529.995
529.997
529.999
530.001
530.001
530.001
530.001
530.001
530.002
530.003
530.004
530.006
530.008
530.01
530.012
530.014
530.014
530.015
530.016
530.016
530.016
530.015
530.012
530.007
530.002
529.996
529.991
529.987
529.985
529.984
529.983
529.982
529.98
529.978
529.975
529.974
529.974
529.974
529.975
529.975
529.976
529.976
529.976
529.978
529.98
529.983
529.987
529.991
529.995
529.998
529.999
529.999
529.999
529.999
530
530.002
530.003
530.004
530.004
530.004
530.005
530.006
530.009
530.012
530.017
530.021
530.022
530.022
530.021
530.019
530.017
530.014
530.012
530.006
532.368
532.368
532.368
532.368
532.368
532.368
532.368
532.368
532.368
532.368
532.368
532.368
532.368
532.368
532.368
532.368
532.368
532.368
532.368
532.368
532.368
532.368
532.368
532.368
532.368
532.368
532.368
532.368
532.368
532.368
532.368
532.368
532.368
532.368
532.368
532.368
532.368
532.368
532.368
532.368
532.368
532.368
532.368
532.368
532.368
532.368
532.368
532.368
532.368
532.368
532.368
532.368
532.368
532.368
532.368
532.368
532.368
532.368
532.368
532.368
532.368
532.368
532.368
532.368
532.368
532.368
532.368
532.368
532.368
532.368
532.368
532.368
532.368
532.368
532.368
532.368
532.368
532.369
532.369
532.371
532.375
532.384
532.399
532.427
532.474
532.541
532.613
532.651
532.655
532.652
532.639
532.607
532.551
532.467
532.359
532.232
532.093
531.947
531.799
531.652
531.507
531.365
531.227
531.095
530.968
530.847
530.732
530.627
530.529
530.442
530.364
530.296
530.24
530.19
530.149
530.114
530.084
530.057
530.032
530.008
529.984
529.962
529.942
529.93
529.925
529.924
529.924
529.925
529.927
529.929
529.932
529.937
529.944
529.953
529.963
529.973
529.983
529.991
529.997
530.001
530.004
530.007
530.009
530.01
530.012
530.014
530.015
530.016
530.017
530.017
530.017
530.017
530.016
530.016
530.015
530.014
530.012
530.01
530.007
530.003
529.998
529.993
529.989
529.985
529.981
529.978
529.976
529.975
529.974
529.974
529.974
529.974
529.975
529.977
529.979
529.981
529.983
529.986
529.989
529.992
529.994
529.996
529.998
530
530.001
530.002
530.002
530.003
530.003
530.004
530.006
530.008
530.011
530.014
530.015
530.015
530.015
530.014
530.013
530.011
530.009
530.006
530.003
529.999
529.994
529.99
529.986
529.983
529.982
529.981
529.979
529.978
529.977
529.976
529.975
529.975
529.975
529.976
529.977
529.979
529.981
529.983
529.986
529.988
529.99
529.993
529.995
529.997
529.999
530.001
530.001
530.001
530.001
530.001
530.002
530.002
530.004
530.006
530.008
530.01
530.012
530.014
530.014
530.015
530.016
530.016
530.016
530.015
530.012
530.007
530.002
529.996
529.991
529.987
529.985
529.984
529.983
529.982
529.98
529.978
529.976
529.974
529.974
529.974
529.975
529.975
529.975
529.975
529.976
529.978
529.98
529.983
529.987
529.991
529.995
529.997
529.998
529.998
529.999
530
530.001
530.002
530.003
530.004
530.004
530.004
530.005
530.006
530.009
530.013
530.017
530.022
530.022
530.022
530.02
530.019
530.017
530.015
530.012
530.006
532.368
532.368
532.368
532.368
532.368
532.368
532.368
532.368
532.368
532.368
532.368
532.368
532.368
532.368
532.368
532.368
532.368
532.368
532.368
532.368
532.368
532.368
532.368
532.368
532.368
532.368
532.368
532.368
532.368
532.368
532.368
532.368
532.368
532.368
532.368
532.368
532.368
532.368
532.368
532.368
532.368
532.368
532.368
532.368
532.368
532.368
532.368
532.368
532.368
532.368
532.368
532.368
532.368
532.368
532.368
532.368
532.368
532.368
532.368
532.368
532.368
532.368
532.368
532.368
532.368
532.368
532.368
532.368
532.368
532.368
532.368
532.368
532.368
532.368
532.368
532.368
532.368
532.369
532.369
532.371
532.375
532.384
532.399
532.427
532.474
532.541
532.613
532.651
532.655
532.652
532.639
532.607
532.551
532.467
532.359
532.232
532.093
531.947
531.799
531.652
531.507
531.365
531.227
531.095
530.968
530.847
530.732
530.627
530.529
530.442
530.363
530.297
530.239
530.191
530.149
530.114
530.084
530.057
530.032
530.008
529.984
529.962
529.942
529.93
529.925
529.924
529.925
529.926
529.927
529.929
529.932
529.937
529.944
529.953
529.963
529.973
529.983
529.991
529.997
530.001
530.004
530.007
530.008
530.01
530.012
530.014
530.015
530.017
530.017
530.017
530.017
530.016
530.016
530.016
530.015
530.014
530.013
530.01
530.007
530.002
529.998
529.993
529.989
529.985
529.981
529.978
529.976
529.975
529.974
529.974
529.974
529.974
529.976
529.977
529.979
529.981
529.983
529.986
529.989
529.992
529.994
529.996
529.998
530
530.001
530.002
530.002
530.003
530.003
530.005
530.006
530.009
530.011
530.014
530.015
530.015
530.014
530.014
530.013
530.011
530.009
530.006
530.003
529.999
529.994
529.99
529.986
529.983
529.982
529.981
529.98
529.978
529.977
529.976
529.975
529.975
529.975
529.976
529.977
529.979
529.981
529.983
529.986
529.988
529.99
529.993
529.995
529.997
530
530.001
530.001
530.001
530.001
530.001
530.001
530.002
530.004
530.006
530.008
530.01
530.012
530.014
530.014
530.015
530.016
530.016
530.016
530.015
530.012
530.007
530.002
529.996
529.991
529.987
529.985
529.984
529.983
529.982
529.98
529.977
529.976
529.974
529.974
529.975
529.975
529.975
529.975
529.975
529.976
529.978
529.98
529.984
529.988
529.992
529.995
529.997
529.998
529.998
529.998
530
530.001
530.003
530.003
530.003
530.003
530.004
530.005
530.006
530.009
530.013
530.018
530.022
530.022
530.021
530.02
530.018
530.017
530.015
530.013
530.006
532.368
532.368
532.368
532.368
532.368
532.368
532.368
532.368
532.368
532.368
532.368
532.368
532.368
532.368
532.368
532.368
532.368
532.368
532.368
532.368
532.368
532.368
532.368
532.368
532.368
532.368
532.368
532.368
532.368
532.368
532.368
532.368
532.368
532.368
532.368
532.368
532.368
532.368
532.368
532.368
532.368
532.368
532.368
532.368
532.368
532.368
532.368
532.368
532.368
532.368
532.368
532.368
532.368
532.368
532.368
532.368
532.368
532.368
532.368
532.368
532.368
532.368
532.368
532.368
532.368
532.368
532.368
532.368
532.368
532.368
532.368
532.368
532.368
532.368
532.368
532.368
532.368
532.369
532.369
532.371
532.375
532.384
532.399
532.427
532.474
532.541
532.613
532.651
532.655
532.652
532.639
532.607
532.551
532.467
532.359
532.232
532.093
531.947
531.799
531.652
531.507
531.364
531.228
531.095
530.968
530.846
530.732
530.627
530.529
530.441
530.363
530.297
530.239
530.191
530.149
530.114
530.084
530.057
530.032
530.008
529.984
529.962
529.942
529.93
529.925
529.924
529.925
529.925
529.927
529.929
529.932
529.937
529.944
529.953
529.963
529.973
529.983
529.991
529.997
530.001
530.004
530.007
530.008
530.01
530.012
530.014
530.015
530.017
530.017
530.017
530.017
530.016
530.016
530.016
530.015
530.014
530.013
530.01
530.006
530.002
529.998
529.993
529.989
529.985
529.982
529.978
529.976
529.975
529.974
529.974
529.974
529.975
529.976
529.977
529.979
529.981
529.983
529.986
529.989
529.992
529.995
529.997
529.998
530
530
530.001
530.002
530.003
530.004
530.005
530.006
530.009
530.011
530.014
530.015
530.015
530.015
530.014
530.013
530.011
530.009
530.006
530.003
529.998
529.994
529.99
529.986
529.984
529.982
529.981
529.98
529.978
529.977
529.976
529.975
529.975
529.975
529.976
529.977
529.979
529.981
529.983
529.985
529.988
529.99
529.993
529.995
529.998
530
530.001
530.001
530.001
530.001
530.001
530.001
530.003
530.004
530.006
530.008
530.01
530.012
530.014
530.014
530.015
530.016
530.016
530.016
530.015
530.012
530.007
530.002
529.996
529.991
529.987
529.985
529.984
529.983
529.981
529.98
529.977
529.976
529.975
529.975
529.975
529.975
529.975
529.974
529.975
529.976
529.977
529.98
529.984
529.988
529.992
529.995
529.996
529.997
529.998
529.998
530
530.001
530.003
530.003
530.003
530.003
530.004
530.005
530.006
530.009
530.013
530.018
530.022
530.022
530.021
530.019
530.018
530.017
530.015
530.013
530.007
532.368
532.368
532.368
532.368
532.368
532.368
532.368
532.368
532.368
532.368
532.368
532.368
532.368
532.368
532.368
532.368
532.368
532.368
532.368
532.368
532.368
532.368
532.368
532.368
532.368
532.368
532.368
532.368
532.368
532.368
532.368
532.368
532.368
532.368
532.368
532.368
532.368
532.368
532.368
532.368
532.368
532.368
532.368
532.368
532.368
532.368
532.368
532.368
532.368
532.368
532.368
532.368
532.368
532.368
532.368
532.368
532.368
532.368
532.368
532.368
532.368
532.368
532.368
532.368
532.368
532.368
532.368
532.368
532.368
532.368
532.368
532.368
532.368
532.368
532.368
532.368
532.368
532.369
532.369
532.371
532.375
532.384
532.399
532.427
532.474
532.541
532.613
532.651
532.655
532.652
532.639
532.607
532.551
532.467
532.359
532.232
532.093
531.947
531.799
531.652
531.507
531.364
531.228
531.095
530.968
530.846
530.733
530.626
530.529
530.441
530.363
530.297
530.239
530.191
530.149
530.114
530.084
530.057
530.032
530.008
529.984
529.962
529.942
529.93
529.925
529.924
529.925
529.925
529.927
529.929
529.932
529.937
529.944
529.953
529.963
529.973
529.983
529.991
529.997
530.001
530.004
530.007
530.008
530.01
530.012
530.014
530.015
530.017
530.017
530.017
530.017
530.016
530.016
530.016
530.015
530.014
530.013
530.01
530.006
530.002
529.998
529.993
529.989
529.985
529.982
529.978
529.976
529.974
529.973
529.974
529.974
529.975
529.976
529.977
529.979
529.98
529.983
529.985
529.989
529.992
529.995
529.997
529.998
529.999
530
530.001
530.002
530.003
530.004
530.005
530.007
530.009
530.011
530.014
530.015
530.015
530.015
530.014
530.013
530.012
530.009
530.006
530.003
529.998
529.994
529.99
529.986
529.984
529.982
529.981
529.979
529.978
529.977
529.976
529.975
529.975
529.975
529.976
529.977
529.979
529.981
529.983
529.985
529.988
529.99
529.993
529.995
529.998
530
530.001
530.001
530.001
530.001
530.001
530.002
530.003
530.005
530.007
530.008
530.01
530.012
530.014
530.014
530.015
530.016
530.017
530.016
530.015
530.012
530.007
530.001
529.996
529.991
529.988
529.985
529.984
529.983
529.981
529.979
529.977
529.976
529.975
529.975
529.975
529.975
529.975
529.974
529.974
529.975
529.977
529.98
529.984
529.989
529.992
529.995
529.996
529.997
529.997
529.998
530
530.002
530.003
530.004
530.003
530.003
530.004
530.005
530.006
530.009
530.013
530.018
530.022
530.022
530.021
530.019
530.018
530.016
530.015
530.013
530.007
532.368
532.368
532.368
532.368
532.368
532.368
532.368
532.368
532.368
532.368
532.368
532.368
532.368
532.368
532.368
532.368
532.368
532.368
532.368
532.368
532.368
532.368
532.368
532.368
532.368
532.368
532.368
532.368
532.368
532.368
532.368
532.368
532.368
532.368
532.368
532.368
532.368
532.368
532.368
532.368
532.368
532.368
532.368
532.368
532.368
532.368
532.368
532.368
532.368
532.368
532.368
532.368
532.368
532.368
532.368
532.368
532.368
532.368
532.368
532.368
532.368
532.368
532.368
532.368
532.368
532.368
532.368
532.368
532.368
532.368
532.368
532.368
532.368
532.368
532.368
532.368
532.368
532.369
532.369
532.371
532.375
532.384
532.399
532.427
532.474
532.541
532.613
532.651
532.655
532.652
532.639
532.607
532.551
532.467
532.359
532.232
532.093
531.947
531.799
531.652
531.506
531.365
531.228
531.095
530.968
530.846
530.733
530.626
530.529
530.441
530.364
530.297
530.239
530.191
530.149
530.114
530.084
530.057
530.032
530.008
529.984
529.962
529.942
529.93
529.925
529.924
529.924
529.925
529.927
529.929
529.932
529.937
529.944
529.953
529.963
529.973
529.983
529.991
529.997
530.001
530.004
530.007
530.009
530.011
530.012
530.014
530.015
530.016
530.017
530.017
530.017
530.016
530.016
530.016
530.016
530.015
530.013
530.01
530.006
530.002
529.998
529.993
529.989
529.985
529.982
529.978
529.976
529.974
529.973
529.974
529.975
529.975
529.976
529.977
529.978
529.98
529.983
529.985
529.989
529.992
529.995
529.997
529.998
529.999
530
530.001
530.001
530.003
530.004
530.005
530.007
530.009
530.011
530.013
530.015
530.014
530.014
530.014
530.013
530.012
530.009
530.006
530.002
529.998
529.994
529.99
529.986
529.984
529.982
529.981
529.979
529.978
529.977
529.976
529.975
529.975
529.975
529.976
529.977
529.979
529.981
529.983
529.985
529.988
529.99
529.993
529.996
529.998
530
530.001
530.001
530.001
530.001
530.001
530.002
530.003
530.005
530.007
530.008
530.01
530.011
530.013
530.014
530.015
530.017
530.017
530.016
530.015
530.011
530.007
530.001
529.996
529.991
529.988
529.986
529.984
529.983
529.981
529.979
529.977
529.975
529.975
529.975
529.976
529.975
529.975
529.974
529.974
529.975
529.977
529.98
529.985
529.989
529.993
529.995
529.996
529.997
529.997
529.998
530
530.002
530.004
530.004
530.004
530.003
530.004
530.004
530.006
530.009
530.013
530.018
530.022
530.022
530.021
530.02
530.018
530.016
530.015
530.013
530.007
532.368
532.368
532.368
532.368
532.368
532.368
532.368
532.368
532.368
532.368
532.368
532.368
532.368
532.368
532.368
532.368
532.368
532.368
532.368
532.368
532.368
532.368
532.368
532.368
532.368
532.368
532.368
532.368
532.368
532.368
532.368
532.368
532.368
532.368
532.368
532.368
532.368
532.368
532.368
532.368
532.368
532.368
532.368
532.368
532.368
532.368
532.368
532.368
532.368
532.368
532.368
532.368
532.368
532.368
532.368
532.368
532.368
532.368
532.368
532.368
532.368
532.368
532.368
532.368
532.368
532.368
532.368
532.368
532.368
532.368
532.368
532.368
532.368
532.368
532.368
532.368
532.368
532.369
532.369
532.371
532.375
532.384
532.399
532.427
532.474
532.541
532.613
532.651
532.655
532.652
532.639
532.607
532.551
532.467
532.359
532.232
532.093
531.947
531.799
531.652
531.506
531.365
531.228
531.095
530.968
530.846
530.733
530.626
530.529
530.441
530.364
530.297
530.239
530.191
530.149
530.115
530.084
530.057
530.032
530.007
529.985
529.962
529.942
529.93
529.925
529.924
529.924
529.925
529.927
529.929
529.932
529.937
529.944
529.953
529.963
529.974
529.983
529.991
529.997
530.001
530.004
530.007
530.009
530.011
530.012
530.014
530.015
530.016
530.017
530.017
530.017
530.016
530.017
530.016
530.016
530.015
530.012
530.009
530.006
530.002
529.998
529.994
529.989
529.986
529.982
529.978
529.976
529.974
529.974
529.974
529.975
529.975
529.976
529.977
529.978
529.98
529.983
529.985
529.989
529.992
529.995
529.997
529.998
529.999
530
530.001
530.001
530.003
530.004
530.005
530.007
530.009
530.011
530.013
530.015
530.014
530.014
530.014
530.013
530.012
530.009
530.006
530.002
529.998
529.994
529.99
529.986
529.984
529.982
529.981
529.979
529.978
529.977
529.976
529.975
529.975
529.975
529.976
529.977
529.979
529.981
529.983
529.985
529.988
529.99
529.993
529.996
529.998
530
530.001
530.001
530.001
530.001
530.001
530.002
530.003
530.005
530.007
530.008
530.009
530.011
530.013
530.014
530.016
530.017
530.017
530.016
530.014
530.011
530.007
530.001
529.995
529.991
529.988
529.986
529.985
529.983
529.981
529.979
529.977
529.975
529.975
529.975
529.976
529.976
529.975
529.974
529.974
529.975
529.977
529.98
529.985
529.989
529.993
529.995
529.996
529.997
529.997
529.998
530
530.002
530.004
530.004
530.004
530.003
530.004
530.004
530.006
530.009
530.013
530.018
530.022
530.022
530.021
530.02
530.018
530.016
530.015
530.013
530.007
532.368
532.368
532.368
532.368
532.368
532.368
532.368
532.368
532.368
532.368
532.368
532.368
532.368
532.368
532.368
532.368
532.368
532.368
532.368
532.368
532.368
532.368
532.368
532.368
532.368
532.368
532.368
532.368
532.368
532.368
532.368
532.368
532.368
532.368
532.368
532.368
532.368
532.368
532.368
532.368
532.368
532.368
532.368
532.368
532.368
532.368
532.368
532.368
532.368
532.368
532.368
532.368
532.368
532.368
532.368
532.368
532.368
532.368
532.368
532.368
532.368
532.368
532.368
532.368
532.368
532.368
532.368
532.368
532.368
532.368
532.368
532.368
532.368
532.368
532.368
532.368
532.368
532.369
532.369
532.371
532.375
532.384
532.399
532.427
532.474
532.541
532.613
532.651
532.655
532.652
532.639
532.607
532.551
532.467
532.359
532.232
532.093
531.947
531.799
531.652
531.506
531.365
531.228
531.095
530.967
530.847
530.733
530.626
530.529
530.441
530.364
530.297
530.24
530.19
530.149
530.115
530.084
530.057
530.031
530.008
529.985
529.962
529.942
529.93
529.925
529.924
529.924
529.925
529.927
529.929
529.932
529.937
529.944
529.953
529.963
529.974
529.983
529.991
529.997
530.001
530.004
530.006
530.009
530.011
530.012
530.014
530.015
530.016
530.017
530.017
530.017
530.016
530.017
530.016
530.016
530.015
530.012
530.009
530.006
530.002
529.998
529.993
529.989
529.985
529.982
529.978
529.976
529.974
529.974
529.974
529.975
529.975
529.976
529.977
529.978
529.98
529.983
529.986
529.989
529.992
529.995
529.997
529.998
529.999
530
530.001
530.001
530.003
530.004
530.005
530.007
530.009
530.011
530.013
530.015
530.014
530.014
530.014
530.013
530.012
530.009
530.006
530.002
529.998
529.994
529.99
529.986
529.984
529.982
529.981
529.979
529.978
529.977
529.976
529.975
529.975
529.975
529.976
529.977
529.979
529.981
529.983
529.985
529.988
529.99
529.993
529.996
529.998
530
530.001
530.001
530.001
530.001
530.001
530.002
530.003
530.005
530.007
530.008
530.009
530.011
530.013
530.014
530.016
530.017
530.017
530.016
530.014
530.011
530.006
530.001
529.995
529.991
529.988
529.986
529.985
529.983
529.981
529.979
529.976
529.975
529.975
529.975
529.976
529.976
529.975
529.974
529.974
529.975
529.977
529.98
529.984
529.989
529.993
529.995
529.997
529.997
529.997
529.998
530
530.002
530.004
530.004
530.004
530.003
530.004
530.004
530.006
530.009
530.013
530.018
530.022
530.022
530.021
530.02
530.018
530.016
530.015
530.013
530.007
532.368
532.368
532.368
532.368
532.368
532.368
532.368
532.368
532.368
532.368
532.368
532.368
532.368
532.368
532.368
532.368
532.368
532.368
532.368
532.368
532.368
532.368
532.368
532.368
532.368
532.368
532.368
532.368
532.368
532.368
532.368
532.368
532.368
532.368
532.368
532.368
532.368
532.368
532.368
532.368
532.368
532.368
532.368
532.368
532.368
532.368
532.368
532.368
532.368
532.368
532.368
532.368
532.368
532.368
532.368
532.368
532.368
532.368
532.368
532.368
532.368
532.368
532.368
532.368
532.368
532.368
532.368
532.368
532.368
532.368
532.368
532.368
532.368
532.368
532.368
532.368
532.368
532.369
532.369
532.371
532.375
532.384
532.399
532.427
532.474
532.541
532.613
532.651
532.655
532.652
532.639
532.607
532.551
532.467
532.359
532.232
532.093
531.947
531.799
531.651
531.506
531.365
531.228
531.095
530.967
530.847
530.733
530.627
530.528
530.441
530.364
530.297
530.24
530.19
530.15
530.114
530.084
530.057
530.031
530.008
529.985
529.962
529.942
529.93
529.925
529.924
529.924
529.925
529.927
529.929
529.932
529.937
529.944
529.953
529.963
529.974
529.983
529.991
529.997
530.001
530.004
530.006
530.008
530.011
530.012
530.014
530.015
530.016
530.017
530.017
530.017
530.016
530.017
530.016
530.016
530.015
530.012
530.009
530.006
530.002
529.998
529.993
529.989
529.985
529.981
529.978
529.976
529.974
529.974
529.974
529.974
529.975
529.976
529.977
529.978
529.98
529.983
529.986
529.989
529.992
529.995
529.997
529.998
529.999
530
530.001
530.001
530.003
530.004
530.005
530.007
530.009
530.011
530.014
530.015
530.014
530.014
530.014
530.013
530.012
530.01
530.006
530.002
529.998
529.994
529.99
529.986
529.984
529.982
529.981
529.979
529.978
529.977
529.976
529.975
529.975
529.975
529.976
529.977
529.979
529.981
529.983
529.985
529.988
529.99
529.993
529.995
529.998
530
530.001
530.001
530.001
530.001
530.001
530.002
530.003
530.005
530.007
530.008
530.01
530.011
530.013
530.014
530.015
530.017
530.017
530.016
530.014
530.011
530.006
530.001
529.995
529.991
529.988
529.986
529.985
529.983
529.981
529.979
529.977
529.975
529.975
529.975
529.976
529.976
529.975
529.974
529.974
529.975
529.977
529.98
529.984
529.989
529.992
529.995
529.997
529.997
529.997
529.998
530
530.002
530.004
530.004
530.003
530.003
530.003
530.004
530.006
530.009
530.013
530.018
530.022
530.022
530.021
530.02
530.018
530.016
530.015
530.013
530.007
532.368
532.368
532.368
532.368
532.368
532.368
532.368
532.368
532.368
532.368
532.368
532.368
532.368
532.368
532.368
532.368
532.368
532.368
532.368
532.368
532.368
532.368
532.368
532.368
532.368
532.368
532.368
532.368
532.368
532.368
532.368
532.368
532.368
532.368
532.368
532.368
532.368
532.368
532.368
532.368
532.368
532.368
532.368
532.368
532.368
532.368
532.368
532.368
532.368
532.368
532.368
532.368
532.368
532.368
532.368
532.368
532.368
532.368
532.368
532.368
532.368
532.368
532.368
532.368
532.368
532.368
532.368
532.368
532.368
532.368
532.368
532.368
532.368
532.368
532.368
532.368
532.368
532.369
532.369
532.371
532.375
532.384
532.399
532.427
532.474
532.541
532.613
532.651
532.655
532.652
532.639
532.607
532.551
532.467
532.359
532.232
532.093
531.947
531.799
531.651
531.506
531.365
531.228
531.095
530.967
530.847
530.733
530.626
530.528
530.442
530.364
530.297
530.239
530.19
530.15
530.114
530.084
530.057
530.031
530.008
529.985
529.962
529.942
529.93
529.925
529.924
529.924
529.925
529.927
529.929
529.932
529.937
529.944
529.953
529.963
529.974
529.983
529.991
529.997
530.001
530.004
530.006
530.008
530.01
530.012
530.014
530.015
530.017
530.017
530.017
530.017
530.016
530.016
530.016
530.016
530.015
530.013
530.01
530.006
530.002
529.998
529.993
529.989
529.985
529.981
529.978
529.976
529.975
529.974
529.974
529.974
529.975
529.976
529.977
529.978
529.981
529.983
529.986
529.989
529.992
529.994
529.997
529.998
529.999
530
530.001
530.002
530.003
530.004
530.005
530.007
530.009
530.011
530.014
530.015
530.015
530.014
530.014
530.013
530.011
530.009
530.006
530.003
529.998
529.994
529.99
529.986
529.984
529.982
529.981
529.979
529.978
529.977
529.976
529.975
529.975
529.975
529.976
529.977
529.979
529.981
529.983
529.985
529.988
529.99
529.993
529.995
529.998
530
530.001
530.001
530.001
530.001
530.001
530.002
530.003
530.005
530.007
530.008
530.01
530.012
530.014
530.014
530.015
530.017
530.017
530.016
530.014
530.011
530.007
530.001
529.996
529.991
529.988
529.986
529.985
529.983
529.981
529.979
529.977
529.975
529.975
529.975
529.975
529.975
529.975
529.974
529.974
529.975
529.977
529.98
529.984
529.989
529.992
529.995
529.996
529.997
529.998
529.998
530
530.002
530.003
530.004
530.003
530.003
530.003
530.004
530.006
530.009
530.014
530.018
530.022
530.022
530.021
530.019
530.018
530.017
530.015
530.013
530.007
532.368
532.368
532.368
532.368
532.368
532.368
532.368
532.368
532.368
532.368
532.368
532.368
532.368
532.368
532.368
532.368
532.368
532.368
532.368
532.368
532.368
532.368
532.368
532.368
532.368
532.368
532.368
532.368
532.368
532.368
532.368
532.368
532.368
532.368
532.368
532.368
532.368
532.368
532.368
532.368
532.368
532.368
532.368
532.368
532.368
532.368
532.368
532.368
532.368
532.368
532.368
532.368
532.368
532.368
532.368
532.368
532.368
532.368
532.368
532.368
532.368
532.368
532.368
532.368
532.368
532.368
532.368
532.368
532.368
532.368
532.368
532.368
532.368
532.368
532.368
532.368
532.368
532.369
532.369
532.371
532.375
532.384
532.399
532.427
532.474
532.541
532.613
532.651
532.655
532.652
532.639
532.607
532.551
532.467
532.359
532.232
532.093
531.947
531.799
531.651
531.507
531.365
531.228
531.094
530.968
530.847
530.733
530.626
530.528
530.442
530.364
530.297
530.239
530.191
530.15
530.114
530.084
530.056
530.032
530.008
529.985
529.962
529.942
529.929
529.925
529.924
529.924
529.925
529.927
529.929
529.932
529.937
529.944
529.953
529.963
529.973
529.983
529.991
529.997
530.001
530.004
530.007
530.008
530.01
530.012
530.014
530.015
530.017
530.017
530.017
530.017
530.016
530.016
530.016
530.015
530.015
530.013
530.01
530.006
530.002
529.998
529.993
529.989
529.985
529.981
529.978
529.976
529.975
529.974
529.974
529.974
529.975
529.976
529.977
529.979
529.981
529.983
529.986
529.989
529.992
529.994
529.996
529.998
529.999
530
530.001
530.002
530.003
530.004
530.005
530.007
530.009
530.012
530.014
530.015
530.015
530.014
530.014
530.013
530.011
530.009
530.007
530.003
529.998
529.994
529.989
529.986
529.984
529.982
529.981
529.98
529.978
529.977
529.976
529.975
529.975
529.975
529.976
529.977
529.979
529.981
529.983
529.986
529.988
529.99
529.993
529.995
529.998
530
530.001
530.001
530.001
530.001
530.001
530.002
530.003
530.005
530.007
530.008
530.01
530.012
530.013
530.014
530.015
530.016
530.016
530.016
530.014
530.011
530.007
530.001
529.996
529.991
529.988
529.986
529.985
529.983
529.981
529.979
529.977
529.975
529.975
529.975
529.975
529.975
529.975
529.974
529.974
529.975
529.977
529.98
529.984
529.988
529.992
529.995
529.996
529.997
529.998
529.999
530.001
530.002
530.003
530.003
530.003
530.003
530.003
530.004
530.006
530.009
530.014
530.018
530.022
530.022
530.021
530.019
530.018
530.017
530.015
530.013
530.007
532.368
532.368
532.368
532.368
532.368
532.368
532.368
532.368
532.368
532.368
532.368
532.368
532.368
532.368
532.368
532.368
532.368
532.368
532.368
532.368
532.368
532.368
532.368
532.368
532.368
532.368
532.368
532.368
532.368
532.368
532.368
532.368
532.368
532.368
532.368
532.368
532.368
532.368
532.368
532.368
532.368
532.368
532.368
532.368
532.368
532.368
532.368
532.368
532.368
532.368
532.368
532.368
532.368
532.368
532.368
532.368
532.368
532.368
532.368
532.368
532.368
532.368
532.368
532.368
532.368
532.368
532.368
532.368
532.368
532.368
532.368
532.368
532.368
532.368
532.368
532.368
532.368
532.369
532.369
532.371
532.375
532.384
532.399
532.427
532.474
532.541
532.613
532.651
532.655
532.652
532.639
532.607
532.551
532.467
532.359
532.232
532.093
531.947
531.799
531.651
531.507
531.365
531.228
531.094
530.968
530.847
530.733
530.626
530.529
530.441
530.364
530.297
530.239
530.191
530.149
530.114
530.084
530.056
530.032
530.008
529.985
529.962
529.942
529.929
529.925
529.924
529.924
529.925
529.927
529.929
529.932
529.937
529.944
529.953
529.963
529.973
529.983
529.991
529.997
530.001
530.004
530.007
530.008
530.01
530.012
530.014
530.015
530.017
530.017
530.017
530.017
530.016
530.016
530.016
530.015
530.014
530.013
530.01
530.006
530.002
529.998
529.993
529.989
529.985
529.981
529.978
529.976
529.975
529.974
529.974
529.974
529.975
529.976
529.977
529.979
529.981
529.983
529.986
529.989
529.992
529.994
529.996
529.998
529.999
530
530.001
530.002
530.003
530.004
530.005
530.007
530.009
530.011
530.014
530.015
530.015
530.014
530.014
530.013
530.011
530.009
530.007
530.003
529.998
529.994
529.989
529.986
529.984
529.982
529.981
529.98
529.979
529.977
529.976
529.975
529.975
529.975
529.976
529.977
529.979
529.982
529.984
529.986
529.988
529.99
529.992
529.995
529.998
530
530.001
530.001
530.001
530.001
530.001
530.001
530.003
530.005
530.007
530.008
530.01
530.012
530.013
530.014
530.015
530.016
530.016
530.016
530.014
530.011
530.007
530.001
529.996
529.991
529.988
529.986
529.985
529.983
529.981
529.979
529.977
529.976
529.975
529.975
529.975
529.975
529.975
529.974
529.974
529.975
529.977
529.98
529.984
529.988
529.992
529.994
529.996
529.997
529.998
529.999
530.001
530.002
530.003
530.003
530.003
530.003
530.003
530.004
530.006
530.009
530.014
530.019
530.022
530.022
530.02
530.019
530.018
530.017
530.015
530.014
530.007
532.368
532.368
532.368
532.368
532.368
532.368
532.368
532.368
532.368
532.368
532.368
532.368
532.368
532.368
532.368
532.368
532.368
532.368
532.368
532.368
532.368
532.368
532.368
532.368
532.368
532.368
532.368
532.368
532.368
532.368
532.368
532.368
532.368
532.368
532.368
532.368
532.368
532.368
532.368
532.368
532.368
532.368
532.368
532.368
532.368
532.368
532.368
532.368
532.368
532.368
532.368
532.368
532.368
532.368
532.368
532.368
532.368
532.368
532.368
532.368
532.368
532.368
532.368
532.368
532.368
532.368
532.368
532.368
532.368
532.368
532.368
532.368
532.368
532.368
532.368
532.368
532.368
532.369
532.369
532.371
532.375
532.384
532.399
532.427
532.474
532.541
532.613
532.651
532.655
532.652
532.639
532.607
532.551
532.467
532.359
532.232
532.093
531.947
531.799
531.652
531.507
531.365
531.228
531.095
530.968
530.846
530.733
530.626
530.529
530.441
530.364
530.297
530.239
530.191
530.149
530.114
530.084
530.056
530.032
530.008
529.985
529.962
529.942
529.93
529.925
529.924
529.924
529.925
529.926
529.929
529.932
529.937
529.944
529.953
529.963
529.973
529.983
529.991
529.997
530.001
530.005
530.007
530.008
530.01
530.012
530.014
530.015
530.017
530.017
530.017
530.017
530.016
530.016
530.016
530.015
530.014
530.013
530.01
530.006
530.002
529.998
529.993
529.989
529.985
529.981
529.978
529.976
529.975
529.974
529.974
529.974
529.975
529.976
529.977
529.979
529.981
529.983
529.986
529.989
529.992
529.994
529.996
529.998
529.999
530
530.001
530.002
530.003
530.004
530.005
530.007
530.009
530.011
530.014
530.015
530.015
530.014
530.013
530.013
530.011
530.01
530.007
530.003
529.998
529.994
529.989
529.986
529.983
529.982
529.981
529.98
529.979
529.977
529.976
529.975
529.974
529.975
529.976
529.978
529.98
529.982
529.984
529.986
529.988
529.99
529.992
529.995
529.998
530
530.001
530.001
530.001
530.001
530.001
530.001
530.003
530.005
530.007
530.008
530.01
530.012
530.013
530.014
530.015
530.016
530.016
530.016
530.014
530.011
530.007
530.001
529.996
529.991
529.988
529.986
529.985
529.983
529.981
529.979
529.977
529.976
529.975
529.975
529.976
529.975
529.975
529.974
529.974
529.975
529.977
529.98
529.984
529.989
529.992
529.995
529.996
529.997
529.998
529.999
530.001
530.002
530.003
530.003
530.003
530.003
530.003
530.004
530.006
530.009
530.014
530.019
530.022
530.022
530.02
530.019
530.018
530.017
530.016
530.014
530.007
532.368
532.368
532.368
532.368
532.368
532.368
532.368
532.368
532.368
532.368
532.368
532.368
532.368
532.368
532.368
532.368
532.368
532.368
532.368
532.368
532.368
532.368
532.368
532.368
532.368
532.368
532.368
532.368
532.368
532.368
532.368
532.368
532.368
532.368
532.368
532.368
532.368
532.368
532.368
532.368
532.368
532.368
532.368
532.368
532.368
532.368
532.368
532.368
532.368
532.368
532.368
532.368
532.368
532.368
532.368
532.368
532.368
532.368
532.368
532.368
532.368
532.368
532.368
532.368
532.368
532.368
532.368
532.368
532.368
532.368
532.368
532.368
532.368
532.368
532.368
532.368
532.368
532.369
532.369
532.371
532.375
532.384
532.399
532.427
532.474
532.541
532.613
532.651
532.655
532.652
532.639
532.607
532.551
532.467
532.359
532.232
532.093
531.947
531.799
531.652
531.506
531.365
531.228
531.095
530.968
530.846
530.733
530.626
530.53
530.441
530.364
530.297
530.239
530.191
530.149
530.115
530.084
530.057
530.032
530.008
529.985
529.962
529.942
529.93
529.925
529.925
529.925
529.925
529.926
529.929
529.932
529.937
529.944
529.953
529.963
529.974
529.983
529.991
529.997
530.001
530.004
530.007
530.009
530.011
530.012
530.014
530.015
530.016
530.017
530.017
530.017
530.017
530.016
530.016
530.015
530.014
530.012
530.01
530.006
530.002
529.998
529.993
529.989
529.985
529.981
529.978
529.976
529.974
529.974
529.974
529.974
529.975
529.976
529.977
529.979
529.981
529.983
529.986
529.989
529.992
529.994
529.996
529.998
529.999
530
530.001
530.002
530.003
530.004
530.005
530.007
530.009
530.011
530.014
530.015
530.014
530.014
530.013
530.013
530.012
530.01
530.007
530.003
529.998
529.993
529.989
529.986
529.984
529.982
529.981
529.98
529.979
529.977
529.975
529.975
529.974
529.975
529.976
529.978
529.98
529.982
529.984
529.985
529.988
529.99
529.992
529.995
529.998
530
530.001
530.001
530.001
530.001
530.001
530.001
530.003
530.005
530.007
530.008
530.01
530.012
530.013
530.014
530.015
530.017
530.017
530.016
530.014
530.011
530.006
530.001
529.996
529.991
529.988
529.986
529.985
529.983
529.981
529.978
529.976
529.975
529.975
529.975
529.976
529.976
529.975
529.974
529.974
529.975
529.977
529.98
529.985
529.989
529.992
529.995
529.996
529.997
529.997
529.998
530
530.002
530.004
530.004
530.003
530.003
530.003
530.004
530.006
530.009
530.014
530.019
530.022
530.022
530.02
530.019
530.018
530.017
530.016
530.014
530.007
532.368
532.368
532.368
532.368
532.368
532.368
532.368
532.368
532.368
532.368
532.368
532.368
532.368
532.368
532.368
532.368
532.368
532.368
532.368
532.368
532.368
532.368
532.368
532.368
532.368
532.368
532.368
532.368
532.368
532.368
532.368
532.368
532.368
532.368
532.368
532.368
532.368
532.368
532.368
532.368
532.368
532.368
532.368
532.368
532.368
532.368
532.368
532.368
532.368
532.368
532.368
532.368
532.368
532.368
532.368
532.368
532.368
532.368
532.368
532.368
532.368
532.368
532.368
532.368
532.368
532.368
532.368
532.368
532.368
532.368
532.368
532.368
532.368
532.368
532.368
532.368
532.368
532.369
532.369
532.371
532.375
532.384
532.399
532.427
532.474
532.541
532.613
532.651
532.655
532.652
532.639
532.607
532.551
532.467
532.359
532.232
532.093
531.947
531.799
531.652
531.506
531.365
531.228
531.095
530.968
530.846
530.733
530.626
530.53
530.441
530.364
530.297
530.239
530.191
530.149
530.115
530.084
530.057
530.032
530.007
529.984
529.962
529.942
529.93
529.925
529.925
529.925
529.925
529.926
529.928
529.932
529.937
529.944
529.953
529.964
529.974
529.983
529.99
529.996
530.001
530.004
530.007
530.009
530.011
530.012
530.014
530.015
530.016
530.017
530.017
530.017
530.017
530.017
530.016
530.016
530.014
530.012
530.01
530.006
530.002
529.998
529.994
529.989
529.985
529.981
529.978
529.976
529.974
529.974
529.974
529.975
529.975
529.976
529.977
529.978
529.98
529.983
529.986
529.989
529.992
529.994
529.996
529.998
529.999
530
530.001
530.002
530.003
530.004
530.005
530.007
530.009
530.011
530.014
530.015
530.014
530.014
530.014
530.013
530.012
530.01
530.007
530.003
529.998
529.993
529.989
529.986
529.984
529.983
529.981
529.98
529.979
529.977
529.975
529.975
529.974
529.975
529.976
529.978
529.98
529.981
529.983
529.985
529.987
529.99
529.993
529.995
529.998
530
530.001
530.001
530
530
530
530.001
530.003
530.005
530.007
530.008
530.01
530.011
530.013
530.014
530.016
530.017
530.017
530.016
530.014
530.011
530.006
530.001
529.996
529.991
529.988
529.987
529.985
529.983
529.98
529.978
529.976
529.975
529.975
529.976
529.976
529.976
529.975
529.974
529.974
529.975
529.977
529.98
529.985
529.989
529.993
529.995
529.996
529.997
529.997
529.998
530
530.002
530.003
530.004
530.003
530.003
530.003
530.004
530.006
530.009
530.014
530.019
530.022
530.022
530.021
530.019
530.018
530.017
530.016
530.013
530.007
532.368
532.368
532.368
532.368
532.368
532.368
532.368
532.368
532.368
532.368
532.368
532.368
532.368
532.368
532.368
532.368
532.368
532.368
532.368
532.368
532.368
532.368
532.368
532.368
532.368
532.368
532.368
532.368
532.368
532.368
532.368
532.368
532.368
532.368
532.368
532.368
532.368
532.368
532.368
532.368
532.368
532.368
532.368
532.368
532.368
532.368
532.368
532.368
532.368
532.368
532.368
532.368
532.368
532.368
532.368
532.368
532.368
532.368
532.368
532.368
532.368
532.368
532.368
532.368
532.368
532.368
532.368
532.368
532.368
532.368
532.368
532.368
532.368
532.368
532.368
532.368
532.368
532.369
532.369
532.371
532.375
532.384
532.399
532.427
532.474
532.541
532.613
532.651
532.655
532.652
532.639
532.607
532.551
532.467
532.359
532.232
532.093
531.947
531.799
531.652
531.507
531.365
531.227
531.095
530.968
530.846
530.733
530.626
530.53
530.441
530.363
530.296
530.239
530.191
530.149
530.115
530.084
530.057
530.032
530.008
529.984
529.962
529.942
529.93
529.925
529.925
529.925
529.926
529.926
529.928
529.931
529.937
529.944
529.954
529.964
529.974
529.983
529.99
529.996
530.001
530.004
530.007
530.009
530.011
530.012
530.014
530.015
530.016
530.016
530.017
530.017
530.017
530.017
530.016
530.015
530.014
530.012
530.009
530.006
530.002
529.998
529.994
529.99
529.985
529.981
529.977
529.976
529.974
529.974
529.974
529.975
529.975
529.976
529.976
529.978
529.98
529.983
529.986
529.989
529.992
529.995
529.997
529.998
529.999
530
530.001
530.002
530.003
530.004
530.005
530.007
530.009
530.011
530.014
530.014
530.014
530.014
530.014
530.013
530.012
530.01
530.007
530.003
529.998
529.993
529.989
529.986
529.984
529.983
529.982
529.98
529.979
529.977
529.975
529.975
529.975
529.975
529.976
529.978
529.98
529.981
529.983
529.985
529.987
529.99
529.993
529.996
529.998
530
530.001
530.001
530
530
530
530.001
530.003
530.006
530.007
530.008
530.01
530.011
530.013
530.014
530.016
530.017
530.017
530.016
530.014
530.011
530.006
530.001
529.996
529.991
529.989
529.987
529.985
529.983
529.98
529.977
529.976
529.975
529.975
529.976
529.976
529.976
529.975
529.974
529.974
529.975
529.977
529.98
529.985
529.989
529.993
529.995
529.996
529.996
529.997
529.998
530
530.002
530.004
530.004
530.004
530.003
530.003
530.004
530.006
530.009
530.014
530.018
530.022
530.022
530.021
530.02
530.018
530.017
530.015
530.013
530.007
532.368
532.368
532.368
532.368
532.368
532.368
532.368
532.368
532.368
532.368
532.368
532.368
532.368
532.368
532.368
532.368
532.368
532.368
532.368
532.368
532.368
532.368
532.368
532.368
532.368
532.368
532.368
532.368
532.368
532.368
532.368
532.368
532.368
532.368
532.368
532.368
532.368
532.368
532.368
532.368
532.368
532.368
532.368
532.368
532.368
532.368
532.368
532.368
532.368
532.368
532.368
532.368
532.368
532.368
532.368
532.368
532.368
532.368
532.368
532.368
532.368
532.368
532.368
532.368
532.368
532.368
532.368
532.368
532.368
532.368
532.368
532.368
532.368
532.368
532.368
532.368
532.368
532.369
532.369
532.371
532.375
532.384
532.399
532.427
532.474
532.541
532.613
532.651
532.655
532.652
532.639
532.607
532.551
532.467
532.359
532.232
532.093
531.947
531.799
531.652
531.507
531.365
531.227
531.095
530.969
530.847
530.732
530.626
530.53
530.442
530.363
530.296
530.238
530.191
530.149
530.114
530.084
530.057
530.032
530.008
529.984
529.961
529.942
529.93
529.925
529.925
529.925
529.926
529.926
529.928
529.931
529.937
529.944
529.954
529.964
529.974
529.983
529.99
529.996
530
530.004
530.008
530.009
530.011
530.012
530.013
530.014
530.016
530.016
530.017
530.017
530.017
530.017
530.016
530.015
530.014
530.012
530.009
530.006
530.003
529.998
529.994
529.99
529.985
529.98
529.977
529.976
529.974
529.974
529.975
529.975
529.975
529.975
529.976
529.978
529.98
529.983
529.986
529.989
529.992
529.995
529.997
529.998
529.999
530
530.001
530.002
530.003
530.004
530.005
530.007
530.009
530.011
530.014
530.014
530.014
530.014
530.014
530.013
530.012
530.01
530.007
530.003
529.998
529.993
529.989
529.986
529.984
529.983
529.982
529.98
529.979
529.977
529.975
529.975
529.975
529.975
529.976
529.978
529.979
529.981
529.983
529.985
529.987
529.99
529.993
529.996
529.999
530
530.001
530
530
530
530
530.001
530.004
530.006
530.007
530.008
530.009
530.011
530.013
530.014
530.016
530.017
530.017
530.016
530.014
530.011
530.006
530.001
529.996
529.992
529.989
529.987
529.985
529.983
529.98
529.977
529.976
529.975
529.975
529.976
529.976
529.976
529.975
529.974
529.974
529.974
529.977
529.98
529.985
529.99
529.993
529.995
529.996
529.996
529.997
529.997
530
530.002
530.004
530.004
530.004
530.003
530.003
530.004
530.005
530.009
530.014
530.018
530.022
530.022
530.021
530.02
530.018
530.016
530.015
530.013
530.007
)
;

boundaryField
{
    sides
    {
        type            zeroGradient;
    }
    inlet
    {
        type            zeroGradient;
    }
    outlet
    {
        type            zeroGradient;
    }
    empty
    {
        type            empty;
    }
}


// ************************************************************************* //
