/*--------------------------------*- C++ -*----------------------------------*\
| =========                 |                                                 |
| \\      /  F ield         | OpenFOAM: The Open Source CFD Toolbox           |
|  \\    /   O peration     | Version:  2306                                  |
|   \\  /    A nd           | Website:  www.openfoam.com                      |
|    \\/     M anipulation  |                                                 |
\*---------------------------------------------------------------------------*/
FoamFile
{
    version     2.0;
    format      ascii;
    arch        "LSB;label=32;scalar=64";
    class       volScalarField;
    location    "0.13";
    object      p;
}
// * * * * * * * * * * * * * * * * * * * * * * * * * * * * * * * * * * * * * //

dimensions      [1 -1 -2 0 0 0 0];

internalField   nonuniform List<scalar> 
6000
(
556770
556770
556770
556770
556770
556770
556770
556770
556770
556770
556770
556770
556770
556770
556770
556770
556770
556770
556770
556770
556770
556770
556770
556770
556770
556770
556770
556770
556770
556770
556770
556770
556770
556770
556770
556770
556770
556770
556770
556770
556770
556770
556770
556770
556770
556770
556770
556770
556770
556770
556770
556770
556770
556770
556770
556770
556770
556770
556770
556770
556771
556772
556776
556784
556802
556839
556914
557051
557278
557581
557836
557910
557907
557871
557764
557549
557211
556758
556214
555613
554983
554346
553713
553098
552510
551949
551417
550925
550478
550081
549726
549425
549172
548967
548794
548647
548523
548412
548315
548224
548137
548053
547976
547915
547884
547878
547878
547879
547883
547890
547902
547920
547945
547977
548013
548050
548083
548111
548133
548151
548164
548174
548182
548188
548194
548199
548205
548211
548215
548216
548217
548215
548213
548212
548210
548207
548202
548193
548182
548168
548151
548133
548118
548104
548091
548079
548070
548064
548061
548059
548059
548060
548063
548067
548074
548082
548091
548101
548112
548121
548130
548137
548143
548149
548154
548157
548160
548163
548166
548169
548174
548181
548190
548200
548206
548208
548208
548206
548204
548200
548192
548181
548166
548150
548133
548118
548107
548100
548094
548088
548082
548076
548070
548067
548064
548063
548064
548066
548069
548074
548081
548089
548098
548108
548118
548126
548134
548142
548149
548153
548155
548157
548158
548158
548159
548162
548165
548171
548178
548184
548193
548202
548210
548213
548213
548214
548213
548208
548200
548186
548168
548145
548124
548109
548099
548094
548092
548090
548086
548081
548073
548065
548059
548058
548058
548059
548061
548064
548067
548072
548080
548090
548103
548116
548130
548140
548147
548150
548151
548152
548152
548154
548157
548162
548167
548171
548174
548179
548186
548195
548207
548219
548228
548233
548233
548231
548227
548218
548205
548186
548164
548142
548123
548109
548099
548091
548083
548076
548070
548065
548058
548052
548049
548048
548047
548046
548046
548046
548048
548060
556770
556770
556770
556770
556770
556770
556770
556770
556770
556770
556770
556770
556770
556770
556770
556770
556770
556770
556770
556770
556770
556770
556770
556770
556770
556770
556770
556770
556770
556770
556770
556770
556770
556770
556770
556770
556770
556770
556770
556770
556770
556770
556770
556770
556770
556770
556770
556770
556770
556770
556770
556770
556770
556770
556770
556770
556770
556770
556770
556770
556771
556772
556776
556784
556802
556839
556914
557051
557278
557581
557836
557910
557907
557872
557764
557549
557211
556757
556214
555613
554983
554344
553713
553100
552511
551948
551417
550928
550480
550079
549725
549427
549175
548967
548793
548647
548524
548413
548315
548223
548136
548054
547976
547916
547884
547878
547877
547879
547883
547890
547902
547920
547945
547977
548013
548050
548083
548111
548133
548151
548164
548174
548182
548188
548194
548199
548205
548211
548215
548216
548216
548215
548213
548212
548210
548207
548202
548193
548182
548167
548151
548134
548118
548104
548091
548079
548070
548064
548060
548059
548059
548060
548063
548067
548074
548082
548091
548101
548111
548121
548130
548137
548143
548149
548153
548156
548159
548162
548165
548169
548175
548182
548191
548200
548207
548208
548208
548206
548203
548199
548192
548181
548166
548150
548133
548119
548107
548099
548094
548088
548082
548076
548070
548067
548065
548064
548064
548066
548069
548074
548081
548089
548098
548108
548118
548127
548135
548141
548148
548152
548155
548157
548158
548158
548159
548162
548165
548171
548177
548184
548193
548202
548210
548213
548213
548213
548212
548208
548199
548186
548168
548146
548124
548109
548099
548094
548091
548090
548086
548081
548074
548065
548059
548057
548058
548059
548061
548064
548067
548073
548080
548091
548103
548116
548129
548140
548146
548150
548152
548153
548153
548154
548157
548161
548166
548170
548174
548179
548186
548195
548207
548219
548228
548232
548232
548231
548226
548218
548205
548187
548165
548143
548123
548108
548098
548090
548083
548077
548071
548065
548059
548053
548049
548047
548046
548045
548045
548046
548048
548060
556770
556770
556770
556770
556770
556770
556770
556770
556770
556770
556770
556770
556770
556770
556770
556770
556770
556770
556770
556770
556770
556770
556770
556770
556770
556770
556770
556770
556770
556770
556770
556770
556770
556770
556770
556770
556770
556770
556770
556770
556770
556770
556770
556770
556770
556770
556770
556770
556770
556770
556770
556770
556770
556770
556770
556770
556770
556770
556770
556770
556771
556772
556776
556784
556802
556839
556914
557051
557278
557581
557836
557910
557907
557872
557764
557549
557211
556757
556214
555613
554983
554343
553713
553100
552511
551946
551418
550928
550480
550077
549725
549427
549174
548967
548792
548648
548524
548413
548315
548222
548136
548053
547976
547917
547885
547878
547877
547879
547883
547890
547901
547920
547946
547977
548013
548050
548083
548111
548133
548151
548164
548174
548182
548188
548194
548199
548205
548211
548215
548216
548216
548215
548213
548212
548210
548207
548202
548193
548181
548167
548151
548134
548119
548104
548091
548079
548070
548063
548060
548059
548059
548060
548063
548068
548074
548082
548091
548101
548111
548121
548130
548137
548144
548150
548153
548156
548159
548162
548165
548169
548175
548182
548191
548200
548207
548208
548208
548206
548203
548199
548192
548181
548166
548150
548134
548119
548107
548099
548093
548088
548082
548076
548070
548067
548065
548064
548064
548066
548069
548073
548080
548089
548098
548108
548118
548127
548135
548141
548147
548152
548155
548157
548158
548159
548160
548162
548165
548170
548177
548184
548193
548202
548210
548213
548214
548213
548212
548208
548199
548185
548168
548147
548126
548109
548099
548094
548091
548089
548086
548080
548074
548066
548060
548057
548058
548058
548060
548064
548068
548073
548081
548091
548103
548115
548127
548138
548146
548150
548152
548153
548154
548155
548158
548161
548165
548169
548173
548179
548186
548196
548208
548220
548229
548232
548232
548230
548226
548218
548205
548187
548166
548144
548124
548109
548097
548089
548082
548077
548072
548066
548060
548053
548049
548046
548045
548044
548044
548046
548049
548061
556770
556770
556770
556770
556770
556770
556770
556770
556770
556770
556770
556770
556770
556770
556770
556770
556770
556770
556770
556770
556770
556770
556770
556770
556770
556770
556770
556770
556770
556770
556770
556770
556770
556770
556770
556770
556770
556770
556770
556770
556770
556770
556770
556770
556770
556770
556770
556770
556770
556770
556770
556770
556770
556770
556770
556770
556770
556770
556770
556770
556771
556772
556776
556784
556802
556839
556914
557051
557278
557582
557836
557910
557907
557872
557764
557549
557211
556757
556214
555613
554983
554343
553714
553101
552511
551946
551419
550927
550480
550075
549726
549427
549175
548967
548792
548649
548524
548414
548315
548221
548136
548053
547976
547917
547886
547878
547877
547879
547882
547889
547901
547920
547945
547978
548014
548050
548083
548111
548133
548151
548164
548173
548182
548188
548194
548200
548205
548211
548214
548216
548216
548215
548214
548213
548211
548207
548201
548193
548181
548167
548150
548134
548119
548105
548092
548079
548069
548063
548060
548059
548060
548061
548063
548068
548074
548081
548090
548100
548111
548121
548130
548138
548145
548150
548153
548156
548159
548161
548164
548169
548174
548183
548192
548201
548207
548208
548208
548206
548203
548199
548191
548180
548166
548149
548134
548120
548108
548099
548093
548087
548082
548076
548070
548067
548066
548065
548064
548066
548069
548073
548080
548089
548098
548108
548118
548128
548135
548141
548147
548151
548154
548156
548158
548159
548160
548163
548166
548170
548176
548184
548193
548202
548210
548214
548214
548213
548211
548207
548198
548185
548167
548147
548127
548110
548100
548094
548090
548088
548085
548080
548074
548067
548060
548058
548058
548058
548060
548064
548068
548073
548081
548091
548103
548115
548127
548137
548144
548150
548152
548154
548155
548157
548159
548162
548165
548168
548172
548178
548185
548196
548208
548221
548230
548232
548232
548230
548225
548217
548205
548188
548167
548145
548125
548109
548096
548087
548081
548077
548072
548067
548061
548054
548049
548046
548043
548043
548043
548046
548050
548062
556770
556770
556770
556770
556770
556770
556770
556770
556770
556770
556770
556770
556770
556770
556770
556770
556770
556770
556770
556770
556770
556770
556770
556770
556770
556770
556770
556770
556770
556770
556770
556770
556770
556770
556770
556770
556770
556770
556770
556770
556770
556770
556770
556770
556770
556770
556770
556770
556770
556770
556770
556770
556770
556770
556770
556770
556770
556770
556770
556770
556771
556772
556776
556784
556802
556839
556914
557051
557278
557582
557836
557910
557907
557872
557764
557549
557211
556757
556214
555613
554982
554343
553714
553101
552510
551946
551420
550928
550480
550074
549727
549426
549175
548966
548792
548649
548524
548415
548315
548221
548136
548052
547976
547917
547886
547878
547878
547879
547882
547889
547901
547920
547946
547978
548014
548050
548083
548111
548133
548150
548164
548174
548182
548189
548195
548200
548205
548210
548214
548216
548216
548215
548214
548213
548211
548207
548201
548192
548181
548166
548150
548135
548120
548105
548092
548079
548069
548062
548060
548060
548060
548061
548063
548068
548074
548081
548090
548100
548111
548121
548130
548138
548145
548150
548153
548156
548159
548161
548164
548169
548174
548182
548192
548201
548207
548209
548208
548206
548203
548199
548191
548180
548165
548149
548133
548120
548109
548099
548093
548087
548081
548076
548070
548067
548066
548065
548065
548066
548069
548073
548080
548089
548098
548108
548118
548128
548135
548141
548146
548151
548154
548156
548158
548160
548161
548163
548166
548170
548176
548184
548193
548203
548211
548214
548214
548213
548211
548206
548197
548184
548167
548148
548128
548111
548100
548094
548090
548087
548084
548079
548073
548067
548061
548058
548058
548058
548060
548063
548067
548073
548081
548091
548103
548116
548127
548136
548143
548149
548152
548154
548156
548158
548160
548162
548165
548168
548172
548177
548185
548196
548208
548221
548230
548232
548232
548229
548225
548217
548205
548188
548167
548145
548125
548108
548095
548087
548081
548077
548073
548068
548061
548055
548050
548045
548042
548041
548043
548046
548050
548063
556770
556770
556770
556770
556770
556770
556770
556770
556770
556770
556770
556770
556770
556770
556770
556770
556770
556770
556770
556770
556770
556770
556770
556770
556770
556770
556770
556770
556770
556770
556770
556770
556770
556770
556770
556770
556770
556770
556770
556770
556770
556770
556770
556770
556770
556770
556770
556770
556770
556770
556770
556770
556770
556770
556770
556770
556770
556770
556770
556770
556771
556772
556776
556784
556802
556839
556914
557051
557278
557582
557836
557910
557907
557871
557764
557549
557211
556757
556214
555614
554981
554343
553714
553101
552508
551947
551420
550929
550479
550074
549728
549426
549176
548965
548793
548649
548524
548415
548314
548222
548136
548051
547976
547916
547887
547879
547878
547879
547882
547888
547901
547920
547946
547978
548014
548051
548083
548111
548132
548150
548164
548174
548182
548189
548195
548200
548204
548210
548214
548215
548216
548215
548215
548213
548211
548207
548201
548192
548180
548166
548151
548135
548120
548106
548092
548078
548068
548062
548060
548060
548061
548061
548063
548067
548073
548081
548090
548101
548111
548122
548131
548138
548144
548150
548153
548156
548159
548161
548164
548169
548174
548182
548192
548201
548207
548209
548209
548206
548204
548199
548191
548179
548165
548148
548133
548120
548109
548100
548094
548088
548081
548075
548069
548066
548065
548065
548065
548067
548069
548073
548080
548088
548098
548108
548118
548128
548136
548142
548146
548150
548154
548156
548158
548160
548161
548164
548166
548170
548176
548184
548193
548203
548211
548215
548214
548214
548211
548205
548197
548184
548167
548148
548129
548112
548101
548094
548090
548087
548083
548079
548073
548067
548062
548059
548058
548058
548060
548063
548067
548073
548081
548092
548103
548116
548127
548136
548143
548148
548152
548154
548156
548158
548161
548163
548165
548168
548172
548177
548185
548195
548208
548221
548230
548233
548232
548230
548224
548217
548205
548188
548168
548146
548125
548106
548094
548087
548082
548078
548074
548068
548062
548055
548049
548044
548041
548041
548042
548046
548051
548063
556770
556770
556770
556770
556770
556770
556770
556770
556770
556770
556770
556770
556770
556770
556770
556770
556770
556770
556770
556770
556770
556770
556770
556770
556770
556770
556770
556770
556770
556770
556770
556770
556770
556770
556770
556770
556770
556770
556770
556770
556770
556770
556770
556770
556770
556770
556770
556770
556770
556770
556770
556770
556770
556770
556770
556770
556770
556770
556770
556770
556771
556772
556776
556784
556802
556839
556914
557051
557278
557582
557836
557910
557907
557871
557764
557549
557211
556757
556215
555614
554981
554344
553714
553101
552507
551949
551419
550929
550477
550076
549727
549426
549175
548964
548794
548648
548524
548415
548313
548223
548135
548051
547975
547916
547887
547880
547878
547879
547881
547888
547900
547920
547946
547978
548014
548051
548083
548110
548132
548149
548164
548174
548182
548189
548195
548200
548204
548209
548213
548215
548216
548216
548215
548214
548211
548207
548201
548191
548180
548166
548152
548136
548121
548105
548090
548077
548068
548062
548061
548061
548061
548062
548063
548066
548072
548080
548090
548101
548112
548122
548131
548138
548143
548149
548153
548156
548159
548162
548165
548169
548174
548181
548190
548201
548207
548209
548209
548207
548204
548199
548191
548179
548164
548148
548132
548120
548110
548101
548094
548088
548082
548075
548069
548066
548065
548065
548066
548067
548070
548074
548080
548088
548098
548108
548118
548128
548136
548142
548146
548150
548153
548155
548158
548159
548162
548164
548167
548171
548176
548184
548193
548203
548211
548215
548215
548213
548211
548205
548196
548183
548166
548147
548129
548113
548102
548095
548090
548087
548083
548078
548073
548066
548061
548059
548058
548058
548060
548063
548067
548073
548081
548092
548104
548116
548127
548137
548143
548148
548151
548154
548156
548159
548161
548163
548165
548168
548172
548177
548184
548195
548207
548221
548230
548233
548233
548230
548225
548217
548205
548188
548167
548145
548123
548106
548095
548087
548083
548079
548074
548069
548062
548055
548048
548043
548041
548041
548043
548047
548051
548063
556770
556770
556770
556770
556770
556770
556770
556770
556770
556770
556770
556770
556770
556770
556770
556770
556770
556770
556770
556770
556770
556770
556770
556770
556770
556770
556770
556770
556770
556770
556770
556770
556770
556770
556770
556770
556770
556770
556770
556770
556770
556770
556770
556770
556770
556770
556770
556770
556770
556770
556770
556770
556770
556770
556770
556770
556770
556770
556770
556770
556771
556772
556776
556784
556802
556839
556914
557051
557278
557582
557836
557910
557907
557871
557764
557549
557211
556757
556215
555613
554981
554345
553714
553100
552507
551949
551419
550929
550476
550078
549726
549427
549174
548964
548795
548648
548524
548414
548314
548223
548135
548051
547975
547915
547887
547881
547878
547879
547881
547888
547900
547920
547946
547978
548014
548050
548083
548111
548132
548149
548164
548174
548183
548189
548195
548200
548205
548209
548213
548215
548216
548216
548216
548214
548211
548206
548200
548191
548180
548167
548152
548137
548120
548104
548089
548077
548068
548062
548062
548062
548062
548062
548063
548066
548071
548079
548090
548101
548113
548123
548132
548138
548143
548148
548152
548156
548159
548162
548165
548169
548174
548181
548189
548200
548207
548209
548210
548208
548205
548199
548191
548178
548163
548147
548132
548119
548110
548102
548095
548088
548082
548075
548068
548065
548065
548065
548066
548068
548070
548074
548080
548087
548097
548108
548119
548128
548136
548142
548147
548150
548152
548155
548157
548159
548162
548164
548168
548171
548176
548184
548192
548202
548211
548215
548215
548213
548211
548205
548196
548183
548166
548147
548129
548113
548102
548096
548091
548087
548083
548078
548072
548066
548061
548059
548058
548058
548060
548063
548067
548073
548081
548092
548104
548116
548128
548137
548144
548148
548151
548153
548156
548158
548161
548163
548166
548168
548172
548177
548184
548194
548207
548221
548229
548233
548233
548231
548226
548218
548206
548188
548166
548143
548121
548106
548095
548088
548084
548080
548075
548069
548062
548054
548047
548042
548041
548042
548044
548047
548052
548063
556770
556770
556770
556770
556770
556770
556770
556770
556770
556770
556770
556770
556770
556770
556770
556770
556770
556770
556770
556770
556770
556770
556770
556770
556770
556770
556770
556770
556770
556770
556770
556770
556770
556770
556770
556770
556770
556770
556770
556770
556770
556770
556770
556770
556770
556770
556770
556770
556770
556770
556770
556770
556770
556770
556770
556770
556770
556770
556770
556770
556771
556772
556776
556784
556802
556839
556914
557051
557278
557582
557836
557910
557907
557871
557764
557549
557211
556758
556215
555612
554982
554345
553715
553098
552508
551949
551420
550928
550476
550079
549726
549427
549173
548966
548794
548647
548525
548414
548314
548223
548135
548051
547974
547916
547887
547880
547878
547878
547881
547888
547901
547920
547946
547978
548014
548050
548084
548111
548132
548150
548164
548174
548183
548189
548195
548200
548204
548209
548213
548215
548216
548217
548216
548213
548210
548206
548200
548192
548181
548168
548153
548137
548119
548103
548089
548077
548068
548063
548062
548062
548062
548062
548062
548065
548071
548079
548090
548102
548113
548123
548132
548138
548143
548147
548151
548156
548159
548163
548166
548170
548175
548181
548189
548199
548207
548209
548210
548209
548206
548200
548191
548178
548163
548147
548131
548119
548110
548103
548096
548089
548081
548074
548068
548065
548065
548065
548067
548068
548070
548074
548079
548087
548097
548108
548119
548128
548137
548143
548147
548150
548152
548154
548157
548159
548162
548165
548168
548172
548177
548184
548192
548202
548211
548214
548215
548213
548211
548205
548196
548183
548166
548147
548128
548113
548103
548096
548092
548088
548083
548078
548072
548066
548061
548059
548058
548058
548060
548063
548067
548073
548081
548091
548104
548116
548128
548137
548144
548149
548151
548153
548155
548158
548160
548163
548165
548169
548173
548178
548185
548195
548207
548220
548229
548232
548232
548232
548227
548219
548206
548188
548165
548141
548121
548105
548096
548089
548085
548081
548076
548070
548061
548052
548046
548042
548042
548043
548044
548048
548052
548062
556770
556770
556770
556770
556770
556770
556770
556770
556770
556770
556770
556770
556770
556770
556770
556770
556770
556770
556770
556770
556770
556770
556770
556770
556770
556770
556770
556770
556770
556770
556770
556770
556770
556770
556770
556770
556770
556770
556770
556770
556770
556770
556770
556770
556770
556770
556770
556770
556770
556770
556770
556770
556770
556770
556770
556770
556770
556770
556770
556770
556771
556772
556776
556784
556802
556839
556914
557051
557278
557582
557836
557910
557907
557871
557764
557549
557211
556758
556215
555612
554982
554344
553715
553097
552510
551948
551420
550927
550478
550079
549726
549427
549172
548967
548793
548648
548525
548413
548315
548223
548135
548051
547974
547916
547887
547880
547878
547879
547882
547889
547901
547920
547946
547977
548014
548050
548084
548111
548133
548150
548164
548174
548182
548189
548195
548200
548204
548209
548213
548216
548217
548217
548215
548213
548210
548206
548200
548192
548181
548168
548153
548137
548118
548103
548089
548077
548068
548063
548062
548062
548062
548062
548062
548065
548071
548079
548090
548102
548113
548124
548132
548138
548143
548147
548151
548156
548160
548163
548167
548170
548175
548181
548189
548198
548206
548209
548210
548209
548206
548200
548190
548178
548163
548146
548131
548119
548110
548103
548096
548088
548081
548074
548068
548065
548065
548065
548067
548068
548070
548073
548079
548086
548096
548108
548119
548129
548137
548143
548147
548149
548152
548154
548156
548159
548162
548165
548168
548172
548177
548184
548192
548202
548210
548214
548215
548214
548211
548206
548196
548183
548166
548146
548128
548113
548103
548096
548092
548088
548083
548078
548072
548066
548060
548058
548057
548058
548060
548063
548067
548073
548081
548091
548104
548116
548128
548137
548145
548149
548152
548154
548155
548157
548159
548162
548165
548168
548173
548178
548186
548195
548207
548220
548228
548231
548232
548232
548228
548220
548207
548188
548164
548141
548121
548106
548097
548090
548085
548081
548076
548069
548059
548052
548046
548042
548043
548043
548045
548049
548051
548061
556770
556770
556770
556770
556770
556770
556770
556770
556770
556770
556770
556770
556770
556770
556770
556770
556770
556770
556770
556770
556770
556770
556770
556770
556770
556770
556770
556770
556770
556770
556770
556770
556770
556770
556770
556770
556770
556770
556770
556770
556770
556770
556770
556770
556770
556770
556770
556770
556770
556770
556770
556770
556770
556770
556770
556770
556770
556770
556770
556770
556771
556772
556776
556784
556802
556839
556914
557051
557278
557582
557836
557910
557907
557871
557764
557549
557211
556758
556215
555612
554983
554345
553714
553097
552511
551948
551420
550925
550480
550078
549727
549426
549172
548968
548793
548649
548524
548413
548316
548223
548135
548051
547974
547916
547886
547880
547878
547879
547882
547889
547901
547920
547945
547977
548013
548050
548084
548111
548133
548150
548164
548174
548183
548190
548195
548200
548204
548208
548213
548216
548217
548217
548215
548213
548210
548206
548200
548193
548182
548168
548153
548136
548118
548103
548090
548078
548068
548063
548062
548062
548062
548062
548063
548066
548071
548079
548090
548102
548113
548124
548132
548138
548143
548147
548151
548155
548160
548163
548167
548170
548175
548181
548189
548198
548206
548209
548210
548209
548206
548200
548191
548178
548163
548146
548131
548119
548110
548103
548096
548088
548081
548074
548068
548066
548065
548066
548067
548068
548069
548073
548078
548086
548097
548108
548119
548129
548137
548143
548147
548149
548152
548154
548157
548159
548162
548165
548168
548171
548176
548183
548192
548202
548211
548214
548215
548214
548211
548206
548196
548183
548166
548146
548128
548113
548103
548096
548092
548088
548084
548078
548072
548066
548060
548058
548057
548058
548060
548064
548067
548073
548081
548091
548104
548116
548127
548137
548145
548150
548152
548154
548155
548156
548159
548161
548164
548168
548173
548179
548186
548196
548207
548220
548228
548231
548231
548232
548228
548220
548207
548188
548164
548141
548121
548106
548097
548090
548085
548081
548076
548068
548059
548052
548046
548043
548043
548043
548045
548049
548051
548061
556770
556770
556770
556770
556770
556770
556770
556770
556770
556770
556770
556770
556770
556770
556770
556770
556770
556770
556770
556770
556770
556770
556770
556770
556770
556770
556770
556770
556770
556770
556770
556770
556770
556770
556770
556770
556770
556770
556770
556770
556770
556770
556770
556770
556770
556770
556770
556770
556770
556770
556770
556770
556770
556770
556770
556770
556770
556770
556770
556770
556771
556772
556776
556784
556802
556839
556914
557051
557278
557582
557836
557910
557907
557871
557764
557549
557211
556758
556214
555612
554983
554345
553713
553098
552511
551949
551420
550925
550481
550078
549728
549424
549174
548967
548793
548649
548523
548414
548316
548223
548136
548051
547974
547916
547886
547880
547879
547879
547882
547888
547901
547919
547945
547977
548014
548051
548084
548111
548132
548150
548164
548175
548183
548190
548195
548200
548204
548209
548213
548216
548217
548216
548214
548213
548210
548206
548201
548193
548182
548168
548152
548135
548118
548103
548090
548078
548068
548063
548061
548061
548061
548061
548063
548066
548071
548079
548090
548101
548113
548123
548132
548139
548143
548147
548151
548155
548159
548163
548167
548171
548175
548181
548189
548198
548206
548209
548209
548209
548206
548200
548191
548178
548163
548147
548132
548119
548110
548102
548095
548088
548081
548075
548069
548066
548065
548066
548067
548067
548069
548073
548078
548087
548098
548109
548119
548129
548136
548142
548146
548149
548152
548155
548158
548160
548162
548165
548167
548171
548176
548183
548192
548202
548211
548215
548215
548214
548211
548206
548196
548183
548166
548147
548128
548113
548102
548096
548092
548088
548083
548078
548072
548066
548061
548058
548057
548058
548060
548064
548067
548073
548081
548091
548103
548116
548127
548137
548145
548150
548152
548154
548155
548156
548158
548161
548164
548168
548173
548179
548186
548196
548207
548220
548228
548231
548231
548231
548227
548219
548207
548189
548165
548142
548121
548106
548096
548089
548085
548080
548075
548068
548059
548052
548047
548044
548043
548043
548045
548048
548050
548061
556770
556770
556770
556770
556770
556770
556770
556770
556770
556770
556770
556770
556770
556770
556770
556770
556770
556770
556770
556770
556770
556770
556770
556770
556770
556770
556770
556770
556770
556770
556770
556770
556770
556770
556770
556770
556770
556770
556770
556770
556770
556770
556770
556770
556770
556770
556770
556770
556770
556770
556770
556770
556770
556770
556770
556770
556770
556770
556770
556770
556771
556772
556776
556784
556802
556839
556914
557051
557278
557582
557836
557910
557907
557871
557764
557549
557211
556758
556214
555612
554983
554345
553711
553099
552511
551949
551418
550926
550481
550078
549727
549423
549175
548966
548794
548649
548522
548415
548315
548223
548135
548050
547975
547915
547887
547880
547879
547879
547882
547888
547900
547919
547945
547977
548014
548051
548084
548111
548132
548149
548164
548175
548183
548190
548195
548200
548204
548209
548213
548216
548216
548216
548214
548213
548210
548207
548201
548193
548181
548168
548152
548135
548118
548104
548090
548078
548069
548063
548061
548061
548060
548061
548063
548066
548072
548080
548090
548101
548112
548123
548132
548139
548144
548148
548151
548155
548159
548162
548166
548170
548175
548182
548190
548199
548205
548208
548209
548208
548205
548200
548191
548179
548164
548148
548132
548119
548109
548101
548094
548088
548082
548075
548070
548067
548066
548066
548066
548066
548068
548072
548079
548088
548099
548109
548119
548128
548135
548141
548145
548149
548153
548156
548159
548161
548162
548164
548167
548170
548175
548182
548192
548202
548211
548215
548215
548214
548211
548205
548196
548183
548166
548147
548129
548113
548102
548095
548091
548087
548083
548078
548073
548066
548061
548058
548058
548058
548060
548063
548067
548073
548081
548091
548104
548116
548127
548137
548145
548150
548152
548154
548155
548156
548158
548161
548163
548167
548173
548179
548187
548197
548208
548221
548229
548231
548231
548230
548226
548218
548206
548189
548167
548143
548122
548107
548096
548089
548084
548079
548074
548067
548060
548053
548048
548045
548043
548043
548045
548048
548050
548062
556770
556770
556770
556770
556770
556770
556770
556770
556770
556770
556770
556770
556770
556770
556770
556770
556770
556770
556770
556770
556770
556770
556770
556770
556770
556770
556770
556770
556770
556770
556770
556770
556770
556770
556770
556770
556770
556770
556770
556770
556770
556770
556770
556770
556770
556770
556770
556770
556770
556770
556770
556770
556770
556770
556770
556770
556770
556770
556770
556770
556771
556772
556776
556784
556802
556839
556914
557051
557278
557581
557836
557910
557907
557871
557764
557549
557211
556758
556213
555613
554983
554345
553710
553100
552511
551950
551416
550928
550480
550079
549725
549423
549176
548965
548794
548648
548523
548415
548315
548223
548135
548051
547975
547915
547887
547881
547879
547879
547881
547888
547900
547919
547945
547978
548014
548051
548084
548111
548132
548149
548164
548175
548183
548190
548195
548200
548205
548209
548213
548215
548216
548215
548214
548213
548211
548207
548201
548193
548181
548167
548152
548135
548119
548104
548090
548078
548069
548063
548061
548061
548060
548061
548063
548067
548073
548081
548090
548101
548112
548122
548131
548139
548144
548149
548152
548155
548158
548162
548166
548170
548176
548182
548190
548199
548206
548208
548208
548207
548204
548200
548192
548180
548165
548149
548133
548119
548108
548099
548093
548088
548082
548077
548071
548068
548066
548065
548064
548065
548068
548072
548080
548090
548099
548110
548119
548127
548134
548140
548145
548149
548154
548157
548159
548161
548162
548163
548166
548169
548174
548183
548193
548203
548211
548215
548215
548214
548211
548205
548196
548183
548166
548148
548129
548113
548102
548095
548090
548087
548083
548078
548072
548066
548061
548059
548058
548058
548060
548063
548067
548073
548081
548092
548104
548116
548128
548137
548145
548149
548152
548154
548155
548156
548159
548161
548164
548167
548172
548179
548187
548197
548209
548222
548229
548232
548231
548229
548225
548217
548205
548189
548168
548144
548123
548107
548096
548088
548083
548079
548073
548067
548060
548054
548049
548045
548043
548043
548044
548047
548051
548062
556770
556770
556770
556770
556770
556770
556770
556770
556770
556770
556770
556770
556770
556770
556770
556770
556770
556770
556770
556770
556770
556770
556770
556770
556770
556770
556770
556770
556770
556770
556770
556770
556770
556770
556770
556770
556770
556770
556770
556770
556770
556770
556770
556770
556770
556770
556770
556770
556770
556770
556770
556770
556770
556770
556770
556770
556770
556770
556770
556770
556771
556772
556776
556784
556802
556839
556914
557051
557278
557581
557836
557910
557907
557871
557764
557549
557212
556758
556213
555613
554983
554344
553711
553101
552511
551949
551416
550929
550479
550080
549724
549426
549175
548965
548794
548647
548524
548415
548315
548223
548134
548051
547975
547915
547887
547881
547879
547879
547881
547888
547900
547919
547945
547977
548014
548051
548084
548111
548132
548149
548163
548174
548183
548190
548195
548200
548205
548209
548213
548215
548216
548215
548214
548213
548211
548207
548201
548193
548181
548167
548152
548135
548118
548104
548090
548078
548069
548063
548061
548060
548060
548061
548063
548067
548073
548081
548090
548101
548112
548122
548131
548139
548145
548149
548153
548155
548158
548161
548165
548170
548176
548183
548191
548200
548206
548208
548207
548206
548204
548199
548192
548181
548166
548149
548133
548118
548106
548099
548093
548088
548083
548078
548071
548068
548066
548064
548063
548065
548067
548072
548081
548090
548100
548110
548119
548126
548134
548140
548144
548150
548155
548158
548160
548161
548161
548163
548165
548169
548174
548183
548193
548203
548211
548215
548215
548214
548211
548205
548197
548184
548167
548148
548129
548113
548101
548095
548090
548087
548083
548078
548072
548066
548061
548059
548058
548059
548060
548063
548067
548073
548081
548092
548104
548117
548128
548138
548145
548149
548151
548153
548155
548156
548159
548161
548164
548167
548172
548179
548186
548197
548209
548222
548230
548232
548231
548229
548224
548217
548205
548188
548167
548145
548123
548107
548095
548088
548083
548078
548073
548067
548061
548054
548049
548045
548043
548042
548044
548046
548050
548062
556770
556770
556770
556770
556770
556770
556770
556770
556770
556770
556770
556770
556770
556770
556770
556770
556770
556770
556770
556770
556770
556770
556770
556770
556770
556770
556770
556770
556770
556770
556770
556770
556770
556770
556770
556770
556770
556770
556770
556770
556770
556770
556770
556770
556770
556770
556770
556770
556770
556770
556770
556770
556770
556770
556770
556770
556770
556770
556770
556770
556771
556772
556776
556784
556802
556839
556914
557051
557278
557581
557836
557910
557907
557872
557764
557550
557211
556758
556214
555613
554983
554343
553713
553100
552511
551948
551418
550930
550479
550080
549723
549427
549174
548965
548794
548647
548525
548414
548315
548223
548134
548052
547975
547915
547887
547881
547879
547879
547882
547889
547900
547919
547945
547977
548014
548050
548084
548112
548133
548150
548163
548173
548182
548189
548195
548201
548205
548210
548213
548215
548216
548215
548214
548213
548210
548207
548201
548193
548182
548168
548152
548135
548118
548104
548090
548078
548069
548063
548061
548060
548060
548061
548063
548067
548074
548081
548090
548101
548112
548122
548131
548139
548145
548149
548153
548155
548158
548161
548165
548169
548175
548183
548191
548200
548206
548208
548207
548206
548204
548199
548192
548181
548166
548150
548133
548117
548106
548098
548093
548088
548084
548078
548072
548068
548066
548063
548063
548065
548068
548073
548082
548091
548100
548110
548118
548126
548134
548140
548145
548151
548156
548158
548160
548161
548161
548163
548165
548169
548175
548184
548193
548203
548211
548215
548214
548213
548211
548205
548197
548184
548167
548148
548129
548113
548101
548095
548090
548087
548083
548078
548072
548066
548061
548059
548058
548059
548060
548063
548067
548072
548081
548091
548104
548117
548129
548138
548145
548149
548151
548153
548154
548156
548159
548162
548165
548168
548173
548179
548186
548196
548208
548222
548230
548232
548232
548230
548225
548217
548204
548187
548167
548144
548124
548108
548096
548088
548083
548078
548073
548067
548061
548054
548050
548045
548043
548042
548043
548046
548050
548062
556770
556770
556770
556770
556770
556770
556770
556770
556770
556770
556770
556770
556770
556770
556770
556770
556770
556770
556770
556770
556770
556770
556770
556770
556770
556770
556770
556770
556770
556770
556770
556770
556770
556770
556770
556770
556770
556770
556770
556770
556770
556770
556770
556770
556770
556770
556770
556770
556770
556770
556770
556770
556770
556770
556770
556770
556770
556770
556770
556770
556771
556772
556776
556784
556802
556839
556914
557051
557278
557582
557836
557910
557907
557872
557764
557550
557211
556757
556214
555612
554983
554343
553715
553099
552510
551947
551419
550929
550478
550079
549724
549428
549173
548966
548794
548647
548525
548413
548314
548223
548134
548052
547975
547915
547886
547880
547879
547879
547882
547889
547901
547919
547945
547977
548013
548050
548084
548112
548134
548151
548163
548173
548181
548188
548195
548200
548206
548211
548214
548215
548216
548215
548214
548212
548210
548206
548201
548193
548182
548168
548152
548135
548118
548104
548090
548078
548069
548063
548061
548060
548059
548060
548062
548067
548074
548081
548090
548101
548112
548122
548131
548138
548145
548149
548153
548155
548158
548161
548165
548169
548175
548183
548192
548200
548206
548208
548207
548206
548204
548199
548192
548181
548166
548150
548133
548117
548106
548099
548093
548088
548083
548078
548072
548068
548065
548063
548063
548065
548068
548074
548082
548090
548099
548109
548118
548126
548134
548140
548145
548151
548155
548158
548159
548161
548161
548163
548165
548169
548175
548184
548193
548203
548211
548214
548214
548213
548211
548206
548198
548184
548167
548148
548129
548112
548101
548095
548091
548088
548084
548079
548072
548066
548061
548059
548058
548059
548061
548063
548067
548072
548080
548091
548104
548117
548129
548139
548146
548149
548151
548152
548153
548156
548159
548162
548165
548169
548174
548179
548186
548195
548207
548221
548229
548232
548233
548231
548226
548217
548204
548186
548165
548143
548123
548108
548097
548089
548084
548079
548073
548067
548061
548054
548049
548045
548043
548042
548043
548045
548050
548062
556770
556770
556770
556770
556770
556770
556770
556770
556770
556770
556770
556770
556770
556770
556770
556770
556770
556770
556770
556770
556770
556770
556770
556770
556770
556770
556770
556770
556770
556770
556770
556770
556770
556770
556770
556770
556770
556770
556770
556770
556770
556770
556770
556770
556770
556770
556770
556770
556770
556770
556770
556770
556770
556770
556770
556770
556770
556770
556770
556770
556771
556772
556776
556784
556802
556839
556914
557051
557278
557582
557836
557910
557907
557872
557764
557550
557211
556757
556215
555612
554982
554344
553715
553099
552510
551948
551420
550929
550477
550079
549725
549428
549173
548965
548794
548647
548524
548413
548314
548223
548135
548052
547976
547915
547886
547879
547878
547879
547882
547890
547901
547919
547945
547977
548013
548049
548083
548113
548135
548151
548163
548173
548181
548188
548194
548200
548206
548211
548214
548216
548216
548214
548213
548212
548210
548207
548202
548193
548182
548168
548152
548134
548118
548104
548091
548079
548069
548063
548061
548059
548059
548060
548062
548067
548074
548081
548091
548101
548112
548122
548131
548138
548144
548149
548152
548155
548158
548161
548165
548169
548175
548182
548192
548200
548206
548208
548208
548206
548204
548199
548192
548181
548166
548149
548133
548118
548106
548099
548093
548088
548083
548077
548071
548067
548065
548063
548064
548065
548069
548074
548081
548090
548099
548109
548118
548126
548134
548140
548146
548151
548155
548157
548159
548160
548161
548163
548166
548170
548176
548184
548193
548202
548210
548214
548214
548213
548211
548206
548198
548185
548168
548148
548128
548111
548100
548095
548091
548088
548084
548079
548072
548065
548060
548058
548058
548059
548061
548064
548067
548073
548080
548090
548103
548116
548129
548140
548146
548149
548151
548152
548152
548154
548158
548161
548166
548171
548175
548179
548186
548195
548206
548220
548228
548232
548234
548232
548227
548218
548204
548184
548163
548142
548122
548108
548098
548090
548085
548080
548074
548067
548060
548053
548048
548044
548042
548042
548043
548045
548050
548062
556770
556770
556770
556770
556770
556770
556770
556770
556770
556770
556770
556770
556770
556770
556770
556770
556770
556770
556770
556770
556770
556770
556770
556770
556770
556770
556770
556770
556770
556770
556770
556770
556770
556770
556770
556770
556770
556770
556770
556770
556770
556770
556770
556770
556770
556770
556770
556770
556770
556770
556770
556770
556770
556770
556770
556770
556770
556770
556770
556770
556771
556772
556776
556784
556802
556839
556914
557051
557278
557582
557836
557910
557907
557872
557764
557550
557211
556757
556215
555613
554981
554344
553716
553100
552508
551948
551420
550929
550477
550078
549726
549428
549174
548965
548794
548648
548524
548413
548313
548223
548135
548053
547976
547915
547885
547878
547878
547879
547882
547890
547902
547920
547945
547977
548012
548049
548083
548113
548136
548151
548163
548173
548180
548187
548193
548199
548207
548212
548215
548216
548216
548214
548213
548211
548209
548207
548202
548194
548182
548168
548151
548134
548118
548104
548091
548079
548069
548064
548061
548059
548059
548060
548062
548067
548074
548082
548091
548102
548113
548122
548131
548137
548143
548148
548152
548156
548159
548162
548165
548169
548174
548182
548191
548201
548207
548209
548208
548206
548204
548199
548191
548180
548165
548149
548133
548119
548108
548100
548094
548088
548082
548076
548070
548066
548065
548064
548064
548066
548069
548074
548081
548089
548098
548108
548118
548127
548135
548141
548146
548151
548155
548157
548158
548159
548161
548163
548166
548170
548177
548184
548193
548202
548210
548213
548214
548213
548211
548207
548198
548185
548168
548147
548127
548110
548100
548095
548091
548089
548085
548079
548072
548064
548060
548058
548058
548059
548062
548064
548068
548073
548079
548090
548102
548116
548129
548141
548147
548150
548151
548152
548151
548153
548157
548161
548167
548172
548175
548180
548186
548194
548205
548218
548227
548232
548235
548234
548228
548219
548204
548183
548162
548140
548121
548108
548099
548091
548086
548082
548075
548067
548060
548053
548048
548044
548042
548042
548044
548046
548050
548062
556770
556770
556770
556770
556770
556770
556770
556770
556770
556770
556770
556770
556770
556770
556770
556770
556770
556770
556770
556770
556770
556770
556770
556770
556770
556770
556770
556770
556770
556770
556770
556770
556770
556770
556770
556770
556770
556770
556770
556770
556770
556770
556770
556770
556770
556770
556770
556770
556770
556770
556770
556770
556770
556770
556770
556770
556770
556770
556770
556770
556771
556772
556776
556784
556802
556839
556914
557051
557278
557582
557835
557910
557907
557872
557764
557550
557211
556757
556215
555614
554981
554343
553715
553102
552509
551946
551419
550931
550479
550076
549724
549429
549176
548965
548792
548647
548525
548414
548313
548222
548135
548054
547977
547916
547886
547878
547877
547879
547883
547890
547902
547920
547945
547976
548012
548049
548083
548113
548136
548152
548163
548173
548180
548187
548193
548199
548207
548212
548215
548217
548216
548214
548213
548211
548209
548207
548202
548194
548183
548168
548151
548134
548118
548104
548091
548079
548069
548064
548061
548059
548059
548060
548062
548067
548074
548082
548092
548102
548113
548122
548130
548137
548142
548148
548153
548156
548159
548162
548165
548169
548174
548182
548192
548201
548207
548209
548208
548206
548204
548199
548191
548180
548165
548148
548133
548119
548109
548100
548094
548088
548082
548075
548070
548066
548065
548065
548065
548066
548069
548074
548080
548089
548098
548108
548118
548127
548135
548141
548146
548151
548154
548156
548158
548159
548161
548163
548166
548171
548177
548184
548193
548202
548210
548213
548213
548213
548211
548207
548199
548185
548168
548147
548126
548110
548100
548095
548092
548089
548085
548079
548072
548064
548060
548058
548058
548059
548062
548065
548068
548073
548079
548089
548102
548115
548130
548142
548147
548150
548152
548151
548150
548153
548156
548161
548169
548173
548176
548180
548187
548193
548204
548218
548227
548233
548236
548234
548229
548220
548204
548182
548161
548140
548121
548108
548100
548092
548087
548082
548075
548066
548059
548052
548047
548044
548042
548042
548044
548046
548050
548062
)
;

boundaryField
{
    sides
    {
        type            zeroGradient;
    }
    inlet
    {
        type            zeroGradient;
    }
    outlet
    {
        type            zeroGradient;
    }
    empty
    {
        type            empty;
    }
}


// ************************************************************************* //
