/*--------------------------------*- C++ -*----------------------------------*\
| =========                 |                                                 |
| \\      /  F ield         | OpenFOAM: The Open Source CFD Toolbox           |
|  \\    /   O peration     | Version:  2306                                  |
|   \\  /    A nd           | Website:  www.openfoam.com                      |
|    \\/     M anipulation  |                                                 |
\*---------------------------------------------------------------------------*/
FoamFile
{
    version     2.0;
    format      ascii;
    arch        "LSB;label=32;scalar=64";
    class       volScalarField;
    location    "0.13";
    object      rho;
}
// * * * * * * * * * * * * * * * * * * * * * * * * * * * * * * * * * * * * * //

dimensions      [1 -3 0 0 0 0 0];

internalField   nonuniform List<scalar> 
6000
(
3.64274
3.64274
3.64274
3.64274
3.64274
3.64274
3.64274
3.64274
3.64274
3.64274
3.64274
3.64274
3.64274
3.64274
3.64274
3.64274
3.64274
3.64274
3.64274
3.64274
3.64274
3.64274
3.64274
3.64274
3.64274
3.64274
3.64274
3.64274
3.64274
3.64274
3.64274
3.64274
3.64274
3.64274
3.64274
3.64274
3.64274
3.64274
3.64274
3.64274
3.64274
3.64274
3.64274
3.64274
3.64274
3.64274
3.64274
3.64274
3.64274
3.64274
3.64274
3.64274
3.64274
3.64274
3.64274
3.64274
3.64274
3.64274
3.64274
3.64274
3.64274
3.64275
3.64277
3.6428
3.64289
3.64306
3.64341
3.64405
3.64511
3.64653
3.64772
3.64806
3.64805
3.64788
3.64738
3.64638
3.6448
3.64268
3.64014
3.63733
3.63438
3.6314
3.62844
3.62557
3.62281
3.62019
3.61769
3.61539
3.61329
3.61143
3.60976
3.60835
3.60717
3.60621
3.60539
3.6047
3.60412
3.6036
3.60315
3.60272
3.60231
3.60192
3.60155
3.60126
3.60113
3.60109
3.60109
3.6011
3.60111
3.60115
3.6012
3.60129
3.60141
3.60156
3.60173
3.6019
3.60205
3.60219
3.60229
3.60238
3.60244
3.60248
3.60252
3.60255
3.60257
3.6026
3.60263
3.60266
3.60268
3.60268
3.60268
3.60268
3.60267
3.60266
3.60265
3.60264
3.60261
3.60257
3.60252
3.60246
3.60238
3.60229
3.60222
3.60215
3.60209
3.60204
3.60199
3.60197
3.60195
3.60194
3.60194
3.60195
3.60196
3.60198
3.60201
3.60205
3.60209
3.60214
3.60219
3.60224
3.60227
3.60231
3.60233
3.60236
3.60239
3.6024
3.60242
3.60243
3.60245
3.60246
3.60248
3.60251
3.60256
3.6026
3.60263
3.60265
3.60264
3.60264
3.60262
3.6026
3.60257
3.60251
3.60244
3.60237
3.60229
3.60222
3.60217
3.60213
3.60211
3.60208
3.60205
3.60202
3.60199
3.60198
3.60197
3.60197
3.60197
3.60198
3.60199
3.60201
3.60204
3.60208
3.60213
3.60218
3.60222
3.60226
3.6023
3.60233
3.60236
3.60238
3.60239
3.6024
3.60241
3.60241
3.60242
3.60243
3.60244
3.60246
3.6025
3.60253
3.60257
3.60262
3.60266
3.60267
3.60267
3.60267
3.60266
3.60264
3.6026
3.60254
3.60246
3.60235
3.60225
3.60218
3.60213
3.6021
3.60209
3.60208
3.60207
3.60205
3.60202
3.60198
3.60195
3.60194
3.60193
3.60193
3.60194
3.60196
3.60198
3.60201
3.60205
3.6021
3.60215
3.60221
3.60227
3.60231
3.60235
3.60237
3.60238
3.60239
3.60239
3.6024
3.6024
3.60242
3.60244
3.60246
3.60248
3.60251
3.60254
3.60259
3.60264
3.6027
3.60273
3.60275
3.60275
3.60274
3.60273
3.60269
3.60263
3.60255
3.60244
3.60234
3.60224
3.60217
3.60212
3.60209
3.60206
3.60203
3.602
3.60197
3.60194
3.60191
3.60189
3.60188
3.60189
3.60189
3.60189
3.60189
3.60189
3.60194
3.64274
3.64274
3.64274
3.64274
3.64274
3.64274
3.64274
3.64274
3.64274
3.64274
3.64274
3.64274
3.64274
3.64274
3.64274
3.64274
3.64274
3.64274
3.64274
3.64274
3.64274
3.64274
3.64274
3.64274
3.64274
3.64274
3.64274
3.64274
3.64274
3.64274
3.64274
3.64274
3.64274
3.64274
3.64274
3.64274
3.64274
3.64274
3.64274
3.64274
3.64274
3.64274
3.64274
3.64274
3.64274
3.64274
3.64274
3.64274
3.64274
3.64274
3.64274
3.64274
3.64274
3.64274
3.64274
3.64274
3.64274
3.64274
3.64274
3.64274
3.64274
3.64275
3.64277
3.6428
3.64289
3.64306
3.64341
3.64405
3.64511
3.64653
3.64772
3.64806
3.64805
3.64788
3.64738
3.64638
3.6448
3.64268
3.64014
3.63733
3.63439
3.6314
3.62844
3.62558
3.62282
3.62018
3.61769
3.6154
3.6133
3.61142
3.60976
3.60836
3.60718
3.6062
3.60539
3.6047
3.60413
3.60361
3.60314
3.60271
3.6023
3.60192
3.60155
3.60127
3.60113
3.60109
3.60109
3.6011
3.60111
3.60115
3.6012
3.60129
3.60141
3.60156
3.60173
3.6019
3.60206
3.60219
3.60229
3.60238
3.60244
3.60248
3.60252
3.60255
3.60258
3.6026
3.60263
3.60266
3.60268
3.60268
3.60268
3.60268
3.60267
3.60266
3.60265
3.60264
3.60261
3.60257
3.60252
3.60245
3.60238
3.60229
3.60222
3.60215
3.60209
3.60204
3.60199
3.60197
3.60195
3.60194
3.60194
3.60195
3.60196
3.60198
3.60201
3.60205
3.60209
3.60214
3.60219
3.60224
3.60228
3.60231
3.60234
3.60236
3.60238
3.6024
3.60242
3.60243
3.60244
3.60246
3.60248
3.60252
3.60256
3.6026
3.60263
3.60265
3.60264
3.60264
3.60262
3.6026
3.60257
3.60251
3.60244
3.60237
3.60229
3.60223
3.60217
3.60213
3.6021
3.60208
3.60205
3.60202
3.602
3.60198
3.60197
3.60197
3.60197
3.60197
3.60199
3.60201
3.60204
3.60208
3.60213
3.60218
3.60222
3.60226
3.6023
3.60233
3.60236
3.60238
3.60239
3.6024
3.60241
3.60241
3.60242
3.60243
3.60244
3.60246
3.60249
3.60253
3.60257
3.60262
3.60266
3.60267
3.60267
3.60266
3.60266
3.60264
3.6026
3.60254
3.60246
3.60236
3.60226
3.60218
3.60213
3.6021
3.60209
3.60208
3.60207
3.60205
3.60202
3.60198
3.60195
3.60194
3.60193
3.60193
3.60194
3.60196
3.60198
3.60201
3.60205
3.6021
3.60215
3.60221
3.60226
3.60231
3.60235
3.60237
3.60238
3.60239
3.60239
3.6024
3.6024
3.60241
3.60244
3.60246
3.60248
3.60251
3.60255
3.60259
3.60265
3.6027
3.60273
3.60275
3.60275
3.60274
3.60273
3.60269
3.60264
3.60255
3.60245
3.60234
3.60224
3.60217
3.60212
3.60209
3.60206
3.60203
3.60201
3.60198
3.60194
3.60191
3.60189
3.60188
3.60188
3.60189
3.60189
3.60189
3.6019
3.60194
3.64274
3.64274
3.64274
3.64274
3.64274
3.64274
3.64274
3.64274
3.64274
3.64274
3.64274
3.64274
3.64274
3.64274
3.64274
3.64274
3.64274
3.64274
3.64274
3.64274
3.64274
3.64274
3.64274
3.64274
3.64274
3.64274
3.64274
3.64274
3.64274
3.64274
3.64274
3.64274
3.64274
3.64274
3.64274
3.64274
3.64274
3.64274
3.64274
3.64274
3.64274
3.64274
3.64274
3.64274
3.64274
3.64274
3.64274
3.64274
3.64274
3.64274
3.64274
3.64274
3.64274
3.64274
3.64274
3.64274
3.64274
3.64274
3.64274
3.64274
3.64274
3.64275
3.64277
3.6428
3.64289
3.64306
3.64341
3.64405
3.64511
3.64653
3.64772
3.64806
3.64805
3.64788
3.64738
3.64638
3.6448
3.64268
3.64014
3.63733
3.63438
3.63139
3.62844
3.62558
3.62282
3.62017
3.6177
3.6154
3.6133
3.61141
3.60976
3.60836
3.60718
3.60621
3.60538
3.60471
3.60413
3.60361
3.60314
3.60271
3.6023
3.60192
3.60155
3.60127
3.60113
3.60109
3.60109
3.6011
3.60111
3.60115
3.6012
3.60129
3.60141
3.60156
3.60173
3.6019
3.60206
3.60219
3.60229
3.60238
3.60244
3.60248
3.60252
3.60255
3.60258
3.6026
3.60263
3.60266
3.60267
3.60268
3.60268
3.60268
3.60267
3.60266
3.60265
3.60264
3.60261
3.60257
3.60252
3.60245
3.60237
3.60229
3.60222
3.60215
3.60209
3.60204
3.60199
3.60197
3.60195
3.60194
3.60194
3.60195
3.60196
3.60198
3.60201
3.60205
3.60209
3.60214
3.60219
3.60224
3.60228
3.60231
3.60234
3.60237
3.60238
3.6024
3.60241
3.60243
3.60244
3.60246
3.60248
3.60252
3.60256
3.60261
3.60264
3.60265
3.60264
3.60263
3.60262
3.6026
3.60256
3.60251
3.60244
3.60237
3.6023
3.60223
3.60217
3.60213
3.6021
3.60207
3.60205
3.60202
3.602
3.60198
3.60198
3.60197
3.60197
3.60197
3.60199
3.60201
3.60204
3.60208
3.60213
3.60218
3.60222
3.60226
3.6023
3.60233
3.60235
3.60238
3.60239
3.6024
3.60241
3.60242
3.60242
3.60243
3.60244
3.60246
3.60249
3.60253
3.60257
3.60262
3.60266
3.60267
3.60267
3.60266
3.60266
3.60264
3.6026
3.60254
3.60246
3.60236
3.60226
3.60218
3.60213
3.6021
3.60208
3.60208
3.60207
3.60205
3.60202
3.60199
3.60195
3.60193
3.60193
3.60193
3.60194
3.60196
3.60199
3.60202
3.60205
3.6021
3.60215
3.6022
3.60226
3.60231
3.60235
3.60237
3.60239
3.6024
3.6024
3.6024
3.6024
3.60241
3.60243
3.60245
3.60248
3.60251
3.60255
3.60259
3.60265
3.6027
3.60273
3.60275
3.60275
3.60274
3.60273
3.60269
3.60264
3.60255
3.60245
3.60234
3.60224
3.60217
3.60212
3.60208
3.60206
3.60203
3.60201
3.60198
3.60194
3.60191
3.60189
3.60188
3.60188
3.60188
3.60188
3.60189
3.6019
3.60194
3.64274
3.64274
3.64274
3.64274
3.64274
3.64274
3.64274
3.64274
3.64274
3.64274
3.64274
3.64274
3.64274
3.64274
3.64274
3.64274
3.64274
3.64274
3.64274
3.64274
3.64274
3.64274
3.64274
3.64274
3.64274
3.64274
3.64274
3.64274
3.64274
3.64274
3.64274
3.64274
3.64274
3.64274
3.64274
3.64274
3.64274
3.64274
3.64274
3.64274
3.64274
3.64274
3.64274
3.64274
3.64274
3.64274
3.64274
3.64274
3.64274
3.64274
3.64274
3.64274
3.64274
3.64274
3.64274
3.64274
3.64274
3.64274
3.64274
3.64274
3.64274
3.64275
3.64277
3.6428
3.64289
3.64306
3.64341
3.64405
3.64511
3.64653
3.64772
3.64806
3.64805
3.64788
3.64738
3.64638
3.6448
3.64268
3.64014
3.63733
3.63438
3.63139
3.62845
3.62558
3.62282
3.62017
3.6177
3.6154
3.6133
3.6114
3.60976
3.60836
3.60718
3.6062
3.60538
3.60471
3.60413
3.60361
3.60314
3.60271
3.6023
3.60191
3.60155
3.60128
3.60113
3.60109
3.60109
3.6011
3.60111
3.60115
3.6012
3.60129
3.60141
3.60156
3.60173
3.6019
3.60206
3.60219
3.60229
3.60237
3.60244
3.60248
3.60252
3.60255
3.60258
3.6026
3.60263
3.60266
3.60267
3.60268
3.60268
3.60267
3.60267
3.60266
3.60265
3.60264
3.60261
3.60257
3.60252
3.60245
3.60237
3.6023
3.60222
3.60216
3.6021
3.60204
3.60199
3.60196
3.60195
3.60194
3.60194
3.60195
3.60196
3.60198
3.60201
3.60205
3.60209
3.60214
3.60219
3.60224
3.60228
3.60231
3.60235
3.60237
3.60239
3.6024
3.60241
3.60242
3.60244
3.60246
3.60248
3.60252
3.60257
3.60261
3.60264
3.60265
3.60264
3.60263
3.60262
3.6026
3.60256
3.60251
3.60244
3.60237
3.6023
3.60223
3.60217
3.60213
3.6021
3.60207
3.60205
3.60202
3.602
3.60198
3.60198
3.60197
3.60197
3.60197
3.60199
3.60201
3.60204
3.60208
3.60213
3.60218
3.60222
3.60226
3.6023
3.60233
3.60235
3.60238
3.60239
3.6024
3.60241
3.60242
3.60242
3.60243
3.60244
3.60246
3.60249
3.60253
3.60257
3.60262
3.60266
3.60267
3.60267
3.60266
3.60265
3.60263
3.6026
3.60253
3.60246
3.60236
3.60227
3.60218
3.60213
3.6021
3.60208
3.60207
3.60206
3.60205
3.60202
3.60199
3.60195
3.60193
3.60193
3.60193
3.60194
3.60197
3.60199
3.60202
3.60205
3.6021
3.60215
3.6022
3.60225
3.6023
3.60234
3.60237
3.60239
3.6024
3.6024
3.6024
3.60241
3.60241
3.60243
3.60245
3.60248
3.60251
3.60255
3.60259
3.60265
3.6027
3.60273
3.60275
3.60275
3.60274
3.60273
3.60269
3.60263
3.60255
3.60245
3.60234
3.60224
3.60217
3.60211
3.60208
3.60206
3.60203
3.60201
3.60198
3.60195
3.60191
3.60189
3.60188
3.60188
3.60188
3.60188
3.60188
3.6019
3.60195
3.64274
3.64274
3.64274
3.64274
3.64274
3.64274
3.64274
3.64274
3.64274
3.64274
3.64274
3.64274
3.64274
3.64274
3.64274
3.64274
3.64274
3.64274
3.64274
3.64274
3.64274
3.64274
3.64274
3.64274
3.64274
3.64274
3.64274
3.64274
3.64274
3.64274
3.64274
3.64274
3.64274
3.64274
3.64274
3.64274
3.64274
3.64274
3.64274
3.64274
3.64274
3.64274
3.64274
3.64274
3.64274
3.64274
3.64274
3.64274
3.64274
3.64274
3.64274
3.64274
3.64274
3.64274
3.64274
3.64274
3.64274
3.64274
3.64274
3.64274
3.64274
3.64275
3.64277
3.6428
3.64289
3.64306
3.64341
3.64405
3.64511
3.64653
3.64772
3.64806
3.64805
3.64788
3.64738
3.64638
3.6448
3.64268
3.64014
3.63733
3.63438
3.63139
3.62845
3.62558
3.62281
3.62017
3.61771
3.6154
3.6133
3.6114
3.60977
3.60836
3.60718
3.6062
3.60538
3.60471
3.60412
3.60361
3.60314
3.6027
3.6023
3.60191
3.60155
3.60128
3.60113
3.60109
3.60109
3.6011
3.60111
3.60115
3.6012
3.60129
3.60141
3.60156
3.60173
3.6019
3.60206
3.60219
3.60229
3.60237
3.60244
3.60248
3.60252
3.60255
3.60258
3.6026
3.60263
3.60265
3.60267
3.60268
3.60268
3.60267
3.60267
3.60266
3.60266
3.60264
3.60261
3.60257
3.60251
3.60245
3.60237
3.6023
3.60223
3.60216
3.6021
3.60204
3.60199
3.60196
3.60195
3.60194
3.60195
3.60195
3.60196
3.60198
3.60201
3.60205
3.60209
3.60214
3.60219
3.60223
3.60228
3.60231
3.60235
3.60237
3.60239
3.6024
3.60241
3.60242
3.60244
3.60246
3.60248
3.60252
3.60257
3.60261
3.60264
3.60265
3.60264
3.60263
3.60262
3.6026
3.60256
3.60251
3.60244
3.60237
3.6023
3.60223
3.60218
3.60213
3.6021
3.60207
3.60205
3.60202
3.602
3.60198
3.60198
3.60197
3.60197
3.60197
3.60199
3.60201
3.60204
3.60209
3.60213
3.60218
3.60222
3.60226
3.6023
3.60233
3.60235
3.60237
3.60239
3.6024
3.60241
3.60242
3.60242
3.60243
3.60244
3.60246
3.60249
3.60253
3.60257
3.60262
3.60266
3.60267
3.60267
3.60266
3.60265
3.60263
3.60259
3.60253
3.60245
3.60236
3.60227
3.60219
3.60213
3.6021
3.60208
3.60208
3.60206
3.60204
3.60202
3.60198
3.60195
3.60193
3.60193
3.60193
3.60195
3.60197
3.60199
3.60202
3.60205
3.6021
3.60215
3.6022
3.60225
3.6023
3.60234
3.60237
3.60239
3.6024
3.6024
3.6024
3.60241
3.60242
3.60243
3.60245
3.60248
3.60251
3.60255
3.60259
3.60265
3.6027
3.60273
3.60275
3.60275
3.60275
3.60273
3.60269
3.60263
3.60255
3.60245
3.60234
3.60224
3.60217
3.60211
3.60208
3.60206
3.60204
3.60201
3.60198
3.60194
3.60191
3.60189
3.60188
3.60188
3.60187
3.60188
3.60188
3.6019
3.60195
3.64274
3.64274
3.64274
3.64274
3.64274
3.64274
3.64274
3.64274
3.64274
3.64274
3.64274
3.64274
3.64274
3.64274
3.64274
3.64274
3.64274
3.64274
3.64274
3.64274
3.64274
3.64274
3.64274
3.64274
3.64274
3.64274
3.64274
3.64274
3.64274
3.64274
3.64274
3.64274
3.64274
3.64274
3.64274
3.64274
3.64274
3.64274
3.64274
3.64274
3.64274
3.64274
3.64274
3.64274
3.64274
3.64274
3.64274
3.64274
3.64274
3.64274
3.64274
3.64274
3.64274
3.64274
3.64274
3.64274
3.64274
3.64274
3.64274
3.64274
3.64274
3.64275
3.64277
3.6428
3.64289
3.64306
3.64341
3.64405
3.64511
3.64653
3.64772
3.64806
3.64805
3.64788
3.64738
3.64638
3.6448
3.64268
3.64014
3.63733
3.63438
3.63139
3.62845
3.62558
3.6228
3.62017
3.61771
3.6154
3.6133
3.6114
3.60977
3.60836
3.60718
3.60619
3.60539
3.60471
3.60412
3.60361
3.60314
3.60271
3.6023
3.60191
3.60155
3.60127
3.60113
3.6011
3.60109
3.6011
3.60111
3.60114
3.6012
3.60129
3.60141
3.60156
3.60173
3.6019
3.60206
3.60219
3.60229
3.60237
3.60244
3.60248
3.60252
3.60255
3.60258
3.6026
3.60263
3.60265
3.60267
3.60268
3.60268
3.60267
3.60267
3.60267
3.60266
3.60264
3.60261
3.60257
3.60251
3.60244
3.60237
3.6023
3.60223
3.60216
3.6021
3.60204
3.60199
3.60196
3.60195
3.60195
3.60195
3.60195
3.60196
3.60198
3.60201
3.60205
3.60209
3.60214
3.60219
3.60224
3.60228
3.60231
3.60234
3.60237
3.60239
3.6024
3.60241
3.60242
3.60244
3.60246
3.60248
3.60252
3.60257
3.60261
3.60264
3.60265
3.60264
3.60263
3.60262
3.6026
3.60256
3.60251
3.60244
3.60237
3.60229
3.60223
3.60218
3.60213
3.6021
3.60207
3.60205
3.60202
3.602
3.60198
3.60198
3.60197
3.60197
3.60197
3.60199
3.60201
3.60204
3.60209
3.60213
3.60218
3.60222
3.60226
3.6023
3.60233
3.60235
3.60237
3.60239
3.6024
3.60241
3.60241
3.60242
3.60243
3.60244
3.60246
3.60249
3.60253
3.60258
3.60262
3.60266
3.60267
3.60267
3.60266
3.60265
3.60263
3.60259
3.60253
3.60245
3.60236
3.60227
3.60219
3.60213
3.6021
3.60209
3.60208
3.60206
3.60204
3.60201
3.60198
3.60195
3.60193
3.60193
3.60194
3.60195
3.60197
3.60199
3.60202
3.60205
3.60209
3.60214
3.6022
3.60225
3.6023
3.60234
3.60237
3.60239
3.6024
3.6024
3.6024
3.60241
3.60242
3.60244
3.60245
3.60248
3.60251
3.60254
3.60259
3.60264
3.60269
3.60273
3.60275
3.60275
3.60275
3.60273
3.60269
3.60263
3.60255
3.60245
3.60234
3.60224
3.60216
3.60211
3.60209
3.60206
3.60204
3.60201
3.60198
3.60194
3.60191
3.60189
3.60188
3.60187
3.60187
3.60188
3.60188
3.6019
3.60195
3.64274
3.64274
3.64274
3.64274
3.64274
3.64274
3.64274
3.64274
3.64274
3.64274
3.64274
3.64274
3.64274
3.64274
3.64274
3.64274
3.64274
3.64274
3.64274
3.64274
3.64274
3.64274
3.64274
3.64274
3.64274
3.64274
3.64274
3.64274
3.64274
3.64274
3.64274
3.64274
3.64274
3.64274
3.64274
3.64274
3.64274
3.64274
3.64274
3.64274
3.64274
3.64274
3.64274
3.64274
3.64274
3.64274
3.64274
3.64274
3.64274
3.64274
3.64274
3.64274
3.64274
3.64274
3.64274
3.64274
3.64274
3.64274
3.64274
3.64274
3.64274
3.64275
3.64277
3.6428
3.64289
3.64306
3.64341
3.64405
3.64511
3.64653
3.64772
3.64806
3.64805
3.64788
3.64738
3.64638
3.6448
3.64268
3.64014
3.63733
3.63437
3.6314
3.62845
3.62558
3.6228
3.62018
3.6177
3.61541
3.61329
3.61141
3.60977
3.60836
3.60718
3.60619
3.60539
3.60471
3.60412
3.60361
3.60314
3.60271
3.6023
3.60191
3.60155
3.60127
3.60113
3.6011
3.60109
3.6011
3.60111
3.60114
3.6012
3.60129
3.60141
3.60156
3.60173
3.6019
3.60206
3.60219
3.60229
3.60237
3.60244
3.60248
3.60252
3.60255
3.60258
3.6026
3.60263
3.60265
3.60267
3.60268
3.60268
3.60268
3.60267
3.60267
3.60266
3.60264
3.60261
3.60257
3.60251
3.60245
3.60238
3.6023
3.60223
3.60216
3.60209
3.60203
3.60199
3.60196
3.60195
3.60195
3.60195
3.60195
3.60196
3.60198
3.60201
3.60204
3.60209
3.60214
3.60219
3.60224
3.60228
3.60231
3.60234
3.60237
3.60239
3.6024
3.60241
3.60242
3.60244
3.60246
3.60248
3.60252
3.60256
3.60261
3.60264
3.60265
3.60265
3.60264
3.60262
3.6026
3.60256
3.60251
3.60244
3.60236
3.60229
3.60223
3.60218
3.60214
3.6021
3.60208
3.60205
3.60202
3.602
3.60198
3.60197
3.60197
3.60197
3.60198
3.60199
3.60201
3.60204
3.60208
3.60213
3.60218
3.60222
3.60226
3.6023
3.60233
3.60235
3.60237
3.60239
3.6024
3.60241
3.60241
3.60242
3.60243
3.60245
3.60247
3.6025
3.60254
3.60258
3.60262
3.60266
3.60267
3.60267
3.60266
3.60265
3.60263
3.60259
3.60253
3.60245
3.60236
3.60227
3.60219
3.60213
3.60211
3.60209
3.60208
3.60207
3.60204
3.60201
3.60198
3.60195
3.60193
3.60193
3.60194
3.60195
3.60197
3.60199
3.60202
3.60205
3.60209
3.60214
3.6022
3.60225
3.6023
3.60234
3.60237
3.60239
3.6024
3.6024
3.6024
3.60241
3.60242
3.60244
3.60246
3.60248
3.60251
3.60254
3.60259
3.60264
3.60269
3.60273
3.60275
3.60276
3.60275
3.60274
3.6027
3.60263
3.60255
3.60244
3.60233
3.60223
3.60216
3.60212
3.60209
3.60207
3.60204
3.60201
3.60198
3.60194
3.60191
3.60189
3.60188
3.60187
3.60187
3.60188
3.60189
3.6019
3.60195
3.64274
3.64274
3.64274
3.64274
3.64274
3.64274
3.64274
3.64274
3.64274
3.64274
3.64274
3.64274
3.64274
3.64274
3.64274
3.64274
3.64274
3.64274
3.64274
3.64274
3.64274
3.64274
3.64274
3.64274
3.64274
3.64274
3.64274
3.64274
3.64274
3.64274
3.64274
3.64274
3.64274
3.64274
3.64274
3.64274
3.64274
3.64274
3.64274
3.64274
3.64274
3.64274
3.64274
3.64274
3.64274
3.64274
3.64274
3.64274
3.64274
3.64274
3.64274
3.64274
3.64274
3.64274
3.64274
3.64274
3.64274
3.64274
3.64274
3.64274
3.64274
3.64275
3.64277
3.6428
3.64289
3.64306
3.64341
3.64405
3.64511
3.64653
3.64772
3.64806
3.64805
3.64788
3.64738
3.64638
3.6448
3.64268
3.64014
3.63733
3.63437
3.6314
3.62845
3.62557
3.6228
3.62018
3.6177
3.61541
3.61328
3.61142
3.60976
3.60836
3.60718
3.60619
3.6054
3.60471
3.60413
3.60361
3.60314
3.60271
3.6023
3.60191
3.60155
3.60127
3.60114
3.6011
3.6011
3.6011
3.60111
3.60114
3.6012
3.60129
3.60141
3.60156
3.60173
3.6019
3.60206
3.60219
3.60229
3.60237
3.60244
3.60248
3.60252
3.60255
3.60258
3.60261
3.60263
3.60265
3.60267
3.60268
3.60268
3.60268
3.60267
3.60267
3.60266
3.60264
3.60261
3.60257
3.60251
3.60245
3.60238
3.6023
3.60223
3.60215
3.60209
3.60203
3.60199
3.60196
3.60195
3.60195
3.60195
3.60196
3.60196
3.60198
3.602
3.60204
3.60209
3.60214
3.60219
3.60224
3.60228
3.60231
3.60234
3.60236
3.60239
3.6024
3.60241
3.60243
3.60244
3.60246
3.60248
3.60252
3.60256
3.60261
3.60264
3.60265
3.60265
3.60264
3.60262
3.6026
3.60256
3.60251
3.60244
3.60236
3.60229
3.60223
3.60218
3.60214
3.60211
3.60208
3.60205
3.60202
3.602
3.60198
3.60197
3.60197
3.60197
3.60198
3.60199
3.60201
3.60204
3.60208
3.60213
3.60218
3.60222
3.60226
3.6023
3.60233
3.60235
3.60237
3.60239
3.6024
3.60241
3.60241
3.60242
3.60243
3.60245
3.60247
3.6025
3.60254
3.60258
3.60262
3.60265
3.60266
3.60266
3.60266
3.60265
3.60263
3.60259
3.60253
3.60245
3.60236
3.60227
3.60219
3.60214
3.60211
3.60209
3.60208
3.60207
3.60204
3.60201
3.60198
3.60194
3.60193
3.60193
3.60194
3.60195
3.60197
3.60199
3.60202
3.60205
3.60209
3.60214
3.6022
3.60226
3.60231
3.60235
3.60237
3.60239
3.6024
3.60239
3.6024
3.6024
3.60242
3.60244
3.60246
3.60248
3.60251
3.60255
3.60258
3.60263
3.60268
3.60273
3.60275
3.60276
3.60276
3.60274
3.6027
3.60264
3.60254
3.60243
3.60232
3.60222
3.60216
3.60212
3.6021
3.60207
3.60205
3.60202
3.60198
3.60194
3.6019
3.60188
3.60188
3.60188
3.60188
3.60188
3.60189
3.6019
3.60194
3.64274
3.64274
3.64274
3.64274
3.64274
3.64274
3.64274
3.64274
3.64274
3.64274
3.64274
3.64274
3.64274
3.64274
3.64274
3.64274
3.64274
3.64274
3.64274
3.64274
3.64274
3.64274
3.64274
3.64274
3.64274
3.64274
3.64274
3.64274
3.64274
3.64274
3.64274
3.64274
3.64274
3.64274
3.64274
3.64274
3.64274
3.64274
3.64274
3.64274
3.64274
3.64274
3.64274
3.64274
3.64274
3.64274
3.64274
3.64274
3.64274
3.64274
3.64274
3.64274
3.64274
3.64274
3.64274
3.64274
3.64274
3.64274
3.64274
3.64274
3.64274
3.64275
3.64277
3.6428
3.64289
3.64306
3.64341
3.64405
3.64511
3.64653
3.64772
3.64806
3.64805
3.64788
3.64738
3.64638
3.6448
3.64268
3.64014
3.63733
3.63438
3.6314
3.62845
3.62557
3.6228
3.62018
3.6177
3.6154
3.61328
3.61142
3.60976
3.60836
3.60717
3.6062
3.60539
3.6047
3.60413
3.60361
3.60314
3.60271
3.6023
3.60191
3.60154
3.60127
3.60114
3.6011
3.60109
3.6011
3.60111
3.60114
3.6012
3.60129
3.60141
3.60156
3.60173
3.6019
3.60206
3.60219
3.60229
3.60237
3.60244
3.60248
3.60252
3.60255
3.60258
3.60261
3.60263
3.60265
3.60267
3.60268
3.60268
3.60268
3.60268
3.60267
3.60265
3.60263
3.60261
3.60257
3.60252
3.60245
3.60238
3.60231
3.60222
3.60215
3.60209
3.60203
3.60199
3.60196
3.60196
3.60195
3.60196
3.60195
3.60196
3.60197
3.602
3.60204
3.60209
3.60214
3.60219
3.60224
3.60228
3.60231
3.60234
3.60236
3.60238
3.6024
3.60241
3.60243
3.60244
3.60246
3.60248
3.60252
3.60256
3.6026
3.60264
3.60265
3.60265
3.60264
3.60263
3.6026
3.60256
3.6025
3.60243
3.60236
3.60229
3.60223
3.60218
3.60214
3.60211
3.60208
3.60205
3.60202
3.60199
3.60198
3.60197
3.60197
3.60197
3.60198
3.60199
3.60201
3.60204
3.60208
3.60213
3.60218
3.60222
3.60226
3.6023
3.60233
3.60235
3.60237
3.60239
3.6024
3.6024
3.60241
3.60242
3.60243
3.60245
3.60247
3.6025
3.60254
3.60258
3.60262
3.60265
3.60266
3.60266
3.60266
3.60265
3.60263
3.6026
3.60253
3.60245
3.60235
3.60226
3.60219
3.60214
3.60211
3.6021
3.60209
3.60207
3.60204
3.60201
3.60197
3.60194
3.60193
3.60193
3.60194
3.60196
3.60197
3.60199
3.60202
3.60205
3.60209
3.60214
3.6022
3.60226
3.60231
3.60235
3.60238
3.60239
3.6024
3.60239
3.60239
3.6024
3.60242
3.60244
3.60246
3.60249
3.60251
3.60255
3.60258
3.60263
3.60268
3.60272
3.60275
3.60276
3.60277
3.60275
3.60271
3.60264
3.60254
3.60243
3.60231
3.60222
3.60216
3.60213
3.6021
3.60208
3.60205
3.60202
3.60198
3.60193
3.6019
3.60188
3.60188
3.60188
3.60188
3.60189
3.60189
3.6019
3.60194
3.64274
3.64274
3.64274
3.64274
3.64274
3.64274
3.64274
3.64274
3.64274
3.64274
3.64274
3.64274
3.64274
3.64274
3.64274
3.64274
3.64274
3.64274
3.64274
3.64274
3.64274
3.64274
3.64274
3.64274
3.64274
3.64274
3.64274
3.64274
3.64274
3.64274
3.64274
3.64274
3.64274
3.64274
3.64274
3.64274
3.64274
3.64274
3.64274
3.64274
3.64274
3.64274
3.64274
3.64274
3.64274
3.64274
3.64274
3.64274
3.64274
3.64274
3.64274
3.64274
3.64274
3.64274
3.64274
3.64274
3.64274
3.64274
3.64274
3.64274
3.64274
3.64275
3.64277
3.6428
3.64289
3.64306
3.64341
3.64405
3.64511
3.64653
3.64772
3.64806
3.64805
3.64788
3.64738
3.64638
3.6448
3.64268
3.64014
3.63733
3.63438
3.6314
3.62845
3.62556
3.62281
3.62018
3.61771
3.61539
3.61329
3.61142
3.60976
3.60836
3.60716
3.6062
3.60539
3.60471
3.60413
3.6036
3.60315
3.60271
3.6023
3.60191
3.60154
3.60127
3.60113
3.6011
3.60109
3.6011
3.60111
3.60115
3.6012
3.60129
3.60141
3.60156
3.60173
3.6019
3.60206
3.60219
3.60229
3.60237
3.60244
3.60248
3.60252
3.60255
3.60258
3.6026
3.60263
3.60265
3.60267
3.60268
3.60268
3.60268
3.60267
3.60266
3.60265
3.60263
3.60261
3.60257
3.60252
3.60246
3.60238
3.6023
3.60222
3.60215
3.60209
3.60203
3.60199
3.60196
3.60196
3.60195
3.60196
3.60195
3.60196
3.60197
3.602
3.60204
3.60209
3.60214
3.6022
3.60224
3.60228
3.60231
3.60234
3.60236
3.60238
3.6024
3.60242
3.60243
3.60244
3.60246
3.60248
3.60251
3.60255
3.6026
3.60264
3.60265
3.60265
3.60264
3.60263
3.6026
3.60256
3.6025
3.60243
3.60236
3.60229
3.60223
3.60218
3.60214
3.60211
3.60208
3.60205
3.60202
3.60199
3.60198
3.60197
3.60197
3.60197
3.60198
3.60199
3.60201
3.60204
3.60208
3.60213
3.60218
3.60222
3.60226
3.6023
3.60233
3.60235
3.60237
3.60239
3.6024
3.6024
3.60241
3.60242
3.60243
3.60245
3.60247
3.6025
3.60254
3.60258
3.60262
3.60265
3.60266
3.60267
3.60266
3.60265
3.60263
3.6026
3.60253
3.60245
3.60235
3.60226
3.60218
3.60214
3.60211
3.6021
3.60209
3.60207
3.60204
3.60201
3.60197
3.60194
3.60193
3.60193
3.60194
3.60196
3.60197
3.60199
3.60202
3.60205
3.60209
3.60214
3.6022
3.60225
3.60231
3.60235
3.60238
3.60239
3.6024
3.60239
3.60239
3.6024
3.60241
3.60244
3.60246
3.60249
3.60252
3.60255
3.60259
3.60263
3.60268
3.60272
3.60275
3.60276
3.60277
3.60275
3.60271
3.60264
3.60254
3.60242
3.60231
3.60222
3.60216
3.60213
3.60211
3.60208
3.60205
3.60202
3.60198
3.60193
3.60189
3.60188
3.60188
3.60189
3.60189
3.60189
3.60189
3.60189
3.60194
3.64274
3.64274
3.64274
3.64274
3.64274
3.64274
3.64274
3.64274
3.64274
3.64274
3.64274
3.64274
3.64274
3.64274
3.64274
3.64274
3.64274
3.64274
3.64274
3.64274
3.64274
3.64274
3.64274
3.64274
3.64274
3.64274
3.64274
3.64274
3.64274
3.64274
3.64274
3.64274
3.64274
3.64274
3.64274
3.64274
3.64274
3.64274
3.64274
3.64274
3.64274
3.64274
3.64274
3.64274
3.64274
3.64274
3.64274
3.64274
3.64274
3.64274
3.64274
3.64274
3.64274
3.64274
3.64274
3.64274
3.64274
3.64274
3.64274
3.64274
3.64274
3.64275
3.64277
3.6428
3.64289
3.64306
3.64341
3.64405
3.64511
3.64653
3.64772
3.64806
3.64805
3.64788
3.64738
3.64638
3.6448
3.64268
3.64014
3.63732
3.63438
3.6314
3.62845
3.62556
3.62281
3.62018
3.61771
3.61539
3.6133
3.61142
3.60977
3.60836
3.60717
3.60621
3.60539
3.60471
3.60413
3.6036
3.60315
3.60271
3.6023
3.60191
3.60154
3.60127
3.60113
3.6011
3.6011
3.6011
3.60111
3.60115
3.6012
3.60129
3.60141
3.60156
3.60173
3.6019
3.60206
3.60219
3.60229
3.60237
3.60244
3.60248
3.60252
3.60255
3.60258
3.6026
3.60263
3.60265
3.60267
3.60268
3.60268
3.60268
3.60267
3.60266
3.60265
3.60263
3.60261
3.60257
3.60252
3.60246
3.60238
3.6023
3.60222
3.60215
3.60209
3.60203
3.60199
3.60196
3.60195
3.60195
3.60195
3.60195
3.60196
3.60198
3.602
3.60204
3.60209
3.60214
3.6022
3.60224
3.60228
3.60231
3.60234
3.60236
3.60238
3.6024
3.60242
3.60243
3.60245
3.60246
3.60248
3.60252
3.60255
3.6026
3.60264
3.60265
3.60265
3.60264
3.60263
3.6026
3.60256
3.6025
3.60243
3.60236
3.60229
3.60223
3.60218
3.60214
3.60211
3.60208
3.60205
3.60202
3.602
3.60198
3.60197
3.60197
3.60197
3.60198
3.60199
3.60201
3.60204
3.60208
3.60213
3.60218
3.60222
3.60226
3.6023
3.60233
3.60235
3.60237
3.60239
3.6024
3.60241
3.60241
3.60242
3.60243
3.60245
3.60247
3.6025
3.60253
3.60258
3.60262
3.60265
3.60266
3.60267
3.60266
3.60265
3.60263
3.6026
3.60253
3.60245
3.60235
3.60226
3.60218
3.60214
3.60211
3.6021
3.60209
3.60207
3.60204
3.60201
3.60197
3.60194
3.60193
3.60192
3.60193
3.60196
3.60197
3.60199
3.60202
3.60205
3.60209
3.60214
3.6022
3.60225
3.60231
3.60235
3.60238
3.6024
3.6024
3.60239
3.60238
3.60239
3.60241
3.60243
3.60246
3.60249
3.60252
3.60255
3.60259
3.60263
3.60268
3.60272
3.60274
3.60276
3.60277
3.60275
3.60271
3.60264
3.60254
3.60242
3.60231
3.60222
3.60216
3.60213
3.60211
3.60208
3.60205
3.60202
3.60197
3.60192
3.60189
3.60188
3.60188
3.60189
3.60189
3.60189
3.60189
3.60189
3.60193
3.64274
3.64274
3.64274
3.64274
3.64274
3.64274
3.64274
3.64274
3.64274
3.64274
3.64274
3.64274
3.64274
3.64274
3.64274
3.64274
3.64274
3.64274
3.64274
3.64274
3.64274
3.64274
3.64274
3.64274
3.64274
3.64274
3.64274
3.64274
3.64274
3.64274
3.64274
3.64274
3.64274
3.64274
3.64274
3.64274
3.64274
3.64274
3.64274
3.64274
3.64274
3.64274
3.64274
3.64274
3.64274
3.64274
3.64274
3.64274
3.64274
3.64274
3.64274
3.64274
3.64274
3.64274
3.64274
3.64274
3.64274
3.64274
3.64274
3.64274
3.64274
3.64275
3.64277
3.6428
3.64289
3.64306
3.64341
3.64405
3.64511
3.64653
3.64772
3.64806
3.64805
3.64788
3.64738
3.64638
3.6448
3.64268
3.64014
3.63733
3.63439
3.6314
3.62844
3.62556
3.62282
3.62018
3.6177
3.61538
3.6133
3.61141
3.60977
3.60835
3.60717
3.6062
3.60539
3.60471
3.60412
3.60361
3.60315
3.60271
3.6023
3.6019
3.60155
3.60127
3.60113
3.6011
3.6011
3.6011
3.60111
3.60114
3.6012
3.60129
3.60141
3.60156
3.60173
3.6019
3.60206
3.60219
3.60229
3.60237
3.60244
3.60248
3.60252
3.60255
3.60258
3.6026
3.60263
3.60265
3.60267
3.60268
3.60268
3.60268
3.60267
3.60266
3.60265
3.60264
3.60261
3.60257
3.60252
3.60245
3.60238
3.6023
3.60222
3.60215
3.60209
3.60204
3.60199
3.60196
3.60195
3.60195
3.60195
3.60195
3.60196
3.60198
3.602
3.60204
3.60209
3.60214
3.60219
3.60224
3.60228
3.60232
3.60234
3.60236
3.60238
3.6024
3.60241
3.60243
3.60244
3.60246
3.60249
3.60252
3.60256
3.6026
3.60264
3.60265
3.60265
3.60264
3.60263
3.6026
3.60256
3.60251
3.60244
3.60236
3.60229
3.60223
3.60218
3.60214
3.60211
3.60208
3.60205
3.60202
3.602
3.60198
3.60198
3.60197
3.60197
3.60197
3.60198
3.60201
3.60204
3.60208
3.60213
3.60218
3.60222
3.60226
3.6023
3.60233
3.60235
3.60237
3.60239
3.6024
3.60241
3.60241
3.60242
3.60243
3.60245
3.60247
3.60249
3.60253
3.60258
3.60262
3.60265
3.60266
3.60267
3.60266
3.60265
3.60263
3.6026
3.60253
3.60245
3.60236
3.60226
3.60219
3.60214
3.60211
3.6021
3.60209
3.60207
3.60204
3.60201
3.60198
3.60194
3.60193
3.60192
3.60193
3.60195
3.60197
3.60199
3.60202
3.60205
3.60209
3.60214
3.6022
3.60225
3.60231
3.60235
3.60238
3.6024
3.6024
3.60239
3.60238
3.60239
3.60241
3.60243
3.60246
3.60249
3.60252
3.60255
3.60259
3.60263
3.60268
3.60272
3.60274
3.60276
3.60276
3.60275
3.60271
3.60264
3.60255
3.60243
3.60231
3.60222
3.60216
3.60213
3.60211
3.60208
3.60205
3.60201
3.60197
3.60192
3.60189
3.60188
3.60189
3.60189
3.60189
3.60189
3.60189
3.60189
3.60194
3.64274
3.64274
3.64274
3.64274
3.64274
3.64274
3.64274
3.64274
3.64274
3.64274
3.64274
3.64274
3.64274
3.64274
3.64274
3.64274
3.64274
3.64274
3.64274
3.64274
3.64274
3.64274
3.64274
3.64274
3.64274
3.64274
3.64274
3.64274
3.64274
3.64274
3.64274
3.64274
3.64274
3.64274
3.64274
3.64274
3.64274
3.64274
3.64274
3.64274
3.64274
3.64274
3.64274
3.64274
3.64274
3.64274
3.64274
3.64274
3.64274
3.64274
3.64274
3.64274
3.64274
3.64274
3.64274
3.64274
3.64274
3.64274
3.64274
3.64274
3.64274
3.64275
3.64277
3.6428
3.64289
3.64306
3.64341
3.64405
3.64511
3.64653
3.64772
3.64806
3.64805
3.64788
3.64738
3.64638
3.6448
3.64268
3.64014
3.63733
3.63438
3.6314
3.62843
3.62557
3.62281
3.62019
3.61769
3.61539
3.6133
3.61142
3.60977
3.60834
3.60718
3.6062
3.60539
3.60471
3.60412
3.60361
3.60314
3.60271
3.6023
3.6019
3.60155
3.60127
3.60113
3.6011
3.6011
3.6011
3.60111
3.60114
3.6012
3.60129
3.60141
3.60156
3.60173
3.6019
3.60206
3.60219
3.60229
3.60237
3.60244
3.60249
3.60252
3.60256
3.60258
3.6026
3.60263
3.60265
3.60267
3.60268
3.60268
3.60268
3.60267
3.60266
3.60265
3.60264
3.60261
3.60257
3.60252
3.60245
3.60238
3.6023
3.60222
3.60215
3.60209
3.60204
3.60199
3.60197
3.60195
3.60195
3.60195
3.60195
3.60196
3.60198
3.60201
3.60205
3.60209
3.60214
3.60219
3.60224
3.60228
3.60232
3.60234
3.60236
3.60238
3.6024
3.60241
3.60243
3.60244
3.60246
3.60249
3.60252
3.60256
3.6026
3.60264
3.60264
3.60264
3.60264
3.60262
3.6026
3.60256
3.60251
3.60244
3.60236
3.60229
3.60223
3.60218
3.60213
3.6021
3.60208
3.60205
3.60202
3.602
3.60199
3.60198
3.60197
3.60197
3.60197
3.60198
3.602
3.60204
3.60209
3.60214
3.60218
3.60223
3.60226
3.60229
3.60232
3.60235
3.60237
3.60239
3.60241
3.60242
3.60242
3.60242
3.60243
3.60244
3.60246
3.60249
3.60253
3.60258
3.60262
3.60266
3.60267
3.60267
3.60266
3.60265
3.60263
3.60259
3.60253
3.60245
3.60236
3.60227
3.60219
3.60214
3.60211
3.60209
3.60208
3.60207
3.60204
3.60201
3.60198
3.60195
3.60193
3.60193
3.60193
3.60195
3.60197
3.60199
3.60202
3.60205
3.60209
3.60214
3.6022
3.60225
3.60231
3.60235
3.60238
3.6024
3.6024
3.60239
3.60238
3.60239
3.60241
3.60243
3.60245
3.60249
3.60252
3.60255
3.60259
3.60264
3.60268
3.60272
3.60275
3.60276
3.60276
3.60274
3.6027
3.60264
3.60255
3.60243
3.60232
3.60223
3.60216
3.60213
3.6021
3.60207
3.60204
3.60201
3.60197
3.60193
3.6019
3.60189
3.60189
3.60189
3.60189
3.60188
3.60189
3.60189
3.60194
3.64274
3.64274
3.64274
3.64274
3.64274
3.64274
3.64274
3.64274
3.64274
3.64274
3.64274
3.64274
3.64274
3.64274
3.64274
3.64274
3.64274
3.64274
3.64274
3.64274
3.64274
3.64274
3.64274
3.64274
3.64274
3.64274
3.64274
3.64274
3.64274
3.64274
3.64274
3.64274
3.64274
3.64274
3.64274
3.64274
3.64274
3.64274
3.64274
3.64274
3.64274
3.64274
3.64274
3.64274
3.64274
3.64274
3.64274
3.64274
3.64274
3.64274
3.64274
3.64274
3.64274
3.64274
3.64274
3.64274
3.64274
3.64274
3.64274
3.64274
3.64274
3.64275
3.64277
3.6428
3.64289
3.64306
3.64341
3.64405
3.64511
3.64653
3.64772
3.64806
3.64805
3.64788
3.64738
3.64638
3.6448
3.64268
3.64014
3.63733
3.63439
3.6314
3.62843
3.62557
3.62281
3.62019
3.61769
3.6154
3.6133
3.61142
3.60976
3.60835
3.60718
3.60619
3.60539
3.60471
3.60412
3.60361
3.60314
3.60271
3.6023
3.6019
3.60155
3.60127
3.60113
3.6011
3.6011
3.6011
3.60111
3.60114
3.6012
3.60129
3.60141
3.60156
3.60173
3.60191
3.60206
3.60219
3.60229
3.60237
3.60243
3.60249
3.60252
3.60256
3.60258
3.6026
3.60263
3.60265
3.60267
3.60268
3.60268
3.60267
3.60267
3.60266
3.60265
3.60264
3.60261
3.60257
3.60252
3.60245
3.60238
3.6023
3.60222
3.60215
3.60209
3.60204
3.60199
3.60197
3.60195
3.60195
3.60194
3.60195
3.60196
3.60198
3.60201
3.60205
3.60209
3.60214
3.60219
3.60224
3.60228
3.60231
3.60234
3.60237
3.60238
3.6024
3.60241
3.60242
3.60244
3.60246
3.60249
3.60252
3.60256
3.60261
3.60264
3.60264
3.60264
3.60263
3.60262
3.6026
3.60257
3.60251
3.60245
3.60237
3.60229
3.60223
3.60217
3.60213
3.6021
3.60207
3.60205
3.60203
3.60201
3.60199
3.60198
3.60197
3.60196
3.60196
3.60198
3.602
3.60204
3.60209
3.60214
3.60218
3.60223
3.60226
3.60229
3.60232
3.60234
3.60237
3.6024
3.60241
3.60242
3.60242
3.60242
3.60242
3.60244
3.60246
3.60249
3.60253
3.60258
3.60262
3.60266
3.60267
3.60267
3.60266
3.60265
3.60263
3.60259
3.60253
3.60245
3.60236
3.60227
3.60219
3.60214
3.60211
3.60209
3.60208
3.60207
3.60204
3.60201
3.60198
3.60195
3.60193
3.60193
3.60193
3.60195
3.60197
3.60199
3.60202
3.60205
3.60209
3.60214
3.6022
3.60225
3.60231
3.60235
3.60238
3.6024
3.6024
3.60239
3.60239
3.60239
3.60241
3.60243
3.60245
3.60249
3.60252
3.60255
3.60259
3.60264
3.60268
3.60273
3.60275
3.60276
3.60275
3.60274
3.6027
3.60263
3.60255
3.60244
3.60233
3.60223
3.60217
3.60213
3.6021
3.60207
3.60204
3.602
3.60197
3.60193
3.6019
3.60189
3.60189
3.60189
3.60188
3.60188
3.60188
3.60189
3.60194
3.64274
3.64274
3.64274
3.64274
3.64274
3.64274
3.64274
3.64274
3.64274
3.64274
3.64274
3.64274
3.64274
3.64274
3.64274
3.64274
3.64274
3.64274
3.64274
3.64274
3.64274
3.64274
3.64274
3.64274
3.64274
3.64274
3.64274
3.64274
3.64274
3.64274
3.64274
3.64274
3.64274
3.64274
3.64274
3.64274
3.64274
3.64274
3.64274
3.64274
3.64274
3.64274
3.64274
3.64274
3.64274
3.64274
3.64274
3.64274
3.64274
3.64274
3.64274
3.64274
3.64274
3.64274
3.64274
3.64274
3.64274
3.64274
3.64274
3.64274
3.64274
3.64275
3.64277
3.6428
3.64289
3.64306
3.64341
3.64405
3.64511
3.64653
3.64772
3.64806
3.64805
3.64788
3.64738
3.64638
3.6448
3.64268
3.64014
3.63733
3.63439
3.63139
3.62843
3.62558
3.62282
3.62018
3.61769
3.61541
3.61329
3.61142
3.60975
3.60836
3.60718
3.6062
3.60539
3.6047
3.60413
3.60361
3.60314
3.60271
3.6023
3.60191
3.60155
3.60127
3.60113
3.6011
3.6011
3.6011
3.60111
3.60114
3.6012
3.60129
3.60141
3.60156
3.60173
3.6019
3.60206
3.60219
3.60229
3.60237
3.60243
3.60248
3.60252
3.60255
3.60258
3.60261
3.60263
3.60265
3.60267
3.60268
3.60268
3.60267
3.60267
3.60266
3.60265
3.60264
3.60261
3.60257
3.60252
3.60245
3.60238
3.6023
3.60222
3.60215
3.60209
3.60204
3.60199
3.60197
3.60195
3.60195
3.60194
3.60195
3.60196
3.60198
3.60201
3.60205
3.60209
3.60214
3.60219
3.60224
3.60228
3.60232
3.60235
3.60237
3.60239
3.6024
3.60241
3.60242
3.60244
3.60246
3.60249
3.60252
3.60257
3.60261
3.60264
3.60264
3.60264
3.60263
3.60262
3.6026
3.60257
3.60252
3.60245
3.60237
3.6023
3.60222
3.60216
3.60212
3.6021
3.60207
3.60206
3.60203
3.60201
3.60199
3.60198
3.60196
3.60196
3.60196
3.60198
3.602
3.60205
3.6021
3.60214
3.60218
3.60222
3.60226
3.60229
3.60232
3.60234
3.60237
3.6024
3.60241
3.60242
3.60242
3.60242
3.60242
3.60244
3.60246
3.60249
3.60253
3.60258
3.60262
3.60266
3.60267
3.60267
3.60266
3.60265
3.60263
3.60259
3.60253
3.60245
3.60236
3.60227
3.60219
3.60213
3.6021
3.60209
3.60208
3.60206
3.60204
3.60201
3.60198
3.60195
3.60193
3.60193
3.60193
3.60195
3.60197
3.60199
3.60202
3.60205
3.60209
3.60215
3.6022
3.60226
3.60231
3.60235
3.60238
3.60239
3.6024
3.60239
3.60239
3.6024
3.60241
3.60243
3.60246
3.60249
3.60252
3.60255
3.60259
3.60264
3.60269
3.60273
3.60275
3.60276
3.60275
3.60274
3.6027
3.60263
3.60254
3.60244
3.60233
3.60223
3.60217
3.60213
3.6021
3.60207
3.60204
3.602
3.60197
3.60193
3.6019
3.6019
3.60189
3.60189
3.60188
3.60188
3.60188
3.60189
3.60194
3.64274
3.64274
3.64274
3.64274
3.64274
3.64274
3.64274
3.64274
3.64274
3.64274
3.64274
3.64274
3.64274
3.64274
3.64274
3.64274
3.64274
3.64274
3.64274
3.64274
3.64274
3.64274
3.64274
3.64274
3.64274
3.64274
3.64274
3.64274
3.64274
3.64274
3.64274
3.64274
3.64274
3.64274
3.64274
3.64274
3.64274
3.64274
3.64274
3.64274
3.64274
3.64274
3.64274
3.64274
3.64274
3.64274
3.64274
3.64274
3.64274
3.64274
3.64274
3.64274
3.64274
3.64274
3.64274
3.64274
3.64274
3.64274
3.64274
3.64274
3.64274
3.64275
3.64277
3.6428
3.64289
3.64306
3.64341
3.64405
3.64511
3.64653
3.64772
3.64806
3.64805
3.64788
3.64738
3.64638
3.6448
3.64268
3.64014
3.63733
3.63439
3.63139
3.62844
3.62557
3.62282
3.62018
3.61769
3.61541
3.61329
3.61142
3.60975
3.60836
3.60717
3.6062
3.60539
3.6047
3.60413
3.60361
3.60314
3.60271
3.60229
3.60191
3.60155
3.60127
3.60113
3.6011
3.6011
3.6011
3.60111
3.60114
3.6012
3.60128
3.60141
3.60156
3.60173
3.6019
3.60206
3.60219
3.60229
3.60237
3.60243
3.60248
3.60252
3.60255
3.60258
3.60261
3.60263
3.60265
3.60267
3.60268
3.60268
3.60267
3.60267
3.60266
3.60265
3.60264
3.60261
3.60257
3.60252
3.60245
3.60238
3.6023
3.60222
3.60215
3.60209
3.60204
3.60199
3.60197
3.60195
3.60194
3.60194
3.60195
3.60196
3.60198
3.60201
3.60205
3.60209
3.60214
3.60219
3.60224
3.60228
3.60232
3.60235
3.60237
3.60239
3.6024
3.60241
3.60242
3.60244
3.60246
3.60249
3.60253
3.60257
3.60261
3.60264
3.60264
3.60264
3.60263
3.60262
3.6026
3.60257
3.60252
3.60245
3.60237
3.6023
3.60222
3.60216
3.60212
3.6021
3.60208
3.60206
3.60203
3.60201
3.60199
3.60198
3.60196
3.60196
3.60196
3.60198
3.60201
3.60205
3.6021
3.60214
3.60218
3.60222
3.60225
3.60229
3.60232
3.60234
3.60237
3.6024
3.60241
3.60242
3.60242
3.60242
3.60242
3.60244
3.60246
3.60249
3.60253
3.60258
3.60262
3.60266
3.60267
3.60267
3.60266
3.60265
3.60263
3.60259
3.60253
3.60246
3.60236
3.60227
3.60219
3.60213
3.6021
3.60209
3.60208
3.60206
3.60204
3.60201
3.60198
3.60195
3.60193
3.60193
3.60194
3.60195
3.60197
3.60199
3.60202
3.60205
3.60209
3.60215
3.6022
3.60226
3.60231
3.60235
3.60238
3.60239
3.60239
3.60239
3.60239
3.6024
3.60241
3.60244
3.60246
3.60249
3.60252
3.60255
3.60259
3.60264
3.60269
3.60273
3.60275
3.60276
3.60276
3.60274
3.6027
3.60263
3.60254
3.60243
3.60233
3.60223
3.60217
3.60213
3.6021
3.60207
3.60204
3.602
3.60197
3.60193
3.6019
3.6019
3.60189
3.60189
3.60188
3.60188
3.60188
3.60189
3.60194
3.64274
3.64274
3.64274
3.64274
3.64274
3.64274
3.64274
3.64274
3.64274
3.64274
3.64274
3.64274
3.64274
3.64274
3.64274
3.64274
3.64274
3.64274
3.64274
3.64274
3.64274
3.64274
3.64274
3.64274
3.64274
3.64274
3.64274
3.64274
3.64274
3.64274
3.64274
3.64274
3.64274
3.64274
3.64274
3.64274
3.64274
3.64274
3.64274
3.64274
3.64274
3.64274
3.64274
3.64274
3.64274
3.64274
3.64274
3.64274
3.64274
3.64274
3.64274
3.64274
3.64274
3.64274
3.64274
3.64274
3.64274
3.64274
3.64274
3.64274
3.64274
3.64275
3.64277
3.6428
3.64289
3.64306
3.64341
3.64405
3.64511
3.64653
3.64772
3.64806
3.64805
3.64788
3.64738
3.64638
3.6448
3.64268
3.64014
3.63733
3.63438
3.63139
3.62845
3.62557
3.62281
3.62018
3.6177
3.6154
3.61329
3.61142
3.60975
3.60837
3.60717
3.6062
3.60539
3.6047
3.60413
3.60361
3.60314
3.60271
3.6023
3.60191
3.60155
3.60127
3.60113
3.6011
3.6011
3.6011
3.60111
3.60115
3.6012
3.60129
3.60141
3.60156
3.60173
3.6019
3.60206
3.60219
3.6023
3.60238
3.60243
3.60248
3.60251
3.60255
3.60258
3.60261
3.60264
3.60266
3.60267
3.60268
3.60268
3.60267
3.60267
3.60266
3.60265
3.60264
3.60261
3.60257
3.60252
3.60245
3.60238
3.6023
3.60222
3.60215
3.60209
3.60204
3.60199
3.60196
3.60195
3.60194
3.60194
3.60195
3.60196
3.60198
3.60202
3.60205
3.60209
3.60214
3.60219
3.60224
3.60228
3.60231
3.60235
3.60237
3.60239
3.6024
3.60241
3.60242
3.60244
3.60246
3.60249
3.60252
3.60257
3.60261
3.60264
3.60264
3.60264
3.60263
3.60262
3.6026
3.60257
3.60252
3.60245
3.60237
3.60229
3.60222
3.60216
3.60213
3.6021
3.60208
3.60206
3.60203
3.60201
3.60199
3.60197
3.60196
3.60196
3.60197
3.60198
3.60201
3.60205
3.60209
3.60214
3.60218
3.60222
3.60226
3.60229
3.60232
3.60234
3.60238
3.6024
3.60241
3.60242
3.60242
3.60242
3.60243
3.60244
3.60246
3.60249
3.60253
3.60257
3.60262
3.60266
3.60267
3.60267
3.60266
3.60265
3.60263
3.6026
3.60254
3.60246
3.60236
3.60227
3.60219
3.60213
3.6021
3.60209
3.60208
3.60206
3.60204
3.60201
3.60198
3.60195
3.60193
3.60193
3.60194
3.60195
3.60197
3.60199
3.60202
3.60205
3.60209
3.60214
3.6022
3.60226
3.60231
3.60235
3.60238
3.60239
3.60239
3.60238
3.60238
3.60239
3.60241
3.60244
3.60246
3.60249
3.60252
3.60255
3.60259
3.60263
3.60268
3.60273
3.60275
3.60276
3.60276
3.60274
3.6027
3.60263
3.60253
3.60242
3.60232
3.60223
3.60217
3.60214
3.60211
3.60208
3.60204
3.602
3.60197
3.60193
3.6019
3.6019
3.60189
3.60189
3.60188
3.60188
3.60187
3.60189
3.60194
3.64274
3.64274
3.64274
3.64274
3.64274
3.64274
3.64274
3.64274
3.64274
3.64274
3.64274
3.64274
3.64274
3.64274
3.64274
3.64274
3.64274
3.64274
3.64274
3.64274
3.64274
3.64274
3.64274
3.64274
3.64274
3.64274
3.64274
3.64274
3.64274
3.64274
3.64274
3.64274
3.64274
3.64274
3.64274
3.64274
3.64274
3.64274
3.64274
3.64274
3.64274
3.64274
3.64274
3.64274
3.64274
3.64274
3.64274
3.64274
3.64274
3.64274
3.64274
3.64274
3.64274
3.64274
3.64274
3.64274
3.64274
3.64274
3.64274
3.64274
3.64274
3.64275
3.64277
3.6428
3.64289
3.64306
3.64341
3.64405
3.64511
3.64653
3.64772
3.64806
3.64805
3.64788
3.64738
3.64638
3.6448
3.64268
3.64014
3.63733
3.63438
3.63139
3.62845
3.62557
3.62281
3.62018
3.6177
3.6154
3.61329
3.61142
3.60976
3.60837
3.60717
3.6062
3.60539
3.6047
3.60413
3.60361
3.60314
3.60271
3.6023
3.60191
3.60155
3.60127
3.60113
3.6011
3.6011
3.6011
3.60112
3.60115
3.6012
3.60129
3.60141
3.60156
3.60172
3.6019
3.60206
3.6022
3.6023
3.60238
3.60243
3.60248
3.60251
3.60255
3.60258
3.60261
3.60264
3.60266
3.60267
3.60268
3.60268
3.60267
3.60267
3.60266
3.60265
3.60264
3.60262
3.60257
3.60252
3.60245
3.60238
3.60229
3.60222
3.60215
3.60209
3.60204
3.60199
3.60196
3.60195
3.60194
3.60194
3.60195
3.60196
3.60198
3.60201
3.60205
3.60209
3.60214
3.60219
3.60224
3.60228
3.60231
3.60234
3.60237
3.60238
3.6024
3.60241
3.60242
3.60244
3.60246
3.60249
3.60252
3.60257
3.60261
3.60264
3.60264
3.60264
3.60263
3.60262
3.6026
3.60257
3.60251
3.60245
3.60237
3.60229
3.60222
3.60216
3.60213
3.6021
3.60208
3.60205
3.60203
3.602
3.60199
3.60197
3.60196
3.60196
3.60197
3.60198
3.60201
3.60205
3.60209
3.60213
3.60218
3.60222
3.60226
3.60229
3.60232
3.60235
3.60238
3.6024
3.60241
3.60242
3.60242
3.60242
3.60243
3.60244
3.60246
3.60249
3.60253
3.60257
3.60262
3.60266
3.60267
3.60267
3.60266
3.60265
3.60263
3.6026
3.60254
3.60246
3.60236
3.60227
3.60218
3.60213
3.6021
3.60209
3.60208
3.60207
3.60204
3.60201
3.60198
3.60195
3.60193
3.60193
3.60193
3.60195
3.60197
3.60199
3.60202
3.60205
3.60209
3.60214
3.6022
3.60226
3.60232
3.60236
3.60238
3.60239
3.60239
3.60238
3.60238
3.60239
3.60241
3.60244
3.60247
3.6025
3.60252
3.60255
3.60258
3.60263
3.60268
3.60272
3.60275
3.60277
3.60277
3.60275
3.60271
3.60263
3.60252
3.60242
3.60231
3.60223
3.60217
3.60214
3.60211
3.60208
3.60205
3.60201
3.60197
3.60193
3.6019
3.60189
3.60189
3.60189
3.60188
3.60188
3.60187
3.60189
3.60194
3.64274
3.64274
3.64274
3.64274
3.64274
3.64274
3.64274
3.64274
3.64274
3.64274
3.64274
3.64274
3.64274
3.64274
3.64274
3.64274
3.64274
3.64274
3.64274
3.64274
3.64274
3.64274
3.64274
3.64274
3.64274
3.64274
3.64274
3.64274
3.64274
3.64274
3.64274
3.64274
3.64274
3.64274
3.64274
3.64274
3.64274
3.64274
3.64274
3.64274
3.64274
3.64274
3.64274
3.64274
3.64274
3.64274
3.64274
3.64274
3.64274
3.64274
3.64274
3.64274
3.64274
3.64274
3.64274
3.64274
3.64274
3.64274
3.64274
3.64274
3.64274
3.64275
3.64277
3.6428
3.64289
3.64306
3.64341
3.64405
3.64511
3.64653
3.64772
3.64806
3.64805
3.64788
3.64738
3.64638
3.6448
3.64268
3.64014
3.63733
3.63438
3.63139
3.62845
3.62558
3.6228
3.62018
3.61771
3.61541
3.61328
3.61142
3.60976
3.60837
3.60717
3.60619
3.60539
3.60471
3.60413
3.6036
3.60314
3.60271
3.6023
3.60191
3.60155
3.60127
3.60113
3.60109
3.60109
3.6011
3.60112
3.60115
3.6012
3.60129
3.60141
3.60155
3.60172
3.6019
3.60206
3.6022
3.60231
3.60238
3.60243
3.60248
3.60251
3.60254
3.60257
3.6026
3.60264
3.60266
3.60268
3.60268
3.60268
3.60267
3.60266
3.60266
3.60265
3.60264
3.60262
3.60258
3.60252
3.60245
3.60237
3.60229
3.60222
3.60216
3.60209
3.60204
3.60199
3.60196
3.60195
3.60194
3.60194
3.60195
3.60196
3.60198
3.60201
3.60205
3.60209
3.60214
3.60219
3.60224
3.60228
3.60231
3.60234
3.60236
3.60238
3.6024
3.60241
3.60242
3.60244
3.60246
3.60248
3.60252
3.60257
3.60261
3.60264
3.60265
3.60264
3.60263
3.60262
3.6026
3.60256
3.60251
3.60244
3.60237
3.60229
3.60223
3.60217
3.60213
3.6021
3.60208
3.60205
3.60202
3.602
3.60198
3.60197
3.60197
3.60197
3.60197
3.60199
3.60201
3.60204
3.60209
3.60213
3.60218
3.60222
3.60226
3.6023
3.60232
3.60235
3.60238
3.60239
3.6024
3.60241
3.60242
3.60242
3.60243
3.60244
3.60246
3.60249
3.60253
3.60257
3.60262
3.60266
3.60267
3.60267
3.60266
3.60265
3.60264
3.6026
3.60254
3.60246
3.60236
3.60226
3.60218
3.60213
3.6021
3.60209
3.60208
3.60207
3.60205
3.60201
3.60197
3.60195
3.60193
3.60193
3.60194
3.60196
3.60197
3.60199
3.60202
3.60204
3.60209
3.60214
3.6022
3.60226
3.60232
3.60236
3.60238
3.60239
3.60239
3.60237
3.60237
3.60238
3.60241
3.60245
3.60248
3.6025
3.60253
3.60255
3.60258
3.60262
3.60267
3.60272
3.60275
3.60277
3.60277
3.60276
3.60271
3.60263
3.60252
3.60241
3.60231
3.60222
3.60217
3.60214
3.60212
3.60209
3.60205
3.60201
3.60196
3.60193
3.6019
3.60189
3.60189
3.60189
3.60188
3.60188
3.60188
3.60189
3.60194
3.64274
3.64274
3.64274
3.64274
3.64274
3.64274
3.64274
3.64274
3.64274
3.64274
3.64274
3.64274
3.64274
3.64274
3.64274
3.64274
3.64274
3.64274
3.64274
3.64274
3.64274
3.64274
3.64274
3.64274
3.64274
3.64274
3.64274
3.64274
3.64274
3.64274
3.64274
3.64274
3.64274
3.64274
3.64274
3.64274
3.64274
3.64274
3.64274
3.64274
3.64274
3.64274
3.64274
3.64274
3.64274
3.64274
3.64274
3.64274
3.64274
3.64274
3.64274
3.64274
3.64274
3.64274
3.64274
3.64274
3.64274
3.64274
3.64274
3.64274
3.64274
3.64275
3.64277
3.6428
3.64289
3.64306
3.64341
3.64405
3.64511
3.64653
3.64772
3.64806
3.64805
3.64788
3.64738
3.64638
3.6448
3.64268
3.64014
3.63733
3.63438
3.63139
3.62845
3.62558
3.62281
3.62017
3.6177
3.61541
3.61329
3.6114
3.60975
3.60837
3.60718
3.6062
3.60538
3.6047
3.60413
3.60361
3.60314
3.60271
3.6023
3.60192
3.60156
3.60127
3.60113
3.60109
3.60109
3.6011
3.60112
3.60115
3.60121
3.60129
3.60141
3.60155
3.60172
3.6019
3.60206
3.6022
3.60231
3.60238
3.60243
3.60248
3.60251
3.60254
3.60257
3.6026
3.60264
3.60266
3.60268
3.60268
3.60267
3.60267
3.60266
3.60266
3.60265
3.60264
3.60262
3.60258
3.60252
3.60245
3.60237
3.60229
3.60222
3.60216
3.6021
3.60204
3.60199
3.60196
3.60195
3.60194
3.60194
3.60195
3.60196
3.60198
3.60201
3.60205
3.6021
3.60215
3.60219
3.60224
3.60228
3.60231
3.60234
3.60236
3.60239
3.6024
3.60241
3.60242
3.60244
3.60246
3.60248
3.60252
3.60257
3.60261
3.60264
3.60265
3.60264
3.60263
3.60262
3.6026
3.60256
3.60251
3.60244
3.60237
3.60229
3.60223
3.60218
3.60213
3.6021
3.60208
3.60205
3.60202
3.602
3.60198
3.60198
3.60197
3.60197
3.60197
3.60199
3.60201
3.60204
3.60209
3.60213
3.60218
3.60222
3.60226
3.6023
3.60233
3.60235
3.60238
3.60239
3.6024
3.60241
3.60242
3.60242
3.60243
3.60244
3.60246
3.6025
3.60253
3.60257
3.60262
3.60266
3.60267
3.60267
3.60266
3.60265
3.60264
3.6026
3.60254
3.60246
3.60236
3.60226
3.60218
3.60213
3.60211
3.60209
3.60208
3.60207
3.60205
3.60201
3.60197
3.60195
3.60193
3.60193
3.60194
3.60196
3.60198
3.602
3.60202
3.60204
3.60208
3.60214
3.6022
3.60226
3.60233
3.60236
3.60238
3.60239
3.60238
3.60237
3.60237
3.60238
3.60241
3.60245
3.60248
3.6025
3.60253
3.60255
3.60258
3.60262
3.60267
3.60271
3.60275
3.60278
3.60278
3.60276
3.60271
3.60263
3.60251
3.60241
3.6023
3.60222
3.60217
3.60215
3.60212
3.60209
3.60206
3.60201
3.60196
3.60192
3.60189
3.60188
3.60189
3.60189
3.60188
3.60188
3.60188
3.60189
3.60194
)
;

boundaryField
{
    sides
    {
        type            calculated;
        value           nonuniform List<scalar> 
600
(
3.64274
3.64274
3.64274
3.64274
3.64274
3.64274
3.64274
3.64274
3.64274
3.64274
3.64274
3.64274
3.64274
3.64274
3.64274
3.64274
3.64274
3.64274
3.64274
3.64274
3.64274
3.64274
3.64274
3.64274
3.64274
3.64274
3.64274
3.64274
3.64274
3.64274
3.64274
3.64274
3.64274
3.64274
3.64274
3.64274
3.64274
3.64274
3.64274
3.64274
3.64274
3.64274
3.64274
3.64274
3.64274
3.64274
3.64274
3.64274
3.64274
3.64274
3.64274
3.64274
3.64274
3.64274
3.64274
3.64274
3.64274
3.64274
3.64274
3.64274
3.64274
3.64275
3.64277
3.6428
3.64289
3.64306
3.64341
3.64405
3.64511
3.64653
3.64772
3.64806
3.64805
3.64788
3.64738
3.64638
3.6448
3.64268
3.64014
3.63733
3.63438
3.6314
3.62844
3.62557
3.62281
3.62019
3.61769
3.61539
3.61329
3.61143
3.60976
3.60835
3.60717
3.60621
3.60539
3.6047
3.60412
3.6036
3.60315
3.60272
3.60231
3.60192
3.60155
3.60126
3.60113
3.60109
3.60109
3.6011
3.60111
3.60115
3.6012
3.60129
3.60141
3.60156
3.60173
3.6019
3.60205
3.60219
3.60229
3.60238
3.60244
3.60248
3.60252
3.60255
3.60257
3.6026
3.60263
3.60266
3.60268
3.60268
3.60268
3.60268
3.60267
3.60266
3.60265
3.60264
3.60261
3.60257
3.60252
3.60246
3.60238
3.60229
3.60222
3.60215
3.60209
3.60204
3.60199
3.60197
3.60195
3.60194
3.60194
3.60195
3.60196
3.60198
3.60201
3.60205
3.60209
3.60214
3.60219
3.60224
3.60227
3.60231
3.60233
3.60236
3.60239
3.6024
3.60242
3.60243
3.60245
3.60246
3.60248
3.60251
3.60256
3.6026
3.60263
3.60265
3.60264
3.60264
3.60262
3.6026
3.60257
3.60251
3.60244
3.60237
3.60229
3.60222
3.60217
3.60213
3.60211
3.60208
3.60205
3.60202
3.60199
3.60198
3.60197
3.60197
3.60197
3.60198
3.60199
3.60201
3.60204
3.60208
3.60213
3.60218
3.60222
3.60226
3.6023
3.60233
3.60236
3.60238
3.60239
3.6024
3.60241
3.60241
3.60242
3.60243
3.60244
3.60246
3.6025
3.60253
3.60257
3.60262
3.60266
3.60267
3.60267
3.60267
3.60266
3.60264
3.6026
3.60254
3.60246
3.60235
3.60225
3.60218
3.60213
3.6021
3.60209
3.60208
3.60207
3.60205
3.60202
3.60198
3.60195
3.60194
3.60193
3.60193
3.60194
3.60196
3.60198
3.60201
3.60205
3.6021
3.60215
3.60221
3.60227
3.60231
3.60235
3.60237
3.60238
3.60239
3.60239
3.6024
3.6024
3.60242
3.60244
3.60246
3.60248
3.60251
3.60254
3.60259
3.60264
3.6027
3.60273
3.60275
3.60275
3.60274
3.60273
3.60269
3.60263
3.60255
3.60244
3.60234
3.60224
3.60217
3.60212
3.60209
3.60206
3.60203
3.602
3.60197
3.60194
3.60191
3.60189
3.60188
3.60189
3.60189
3.60189
3.60189
3.60189
3.60194
3.64274
3.64274
3.64274
3.64274
3.64274
3.64274
3.64274
3.64274
3.64274
3.64274
3.64274
3.64274
3.64274
3.64274
3.64274
3.64274
3.64274
3.64274
3.64274
3.64274
3.64274
3.64274
3.64274
3.64274
3.64274
3.64274
3.64274
3.64274
3.64274
3.64274
3.64274
3.64274
3.64274
3.64274
3.64274
3.64274
3.64274
3.64274
3.64274
3.64274
3.64274
3.64274
3.64274
3.64274
3.64274
3.64274
3.64274
3.64274
3.64274
3.64274
3.64274
3.64274
3.64274
3.64274
3.64274
3.64274
3.64274
3.64274
3.64274
3.64274
3.64274
3.64275
3.64277
3.6428
3.64289
3.64306
3.64341
3.64405
3.64511
3.64653
3.64772
3.64806
3.64805
3.64788
3.64738
3.64638
3.6448
3.64268
3.64014
3.63733
3.63438
3.63139
3.62845
3.62558
3.62281
3.62017
3.6177
3.61541
3.61329
3.6114
3.60975
3.60837
3.60718
3.6062
3.60538
3.6047
3.60413
3.60361
3.60314
3.60271
3.6023
3.60192
3.60156
3.60127
3.60113
3.60109
3.60109
3.6011
3.60112
3.60115
3.60121
3.60129
3.60141
3.60155
3.60172
3.6019
3.60206
3.6022
3.60231
3.60238
3.60243
3.60248
3.60251
3.60254
3.60257
3.6026
3.60264
3.60266
3.60268
3.60268
3.60267
3.60267
3.60266
3.60266
3.60265
3.60264
3.60262
3.60258
3.60252
3.60245
3.60237
3.60229
3.60222
3.60216
3.6021
3.60204
3.60199
3.60196
3.60195
3.60194
3.60194
3.60195
3.60196
3.60198
3.60201
3.60205
3.6021
3.60215
3.60219
3.60224
3.60228
3.60231
3.60234
3.60236
3.60239
3.6024
3.60241
3.60242
3.60244
3.60246
3.60248
3.60252
3.60257
3.60261
3.60264
3.60265
3.60264
3.60263
3.60262
3.6026
3.60256
3.60251
3.60244
3.60237
3.60229
3.60223
3.60218
3.60213
3.6021
3.60208
3.60205
3.60202
3.602
3.60198
3.60198
3.60197
3.60197
3.60197
3.60199
3.60201
3.60204
3.60209
3.60213
3.60218
3.60222
3.60226
3.6023
3.60233
3.60235
3.60238
3.60239
3.6024
3.60241
3.60242
3.60242
3.60243
3.60244
3.60246
3.6025
3.60253
3.60257
3.60262
3.60266
3.60267
3.60267
3.60266
3.60265
3.60264
3.6026
3.60254
3.60246
3.60236
3.60226
3.60218
3.60213
3.60211
3.60209
3.60208
3.60207
3.60205
3.60201
3.60197
3.60195
3.60193
3.60193
3.60194
3.60196
3.60198
3.602
3.60202
3.60204
3.60208
3.60214
3.6022
3.60226
3.60233
3.60236
3.60238
3.60239
3.60238
3.60237
3.60237
3.60238
3.60241
3.60245
3.60248
3.6025
3.60253
3.60255
3.60258
3.60262
3.60267
3.60271
3.60275
3.60278
3.60278
3.60276
3.60271
3.60263
3.60251
3.60241
3.6023
3.60222
3.60217
3.60215
3.60212
3.60209
3.60206
3.60201
3.60196
3.60192
3.60189
3.60188
3.60189
3.60189
3.60188
3.60188
3.60188
3.60189
3.60194
)
;
    }
    inlet
    {
        type            calculated;
        value           nonuniform List<scalar> 
20
(
3.64274
3.64274
3.64274
3.64274
3.64274
3.64274
3.64274
3.64274
3.64274
3.64274
3.64274
3.64274
3.64274
3.64274
3.64274
3.64274
3.64274
3.64274
3.64274
3.64274
)
;
    }
    outlet
    {
        type            calculated;
        value           nonuniform List<scalar> 
20
(
3.60194
3.60194
3.60194
3.60195
3.60195
3.60195
3.60195
3.60194
3.60194
3.60194
3.60193
3.60194
3.60194
3.60194
3.60194
3.60194
3.60194
3.60194
3.60194
3.60194
)
;
    }
    empty
    {
        type            empty;
    }
}


// ************************************************************************* //
