/*--------------------------------*- C++ -*----------------------------------*\
| =========                 |                                                 |
| \\      /  F ield         | OpenFOAM: The Open Source CFD Toolbox           |
|  \\    /   O peration     | Version:  2306                                  |
|   \\  /    A nd           | Website:  www.openfoam.com                      |
|    \\/     M anipulation  |                                                 |
\*---------------------------------------------------------------------------*/
FoamFile
{
    version     2.0;
    format      ascii;
    arch        "LSB;label=32;scalar=64";
    class       volScalarField;
    location    "0.13";
    object      T;
}
// * * * * * * * * * * * * * * * * * * * * * * * * * * * * * * * * * * * * * //

dimensions      [0 0 0 1 0 0 0];

internalField   nonuniform List<scalar> 
6000
(
532.368
532.368
532.368
532.368
532.368
532.368
532.368
532.368
532.368
532.368
532.368
532.368
532.368
532.368
532.368
532.368
532.368
532.368
532.368
532.368
532.368
532.368
532.368
532.368
532.368
532.368
532.368
532.368
532.368
532.368
532.368
532.368
532.368
532.368
532.368
532.368
532.368
532.368
532.368
532.368
532.368
532.368
532.368
532.368
532.368
532.368
532.368
532.368
532.368
532.368
532.368
532.368
532.368
532.368
532.368
532.368
532.368
532.368
532.368
532.368
532.368
532.369
532.37
532.372
532.377
532.387
532.407
532.445
532.507
532.589
532.659
532.679
532.678
532.669
532.639
532.581
532.488
532.365
532.216
532.051
531.879
531.704
531.531
531.362
531.2
531.046
530.9
530.765
530.641
530.532
530.434
530.351
530.281
530.225
530.177
530.136
530.102
530.071
530.045
530.019
529.995
529.972
529.951
529.934
529.925
529.924
529.924
529.924
529.925
529.927
529.93
529.935
529.942
529.951
529.961
529.971
529.981
529.988
529.994
529.999
530.003
530.005
530.008
530.01
530.011
530.013
530.014
530.016
530.017
530.017
530.017
530.017
530.016
530.016
530.016
530.015
530.014
530.011
530.008
530.004
529.999
529.994
529.99
529.987
529.983
529.98
529.977
529.975
529.974
529.974
529.974
529.974
529.975
529.977
529.978
529.98
529.983
529.985
529.988
529.991
529.993
529.996
529.997
529.999
530
530.001
530.001
530.002
530.003
530.004
530.006
530.008
530.011
530.013
530.015
530.015
530.014
530.014
530.014
530.013
530.011
530.008
530.004
529.999
529.994
529.99
529.987
529.985
529.984
529.982
529.981
529.979
529.977
529.975
529.975
529.975
529.975
529.976
529.977
529.979
529.981
529.982
529.985
529.987
529.989
529.992
529.994
529.997
529.999
530
530.001
530.001
530.001
530.001
530.001
530.002
530.003
530.005
530.007
530.009
530.011
530.013
530.015
530.015
530.016
530.017
530.017
530.016
530.013
530.009
530.003
529.997
529.991
529.987
529.985
529.984
529.984
529.984
529.982
529.98
529.977
529.974
529.973
529.973
529.974
529.975
529.976
529.976
529.976
529.977
529.979
529.981
529.985
529.99
529.995
529.998
529.999
529.999
529.999
529.998
529.998
529.999
530.001
530.003
530.005
530.006
530.006
530.007
530.008
530.01
530.013
530.017
530.021
530.023
530.023
530.023
530.021
530.017
530.013
530.008
530.002
529.997
529.992
529.989
529.986
529.983
529.98
529.977
529.976
529.975
529.974
529.973
529.972
529.972
529.97
529.969
529.969
529.969
529.97
529.975
532.368
532.368
532.368
532.368
532.368
532.368
532.368
532.368
532.368
532.368
532.368
532.368
532.368
532.368
532.368
532.368
532.368
532.368
532.368
532.368
532.368
532.368
532.368
532.368
532.368
532.368
532.368
532.368
532.368
532.368
532.368
532.368
532.368
532.368
532.368
532.368
532.368
532.368
532.368
532.368
532.368
532.368
532.368
532.368
532.368
532.368
532.368
532.368
532.368
532.368
532.368
532.368
532.368
532.368
532.368
532.368
532.368
532.368
532.368
532.368
532.368
532.369
532.37
532.372
532.377
532.387
532.407
532.445
532.507
532.589
532.659
532.679
532.678
532.669
532.639
532.581
532.488
532.364
532.216
532.051
531.879
531.704
531.531
531.363
531.201
531.046
530.9
530.765
530.642
530.531
530.434
530.352
530.282
530.225
530.177
530.136
530.102
530.072
530.045
530.019
529.995
529.972
529.951
529.935
529.925
529.924
529.924
529.924
529.925
529.927
529.93
529.935
529.942
529.951
529.961
529.971
529.981
529.988
529.994
529.999
530.003
530.005
530.008
530.01
530.011
530.013
530.014
530.016
530.017
530.017
530.017
530.017
530.016
530.016
530.016
530.015
530.013
530.011
530.008
530.004
529.999
529.994
529.99
529.987
529.983
529.98
529.977
529.975
529.974
529.974
529.974
529.974
529.975
529.977
529.978
529.98
529.983
529.985
529.988
529.991
529.993
529.996
529.998
529.999
530
530.001
530.001
530.002
530.003
530.004
530.006
530.008
530.011
530.013
530.015
530.015
530.014
530.014
530.014
530.013
530.011
530.008
530.004
529.999
529.994
529.99
529.987
529.985
529.984
529.982
529.981
529.979
529.977
529.976
529.975
529.975
529.975
529.976
529.977
529.979
529.98
529.982
529.985
529.987
529.99
529.992
529.995
529.997
529.999
530
530.001
530.001
530.001
530.001
530.001
530.002
530.004
530.005
530.007
530.009
530.011
530.013
530.015
530.015
530.016
530.017
530.017
530.016
530.013
530.009
530.003
529.997
529.991
529.987
529.985
529.984
529.984
529.983
529.982
529.98
529.977
529.974
529.973
529.973
529.974
529.975
529.975
529.976
529.976
529.977
529.979
529.982
529.986
529.99
529.994
529.998
529.999
529.999
529.999
529.998
529.998
529.999
530.001
530.003
530.005
530.006
530.006
530.007
530.008
530.01
530.013
530.017
530.021
530.023
530.023
530.022
530.02
530.017
530.013
530.008
530.002
529.997
529.992
529.989
529.986
529.983
529.98
529.978
529.976
529.975
529.974
529.973
529.972
529.971
529.97
529.969
529.969
529.969
529.971
529.975
532.368
532.368
532.368
532.368
532.368
532.368
532.368
532.368
532.368
532.368
532.368
532.368
532.368
532.368
532.368
532.368
532.368
532.368
532.368
532.368
532.368
532.368
532.368
532.368
532.368
532.368
532.368
532.368
532.368
532.368
532.368
532.368
532.368
532.368
532.368
532.368
532.368
532.368
532.368
532.368
532.368
532.368
532.368
532.368
532.368
532.368
532.368
532.368
532.368
532.368
532.368
532.368
532.368
532.368
532.368
532.368
532.368
532.368
532.368
532.368
532.368
532.369
532.37
532.372
532.377
532.387
532.407
532.445
532.507
532.59
532.659
532.679
532.678
532.669
532.639
532.581
532.488
532.364
532.216
532.051
531.879
531.704
531.531
531.363
531.201
531.045
530.9
530.765
530.642
530.531
530.434
530.352
530.282
530.225
530.176
530.137
530.102
530.072
530.045
530.019
529.995
529.972
529.951
529.935
529.926
529.924
529.924
529.924
529.925
529.927
529.93
529.935
529.942
529.951
529.961
529.971
529.981
529.988
529.994
529.999
530.003
530.005
530.008
530.01
530.011
530.013
530.014
530.016
530.017
530.017
530.017
530.017
530.017
530.016
530.016
530.015
530.013
530.011
530.007
530.004
529.999
529.995
529.99
529.987
529.983
529.979
529.977
529.975
529.974
529.974
529.974
529.974
529.975
529.977
529.978
529.98
529.982
529.985
529.988
529.991
529.993
529.996
529.998
529.999
530
530.001
530.001
530.002
530.003
530.004
530.006
530.008
530.011
530.013
530.015
530.015
530.014
530.014
530.014
530.013
530.011
530.008
530.004
529.999
529.994
529.99
529.987
529.985
529.984
529.982
529.981
529.979
529.977
529.976
529.975
529.975
529.975
529.976
529.977
529.978
529.98
529.982
529.985
529.987
529.99
529.992
529.995
529.997
529.999
530
530
530.001
530.001
530.001
530.001
530.002
530.004
530.005
530.007
530.009
530.011
530.013
530.015
530.016
530.017
530.017
530.017
530.016
530.013
530.009
530.003
529.997
529.991
529.987
529.985
529.984
529.984
529.983
529.982
529.979
529.977
529.974
529.973
529.974
529.974
529.975
529.975
529.975
529.976
529.977
529.979
529.982
529.986
529.99
529.994
529.997
529.999
529.999
529.999
529.999
529.999
530
530.002
530.004
530.005
530.005
530.006
530.007
530.008
530.01
530.014
530.018
530.022
530.023
530.023
530.022
530.02
530.017
530.013
530.008
530.003
529.997
529.993
529.989
529.985
529.982
529.979
529.978
529.976
529.976
529.975
529.973
529.972
529.971
529.969
529.968
529.969
529.969
529.971
529.976
532.368
532.368
532.368
532.368
532.368
532.368
532.368
532.368
532.368
532.368
532.368
532.368
532.368
532.368
532.368
532.368
532.368
532.368
532.368
532.368
532.368
532.368
532.368
532.368
532.368
532.368
532.368
532.368
532.368
532.368
532.368
532.368
532.368
532.368
532.368
532.368
532.368
532.368
532.368
532.368
532.368
532.368
532.368
532.368
532.368
532.368
532.368
532.368
532.368
532.368
532.368
532.368
532.368
532.368
532.368
532.368
532.368
532.368
532.368
532.368
532.368
532.369
532.37
532.372
532.377
532.387
532.407
532.445
532.507
532.59
532.659
532.679
532.678
532.669
532.639
532.581
532.488
532.364
532.216
532.051
531.879
531.704
531.531
531.363
531.201
531.045
530.901
530.765
530.642
530.53
530.434
530.352
530.282
530.225
530.176
530.137
530.102
530.072
530.045
530.019
529.995
529.972
529.951
529.934
529.926
529.924
529.924
529.924
529.925
529.927
529.93
529.935
529.943
529.951
529.961
529.972
529.981
529.988
529.994
529.999
530.003
530.005
530.008
530.01
530.011
530.013
530.014
530.016
530.017
530.017
530.017
530.017
530.017
530.016
530.016
530.015
530.013
530.011
530.007
530.003
529.999
529.995
529.991
529.987
529.983
529.979
529.977
529.974
529.974
529.974
529.974
529.975
529.975
529.976
529.978
529.98
529.982
529.985
529.988
529.991
529.994
529.996
529.998
529.999
530
530.001
530.001
530.002
530.003
530.004
530.006
530.008
530.011
530.013
530.015
530.015
530.015
530.014
530.014
530.013
530.011
530.008
530.003
529.999
529.994
529.99
529.987
529.985
529.984
529.982
529.98
529.979
529.977
529.975
529.975
529.975
529.975
529.976
529.977
529.978
529.98
529.982
529.984
529.987
529.99
529.993
529.995
529.997
529.998
530
530
530
530.001
530.001
530.002
530.003
530.004
530.005
530.007
530.008
530.011
530.013
530.015
530.016
530.017
530.017
530.016
530.015
530.013
530.008
530.003
529.998
529.992
529.988
529.985
529.984
529.983
529.982
529.981
529.979
529.977
529.975
529.974
529.974
529.974
529.975
529.975
529.975
529.976
529.977
529.979
529.982
529.986
529.99
529.994
529.996
529.998
529.998
529.998
529.999
530
530.001
530.003
530.004
530.004
530.005
530.005
530.006
530.008
530.01
530.014
530.019
530.023
530.023
530.023
530.021
530.019
530.016
530.013
530.009
530.004
529.998
529.993
529.989
529.985
529.981
529.979
529.978
529.977
529.976
529.975
529.974
529.972
529.97
529.968
529.968
529.968
529.969
529.972
529.976
532.368
532.368
532.368
532.368
532.368
532.368
532.368
532.368
532.368
532.368
532.368
532.368
532.368
532.368
532.368
532.368
532.368
532.368
532.368
532.368
532.368
532.368
532.368
532.368
532.368
532.368
532.368
532.368
532.368
532.368
532.368
532.368
532.368
532.368
532.368
532.368
532.368
532.368
532.368
532.368
532.368
532.368
532.368
532.368
532.368
532.368
532.368
532.368
532.368
532.368
532.368
532.368
532.368
532.368
532.368
532.368
532.368
532.368
532.368
532.368
532.368
532.369
532.37
532.372
532.377
532.387
532.407
532.445
532.507
532.59
532.659
532.679
532.678
532.669
532.639
532.581
532.488
532.364
532.216
532.052
531.879
531.703
531.531
531.363
531.2
531.045
530.901
530.765
530.642
530.53
530.434
530.351
530.282
530.224
530.176
530.137
530.102
530.072
530.044
530.019
529.995
529.972
529.951
529.934
529.926
529.924
529.924
529.924
529.925
529.927
529.93
529.935
529.943
529.952
529.962
529.972
529.981
529.988
529.994
529.999
530.003
530.006
530.008
530.01
530.012
530.013
530.014
530.015
530.016
530.017
530.017
530.017
530.017
530.017
530.016
530.015
530.013
530.01
530.007
530.003
529.999
529.995
529.991
529.987
529.983
529.979
529.976
529.974
529.974
529.974
529.974
529.975
529.975
529.976
529.978
529.98
529.982
529.985
529.988
529.991
529.994
529.996
529.998
529.999
530
530
530.001
530.002
530.003
530.004
530.006
530.008
530.011
530.013
530.014
530.015
530.015
530.015
530.014
530.013
530.011
530.007
530.003
529.998
529.994
529.99
529.988
529.985
529.984
529.982
529.98
529.978
529.976
529.975
529.975
529.976
529.976
529.976
529.977
529.978
529.979
529.982
529.984
529.987
529.99
529.993
529.995
529.997
529.998
529.999
530
530
530.001
530.002
530.002
530.003
530.004
530.005
530.006
530.008
530.01
530.013
530.015
530.017
530.017
530.017
530.016
530.015
530.012
530.008
530.003
529.998
529.993
529.989
529.986
529.984
529.983
529.982
529.98
529.979
529.977
529.975
529.974
529.975
529.975
529.974
529.974
529.975
529.975
529.977
529.979
529.983
529.987
529.991
529.994
529.996
529.997
529.998
529.998
529.999
530
530.002
530.003
530.004
530.004
530.004
530.004
530.005
530.007
530.01
530.015
530.019
530.023
530.023
530.022
530.021
530.019
530.016
530.013
530.009
530.004
529.999
529.993
529.988
529.984
529.98
529.978
529.978
529.977
529.977
529.976
529.975
529.972
529.969
529.967
529.967
529.968
529.97
529.972
529.977
532.368
532.368
532.368
532.368
532.368
532.368
532.368
532.368
532.368
532.368
532.368
532.368
532.368
532.368
532.368
532.368
532.368
532.368
532.368
532.368
532.368
532.368
532.368
532.368
532.368
532.368
532.368
532.368
532.368
532.368
532.368
532.368
532.368
532.368
532.368
532.368
532.368
532.368
532.368
532.368
532.368
532.368
532.368
532.368
532.368
532.368
532.368
532.368
532.368
532.368
532.368
532.368
532.368
532.368
532.368
532.368
532.368
532.368
532.368
532.368
532.368
532.369
532.37
532.372
532.377
532.387
532.407
532.445
532.507
532.59
532.659
532.679
532.678
532.669
532.639
532.581
532.488
532.364
532.216
532.052
531.878
531.704
531.531
531.363
531.2
531.046
530.901
530.766
530.642
530.53
530.435
530.351
530.282
530.224
530.177
530.137
530.102
530.072
530.044
530.019
529.995
529.972
529.951
529.934
529.926
529.925
529.924
529.924
529.925
529.926
529.93
529.935
529.943
529.952
529.962
529.972
529.981
529.988
529.994
529.999
530.003
530.006
530.008
530.01
530.012
530.013
530.014
530.015
530.016
530.017
530.018
530.017
530.017
530.017
530.016
530.015
530.013
530.01
530.007
530.003
529.999
529.995
529.991
529.987
529.983
529.979
529.976
529.974
529.974
529.975
529.975
529.975
529.975
529.976
529.977
529.979
529.982
529.985
529.989
529.992
529.994
529.996
529.997
529.999
530
530
530.001
530.002
530.003
530.005
530.006
530.008
530.01
530.013
530.014
530.015
530.015
530.015
530.014
530.013
530.01
530.007
530.003
529.998
529.994
529.991
529.988
529.986
529.984
529.982
529.98
529.978
529.976
529.975
529.975
529.976
529.976
529.977
529.977
529.978
529.979
529.981
529.984
529.987
529.99
529.993
529.996
529.997
529.998
529.999
529.999
530
530.001
530.002
530.003
530.004
530.004
530.005
530.006
530.008
530.01
530.013
530.016
530.018
530.018
530.017
530.016
530.014
530.011
530.007
530.003
529.998
529.993
529.989
529.986
529.984
529.983
529.981
529.98
529.978
529.977
529.976
529.975
529.975
529.975
529.974
529.974
529.974
529.975
529.977
529.979
529.983
529.987
529.991
529.994
529.996
529.997
529.997
529.998
529.999
530.001
530.003
530.004
530.004
530.004
530.004
530.004
530.005
530.007
530.01
530.015
530.02
530.023
530.023
530.022
530.02
530.018
530.016
530.013
530.009
530.005
529.999
529.994
529.988
529.983
529.98
529.978
529.978
529.978
529.978
529.977
529.975
529.972
529.969
529.967
529.967
529.968
529.97
529.973
529.977
532.368
532.368
532.368
532.368
532.368
532.368
532.368
532.368
532.368
532.368
532.368
532.368
532.368
532.368
532.368
532.368
532.368
532.368
532.368
532.368
532.368
532.368
532.368
532.368
532.368
532.368
532.368
532.368
532.368
532.368
532.368
532.368
532.368
532.368
532.368
532.368
532.368
532.368
532.368
532.368
532.368
532.368
532.368
532.368
532.368
532.368
532.368
532.368
532.368
532.368
532.368
532.368
532.368
532.368
532.368
532.368
532.368
532.368
532.368
532.368
532.368
532.369
532.37
532.372
532.377
532.387
532.407
532.445
532.507
532.59
532.659
532.679
532.678
532.669
532.639
532.581
532.488
532.364
532.216
532.052
531.878
531.704
531.531
531.363
531.2
531.046
530.901
530.766
530.641
530.531
530.434
530.351
530.282
530.224
530.177
530.137
530.102
530.072
530.044
530.019
529.995
529.972
529.951
529.934
529.926
529.925
529.924
529.924
529.925
529.926
529.93
529.935
529.943
529.952
529.962
529.972
529.981
529.988
529.994
529.999
530.003
530.006
530.008
530.01
530.012
530.013
530.014
530.015
530.016
530.017
530.018
530.018
530.017
530.017
530.016
530.014
530.013
530.01
530.007
530.004
530
529.996
529.991
529.987
529.982
529.979
529.976
529.974
529.975
529.975
529.975
529.975
529.975
529.976
529.977
529.979
529.982
529.985
529.989
529.992
529.994
529.996
529.997
529.998
529.999
530
530.001
530.002
530.003
530.005
530.006
530.008
530.01
530.013
530.014
530.015
530.016
530.015
530.015
530.013
530.01
530.007
530.002
529.998
529.994
529.99
529.988
529.986
529.984
529.982
529.98
529.978
529.975
529.975
529.975
529.976
529.977
529.977
529.977
529.978
529.979
529.981
529.984
529.987
529.991
529.994
529.996
529.997
529.998
529.998
529.999
530
530.001
530.002
530.003
530.004
530.004
530.005
530.006
530.007
530.01
530.013
530.016
530.018
530.018
530.017
530.016
530.014
530.011
530.007
530.003
529.998
529.994
529.99
529.987
529.985
529.983
529.981
529.979
529.978
529.977
529.976
529.976
529.975
529.975
529.974
529.974
529.974
529.975
529.976
529.979
529.983
529.988
529.991
529.994
529.996
529.996
529.997
529.997
529.998
530.001
530.003
530.004
530.004
530.004
530.004
530.004
530.005
530.007
530.01
530.015
530.021
530.024
530.023
530.022
530.02
530.018
530.016
530.013
530.01
530.005
530
529.993
529.987
529.983
529.979
529.978
529.978
529.978
529.978
529.977
529.975
529.972
529.968
529.966
529.967
529.968
529.97
529.973
529.977
532.368
532.368
532.368
532.368
532.368
532.368
532.368
532.368
532.368
532.368
532.368
532.368
532.368
532.368
532.368
532.368
532.368
532.368
532.368
532.368
532.368
532.368
532.368
532.368
532.368
532.368
532.368
532.368
532.368
532.368
532.368
532.368
532.368
532.368
532.368
532.368
532.368
532.368
532.368
532.368
532.368
532.368
532.368
532.368
532.368
532.368
532.368
532.368
532.368
532.368
532.368
532.368
532.368
532.368
532.368
532.368
532.368
532.368
532.368
532.368
532.368
532.369
532.37
532.372
532.377
532.387
532.407
532.445
532.507
532.59
532.659
532.679
532.678
532.669
532.639
532.581
532.488
532.364
532.216
532.051
531.878
531.704
531.531
531.363
531.2
531.046
530.901
530.766
530.641
530.531
530.434
530.352
530.282
530.224
530.177
530.136
530.102
530.072
530.044
530.019
529.995
529.972
529.951
529.934
529.926
529.925
529.924
529.924
529.925
529.926
529.93
529.935
529.943
529.952
529.962
529.972
529.981
529.988
529.994
529.999
530.003
530.006
530.008
530.01
530.012
530.013
530.014
530.015
530.016
530.017
530.018
530.018
530.018
530.017
530.016
530.014
530.012
530.01
530.007
530.004
530
529.996
529.991
529.986
529.982
529.979
529.976
529.975
529.975
529.975
529.975
529.975
529.975
529.976
529.977
529.979
529.982
529.986
529.989
529.992
529.994
529.996
529.997
529.998
529.999
530
530.001
530.003
530.004
530.005
530.006
530.007
530.01
530.012
530.014
530.015
530.016
530.016
530.015
530.013
530.01
530.007
530.002
529.997
529.993
529.99
529.988
529.987
529.985
529.982
529.98
529.978
529.975
529.975
529.975
529.976
529.977
529.977
529.977
529.978
529.979
529.981
529.983
529.987
529.991
529.994
529.996
529.998
529.998
529.998
529.999
529.999
530
530.002
530.004
530.004
530.005
530.005
530.006
530.007
530.01
530.013
530.016
530.018
530.018
530.017
530.016
530.014
530.011
530.007
530.002
529.998
529.994
529.99
529.987
529.985
529.983
529.981
529.979
529.978
529.977
529.976
529.976
529.976
529.975
529.974
529.973
529.974
529.974
529.976
529.98
529.984
529.988
529.992
529.994
529.996
529.996
529.996
529.997
529.998
530.001
530.003
530.004
530.004
530.004
530.004
530.004
530.004
530.007
530.01
530.016
530.021
530.023
530.023
530.021
530.02
530.018
530.016
530.014
530.01
530.005
529.999
529.993
529.987
529.982
529.979
529.979
529.979
529.979
529.978
529.977
529.975
529.971
529.967
529.966
529.967
529.968
529.971
529.973
529.977
532.368
532.368
532.368
532.368
532.368
532.368
532.368
532.368
532.368
532.368
532.368
532.368
532.368
532.368
532.368
532.368
532.368
532.368
532.368
532.368
532.368
532.368
532.368
532.368
532.368
532.368
532.368
532.368
532.368
532.368
532.368
532.368
532.368
532.368
532.368
532.368
532.368
532.368
532.368
532.368
532.368
532.368
532.368
532.368
532.368
532.368
532.368
532.368
532.368
532.368
532.368
532.368
532.368
532.368
532.368
532.368
532.368
532.368
532.368
532.368
532.368
532.369
532.37
532.372
532.377
532.387
532.407
532.445
532.507
532.59
532.659
532.679
532.678
532.669
532.639
532.581
532.488
532.365
532.216
532.051
531.879
531.704
531.531
531.362
531.2
531.046
530.901
530.765
530.641
530.531
530.434
530.352
530.281
530.224
530.177
530.136
530.103
530.072
530.044
530.019
529.995
529.972
529.951
529.934
529.926
529.925
529.924
529.924
529.925
529.926
529.93
529.935
529.943
529.952
529.962
529.972
529.981
529.988
529.994
529.999
530.003
530.006
530.008
530.01
530.012
530.013
530.014
530.015
530.016
530.017
530.018
530.018
530.018
530.017
530.016
530.014
530.012
530.01
530.007
530.004
530
529.996
529.991
529.986
529.982
529.979
529.976
529.975
529.975
529.975
529.975
529.975
529.975
529.975
529.977
529.979
529.982
529.986
529.989
529.992
529.994
529.996
529.997
529.998
529.999
530
530.002
530.003
530.004
530.005
530.006
530.007
530.009
530.012
530.014
530.015
530.016
530.016
530.015
530.013
530.01
530.006
530.002
529.997
529.993
529.99
529.988
529.987
529.985
529.983
529.98
529.977
529.975
529.975
529.975
529.976
529.977
529.977
529.978
529.978
529.979
529.98
529.983
529.987
529.991
529.994
529.997
529.998
529.998
529.998
529.998
529.999
530
530.002
530.004
530.004
530.005
530.005
530.006
530.007
530.009
530.012
530.016
530.018
530.018
530.018
530.016
530.014
530.011
530.007
530.002
529.998
529.994
529.99
529.987
529.985
529.983
529.981
529.979
529.978
529.977
529.976
529.976
529.976
529.975
529.974
529.973
529.974
529.974
529.976
529.98
529.984
529.988
529.992
529.994
529.996
529.996
529.996
529.997
529.998
530.001
530.003
530.004
530.004
530.004
530.004
530.004
530.005
530.007
530.011
530.016
530.021
530.023
530.023
530.021
530.02
530.018
530.016
530.014
530.01
530.005
529.999
529.993
529.987
529.982
529.979
529.979
529.979
529.979
529.979
529.977
529.975
529.971
529.967
529.966
529.967
529.968
529.971
529.974
529.977
532.368
532.368
532.368
532.368
532.368
532.368
532.368
532.368
532.368
532.368
532.368
532.368
532.368
532.368
532.368
532.368
532.368
532.368
532.368
532.368
532.368
532.368
532.368
532.368
532.368
532.368
532.368
532.368
532.368
532.368
532.368
532.368
532.368
532.368
532.368
532.368
532.368
532.368
532.368
532.368
532.368
532.368
532.368
532.368
532.368
532.368
532.368
532.368
532.368
532.368
532.368
532.368
532.368
532.368
532.368
532.368
532.368
532.368
532.368
532.368
532.368
532.369
532.37
532.372
532.377
532.387
532.407
532.445
532.507
532.59
532.659
532.679
532.678
532.669
532.639
532.581
532.488
532.365
532.216
532.051
531.879
531.704
531.531
531.362
531.2
531.046
530.901
530.765
530.641
530.531
530.434
530.352
530.281
530.225
530.177
530.137
530.103
530.072
530.045
530.019
529.995
529.972
529.95
529.934
529.926
529.925
529.924
529.924
529.925
529.927
529.93
529.935
529.943
529.952
529.962
529.972
529.981
529.988
529.994
529.999
530.003
530.006
530.008
530.01
530.012
530.013
530.014
530.015
530.016
530.017
530.018
530.018
530.018
530.017
530.016
530.014
530.012
530.01
530.007
530.004
530
529.996
529.991
529.986
529.982
529.979
529.976
529.975
529.975
529.975
529.975
529.975
529.975
529.975
529.977
529.979
529.982
529.986
529.989
529.992
529.994
529.996
529.997
529.998
529.999
530
530.002
530.003
530.004
530.005
530.006
530.007
530.009
530.012
530.014
530.015
530.016
530.016
530.015
530.013
530.01
530.006
530.002
529.997
529.993
529.99
529.989
529.987
529.985
529.982
529.98
529.977
529.975
529.975
529.975
529.976
529.977
529.977
529.977
529.978
529.979
529.98
529.983
529.987
529.991
529.994
529.997
529.998
529.998
529.998
529.998
529.999
530
530.002
530.004
530.004
530.005
530.005
530.006
530.007
530.009
530.012
530.016
530.018
530.018
530.018
530.016
530.014
530.011
530.007
530.002
529.998
529.994
529.99
529.987
529.985
529.983
529.981
529.979
529.978
529.977
529.976
529.976
529.976
529.975
529.974
529.973
529.974
529.974
529.976
529.98
529.984
529.988
529.992
529.994
529.996
529.996
529.997
529.997
529.999
530.001
530.003
530.004
530.004
530.004
530.003
530.004
530.005
530.007
530.011
530.016
530.021
530.023
530.022
530.021
530.02
530.018
530.016
530.014
530.011
530.005
529.999
529.993
529.987
529.982
529.979
529.979
529.979
529.979
529.979
529.977
529.974
529.971
529.967
529.966
529.967
529.969
529.971
529.973
529.977
532.368
532.368
532.368
532.368
532.368
532.368
532.368
532.368
532.368
532.368
532.368
532.368
532.368
532.368
532.368
532.368
532.368
532.368
532.368
532.368
532.368
532.368
532.368
532.368
532.368
532.368
532.368
532.368
532.368
532.368
532.368
532.368
532.368
532.368
532.368
532.368
532.368
532.368
532.368
532.368
532.368
532.368
532.368
532.368
532.368
532.368
532.368
532.368
532.368
532.368
532.368
532.368
532.368
532.368
532.368
532.368
532.368
532.368
532.368
532.368
532.368
532.369
532.37
532.372
532.377
532.387
532.407
532.445
532.507
532.59
532.659
532.679
532.678
532.669
532.639
532.581
532.488
532.365
532.216
532.051
531.879
531.704
531.531
531.362
531.201
531.046
530.901
530.765
530.642
530.531
530.434
530.351
530.281
530.225
530.176
530.137
530.102
530.072
530.045
530.019
529.995
529.972
529.95
529.934
529.926
529.925
529.924
529.924
529.925
529.927
529.93
529.935
529.943
529.951
529.962
529.972
529.981
529.988
529.994
529.999
530.003
530.006
530.008
530.01
530.012
530.013
530.014
530.015
530.016
530.017
530.018
530.018
530.017
530.017
530.016
530.014
530.012
530.01
530.007
530.004
530
529.996
529.991
529.986
529.982
529.979
529.976
529.974
529.975
529.975
529.975
529.975
529.975
529.975
529.977
529.979
529.982
529.986
529.989
529.992
529.995
529.996
529.997
529.998
529.999
530
530.002
530.003
530.004
530.005
530.006
530.007
530.009
530.012
530.014
530.015
530.016
530.016
530.015
530.013
530.01
530.006
530.002
529.997
529.993
529.99
529.989
529.987
529.985
529.982
529.98
529.977
529.975
529.975
529.975
529.976
529.977
529.977
529.977
529.978
529.979
529.98
529.983
529.987
529.991
529.994
529.997
529.998
529.998
529.998
529.998
529.999
530
530.002
530.004
530.004
530.005
530.005
530.006
530.007
530.009
530.012
530.016
530.018
530.018
530.018
530.016
530.014
530.011
530.007
530.002
529.998
529.994
529.99
529.987
529.985
529.983
529.981
529.979
529.978
529.977
529.976
529.976
529.976
529.975
529.974
529.973
529.974
529.974
529.976
529.979
529.983
529.988
529.992
529.994
529.996
529.997
529.997
529.997
529.999
530.001
530.003
530.004
530.004
530.003
530.003
530.004
530.005
530.007
530.011
530.016
530.021
530.023
530.022
530.021
530.02
530.018
530.016
530.014
530.011
530.005
529.999
529.993
529.987
529.982
529.979
529.979
529.979
529.979
529.979
529.977
529.974
529.971
529.967
529.966
529.967
529.969
529.971
529.973
529.977
532.368
532.368
532.368
532.368
532.368
532.368
532.368
532.368
532.368
532.368
532.368
532.368
532.368
532.368
532.368
532.368
532.368
532.368
532.368
532.368
532.368
532.368
532.368
532.368
532.368
532.368
532.368
532.368
532.368
532.368
532.368
532.368
532.368
532.368
532.368
532.368
532.368
532.368
532.368
532.368
532.368
532.368
532.368
532.368
532.368
532.368
532.368
532.368
532.368
532.368
532.368
532.368
532.368
532.368
532.368
532.368
532.368
532.368
532.368
532.368
532.368
532.369
532.37
532.372
532.377
532.387
532.407
532.445
532.507
532.59
532.659
532.679
532.678
532.669
532.639
532.581
532.488
532.365
532.216
532.051
531.879
531.704
531.531
531.362
531.201
531.046
530.901
530.764
530.642
530.531
530.435
530.351
530.282
530.225
530.177
530.137
530.102
530.072
530.045
530.019
529.995
529.972
529.951
529.934
529.926
529.925
529.924
529.924
529.925
529.927
529.93
529.935
529.943
529.952
529.962
529.972
529.981
529.988
529.994
529.999
530.003
530.006
530.008
530.01
530.012
530.013
530.014
530.015
530.016
530.017
530.018
530.018
530.017
530.017
530.016
530.014
530.013
530.01
530.007
530.004
530
529.995
529.991
529.986
529.982
529.979
529.976
529.974
529.975
529.975
529.975
529.975
529.975
529.976
529.977
529.979
529.982
529.986
529.989
529.992
529.995
529.996
529.997
529.998
529.999
530
530.002
530.003
530.004
530.005
530.006
530.008
530.009
530.012
530.014
530.015
530.016
530.016
530.015
530.013
530.01
530.007
530.002
529.997
529.993
529.99
529.988
529.987
529.985
529.982
529.98
529.978
529.975
529.975
529.975
529.976
529.977
529.977
529.977
529.978
529.979
529.98
529.984
529.987
529.991
529.994
529.996
529.998
529.998
529.998
529.998
529.999
530
530.002
530.004
530.004
530.005
530.005
530.005
530.007
530.009
530.012
530.016
530.018
530.018
530.018
530.016
530.014
530.011
530.007
530.002
529.998
529.994
529.99
529.987
529.985
529.983
529.981
529.979
529.978
529.977
529.976
529.976
529.975
529.975
529.974
529.973
529.974
529.974
529.976
529.979
529.983
529.988
529.992
529.994
529.996
529.997
529.997
529.997
529.999
530.001
530.003
530.004
530.004
530.003
530.003
530.004
530.005
530.007
530.011
530.016
530.022
530.023
530.022
530.021
530.019
530.018
530.016
530.014
530.011
530.005
529.999
529.993
529.987
529.982
529.979
529.979
529.979
529.979
529.978
529.977
529.975
529.971
529.967
529.966
529.967
529.969
529.971
529.973
529.977
532.368
532.368
532.368
532.368
532.368
532.368
532.368
532.368
532.368
532.368
532.368
532.368
532.368
532.368
532.368
532.368
532.368
532.368
532.368
532.368
532.368
532.368
532.368
532.368
532.368
532.368
532.368
532.368
532.368
532.368
532.368
532.368
532.368
532.368
532.368
532.368
532.368
532.368
532.368
532.368
532.368
532.368
532.368
532.368
532.368
532.368
532.368
532.368
532.368
532.368
532.368
532.368
532.368
532.368
532.368
532.368
532.368
532.368
532.368
532.368
532.368
532.369
532.37
532.372
532.377
532.387
532.407
532.445
532.507
532.59
532.659
532.679
532.678
532.669
532.639
532.581
532.488
532.365
532.216
532.051
531.879
531.704
531.53
531.362
531.201
531.046
530.9
530.765
530.642
530.531
530.434
530.35
530.282
530.224
530.177
530.137
530.102
530.072
530.045
530.019
529.995
529.971
529.951
529.934
529.927
529.925
529.924
529.924
529.925
529.926
529.93
529.935
529.943
529.952
529.962
529.972
529.981
529.988
529.994
529.999
530.003
530.006
530.008
530.01
530.012
530.013
530.014
530.015
530.016
530.017
530.018
530.018
530.017
530.017
530.016
530.014
530.013
530.01
530.007
530.004
530
529.995
529.991
529.986
529.982
529.979
529.976
529.974
529.975
529.975
529.975
529.975
529.975
529.976
529.977
529.979
529.982
529.985
529.989
529.992
529.995
529.996
529.997
529.998
529.999
530
530.001
530.003
530.004
530.005
530.006
530.008
530.01
530.012
530.014
530.015
530.016
530.016
530.015
530.013
530.011
530.007
530.002
529.998
529.994
529.99
529.988
529.986
529.984
529.982
529.98
529.978
529.976
529.975
529.976
529.976
529.977
529.977
529.977
529.978
529.979
529.981
529.984
529.987
529.991
529.994
529.996
529.997
529.998
529.998
529.999
530
530.001
530.002
530.004
530.004
530.004
530.005
530.005
530.007
530.01
530.013
530.016
530.018
530.018
530.018
530.016
530.014
530.011
530.007
530.003
529.998
529.994
529.99
529.987
529.985
529.983
529.981
529.979
529.978
529.977
529.976
529.975
529.975
529.975
529.974
529.974
529.974
529.974
529.976
529.979
529.983
529.988
529.992
529.994
529.996
529.997
529.997
529.997
529.999
530.001
530.003
530.004
530.004
530.003
530.003
530.004
530.005
530.007
530.011
530.016
530.022
530.023
530.022
530.021
530.019
530.018
530.016
530.014
530.011
530.006
530
529.993
529.987
529.982
529.979
529.979
529.979
529.979
529.978
529.977
529.975
529.971
529.967
529.966
529.967
529.969
529.971
529.974
529.977
532.368
532.368
532.368
532.368
532.368
532.368
532.368
532.368
532.368
532.368
532.368
532.368
532.368
532.368
532.368
532.368
532.368
532.368
532.368
532.368
532.368
532.368
532.368
532.368
532.368
532.368
532.368
532.368
532.368
532.368
532.368
532.368
532.368
532.368
532.368
532.368
532.368
532.368
532.368
532.368
532.368
532.368
532.368
532.368
532.368
532.368
532.368
532.368
532.368
532.368
532.368
532.368
532.368
532.368
532.368
532.368
532.368
532.368
532.368
532.368
532.368
532.369
532.37
532.372
532.377
532.387
532.407
532.445
532.507
532.59
532.659
532.679
532.678
532.669
532.639
532.581
532.489
532.365
532.216
532.051
531.879
531.704
531.53
531.363
531.201
531.046
530.9
530.765
530.642
530.532
530.434
530.351
530.282
530.224
530.177
530.136
530.102
530.072
530.044
530.019
529.995
529.972
529.951
529.934
529.927
529.925
529.924
529.924
529.925
529.926
529.93
529.935
529.943
529.952
529.962
529.972
529.981
529.988
529.994
529.999
530.003
530.006
530.008
530.01
530.012
530.013
530.014
530.015
530.016
530.017
530.017
530.017
530.017
530.017
530.016
530.015
530.013
530.01
530.007
530.004
530
529.995
529.991
529.986
529.982
529.979
529.976
529.974
529.975
529.975
529.975
529.975
529.975
529.976
529.977
529.979
529.982
529.985
529.989
529.992
529.994
529.996
529.997
529.998
529.999
530
530.001
530.003
530.004
530.005
530.006
530.008
530.01
530.012
530.014
530.015
530.015
530.015
530.015
530.013
530.011
530.007
530.003
529.998
529.994
529.99
529.988
529.986
529.984
529.982
529.98
529.978
529.976
529.975
529.976
529.976
529.976
529.976
529.977
529.978
529.979
529.981
529.984
529.987
529.991
529.993
529.996
529.997
529.998
529.998
529.999
530
530.001
530.002
530.003
530.004
530.004
530.005
530.005
530.007
530.01
530.013
530.016
530.018
530.018
530.017
530.016
530.014
530.011
530.007
530.003
529.998
529.994
529.99
529.987
529.985
529.983
529.981
529.979
529.978
529.977
529.976
529.975
529.975
529.975
529.974
529.974
529.974
529.974
529.976
529.979
529.983
529.988
529.992
529.995
529.996
529.997
529.997
529.997
529.998
530.001
530.003
530.004
530.004
530.003
530.003
530.004
530.005
530.007
530.011
530.016
530.022
530.023
530.023
530.021
530.019
530.017
530.016
530.014
530.011
530.006
530
529.993
529.987
529.982
529.979
529.978
529.979
529.979
529.978
529.977
529.975
529.971
529.967
529.966
529.967
529.968
529.971
529.974
529.978
532.368
532.368
532.368
532.368
532.368
532.368
532.368
532.368
532.368
532.368
532.368
532.368
532.368
532.368
532.368
532.368
532.368
532.368
532.368
532.368
532.368
532.368
532.368
532.368
532.368
532.368
532.368
532.368
532.368
532.368
532.368
532.368
532.368
532.368
532.368
532.368
532.368
532.368
532.368
532.368
532.368
532.368
532.368
532.368
532.368
532.368
532.368
532.368
532.368
532.368
532.368
532.368
532.368
532.368
532.368
532.368
532.368
532.368
532.368
532.368
532.368
532.369
532.37
532.372
532.377
532.387
532.407
532.445
532.507
532.59
532.659
532.679
532.678
532.669
532.639
532.581
532.489
532.365
532.216
532.051
531.879
531.704
531.53
531.363
531.201
531.046
530.9
530.766
530.642
530.532
530.433
530.351
530.282
530.224
530.177
530.136
530.102
530.072
530.044
530.019
529.995
529.972
529.951
529.934
529.927
529.925
529.924
529.924
529.925
529.926
529.93
529.935
529.943
529.952
529.962
529.972
529.981
529.988
529.994
529.999
530.003
530.006
530.008
530.01
530.012
530.013
530.014
530.015
530.016
530.017
530.017
530.017
530.017
530.017
530.016
530.015
530.013
530.01
530.007
530.004
530
529.995
529.991
529.986
529.982
529.979
529.976
529.974
529.975
529.975
529.975
529.975
529.975
529.976
529.977
529.979
529.982
529.985
529.989
529.992
529.994
529.996
529.997
529.998
529.999
530
530.001
530.002
530.004
530.005
530.006
530.008
530.01
530.012
530.014
530.015
530.015
530.015
530.014
530.013
530.011
530.007
530.003
529.998
529.994
529.99
529.987
529.986
529.984
529.982
529.981
529.979
529.976
529.975
529.976
529.976
529.976
529.976
529.977
529.978
529.979
529.982
529.984
529.987
529.99
529.993
529.995
529.997
529.998
529.999
530
530
530.001
530.002
530.003
530.004
530.004
530.004
530.005
530.007
530.01
530.013
530.016
530.018
530.018
530.017
530.016
530.014
530.011
530.007
530.003
529.998
529.993
529.99
529.987
529.985
529.983
529.981
529.979
529.978
529.977
529.976
529.975
529.975
529.975
529.975
529.974
529.974
529.974
529.976
529.979
529.983
529.988
529.992
529.995
529.996
529.997
529.997
529.997
529.998
530
530.003
530.004
530.004
530.003
530.003
530.004
530.005
530.007
530.011
530.016
530.022
530.023
530.023
530.021
530.019
530.017
530.016
530.013
530.01
530.006
530
529.993
529.987
529.982
529.979
529.978
529.978
529.978
529.978
529.977
529.975
529.972
529.967
529.966
529.967
529.968
529.971
529.974
529.977
532.368
532.368
532.368
532.368
532.368
532.368
532.368
532.368
532.368
532.368
532.368
532.368
532.368
532.368
532.368
532.368
532.368
532.368
532.368
532.368
532.368
532.368
532.368
532.368
532.368
532.368
532.368
532.368
532.368
532.368
532.368
532.368
532.368
532.368
532.368
532.368
532.368
532.368
532.368
532.368
532.368
532.368
532.368
532.368
532.368
532.368
532.368
532.368
532.368
532.368
532.368
532.368
532.368
532.368
532.368
532.368
532.368
532.368
532.368
532.368
532.368
532.369
532.37
532.372
532.377
532.387
532.407
532.445
532.507
532.59
532.659
532.679
532.678
532.669
532.639
532.581
532.489
532.365
532.216
532.051
531.879
531.704
531.531
531.363
531.201
531.046
530.9
530.766
530.642
530.532
530.433
530.352
530.282
530.224
530.177
530.136
530.102
530.072
530.044
530.019
529.995
529.972
529.951
529.934
529.926
529.925
529.924
529.924
529.925
529.927
529.93
529.935
529.942
529.952
529.962
529.972
529.981
529.988
529.994
529.999
530.003
530.006
530.008
530.01
530.012
530.013
530.014
530.015
530.016
530.017
530.017
530.017
530.017
530.017
530.016
530.014
530.013
530.01
530.008
530.004
530
529.995
529.99
529.986
529.982
529.979
529.976
529.974
529.975
529.975
529.975
529.975
529.975
529.976
529.977
529.979
529.982
529.985
529.989
529.992
529.994
529.996
529.998
529.998
529.999
530
530.001
530.002
530.004
530.005
530.006
530.008
530.01
530.012
530.014
530.015
530.015
530.015
530.014
530.013
530.011
530.007
530.003
529.998
529.994
529.99
529.987
529.985
529.984
529.982
529.981
529.979
529.977
529.975
529.975
529.975
529.975
529.976
529.977
529.978
529.98
529.982
529.984
529.987
529.99
529.993
529.995
529.997
529.998
529.999
530
530
530.001
530.002
530.003
530.003
530.004
530.005
530.006
530.008
530.01
530.013
530.015
530.018
530.018
530.017
530.016
530.014
530.012
530.008
530.003
529.998
529.993
529.989
529.986
529.985
529.983
529.981
529.98
529.978
529.977
529.975
529.975
529.975
529.975
529.975
529.974
529.974
529.974
529.976
529.979
529.983
529.988
529.992
529.995
529.996
529.997
529.997
529.997
529.998
530
530.003
530.004
530.004
530.004
530.003
530.004
530.005
530.007
530.011
530.016
530.022
530.023
530.023
530.021
530.019
530.017
530.016
530.013
530.01
530.006
530
529.994
529.988
529.982
529.979
529.978
529.978
529.978
529.978
529.977
529.975
529.972
529.967
529.966
529.967
529.968
529.971
529.974
529.977
532.368
532.368
532.368
532.368
532.368
532.368
532.368
532.368
532.368
532.368
532.368
532.368
532.368
532.368
532.368
532.368
532.368
532.368
532.368
532.368
532.368
532.368
532.368
532.368
532.368
532.368
532.368
532.368
532.368
532.368
532.368
532.368
532.368
532.368
532.368
532.368
532.368
532.368
532.368
532.368
532.368
532.368
532.368
532.368
532.368
532.368
532.368
532.368
532.368
532.368
532.368
532.368
532.368
532.368
532.368
532.368
532.368
532.368
532.368
532.368
532.368
532.369
532.37
532.372
532.377
532.387
532.407
532.445
532.507
532.59
532.659
532.679
532.678
532.669
532.639
532.581
532.488
532.364
532.216
532.051
531.879
531.704
531.531
531.362
531.201
531.046
530.901
530.766
530.641
530.532
530.433
530.352
530.282
530.224
530.177
530.136
530.102
530.072
530.044
530.019
529.995
529.972
529.951
529.934
529.926
529.925
529.924
529.924
529.925
529.927
529.93
529.935
529.943
529.951
529.962
529.971
529.981
529.988
529.994
529.999
530.003
530.006
530.008
530.01
530.011
530.013
530.014
530.015
530.016
530.017
530.017
530.017
530.017
530.016
530.015
530.014
530.013
530.011
530.008
530.004
530
529.995
529.99
529.986
529.982
529.979
529.976
529.975
529.975
529.975
529.974
529.975
529.975
529.976
529.977
529.98
529.982
529.986
529.989
529.992
529.994
529.996
529.997
529.998
529.999
530
530.001
530.002
530.004
530.005
530.006
530.008
530.01
530.012
530.014
530.015
530.015
530.015
530.014
530.013
530.011
530.007
530.003
529.998
529.994
529.99
529.987
529.985
529.984
529.982
529.981
529.979
529.977
529.975
529.975
529.975
529.975
529.976
529.977
529.978
529.98
529.982
529.984
529.987
529.99
529.993
529.995
529.997
529.998
529.999
530
530
530.001
530.002
530.002
530.003
530.004
530.005
530.006
530.008
530.01
530.013
530.015
530.017
530.017
530.017
530.016
530.015
530.012
530.008
530.003
529.998
529.993
529.989
529.986
529.985
529.983
529.982
529.98
529.978
529.976
529.975
529.975
529.975
529.975
529.975
529.974
529.974
529.975
529.976
529.979
529.983
529.988
529.992
529.995
529.997
529.997
529.997
529.997
529.998
530
530.003
530.004
530.004
530.004
530.004
530.004
530.005
530.007
530.011
530.016
530.022
530.023
530.023
530.021
530.019
530.018
530.016
530.013
530.01
530.005
530
529.993
529.988
529.982
529.979
529.979
529.979
529.979
529.978
529.977
529.975
529.971
529.967
529.966
529.967
529.968
529.971
529.974
529.977
532.368
532.368
532.368
532.368
532.368
532.368
532.368
532.368
532.368
532.368
532.368
532.368
532.368
532.368
532.368
532.368
532.368
532.368
532.368
532.368
532.368
532.368
532.368
532.368
532.368
532.368
532.368
532.368
532.368
532.368
532.368
532.368
532.368
532.368
532.368
532.368
532.368
532.368
532.368
532.368
532.368
532.368
532.368
532.368
532.368
532.368
532.368
532.368
532.368
532.368
532.368
532.368
532.368
532.368
532.368
532.368
532.368
532.368
532.368
532.368
532.368
532.369
532.37
532.372
532.377
532.387
532.407
532.445
532.507
532.59
532.659
532.679
532.678
532.669
532.639
532.581
532.488
532.364
532.216
532.051
531.879
531.704
531.531
531.362
531.2
531.046
530.901
530.766
530.641
530.532
530.434
530.352
530.282
530.224
530.177
530.136
530.102
530.072
530.044
530.019
529.995
529.972
529.951
529.934
529.926
529.924
529.924
529.924
529.925
529.927
529.93
529.935
529.943
529.951
529.961
529.971
529.98
529.988
529.995
529.999
530.003
530.006
530.008
530.01
530.011
530.012
530.014
530.016
530.017
530.018
530.018
530.017
530.017
530.016
530.015
530.014
530.013
530.011
530.008
530.004
530
529.995
529.99
529.986
529.982
529.979
529.976
529.975
529.975
529.974
529.974
529.974
529.975
529.976
529.977
529.98
529.983
529.986
529.989
529.992
529.994
529.996
529.997
529.998
529.999
530
530.001
530.002
530.004
530.005
530.006
530.008
530.01
530.013
530.014
530.015
530.015
530.015
530.014
530.013
530.011
530.007
530.003
529.998
529.994
529.99
529.987
529.985
529.984
529.982
529.981
529.979
529.977
529.975
529.975
529.975
529.975
529.976
529.977
529.978
529.98
529.982
529.984
529.987
529.99
529.993
529.995
529.997
529.998
529.999
530
530
530.001
530.002
530.002
530.003
530.004
530.005
530.006
530.008
530.01
530.013
530.015
530.017
530.017
530.017
530.016
530.015
530.012
530.008
530.003
529.998
529.993
529.988
529.986
529.985
529.983
529.982
529.98
529.978
529.976
529.975
529.975
529.975
529.975
529.975
529.975
529.974
529.975
529.976
529.979
529.983
529.987
529.992
529.995
529.997
529.997
529.997
529.997
529.998
530
530.002
530.004
530.004
530.004
530.004
530.004
530.005
530.007
530.011
530.016
530.021
530.023
530.023
530.021
530.02
530.018
530.016
530.013
530.009
530.005
529.999
529.993
529.988
529.983
529.979
529.979
529.979
529.979
529.978
529.977
529.975
529.971
529.967
529.966
529.967
529.968
529.971
529.973
529.977
532.368
532.368
532.368
532.368
532.368
532.368
532.368
532.368
532.368
532.368
532.368
532.368
532.368
532.368
532.368
532.368
532.368
532.368
532.368
532.368
532.368
532.368
532.368
532.368
532.368
532.368
532.368
532.368
532.368
532.368
532.368
532.368
532.368
532.368
532.368
532.368
532.368
532.368
532.368
532.368
532.368
532.368
532.368
532.368
532.368
532.368
532.368
532.368
532.368
532.368
532.368
532.368
532.368
532.368
532.368
532.368
532.368
532.368
532.368
532.368
532.368
532.369
532.37
532.372
532.377
532.387
532.407
532.445
532.507
532.59
532.659
532.679
532.678
532.669
532.639
532.581
532.488
532.364
532.216
532.051
531.878
531.704
531.531
531.363
531.2
531.046
530.901
530.766
530.641
530.531
530.434
530.352
530.282
530.224
530.177
530.136
530.102
530.072
530.044
530.019
529.995
529.972
529.951
529.934
529.926
529.924
529.924
529.924
529.925
529.927
529.93
529.935
529.943
529.951
529.961
529.971
529.98
529.988
529.995
529.999
530.003
530.006
530.008
530.01
530.011
530.012
530.014
530.016
530.017
530.018
530.018
530.017
530.017
530.016
530.015
530.014
530.013
530.011
530.008
530.004
530
529.995
529.99
529.986
529.982
529.979
529.976
529.975
529.975
529.974
529.974
529.974
529.974
529.976
529.978
529.98
529.983
529.986
529.989
529.992
529.994
529.996
529.997
529.998
529.999
530
530.002
530.003
530.004
530.005
530.006
530.008
530.01
530.013
530.014
530.015
530.015
530.015
530.014
530.013
530.011
530.007
530.003
529.998
529.994
529.99
529.987
529.985
529.984
529.982
529.98
529.978
529.976
529.975
529.975
529.975
529.976
529.976
529.977
529.978
529.98
529.982
529.984
529.987
529.99
529.993
529.995
529.997
529.998
530
530
530
530.001
530.001
530.002
530.003
530.004
530.005
530.007
530.008
530.01
530.013
530.015
530.016
530.017
530.017
530.016
530.015
530.012
530.008
530.003
529.998
529.992
529.988
529.986
529.985
529.984
529.982
529.98
529.978
529.976
529.975
529.974
529.975
529.975
529.975
529.975
529.974
529.975
529.976
529.979
529.983
529.987
529.991
529.995
529.997
529.997
529.997
529.997
529.998
529.999
530.002
530.003
530.004
530.004
530.004
530.004
530.005
530.007
530.011
530.015
530.021
530.023
530.022
530.022
530.02
530.018
530.016
530.013
530.009
530.004
529.999
529.993
529.988
529.983
529.979
529.979
529.979
529.979
529.978
529.977
529.975
529.971
529.967
529.966
529.967
529.969
529.971
529.973
529.977
532.368
532.368
532.368
532.368
532.368
532.368
532.368
532.368
532.368
532.368
532.368
532.368
532.368
532.368
532.368
532.368
532.368
532.368
532.368
532.368
532.368
532.368
532.368
532.368
532.368
532.368
532.368
532.368
532.368
532.368
532.368
532.368
532.368
532.368
532.368
532.368
532.368
532.368
532.368
532.368
532.368
532.368
532.368
532.368
532.368
532.368
532.368
532.368
532.368
532.368
532.368
532.368
532.368
532.368
532.368
532.368
532.368
532.368
532.368
532.368
532.368
532.369
532.37
532.372
532.377
532.387
532.407
532.445
532.507
532.59
532.659
532.679
532.678
532.669
532.639
532.581
532.488
532.364
532.216
532.052
531.878
531.703
531.531
531.363
531.2
531.045
530.9
530.766
530.642
530.531
530.433
530.352
530.282
530.224
530.176
530.136
530.103
530.072
530.044
530.019
529.995
529.972
529.951
529.934
529.927
529.924
529.924
529.924
529.925
529.927
529.93
529.935
529.942
529.951
529.961
529.971
529.98
529.988
529.995
529.999
530.003
530.006
530.008
530.01
530.011
530.012
530.014
530.016
530.017
530.018
530.018
530.017
530.016
530.016
530.015
530.015
530.013
530.011
530.008
530.004
530
529.995
529.99
529.986
529.982
529.979
529.976
529.975
529.975
529.974
529.974
529.974
529.974
529.976
529.978
529.98
529.983
529.986
529.989
529.992
529.994
529.995
529.997
529.998
529.999
530.001
530.002
530.003
530.003
530.005
530.006
530.008
530.01
530.013
530.014
530.015
530.015
530.015
530.014
530.013
530.01
530.007
530.003
529.998
529.994
529.99
529.988
529.986
529.984
529.982
529.98
529.978
529.976
529.975
529.975
529.976
529.976
529.976
529.977
529.978
529.98
529.982
529.984
529.987
529.99
529.993
529.995
529.997
529.998
530
530
530
530.001
530.001
530.002
530.003
530.004
530.005
530.007
530.008
530.01
530.013
530.015
530.016
530.017
530.017
530.016
530.015
530.013
530.008
530.003
529.998
529.992
529.988
529.986
529.985
529.984
529.982
529.98
529.978
529.976
529.974
529.974
529.975
529.975
529.975
529.975
529.974
529.975
529.976
529.978
529.982
529.987
529.991
529.995
529.997
529.997
529.997
529.997
529.998
529.999
530.002
530.003
530.004
530.005
530.004
530.005
530.005
530.007
530.01
530.015
530.02
530.023
530.023
530.022
530.021
530.018
530.016
530.013
530.009
530.004
529.999
529.993
529.988
529.983
529.98
529.979
529.979
529.979
529.978
529.977
529.975
529.971
529.967
529.966
529.967
529.969
529.971
529.973
529.977
)
;

boundaryField
{
    sides
    {
        type            zeroGradient;
    }
    inlet
    {
        type            zeroGradient;
    }
    outlet
    {
        type            zeroGradient;
    }
    empty
    {
        type            empty;
    }
}


// ************************************************************************* //
