/*--------------------------------*- C++ -*----------------------------------*\
| =========                 |                                                 |
| \\      /  F ield         | OpenFOAM: The Open Source CFD Toolbox           |
|  \\    /   O peration     | Version:  2306                                  |
|   \\  /    A nd           | Website:  www.openfoam.com                      |
|    \\/     M anipulation  |                                                 |
\*---------------------------------------------------------------------------*/
FoamFile
{
    version     2.0;
    format      ascii;
    arch        "LSB;label=32;scalar=64";
    class       volScalarField;
    location    "0.1";
    object      rho;
}
// * * * * * * * * * * * * * * * * * * * * * * * * * * * * * * * * * * * * * //

dimensions      [1 -3 0 0 0 0 0];

internalField   nonuniform List<scalar> 
6000
(
27.8049
0.705062
0.264221
0.263099
0.261439
0.257632
0.252379
0.249997
0.234936
0.189429
0.152647
0.150132
0.151652
0.157032
0.164336
0.172195
0.180293
0.188696
0.19763
0.207415
0.21838
0.229737
0.238192
0.241445
0.24091
0.238527
0.22464
0.179361
0.152844
0.152014
0.154401
0.159225
0.163609
0.166944
0.169852
0.172815
0.17601
0.17942
0.18292
0.186326
0.189571
0.193091
0.198341
0.206855
0.21316
0.213013
0.207308
0.181345
0.155993
0.153429
0.154084
0.157031
0.160487
0.162855
0.164502
0.166074
0.16788
0.169935
0.172056
0.173982
0.175553
0.176915
0.178664
0.18211
0.188443
0.193047
0.192897
0.188916
0.171634
0.153304
0.150717
0.150827
0.152476
0.155019
0.156809
0.157762
0.15848
0.15934
0.160499
0.161874
0.163191
0.164237
0.165094
0.166161
0.168295
0.172538
0.176413
0.176689
0.175117
0.166371
0.151304
0.146672
0.146513
0.147241
0.149246
0.151341
0.152513
0.153087
0.153547
0.154161
0.155046
0.156074
0.156937
0.157513
0.158003
0.158859
0.16091
0.163929
0.165164
0.164672
0.161708
0.152068
0.142239
0.140339
0.140103
0.140807
0.142434
0.143726
0.14408
0.144067
0.144029
0.144144
0.144525
0.145204
0.14606
0.146866
0.1477
0.148932
0.151082
0.154172
0.156946
0.158133
0.157733
0.152517
0.145822
0.144739
0.14617
0.148956
0.152981
0.157113
0.160293
0.162566
0.164557
0.166693
0.169255
0.172223
0.175205
0.17791
0.180599
0.184086
0.188869
0.191958
0.193146
0.190273
0.181865
0.17727
0.178521
0.181795
0.187648
0.194734
0.200793
0.205397
0.209797
0.214762
0.220754
0.227811
0.235874
0.245566
0.257438
0.269005
0.275689
0.276119
0.269885
0.268351
0.27537
0.28797
0.30442
0.318548
0.327853
0.335835
0.344676
0.356763
0.375288
0.40206
0.4335
0.461772
0.493817
0.534968
0.610193
0.728022
0.890798
1.08078
1.28473
1.42116
1.47134
1.4593
1.46499
1.496
1.56087
1.60035
1.60617
1.59164
1.57561
1.58216
1.6046
1.63888
1.65086
1.6499
1.63803
1.6341
1.63951
1.65379
1.66527
1.66643
1.66215
1.65196
1.64839
1.64948
1.65433
1.65939
1.66048
1.66033
1.65944
1.65991
1.66141
1.66396
1.66516
1.66528
1.66437
1.66295
1.66262
1.66293
1.66341
1.66376
1.66392
1.66385
1.66391
1.66438
1.66501
1.66559
1.66605
1.6663
1.66639
1.66655
1.6667
1.66678
1.66674
1.66646
1.66594
1.66559
1.66554
1.66561
1.66589
1.66635
1.66675
1.66695
1.66715
1.66729
1.66737
1.66732
1.66711
1.66681
1.66663
1.66665
1.66673
1.66682
1.66692
1.66704
1.66725
1.66758
1.66795
1.66818
1.66833
1.66843
1.66841
1.6682
1.66776
1.66717
1.66666
1.6664
1.66633
1.66636
1.66639
1.66646
1.6666
1.66688
1.66722
1.66747
1.66753
1.66749
1.6673
1.66687
1.66617
1.66528
1.66453
1.66423
1.66421
1.66426
1.66442
1.66511
27.8048
0.70372
0.264595
0.263319
0.261581
0.257766
0.252466
0.250099
0.234808
0.188844
0.152133
0.149687
0.151239
0.156661
0.163996
0.171894
0.180001
0.188413
0.197374
0.207195
0.218181
0.22958
0.238046
0.241271
0.240685
0.238237
0.224185
0.178886
0.152677
0.151869
0.154266
0.159103
0.163524
0.166907
0.16985
0.172845
0.176077
0.179532
0.183087
0.186575
0.189925
0.193521
0.198804
0.207257
0.213433
0.213231
0.207428
0.181153
0.155919
0.153425
0.154076
0.157017
0.160453
0.162803
0.164435
0.16599
0.167777
0.16981
0.171918
0.173858
0.17548
0.176916
0.178728
0.182216
0.188559
0.193125
0.192954
0.188881
0.171515
0.153361
0.150859
0.150994
0.152686
0.15527
0.157094
0.158073
0.158808
0.159679
0.160841
0.162211
0.163516
0.164549
0.16539
0.166441
0.168559
0.172777
0.176585
0.176799
0.175161
0.166327
0.151284
0.146687
0.146507
0.147233
0.149229
0.151315
0.152469
0.153025
0.153472
0.154078
0.154955
0.15597
0.156816
0.157374
0.157851
0.158696
0.160721
0.163685
0.164868
0.164353
0.161354
0.151695
0.141888
0.139982
0.139743
0.14043
0.142026
0.143308
0.143657
0.143645
0.143612
0.143739
0.144163
0.144919
0.14586
0.14675
0.147655
0.148946
0.151159
0.154309
0.157131
0.158317
0.157914
0.152679
0.145911
0.144795
0.146209
0.148969
0.152949
0.156998
0.160084
0.162315
0.164311
0.166473
0.169055
0.172026
0.175007
0.177724
0.18046
0.184065
0.189036
0.192291
0.193515
0.190687
0.182258
0.177574
0.1788
0.182046
0.18786
0.194875
0.200787
0.205211
0.209463
0.214323
0.22027
0.227343
0.235425
0.245164
0.257215
0.269075
0.275764
0.276227
0.26986
0.268014
0.27502
0.287486
0.303906
0.318362
0.328394
0.336941
0.346303
0.358771
0.377298
0.403848
0.434931
0.462742
0.494091
0.535123
0.610072
0.728091
0.891039
1.08026
1.28157
1.41199
1.4605
1.44994
1.45737
1.49007
1.55886
1.60271
1.60993
1.59419
1.57444
1.58005
1.60082
1.63612
1.65086
1.65148
1.64089
1.6352
1.63951
1.65197
1.66393
1.66565
1.66235
1.65313
1.6492
1.65009
1.65436
1.65922
1.66043
1.66042
1.65969
1.66013
1.66152
1.66392
1.66509
1.66523
1.66439
1.66301
1.66263
1.66293
1.66336
1.66369
1.66384
1.66378
1.66389
1.66439
1.66502
1.66561
1.66607
1.66632
1.6664
1.66653
1.66667
1.66675
1.66672
1.66646
1.66599
1.66568
1.66566
1.66574
1.66606
1.66652
1.66688
1.66705
1.66719
1.66727
1.66725
1.66709
1.66679
1.6665
1.66639
1.66647
1.6666
1.66674
1.66687
1.66703
1.66727
1.66761
1.66797
1.66817
1.6683
1.66836
1.66828
1.66803
1.66757
1.66698
1.66649
1.66626
1.66623
1.66629
1.66635
1.66643
1.66659
1.66687
1.66721
1.66745
1.66752
1.66748
1.6673
1.66691
1.66627
1.66544
1.66473
1.66442
1.6644
1.66444
1.66461
1.66527
27.8066
0.701921
0.264753
0.263408
0.261682
0.257754
0.25245
0.250094
0.234587
0.188077
0.151452
0.149074
0.150682
0.156185
0.163591
0.171548
0.179695
0.188127
0.197082
0.206901
0.217987
0.229598
0.238067
0.241081
0.240443
0.238036
0.223732
0.178235
0.152501
0.151717
0.154132
0.158978
0.163438
0.166881
0.169892
0.172949
0.176224
0.179705
0.183277
0.186779
0.190149
0.19382
0.199253
0.207825
0.213903
0.213609
0.207499
0.180695
0.155744
0.153356
0.154036
0.156991
0.16041
0.162743
0.164367
0.165907
0.167665
0.169669
0.171764
0.173722
0.175397
0.176905
0.178799
0.182381
0.188776
0.193207
0.192985
0.188806
0.171276
0.153422
0.151064
0.15124
0.152991
0.155636
0.15751
0.158527
0.15929
0.160181
0.161355
0.162725
0.164016
0.165019
0.165827
0.166851
0.168962
0.173161
0.176827
0.176946
0.175215
0.166167
0.151166
0.146723
0.146523
0.147245
0.149227
0.151287
0.152411
0.15294
0.153365
0.153957
0.154823
0.15583
0.156666
0.157213
0.157674
0.158504
0.16053
0.163451
0.164549
0.163982
0.160884
0.151126
0.141388
0.13951
0.13926
0.139918
0.141457
0.142713
0.14305
0.143035
0.14301
0.143154
0.143637
0.144501
0.145555
0.146557
0.147578
0.148963
0.151254
0.154453
0.157323
0.158536
0.158173
0.152904
0.146047
0.144912
0.146301
0.14902
0.152949
0.156922
0.159899
0.162029
0.16396
0.166091
0.168677
0.171673
0.174683
0.177443
0.180243
0.183963
0.189161
0.192711
0.194061
0.191327
0.182864
0.178097
0.179308
0.182528
0.188287
0.195176
0.200827
0.204925
0.208959
0.213638
0.219412
0.226329
0.234345
0.244126
0.256269
0.268444
0.275296
0.276101
0.269763
0.267504
0.274532
0.287
0.303676
0.318889
0.330179
0.339881
0.350312
0.363738
0.383166
0.410341
0.44074
0.467942
0.497577
0.537536
0.611558
0.728213
0.887636
1.07123
1.26194
1.38013
1.42541
1.41778
1.43044
1.46845
1.54364
1.60006
1.61339
1.60096
1.57682
1.5793
1.59644
1.63159
1.65105
1.65358
1.64546
1.63767
1.6404
1.64977
1.66135
1.66389
1.66204
1.65483
1.65072
1.65127
1.65457
1.65895
1.66031
1.66045
1.66001
1.66045
1.66169
1.66387
1.66499
1.66516
1.66445
1.66317
1.66271
1.66297
1.66336
1.66365
1.66375
1.66369
1.66382
1.66434
1.665
1.6656
1.66606
1.66634
1.66643
1.66653
1.66664
1.66669
1.66665
1.66641
1.66602
1.6658
1.66583
1.66597
1.66632
1.6668
1.66708
1.66721
1.66729
1.66727
1.66711
1.66679
1.66639
1.6661
1.66607
1.66619
1.66636
1.66656
1.66677
1.667
1.6673
1.66767
1.66801
1.66818
1.66829
1.66831
1.66818
1.66783
1.66727
1.66662
1.66615
1.66598
1.66603
1.66612
1.66622
1.66634
1.66655
1.66685
1.66719
1.66742
1.66749
1.66747
1.66733
1.667
1.66643
1.66566
1.66497
1.66466
1.66463
1.66469
1.66488
1.66552
27.8061
0.702472
0.264675
0.263335
0.261659
0.257578
0.25219
0.249789
0.234109
0.187169
0.150607
0.148292
0.150011
0.155631
0.16314
0.171185
0.179397
0.18786
0.1968
0.206611
0.217838
0.229691
0.238069
0.240834
0.24015
0.237765
0.223162
0.177483
0.15235
0.151596
0.154036
0.158901
0.163416
0.166946
0.170055
0.173186
0.176507
0.180006
0.183579
0.187076
0.190447
0.19416
0.199745
0.208456
0.214351
0.21393
0.207451
0.180011
0.155509
0.153278
0.153993
0.156972
0.160369
0.162677
0.164276
0.165784
0.167515
0.169511
0.171622
0.17362
0.17536
0.17695
0.178932
0.182611
0.189035
0.193294
0.193026
0.188695
0.170952
0.153492
0.151322
0.151554
0.153386
0.156108
0.158048
0.159117
0.159926
0.160861
0.162076
0.163472
0.164761
0.165729
0.166484
0.167454
0.169535
0.173697
0.177198
0.177211
0.175328
0.165974
0.151002
0.146743
0.146539
0.147266
0.149242
0.151282
0.15239
0.152909
0.153324
0.1539
0.154744
0.155729
0.156548
0.157083
0.157539
0.158369
0.160404
0.163241
0.164216
0.163579
0.160311
0.150346
0.140752
0.138955
0.138703
0.139342
0.140849
0.142124
0.142502
0.142509
0.142505
0.142686
0.143231
0.144188
0.14535
0.146454
0.147535
0.148957
0.151304
0.154568
0.157497
0.158732
0.158402
0.153087
0.14616
0.145036
0.146419
0.149115
0.152984
0.156871
0.159744
0.16178
0.16362
0.165663
0.168202
0.171206
0.174284
0.177162
0.180104
0.183982
0.189384
0.193274
0.194781
0.192155
0.183642
0.178764
0.179963
0.183152
0.188828
0.195445
0.200699
0.204493
0.20829
0.212727
0.218242
0.22491
0.232735
0.242372
0.254438
0.26689
0.273792
0.275164
0.269112
0.266383
0.273717
0.286521
0.304031
0.320833
0.334353
0.346155
0.358465
0.373624
0.394881
0.423573
0.452937
0.479457
0.505576
0.543577
0.615129
0.727401
0.876766
1.04383
1.21151
1.31404
1.35794
1.35844
1.37979
1.42651
1.51236
1.58922
1.61222
1.60707
1.58094
1.57923
1.59409
1.6281
1.65161
1.65571
1.6496
1.6397
1.64088
1.64748
1.65852
1.66239
1.6618
1.65677
1.65243
1.6526
1.65486
1.65873
1.6604
1.66069
1.66048
1.66084
1.66183
1.66373
1.66488
1.66511
1.66459
1.66345
1.66284
1.66301
1.66336
1.66362
1.66371
1.66366
1.66379
1.66426
1.66491
1.66559
1.66604
1.66634
1.66649
1.66658
1.66664
1.66665
1.66657
1.66635
1.66605
1.66595
1.66605
1.66626
1.66667
1.66711
1.66731
1.66737
1.66737
1.66723
1.66692
1.66645
1.66595
1.66567
1.66568
1.66582
1.66603
1.6663
1.6666
1.66694
1.66733
1.66773
1.66803
1.66817
1.66826
1.66822
1.66801
1.66755
1.66686
1.66616
1.66576
1.66571
1.66581
1.66593
1.66607
1.66626
1.66651
1.66683
1.66716
1.66737
1.66744
1.66743
1.66732
1.66706
1.66659
1.66593
1.66529
1.66501
1.665
1.66508
1.66529
1.66589
27.8036
0.704245
0.264539
0.263216
0.261537
0.257265
0.251765
0.249271
0.233462
0.186223
0.149897
0.147641
0.149473
0.155207
0.162817
0.170953
0.179235
0.187733
0.196671
0.206484
0.21782
0.229819
0.238057
0.24056
0.239849
0.237462
0.22256
0.176786
0.152255
0.151532
0.154
0.158889
0.163472
0.167097
0.170285
0.173481
0.176844
0.180359
0.18392
0.187386
0.190743
0.194495
0.200215
0.20899
0.214586
0.214051
0.207214
0.179145
0.155186
0.153122
0.153886
0.156911
0.16031
0.162622
0.16423
0.165745
0.167465
0.169432
0.171528
0.173559
0.175366
0.177033
0.179104
0.18288
0.189328
0.193357
0.193016
0.188481
0.170475
0.1535
0.15154
0.151829
0.153742
0.15653
0.158523
0.15965
0.160516
0.161508
0.162778
0.164225
0.165546
0.166519
0.167255
0.168191
0.170233
0.17431
0.177641
0.177537
0.17548
0.165769
0.150831
0.146771
0.14656
0.147294
0.149257
0.151264
0.15234
0.152835
0.153232
0.153797
0.15464
0.155628
0.156455
0.157005
0.157485
0.158349
0.160415
0.163191
0.164068
0.163371
0.159894
0.149633
0.140194
0.138504
0.138263
0.138909
0.14041
0.141686
0.142081
0.142099
0.142106
0.142306
0.142876
0.143845
0.145013
0.146149
0.147298
0.148806
0.15125
0.154599
0.157579
0.15883
0.158516
0.153154
0.146203
0.145111
0.146504
0.149216
0.153075
0.156911
0.159694
0.161636
0.163421
0.165405
0.167852
0.170778
0.173843
0.176791
0.179858
0.183895
0.189547
0.193833
0.195527
0.193009
0.184424
0.179399
0.180585
0.183771
0.189445
0.195876
0.200733
0.204195
0.207687
0.211819
0.217078
0.223481
0.230992
0.240268
0.252014
0.264542
0.271415
0.273452
0.267907
0.265013
0.272732
0.28637
0.305252
0.324454
0.340907
0.355792
0.371093
0.389239
0.413663
0.444683
0.472268
0.496952
0.517079
0.551924
0.618472
0.721363
0.852489
0.992926
1.13059
1.2178
1.26424
1.28036
1.31569
1.37465
1.47333
1.57438
1.61029
1.61274
1.58753
1.58196
1.59494
1.62693
1.65258
1.65725
1.6522
1.64105
1.64048
1.64537
1.65603
1.66158
1.66183
1.65842
1.65393
1.6537
1.65526
1.65873
1.66078
1.66117
1.66104
1.66122
1.66191
1.66351
1.66478
1.66509
1.66479
1.66381
1.66308
1.66308
1.66336
1.6636
1.6637
1.66367
1.66378
1.66419
1.66477
1.66548
1.66602
1.66633
1.66653
1.66662
1.66665
1.66661
1.66649
1.66626
1.66605
1.66609
1.66626
1.66658
1.66703
1.66741
1.66751
1.66751
1.6674
1.66714
1.66669
1.6661
1.66555
1.6653
1.66533
1.66546
1.66569
1.66602
1.66643
1.66689
1.66737
1.6678
1.66806
1.66817
1.66822
1.66812
1.6678
1.6672
1.66639
1.6657
1.66542
1.66543
1.66554
1.66568
1.66588
1.66612
1.66643
1.66677
1.66709
1.66728
1.66735
1.66736
1.66729
1.66709
1.66672
1.66618
1.66564
1.6654
1.66541
1.66552
1.66575
1.66629
27.8026
0.706081
0.264524
0.263161
0.261505
0.257201
0.251545
0.248883
0.232658
0.184868
0.149205
0.147129
0.149092
0.15496
0.162654
0.170851
0.17919
0.187722
0.196654
0.206446
0.217817
0.229876
0.237936
0.240194
0.239478
0.23709
0.221979
0.176243
0.152192
0.151502
0.153993
0.158913
0.163552
0.167239
0.170487
0.173728
0.17712
0.180641
0.184185
0.187625
0.190972
0.194771
0.200599
0.209374
0.21465
0.214008
0.206743
0.178049
0.154739
0.152855
0.15368
0.156772
0.160198
0.162538
0.164181
0.165724
0.167462
0.169452
0.171578
0.173631
0.175453
0.177143
0.179246
0.183091
0.189556
0.193371
0.19296
0.188178
0.169836
0.153403
0.151657
0.151997
0.153989
0.156825
0.158848
0.160009
0.160916
0.161956
0.163275
0.164766
0.16613
0.167151
0.167938
0.168919
0.171002
0.175039
0.178186
0.177968
0.175715
0.165579
0.150672
0.146838
0.146625
0.147371
0.149329
0.151305
0.152351
0.152828
0.153215
0.153779
0.154629
0.155632
0.15648
0.157054
0.157559
0.158469
0.160602
0.163358
0.164145
0.163397
0.159729
0.149164
0.139893
0.13832
0.138091
0.138759
0.140278
0.141554
0.141952
0.141972
0.14198
0.14218
0.142741
0.143682
0.144806
0.145912
0.147068
0.148624
0.151152
0.154569
0.157559
0.158825
0.15851
0.153068
0.146101
0.145072
0.146488
0.149246
0.153142
0.156983
0.159716
0.161601
0.163343
0.165285
0.167687
0.170538
0.17354
0.176472
0.179595
0.183793
0.189678
0.194322
0.196201
0.193778
0.185109
0.179908
0.181056
0.184218
0.189901
0.196263
0.200893
0.204078
0.207337
0.211233
0.216249
0.22239
0.229548
0.238335
0.249551
0.26181
0.268781
0.271323
0.266463
0.263616
0.271856
0.286501
0.307087
0.328939
0.348807
0.367479
0.386809
0.409197
0.438106
0.47169
0.496661
0.517564
0.529286
0.559892
0.618762
0.707643
0.814659
0.92619
1.0363
1.1144
1.1671
1.20134
1.25353
1.32739
1.43907
1.56018
1.60961
1.61844
1.59509
1.58634
1.5975
1.62681
1.65279
1.65759
1.65334
1.6417
1.63997
1.64408
1.65447
1.66125
1.66197
1.65943
1.65499
1.65449
1.65579
1.65906
1.66135
1.66173
1.66154
1.6615
1.66195
1.66328
1.6647
1.66508
1.66497
1.66413
1.66335
1.66321
1.66341
1.66365
1.66377
1.66376
1.66381
1.66414
1.66462
1.66529
1.66594
1.66632
1.66655
1.66666
1.66667
1.6666
1.66642
1.66617
1.66604
1.66617
1.66642
1.66682
1.66732
1.66766
1.6677
1.66765
1.66745
1.66705
1.66648
1.66579
1.66522
1.66499
1.66502
1.66515
1.66539
1.66577
1.66629
1.66687
1.66745
1.66789
1.66809
1.66819
1.66818
1.668
1.66756
1.66682
1.66595
1.66533
1.66514
1.66518
1.66529
1.66545
1.66568
1.66598
1.66631
1.66666
1.66696
1.66715
1.66723
1.66726
1.66723
1.66712
1.66687
1.66646
1.66603
1.66583
1.66585
1.66598
1.66621
1.66669
27.8052
0.707764
0.264774
0.263278
0.261595
0.257358
0.251605
0.248833
0.231967
0.183305
0.148751
0.146956
0.149035
0.155019
0.162786
0.171031
0.179395
0.187915
0.196804
0.206545
0.217886
0.229891
0.237773
0.239864
0.239119
0.236715
0.22148
0.175874
0.152155
0.151486
0.153995
0.158935
0.163601
0.167318
0.170592
0.17385
0.177241
0.180744
0.184263
0.187693
0.191058
0.194911
0.200865
0.209625
0.214606
0.213827
0.20607
0.176782
0.154195
0.152502
0.1534
0.156574
0.160053
0.162449
0.164152
0.165744
0.167522
0.169546
0.171701
0.173777
0.175617
0.177317
0.179428
0.183325
0.189808
0.193371
0.192896
0.18782
0.169077
0.153197
0.151646
0.152012
0.154055
0.156915
0.158954
0.160146
0.161089
0.162159
0.163499
0.165008
0.166404
0.167482
0.16835
0.169438
0.171663
0.175781
0.178741
0.178443
0.175984
0.165385
0.15053
0.146937
0.14673
0.147492
0.149455
0.15141
0.152435
0.152904
0.153291
0.153861
0.154719
0.155731
0.156593
0.1572
0.157755
0.158728
0.160946
0.163699
0.164385
0.16359
0.159751
0.148983
0.139899
0.138423
0.138212
0.138903
0.140434
0.141703
0.142086
0.142095
0.142089
0.142269
0.142806
0.143706
0.144771
0.145822
0.146938
0.148472
0.151037
0.154493
0.157381
0.158606
0.158204
0.15268
0.145834
0.14491
0.146339
0.14913
0.153084
0.156987
0.159745
0.161614
0.163318
0.165213
0.167579
0.170422
0.173395
0.176291
0.179408
0.183661
0.189712
0.194644
0.196661
0.194352
0.185663
0.180336
0.181458
0.184604
0.190302
0.196649
0.201183
0.204224
0.207376
0.211147
0.215979
0.221859
0.228692
0.236972
0.247576
0.259399
0.266341
0.269441
0.265352
0.262621
0.271248
0.286645
0.308641
0.332767
0.355691
0.378317
0.402317
0.429905
0.464316
0.500587
0.522926
0.537934
0.54094
0.566639
0.616326
0.689011
0.77338
0.861237
0.952791
1.02897
1.08999
1.14083
1.20798
1.29517
1.41737
1.55238
1.61114
1.62391
1.60207
1.59071
1.60004
1.62654
1.65245
1.65748
1.65379
1.64226
1.63992
1.64354
1.65355
1.66093
1.66183
1.65982
1.65563
1.65504
1.65632
1.65954
1.66192
1.66227
1.662
1.66173
1.66199
1.66315
1.66465
1.66513
1.66514
1.66442
1.66361
1.66341
1.66359
1.66382
1.66394
1.6639
1.66386
1.66408
1.66446
1.66506
1.66578
1.6663
1.66655
1.66668
1.6667
1.6666
1.66636
1.6661
1.666
1.66619
1.6665
1.66693
1.66745
1.66781
1.66786
1.66777
1.66753
1.66704
1.66635
1.66559
1.66502
1.6648
1.66483
1.66495
1.66519
1.6656
1.66618
1.66689
1.66756
1.66798
1.66814
1.66822
1.66816
1.66789
1.66733
1.66648
1.6656
1.66509
1.66497
1.66502
1.66512
1.66529
1.66554
1.66584
1.66616
1.66646
1.66674
1.66695
1.66708
1.66714
1.66716
1.66712
1.66697
1.6667
1.66639
1.66623
1.66625
1.66638
1.66661
1.667
27.8083
0.710065
0.265153
0.263524
0.261826
0.257625
0.251755
0.248935
0.231488
0.181953
0.148553
0.147032
0.149231
0.15533
0.163138
0.171368
0.17969
0.188159
0.196992
0.206687
0.217956
0.22986
0.237625
0.239601
0.238796
0.23633
0.221057
0.175668
0.152119
0.151461
0.153976
0.158922
0.163593
0.167311
0.170577
0.173808
0.177154
0.180606
0.184086
0.187508
0.190917
0.194881
0.201012
0.209794
0.21439
0.213464
0.205254
0.175492
0.15365
0.152148
0.153123
0.156386
0.159924
0.162382
0.16414
0.165777
0.167592
0.169646
0.171823
0.173912
0.175754
0.177453
0.179581
0.183541
0.190004
0.19336
0.19283
0.187427
0.168247
0.152906
0.151526
0.151902
0.153975
0.156828
0.15886
0.160061
0.161023
0.162115
0.163473
0.165003
0.166433
0.167564
0.168499
0.169698
0.17211
0.176374
0.179216
0.178866
0.176241
0.165182
0.150417
0.147077
0.146879
0.147663
0.149642
0.151589
0.152611
0.153087
0.153488
0.154073
0.154939
0.155947
0.156806
0.157421
0.158015
0.159063
0.161359
0.16414
0.164787
0.163976
0.159992
0.149083
0.140175
0.138786
0.138596
0.139318
0.140871
0.142122
0.142482
0.142476
0.142449
0.142604
0.143114
0.143967
0.144959
0.145912
0.14693
0.148402
0.150969
0.154434
0.157154
0.158303
0.15776
0.15207
0.145317
0.144516
0.145987
0.148853
0.152863
0.156789
0.159584
0.161514
0.163255
0.165165
0.167507
0.170301
0.173267
0.17618
0.179292
0.183504
0.189539
0.194652
0.196807
0.194659
0.186063
0.180672
0.181814
0.185005
0.190779
0.19718
0.201689
0.204666
0.207711
0.211389
0.216103
0.221801
0.228317
0.23615
0.246204
0.257637
0.264526
0.268024
0.26465
0.262095
0.270873
0.286734
0.309588
0.335259
0.360369
0.385766
0.413597
0.446152
0.486193
0.526499
0.547815
0.556504
0.55327
0.574673
0.61563
0.675426
0.742765
0.815409
0.897118
0.975129
1.04332
1.10584
1.18277
1.27862
1.40749
1.55009
1.61458
1.62906
1.60746
1.59336
1.60141
1.62593
1.65199
1.65745
1.65429
1.64306
1.64011
1.6433
1.65285
1.66058
1.66166
1.66004
1.65616
1.65557
1.65683
1.65992
1.66228
1.66263
1.66232
1.66194
1.66211
1.66317
1.66469
1.66522
1.6653
1.66469
1.66394
1.66373
1.66391
1.66414
1.66421
1.66406
1.6639
1.66402
1.6643
1.66483
1.66557
1.66622
1.66653
1.66668
1.66673
1.66665
1.6664
1.66611
1.66598
1.66617
1.66649
1.66694
1.66747
1.66784
1.66792
1.66783
1.66759
1.66713
1.66643
1.66563
1.66499
1.66474
1.66474
1.66485
1.66508
1.6655
1.66616
1.66699
1.66771
1.66808
1.66822
1.66827
1.66815
1.66779
1.66711
1.66619
1.66537
1.66498
1.66493
1.66498
1.66509
1.66528
1.66553
1.6658
1.66605
1.66627
1.66647
1.66669
1.66689
1.66702
1.6671
1.66712
1.66705
1.66688
1.66666
1.66653
1.66656
1.66668
1.66689
1.66717
27.8065
0.71445
0.265444
0.263791
0.262125
0.257914
0.251954
0.249208
0.231394
0.181086
0.148505
0.147218
0.149551
0.15573
0.163526
0.171713
0.179974
0.188365
0.197132
0.206768
0.217953
0.229746
0.237441
0.239384
0.238537
0.235994
0.220772
0.175579
0.152043
0.151382
0.153888
0.158837
0.163513
0.167227
0.170466
0.173643
0.176917
0.180292
0.183713
0.187118
0.190586
0.194694
0.201014
0.209822
0.214093
0.213076
0.204532
0.174429
0.153234
0.151894
0.15294
0.156272
0.159841
0.162333
0.164131
0.165806
0.167649
0.169716
0.171894
0.173973
0.175804
0.17751
0.179677
0.183729
0.190186
0.193342
0.192753
0.187011
0.167387
0.152571
0.151321
0.151722
0.153825
0.156661
0.15866
0.159846
0.160805
0.161899
0.163265
0.164814
0.166279
0.167454
0.168448
0.16975
0.172336
0.176774
0.179562
0.179197
0.176426
0.164967
0.150303
0.147223
0.147068
0.147894
0.149909
0.151859
0.152883
0.153371
0.153786
0.15438
0.15525
0.156248
0.157083
0.157672
0.158251
0.159321
0.161715
0.164591
0.165262
0.164469
0.160438
0.149449
0.140741
0.139453
0.139296
0.140065
0.141658
0.142878
0.143194
0.143161
0.143104
0.14322
0.14367
0.144453
0.145346
0.146179
0.147086
0.148467
0.150989
0.154444
0.156959
0.157997
0.157282
0.151347
0.144649
0.143953
0.145424
0.148297
0.152331
0.156283
0.159099
0.161055
0.162868
0.164873
0.167307
0.170162
0.173134
0.176006
0.179059
0.183208
0.189219
0.194502
0.196771
0.194816
0.186381
0.180931
0.182146
0.185486
0.191414
0.197911
0.202466
0.20542
0.20836
0.211917
0.216491
0.221968
0.228164
0.235612
0.245283
0.256596
0.263571
0.267331
0.264367
0.261967
0.270756
0.286846
0.310194
0.336695
0.362553
0.388934
0.418526
0.454419
0.499466
0.54593
0.569153
0.575111
0.569263
0.585914
0.619872
0.671252
0.729446
0.793867
0.870521
0.950281
1.02271
1.09145
1.17338
1.27314
1.40444
1.54977
1.61739
1.63258
1.61081
1.59485
1.60206
1.62566
1.65202
1.65783
1.65491
1.64369
1.64023
1.64309
1.65233
1.66033
1.66162
1.66036
1.65673
1.65607
1.65725
1.6601
1.66233
1.66268
1.6624
1.66209
1.66227
1.66335
1.66485
1.66536
1.66545
1.66489
1.66428
1.66418
1.66437
1.66454
1.66452
1.66422
1.66391
1.66396
1.66415
1.66461
1.66531
1.66601
1.66645
1.66663
1.66675
1.66675
1.66657
1.66626
1.66603
1.66614
1.66644
1.66684
1.66735
1.66775
1.66787
1.6678
1.6676
1.66721
1.66659
1.66583
1.66516
1.66484
1.6648
1.66489
1.66509
1.66553
1.66624
1.66714
1.66786
1.66818
1.66831
1.66832
1.66814
1.66768
1.66691
1.66598
1.66525
1.66501
1.66502
1.66508
1.66521
1.66543
1.66567
1.66588
1.666
1.6661
1.66622
1.6664
1.66662
1.66682
1.66697
1.66706
1.66706
1.66697
1.6668
1.66671
1.66674
1.66685
1.66704
1.66719
27.8021
0.719627
0.265738
0.264226
0.262693
0.25829
0.252256
0.24972
0.231614
0.180434
0.14846
0.147339
0.14979
0.156044
0.163827
0.171938
0.180091
0.188371
0.19705
0.206625
0.217734
0.229459
0.237227
0.239253
0.238407
0.235829
0.220667
0.175531
0.151927
0.151256
0.153763
0.158725
0.163406
0.167103
0.17031
0.173434
0.17663
0.17993
0.183301
0.186699
0.190216
0.194454
0.20094
0.209766
0.213865
0.212816
0.204046
0.1737
0.152986
0.151772
0.152864
0.156242
0.159826
0.162323
0.164132
0.165819
0.167672
0.169741
0.171911
0.173976
0.175794
0.177502
0.179719
0.183888
0.190378
0.193353
0.192686
0.186597
0.166525
0.152205
0.15107
0.151514
0.153653
0.156451
0.15839
0.15954
0.160481
0.161565
0.162929
0.164483
0.165962
0.167173
0.168238
0.169642
0.172385
0.176998
0.179771
0.179423
0.17656
0.164771
0.15024
0.147376
0.147247
0.148122
0.15017
0.152103
0.153107
0.153592
0.154012
0.15461
0.155473
0.156454
0.157267
0.157838
0.158413
0.159512
0.161988
0.164967
0.165661
0.164893
0.160842
0.149858
0.141387
0.140221
0.140119
0.140987
0.142683
0.143904
0.144186
0.144122
0.144029
0.14409
0.144448
0.145116
0.145876
0.146572
0.147351
0.14862
0.15111
0.154546
0.156824
0.157731
0.156791
0.150516
0.143843
0.143261
0.144693
0.14752
0.151507
0.155392
0.158159
0.160138
0.162003
0.164116
0.16669
0.169687
0.172781
0.175745
0.178839
0.182951
0.18891
0.194362
0.196736
0.194983
0.186723
0.181189
0.182482
0.186026
0.192204
0.198924
0.203603
0.206594
0.209477
0.2129
0.217269
0.222495
0.228421
0.235582
0.245035
0.256218
0.2633
0.267324
0.264708
0.262311
0.270944
0.286998
0.310567
0.337305
0.362865
0.38889
0.418572
0.455476
0.503648
0.556501
0.585794
0.595193
0.589289
0.602573
0.630424
0.674872
0.726771
0.787198
0.862131
0.942896
1.01692
1.08843
1.17215
1.27287
1.40395
1.5497
1.61865
1.63419
1.61256
1.59599
1.60288
1.62628
1.65263
1.65832
1.65531
1.64396
1.64026
1.64294
1.65212
1.66042
1.66184
1.66073
1.65727
1.65654
1.6576
1.66016
1.66214
1.66246
1.66225
1.66211
1.66241
1.66366
1.6651
1.66554
1.66558
1.66505
1.66458
1.66463
1.66487
1.66502
1.66487
1.66441
1.66394
1.66391
1.66401
1.6644
1.66502
1.66567
1.66622
1.66656
1.66675
1.66686
1.6668
1.66653
1.66621
1.66611
1.66635
1.66666
1.66709
1.66751
1.66771
1.66768
1.66752
1.66721
1.66674
1.66612
1.66549
1.6651
1.66502
1.66508
1.66527
1.6657
1.66642
1.66732
1.66801
1.66829
1.6684
1.66838
1.66813
1.66759
1.66677
1.66585
1.66527
1.66517
1.66519
1.66529
1.66547
1.66572
1.66591
1.666
1.66601
1.66599
1.66604
1.66616
1.66634
1.66657
1.66676
1.66689
1.66696
1.66692
1.66683
1.66678
1.66682
1.66692
1.66706
1.6671
27.7967
0.72354
0.266199
0.264793
0.263407
0.258848
0.25274
0.250349
0.231731
0.179473
0.148262
0.147259
0.149827
0.156119
0.163868
0.171901
0.179974
0.188182
0.196786
0.20632
0.217414
0.229142
0.237018
0.239173
0.238363
0.235771
0.220671
0.17558
0.15185
0.15116
0.153678
0.158656
0.16334
0.167025
0.170199
0.173273
0.176418
0.179672
0.183019
0.186425
0.18999
0.1943
0.200881
0.209744
0.213776
0.212717
0.203803
0.173296
0.152916
0.151791
0.152922
0.156329
0.159907
0.162387
0.164182
0.165856
0.1677
0.169769
0.171946
0.174016
0.175834
0.177545
0.179798
0.184071
0.190593
0.193411
0.192652
0.186206
0.165698
0.151836
0.150808
0.151287
0.153453
0.156207
0.158087
0.159198
0.160116
0.161184
0.162538
0.164088
0.165578
0.166826
0.167957
0.169445
0.172332
0.17709
0.179869
0.179551
0.176631
0.164599
0.150225
0.147552
0.147471
0.148413
0.150515
0.152452
0.153435
0.1539
0.154296
0.154865
0.155695
0.156639
0.157409
0.157944
0.158505
0.159621
0.162172
0.165276
0.165994
0.16525
0.161147
0.150144
0.14194
0.140885
0.140834
0.141796
0.143611
0.144886
0.14518
0.145127
0.145043
0.145097
0.145407
0.145982
0.14662
0.147186
0.147828
0.148973
0.15143
0.154804
0.156763
0.157503
0.15633
0.149636
0.142963
0.142476
0.143821
0.146527
0.15036
0.154093
0.15678
0.158761
0.160677
0.162869
0.16556
0.1687
0.171958
0.175091
0.17833
0.182533
0.188533
0.194263
0.196817
0.195312
0.187251
0.181578
0.182921
0.186665
0.193089
0.200098
0.205064
0.208217
0.211107
0.214442
0.218669
0.223704
0.229429
0.236358
0.245615
0.256674
0.263696
0.26775
0.265369
0.263087
0.271624
0.287393
0.310627
0.336849
0.361651
0.387007
0.416196
0.452944
0.502004
0.559239
0.596529
0.61524
0.614905
0.628947
0.653585
0.691144
0.736094
0.791621
0.863508
0.942642
1.01629
1.08913
1.1741
1.27525
1.40598
1.55051
1.61874
1.6341
1.61276
1.59721
1.60432
1.62791
1.65344
1.65859
1.65519
1.64369
1.64045
1.64339
1.65288
1.66085
1.66215
1.66094
1.65757
1.65697
1.658
1.6603
1.6619
1.66214
1.66195
1.66196
1.66245
1.66397
1.66538
1.66576
1.66573
1.66519
1.66484
1.66503
1.66533
1.66548
1.66527
1.66463
1.66399
1.66387
1.66391
1.6642
1.66471
1.66528
1.66586
1.66641
1.66675
1.66695
1.66702
1.66686
1.66648
1.66616
1.66621
1.66645
1.66676
1.66715
1.66742
1.66747
1.66738
1.66718
1.66686
1.66643
1.6659
1.66546
1.66533
1.66538
1.66556
1.66597
1.66666
1.66751
1.66815
1.6684
1.6685
1.66844
1.66814
1.66754
1.66668
1.66581
1.66541
1.66538
1.66543
1.66558
1.66581
1.66603
1.66614
1.66615
1.66609
1.66598
1.6659
1.66596
1.6661
1.66629
1.66648
1.66665
1.66675
1.66678
1.66677
1.66679
1.66684
1.66692
1.667
1.66695
27.7931
0.72308
0.26699
0.265586
0.264292
0.259697
0.253489
0.251089
0.231639
0.178085
0.147855
0.14698
0.149659
0.15598
0.163704
0.171705
0.179749
0.187933
0.19652
0.206055
0.217156
0.228857
0.236756
0.238999
0.238196
0.235606
0.220621
0.175624
0.151781
0.151089
0.153628
0.158623
0.163303
0.166978
0.170141
0.1732
0.176332
0.179584
0.182949
0.186387
0.189988
0.194314
0.2009
0.209758
0.213793
0.212774
0.203786
0.173178
0.152998
0.151924
0.153084
0.156511
0.160071
0.162525
0.164299
0.165956
0.167785
0.169839
0.172002
0.174063
0.175883
0.177613
0.179913
0.184283
0.19083
0.193507
0.192652
0.185857
0.164954
0.151507
0.150568
0.151078
0.15327
0.15599
0.157819
0.158901
0.159803
0.160864
0.162211
0.163752
0.165238
0.166502
0.167674
0.169241
0.172232
0.177102
0.179881
0.179594
0.176633
0.164439
0.150216
0.147675
0.147633
0.148635
0.150789
0.152738
0.15371
0.15416
0.154538
0.155084
0.15588
0.156774
0.157496
0.158008
0.15856
0.159687
0.162329
0.165504
0.166199
0.165465
0.161294
0.150227
0.142301
0.141367
0.141366
0.142413
0.144314
0.14564
0.145956
0.145926
0.145873
0.145954
0.146275
0.146813
0.147373
0.147855
0.148408
0.149471
0.151935
0.155249
0.156797
0.15732
0.155884
0.148702
0.142016
0.141599
0.142817
0.145344
0.148958
0.152491
0.155053
0.15699
0.15893
0.161205
0.164002
0.167263
0.170678
0.174005
0.177449
0.181825
0.187965
0.194114
0.19693
0.19583
0.18801
0.182118
0.183493
0.187439
0.194123
0.20146
0.206742
0.210139
0.213207
0.216626
0.220821
0.22575
0.23135
0.238223
0.247493
0.258482
0.265295
0.269114
0.266548
0.264266
0.272665
0.288016
0.310335
0.335257
0.358737
0.383167
0.411713
0.447883
0.496711
0.556614
0.601141
0.631119
0.643246
0.665454
0.693579
0.730323
0.770927
0.819943
0.884102
0.954601
1.02287
1.09345
1.17955
1.2812
1.41163
1.55325
1.61814
1.63257
1.61135
1.59834
1.60627
1.63084
1.65447
1.6584
1.65401
1.64267
1.64079
1.64452
1.65468
1.66168
1.66264
1.66097
1.65757
1.65727
1.65842
1.66069
1.66184
1.66193
1.6616
1.66167
1.66238
1.66418
1.66564
1.66599
1.66592
1.66537
1.6651
1.66536
1.66568
1.66584
1.66562
1.66489
1.66404
1.66382
1.66381
1.66398
1.66436
1.66486
1.66545
1.66615
1.66677
1.66706
1.66724
1.66718
1.66683
1.66633
1.66608
1.6662
1.66641
1.66671
1.66701
1.66718
1.66719
1.66713
1.66699
1.66674
1.66635
1.66591
1.66572
1.66576
1.66592
1.66629
1.66691
1.66767
1.66826
1.66849
1.66858
1.6685
1.66817
1.66754
1.66666
1.66589
1.66563
1.66563
1.66571
1.66589
1.66614
1.6663
1.66635
1.66632
1.66622
1.66603
1.66585
1.6658
1.66586
1.66599
1.66615
1.66632
1.66648
1.66662
1.6667
1.66678
1.66685
1.6669
1.66695
1.66682
27.791
0.721038
0.267529
0.266023
0.264902
0.260446
0.254183
0.251745
0.231341
0.176548
0.147328
0.14659
0.14935
0.155709
0.163439
0.171432
0.179464
0.187637
0.196226
0.20577
0.216882
0.228591
0.236527
0.238813
0.23804
0.235483
0.220586
0.175611
0.151756
0.151075
0.153651
0.158672
0.163358
0.167033
0.170201
0.173274
0.176434
0.17973
0.183141
0.186609
0.190196
0.194455
0.200947
0.209838
0.213954
0.212997
0.203972
0.173241
0.153189
0.152154
0.153332
0.156765
0.160292
0.162708
0.164456
0.166102
0.167923
0.169967
0.172117
0.174169
0.175984
0.177725
0.180058
0.184493
0.191033
0.193594
0.192654
0.185558
0.164352
0.151259
0.150376
0.150908
0.153126
0.155822
0.15761
0.158669
0.159566
0.160637
0.162002
0.163563
0.165053
0.166304
0.167469
0.169052
0.172095
0.177027
0.179786
0.179503
0.176491
0.164217
0.150145
0.147701
0.147688
0.148732
0.150932
0.152902
0.153882
0.154332
0.154708
0.155249
0.15603
0.156893
0.157586
0.158085
0.158647
0.159819
0.162534
0.165734
0.166352
0.165593
0.16128
0.150095
0.142459
0.141647
0.141704
0.142832
0.144789
0.146146
0.146487
0.146481
0.146461
0.146585
0.14696
0.147512
0.148035
0.148462
0.148964
0.149996
0.152469
0.155711
0.156879
0.157176
0.15545
0.147709
0.141068
0.140706
0.141764
0.14407
0.147431
0.150747
0.153159
0.155013
0.156928
0.159241
0.162125
0.165504
0.169073
0.172603
0.176286
0.180878
0.187174
0.193878
0.197029
0.196468
0.188964
0.182766
0.184138
0.188277
0.195219
0.202902
0.208531
0.212224
0.215568
0.21922
0.22359
0.228642
0.234362
0.241502
0.251103
0.262258
0.268715
0.271946
0.268736
0.266154
0.274175
0.288794
0.309937
0.332829
0.354161
0.376587
0.403262
0.437853
0.485863
0.547716
0.598242
0.637791
0.66518
0.704671
0.747982
0.794825
0.839303
0.886995
0.942416
0.995699
1.05123
1.11145
1.19298
1.29264
1.42265
1.55871
1.61716
1.62929
1.60782
1.59904
1.60882
1.6353
1.65552
1.65802
1.65157
1.64095
1.64079
1.64616
1.65734
1.66293
1.66335
1.66078
1.6573
1.65745
1.65893
1.66122
1.66198
1.66186
1.66126
1.66136
1.66224
1.66426
1.66584
1.66619
1.66611
1.66558
1.66536
1.66561
1.6659
1.66606
1.66588
1.66515
1.66415
1.66372
1.66366
1.66373
1.66397
1.6644
1.66503
1.66587
1.66673
1.66722
1.66744
1.66746
1.66717
1.6666
1.66607
1.66593
1.66605
1.66624
1.6665
1.66678
1.66699
1.66707
1.6671
1.66702
1.66677
1.66637
1.66612
1.66615
1.66628
1.66658
1.66711
1.66778
1.66833
1.66856
1.66864
1.66855
1.66822
1.66758
1.66673
1.66606
1.66587
1.66588
1.66598
1.66619
1.66643
1.66654
1.66656
1.66651
1.66638
1.66614
1.66585
1.66566
1.66564
1.6657
1.66582
1.66599
1.66619
1.66641
1.66662
1.66678
1.66687
1.6669
1.66693
1.66674
27.7899
0.71889
0.267841
0.266188
0.26506
0.260723
0.25441
0.25184
0.230816
0.175491
0.1469
0.146229
0.149056
0.155453
0.163218
0.171244
0.179304
0.187501
0.196118
0.205693
0.216813
0.228558
0.236589
0.238888
0.23816
0.235656
0.220598
0.175367
0.151777
0.151144
0.15378
0.158824
0.1635
0.167167
0.170346
0.17346
0.176687
0.180057
0.18352
0.186987
0.190516
0.194686
0.201078
0.210018
0.214275
0.213378
0.204322
0.173452
0.153458
0.152438
0.153617
0.157041
0.160523
0.162889
0.164611
0.166248
0.16807
0.170112
0.172246
0.174266
0.176051
0.17778
0.180122
0.184601
0.191166
0.193627
0.192624
0.185318
0.163962
0.151152
0.150301
0.150868
0.153113
0.155802
0.157575
0.158629
0.159529
0.160609
0.161985
0.163544
0.165018
0.166249
0.16738
0.168925
0.171946
0.176867
0.179589
0.179293
0.176245
0.16398
0.150047
0.147656
0.147655
0.148718
0.150938
0.152924
0.153919
0.154387
0.154784
0.155352
0.15616
0.157038
0.157733
0.158234
0.158815
0.16003
0.162836
0.166008
0.166504
0.165683
0.161147
0.149772
0.142451
0.14173
0.141832
0.143029
0.145039
0.146429
0.146811
0.146838
0.146859
0.147038
0.147472
0.148063
0.148593
0.149
0.149477
0.150494
0.152931
0.156071
0.156953
0.157013
0.154921
0.146622
0.140116
0.139824
0.140758
0.142881
0.145999
0.149073
0.151335
0.153092
0.15494
0.157223
0.160134
0.163607
0.167344
0.171088
0.175
0.179797
0.186258
0.193554
0.197015
0.197112
0.190006
0.183469
0.184734
0.18904
0.196221
0.204233
0.210231
0.214271
0.217979
0.222007
0.226797
0.232315
0.238513
0.246198
0.256462
0.267935
0.27411
0.276412
0.271944
0.268942
0.276409
0.290151
0.309863
0.330387
0.349147
0.368836
0.392524
0.424074
0.469091
0.529949
0.58628
0.633907
0.673586
0.732985
0.801954
0.873895
0.937368
0.995358
1.04443
1.07841
1.11342
1.15414
1.22277
1.31568
1.44301
1.56826
1.61674
1.62374
1.60166
1.59889
1.61218
1.64141
1.65694
1.6577
1.64804
1.63887
1.64018
1.64802
1.66006
1.66426
1.66408
1.66043
1.6572
1.65771
1.65957
1.66171
1.66222
1.66181
1.66094
1.66112
1.66215
1.66434
1.66597
1.66631
1.66622
1.66574
1.6656
1.6658
1.66605
1.66617
1.666
1.66532
1.66426
1.66357
1.66344
1.66343
1.66357
1.66394
1.66463
1.66562
1.6667
1.66739
1.66764
1.66772
1.66748
1.66689
1.66616
1.6657
1.66566
1.66578
1.66599
1.66633
1.66674
1.66706
1.66719
1.66725
1.66712
1.66679
1.6665
1.66648
1.66658
1.66681
1.66724
1.66782
1.66836
1.66859
1.66867
1.66859
1.66827
1.66766
1.66685
1.66623
1.66607
1.66611
1.66622
1.66644
1.66666
1.66676
1.66678
1.66673
1.66659
1.66631
1.66595
1.66561
1.66546
1.66545
1.66553
1.66569
1.66592
1.66621
1.66654
1.6668
1.66692
1.66695
1.66697
1.66673
27.7865
0.720581
0.267504
0.265906
0.264735
0.260462
0.254079
0.251282
0.230335
0.175474
0.146751
0.146066
0.148888
0.155288
0.163082
0.171155
0.179276
0.187548
0.19625
0.205907
0.2171
0.228944
0.23708
0.239355
0.238645
0.236137
0.220589
0.174809
0.151849
0.151313
0.154025
0.159086
0.163738
0.167391
0.170581
0.173737
0.177023
0.180437
0.183926
0.187406
0.19091
0.195001
0.201319
0.210337
0.214748
0.213884
0.204776
0.173725
0.153749
0.152719
0.153907
0.157316
0.16075
0.163066
0.164741
0.166339
0.168135
0.170166
0.172296
0.174312
0.176091
0.177807
0.180137
0.184633
0.191218
0.193632
0.192599
0.18521
0.163843
0.151196
0.150371
0.150965
0.153233
0.155922
0.157683
0.158735
0.159639
0.160727
0.16211
0.16366
0.165106
0.166298
0.167385
0.168867
0.171814
0.176666
0.179362
0.179047
0.175994
0.163816
0.149989
0.147605
0.147606
0.148669
0.150889
0.152881
0.153889
0.154375
0.154799
0.155406
0.156265
0.157207
0.157964
0.158513
0.15913
0.16039
0.163261
0.166361
0.166743
0.165843
0.161005
0.149354
0.142347
0.141698
0.14182
0.14305
0.145091
0.146513
0.146937
0.146999
0.147053
0.147276
0.147758
0.148395
0.148961
0.149386
0.149867
0.150878
0.153245
0.156271
0.156988
0.156814
0.154287
0.145513
0.139198
0.138976
0.139831
0.141834
0.144793
0.147686
0.149797
0.151457
0.153232
0.15545
0.15832
0.161818
0.165674
0.169613
0.173747
0.178718
0.185336
0.193084
0.196965
0.197614
0.191005
0.184151
0.185264
0.189683
0.197052
0.205346
0.211682
0.216103
0.220255
0.224785
0.230129
0.236243
0.243142
0.251682
0.262828
0.274701
0.280638
0.281866
0.276003
0.272688
0.279554
0.292308
0.310468
0.328833
0.344953
0.361539
0.381809
0.409355
0.449688
0.506433
0.565048
0.61982
0.669933
0.743929
0.839748
0.948195
1.04841
1.131
1.17568
1.19578
1.20343
1.22272
1.27431
1.35893
1.4808
1.58288
1.61826
1.61431
1.59262
1.59698
1.61659
1.64842
1.65921
1.65746
1.64391
1.63672
1.63945
1.64988
1.66223
1.66518
1.66442
1.66009
1.65753
1.65823
1.66036
1.66204
1.66236
1.66159
1.66067
1.66097
1.66222
1.66453
1.66606
1.66635
1.66624
1.66587
1.66584
1.66599
1.6662
1.66625
1.66603
1.66536
1.66428
1.6634
1.66315
1.66311
1.66319
1.66352
1.66425
1.66539
1.6667
1.66758
1.66787
1.66797
1.66775
1.66715
1.66627
1.66552
1.66526
1.66533
1.66554
1.66592
1.66647
1.667
1.66728
1.66742
1.66738
1.66713
1.6668
1.66671
1.66679
1.66696
1.6673
1.66782
1.66834
1.6686
1.66867
1.66861
1.66833
1.66777
1.66698
1.66637
1.66622
1.66627
1.6664
1.66662
1.66686
1.66696
1.667
1.66696
1.66681
1.66652
1.66609
1.66562
1.66532
1.66525
1.66531
1.66546
1.66571
1.66607
1.66651
1.66688
1.66703
1.66707
1.66708
1.66678
27.7841
0.725583
0.266507
0.265086
0.263877
0.259628
0.253224
0.250341
0.230067
0.176229
0.146928
0.146155
0.14893
0.155339
0.163171
0.171302
0.179496
0.187861
0.196679
0.206456
0.217782
0.229748
0.237869
0.240104
0.239374
0.236731
0.220431
0.173955
0.151869
0.151479
0.154301
0.159389
0.164014
0.167636
0.17081
0.173962
0.177265
0.180744
0.184305
0.18783
0.19134
0.195398
0.201684
0.210778
0.215324
0.214459
0.205267
0.17397
0.153993
0.152943
0.154142
0.157541
0.160898
0.163122
0.164735
0.166299
0.168073
0.170089
0.172214
0.174238
0.176033
0.177763
0.180093
0.184572
0.191186
0.193666
0.192651
0.185287
0.163962
0.151372
0.150564
0.151169
0.15346
0.156152
0.157898
0.158934
0.159828
0.160912
0.162292
0.163834
0.165258
0.166404
0.167428
0.168833
0.17169
0.176461
0.17914
0.178805
0.175768
0.163709
0.149966
0.14757
0.147558
0.148607
0.150813
0.152802
0.153815
0.154306
0.154744
0.155393
0.156328
0.157364
0.158214
0.158843
0.159535
0.160889
0.163829
0.166845
0.167126
0.166119
0.160958
0.148976
0.142253
0.141663
0.1418
0.143035
0.145043
0.146437
0.14687
0.146955
0.147041
0.147311
0.147848
0.14855
0.149161
0.149603
0.150081
0.151076
0.153376
0.15624
0.156879
0.156525
0.153603
0.14451
0.138406
0.138234
0.139043
0.141013
0.143887
0.146657
0.148677
0.150249
0.151956
0.154117
0.156935
0.160411
0.164304
0.168336
0.172592
0.177663
0.1844
0.192559
0.19677
0.197962
0.191862
0.18476
0.185707
0.190203
0.197714
0.206245
0.212883
0.217658
0.222198
0.227191
0.233115
0.239951
0.247635
0.257025
0.269023
0.281109
0.287071
0.287359
0.280294
0.276872
0.283271
0.29517
0.311953
0.328364
0.342213
0.356301
0.373357
0.397039
0.432623
0.483744
0.540432
0.597753
0.655894
0.740351
0.855598
0.998512
1.14189
1.25758
1.30312
1.31376
1.29862
1.30666
1.3462
1.42615
1.53594
1.59924
1.61805
1.60046
1.58512
1.59436
1.62322
1.65479
1.66144
1.65619
1.63963
1.63517
1.63935
1.65206
1.66366
1.66564
1.66425
1.65967
1.65819
1.65912
1.6613
1.66236
1.66237
1.66112
1.66041
1.66093
1.66251
1.66486
1.66613
1.66633
1.66619
1.66601
1.66604
1.66625
1.66641
1.66636
1.66604
1.66525
1.66414
1.6632
1.66282
1.66277
1.66285
1.66318
1.66394
1.66522
1.66676
1.6678
1.66811
1.66821
1.66799
1.66736
1.66633
1.66534
1.6649
1.66494
1.66515
1.66557
1.66624
1.66693
1.66734
1.66752
1.66756
1.66738
1.66703
1.66684
1.6669
1.66703
1.66731
1.66777
1.66829
1.6686
1.66867
1.66864
1.66841
1.66787
1.6671
1.66648
1.66632
1.66639
1.66652
1.66674
1.667
1.66715
1.66719
1.66717
1.66703
1.66672
1.66623
1.66565
1.66524
1.66513
1.66519
1.66532
1.66557
1.666
1.66654
1.66701
1.6672
1.66724
1.66727
1.66692
27.7883
0.73041
0.265427
0.264137
0.26291
0.258707
0.252411
0.249558
0.229956
0.177263
0.147373
0.146492
0.149194
0.155608
0.163509
0.17173
0.180021
0.188484
0.197405
0.207305
0.218749
0.230773
0.238798
0.241004
0.240224
0.237373
0.22017
0.172922
0.15182
0.151568
0.154509
0.159616
0.164189
0.167766
0.170921
0.174087
0.177434
0.180966
0.184593
0.188186
0.191751
0.195843
0.202135
0.211279
0.215924
0.215014
0.20569
0.174113
0.154145
0.153078
0.154282
0.157644
0.16093
0.163085
0.164642
0.166158
0.167899
0.169893
0.172002
0.174014
0.175806
0.17754
0.179878
0.184363
0.191093
0.193709
0.19276
0.185521
0.164286
0.151664
0.150873
0.151486
0.153803
0.156496
0.158219
0.159232
0.160102
0.161162
0.162518
0.164028
0.165406
0.166495
0.167455
0.168782
0.171546
0.17624
0.178908
0.178561
0.175563
0.163665
0.150005
0.147587
0.147561
0.148598
0.1508
0.152798
0.153819
0.154317
0.154767
0.155441
0.156416
0.157499
0.158407
0.15911
0.159901
0.161401
0.164473
0.167451
0.167656
0.166551
0.161036
0.148709
0.142239
0.141695
0.141839
0.14307
0.145035
0.146379
0.146788
0.146864
0.146953
0.147242
0.147828
0.14858
0.149206
0.149642
0.150108
0.151074
0.153324
0.156046
0.156594
0.156133
0.152942
0.143719
0.137782
0.137645
0.138443
0.140433
0.143291
0.145993
0.147967
0.149501
0.151156
0.153274
0.156061
0.159511
0.163381
0.167409
0.171682
0.17675
0.183504
0.191913
0.196492
0.198132
0.192461
0.185256
0.186079
0.190652
0.198275
0.206985
0.213845
0.218863
0.223697
0.22908
0.235523
0.242984
0.251316
0.261339
0.273911
0.286048
0.292149
0.291739
0.283885
0.280606
0.286696
0.298067
0.313721
0.328515
0.340744
0.35311
0.368183
0.389256
0.421119
0.467473
0.520103
0.575979
0.636974
0.729058
0.856259
1.02229
1.19959
1.34597
1.40052
1.4057
1.38037
1.38825
1.42483
1.50261
1.58448
1.61319
1.61325
1.5871
1.58193
1.59628
1.6328
1.65855
1.66184
1.65185
1.63541
1.63457
1.64093
1.65553
1.66439
1.6653
1.66298
1.65891
1.65879
1.66028
1.66232
1.66291
1.66226
1.66043
1.66012
1.66095
1.66295
1.66528
1.66618
1.66628
1.66616
1.66611
1.66624
1.66658
1.66666
1.66651
1.66599
1.66501
1.66386
1.66295
1.66252
1.66246
1.66256
1.6629
1.66371
1.66513
1.66687
1.66804
1.66836
1.66843
1.66821
1.66751
1.66634
1.66515
1.6646
1.66463
1.66486
1.6653
1.66603
1.66684
1.66737
1.66759
1.66769
1.66754
1.66719
1.66691
1.66693
1.66704
1.66727
1.66769
1.66821
1.66858
1.66868
1.66868
1.66848
1.66797
1.66719
1.66654
1.66637
1.66644
1.66658
1.66682
1.6671
1.66729
1.66735
1.66734
1.66722
1.66689
1.66634
1.66566
1.66519
1.66508
1.66514
1.66526
1.66553
1.66601
1.66664
1.66718
1.66741
1.66747
1.6675
1.66712
27.7975
0.733526
0.264603
0.263271
0.262108
0.258173
0.252122
0.249224
0.229869
0.17785
0.147842
0.146944
0.149601
0.156005
0.163926
0.172186
0.180509
0.188997
0.197949
0.20792
0.219485
0.231516
0.239371
0.241537
0.240705
0.23767
0.219679
0.171837
0.151708
0.151573
0.154617
0.159747
0.164285
0.167835
0.170978
0.174147
0.177516
0.181094
0.184791
0.188469
0.192114
0.196263
0.202586
0.211756
0.216451
0.215473
0.206009
0.174176
0.1542
0.153117
0.154322
0.157654
0.160881
0.162964
0.164459
0.165928
0.167638
0.169613
0.171709
0.173713
0.175502
0.177241
0.179593
0.184116
0.191029
0.193844
0.19298
0.185869
0.164716
0.152015
0.15125
0.151864
0.154194
0.156871
0.158557
0.159533
0.160374
0.161407
0.162738
0.164211
0.16553
0.166546
0.16744
0.168696
0.171372
0.175996
0.178677
0.17832
0.175359
0.163607
0.15
0.14755
0.147509
0.14853
0.150722
0.152723
0.153757
0.154277
0.154758
0.155466
0.156474
0.157598
0.158563
0.159339
0.160223
0.161853
0.165046
0.168032
0.168212
0.167053
0.161245
0.148573
0.142249
0.141737
0.141888
0.143112
0.145037
0.146348
0.146741
0.14681
0.146888
0.14716
0.147721
0.14844
0.149061
0.149517
0.150003
0.150968
0.153181
0.155799
0.156262
0.155731
0.152418
0.14321
0.137404
0.137281
0.138077
0.140086
0.142951
0.14562
0.147568
0.149106
0.15077
0.15288
0.155636
0.159026
0.162831
0.16682
0.171072
0.176086
0.182765
0.191232
0.196115
0.198105
0.192861
0.185691
0.186399
0.191049
0.198791
0.207611
0.214588
0.21978
0.224821
0.23047
0.237248
0.245064
0.25371
0.26399
0.276773
0.288885
0.295111
0.294255
0.286005
0.282942
0.288921
0.300061
0.315096
0.328956
0.340416
0.351821
0.365811
0.3856
0.415628
0.45904
0.507935
0.561447
0.621893
0.716612
0.851141
1.0288
1.22575
1.39435
1.45973
1.46652
1.44018
1.44969
1.48686
1.55794
1.60887
1.61871
1.60372
1.58069
1.58536
1.60606
1.64365
1.65897
1.65854
1.64337
1.63155
1.63399
1.64461
1.66023
1.66549
1.66511
1.66087
1.658
1.65884
1.66145
1.66338
1.66367
1.66213
1.65974
1.65977
1.66094
1.66341
1.66564
1.66621
1.66623
1.66617
1.66616
1.66649
1.66696
1.66696
1.6667
1.66593
1.66472
1.66354
1.66269
1.66227
1.66221
1.66236
1.66271
1.66358
1.66512
1.66704
1.66829
1.66859
1.66863
1.66837
1.66759
1.6663
1.66497
1.66437
1.6644
1.66465
1.66511
1.66588
1.66678
1.66739
1.66764
1.66776
1.66763
1.66727
1.66694
1.66693
1.66702
1.66723
1.66763
1.66818
1.66861
1.66872
1.66873
1.66856
1.66806
1.66725
1.66657
1.66638
1.66647
1.66662
1.66686
1.66717
1.6674
1.66747
1.66747
1.66735
1.66701
1.66641
1.66567
1.66517
1.66507
1.66512
1.66525
1.66555
1.66607
1.66677
1.66737
1.66764
1.66771
1.66776
1.66735
27.8061
0.733963
0.264276
0.262802
0.261706
0.258091
0.252276
0.249363
0.229786
0.177714
0.148157
0.147351
0.15002
0.156463
0.16443
0.17274
0.181108
0.189631
0.19863
0.20869
0.220387
0.232464
0.24022
0.242359
0.24147
0.238248
0.219293
0.170882
0.151635
0.151593
0.154702
0.159821
0.16432
0.167848
0.170988
0.174175
0.177571
0.181185
0.18493
0.188665
0.192366
0.196559
0.202918
0.212097
0.216807
0.215775
0.206226
0.174221
0.154236
0.153146
0.154355
0.15766
0.16082
0.162832
0.164272
0.1657
0.16738
0.169332
0.171413
0.173415
0.175217
0.17698
0.179364
0.183924
0.190965
0.193954
0.193147
0.186169
0.165108
0.15231
0.151548
0.152159
0.154491
0.157153
0.158812
0.15977
0.160601
0.161625
0.162931
0.16435
0.165596
0.166546
0.167376
0.168574
0.171181
0.175746
0.178435
0.178059
0.175128
0.163532
0.149981
0.1475
0.147449
0.148459
0.15065
0.152665
0.153728
0.154276
0.154787
0.155529
0.156581
0.157755
0.158758
0.159556
0.160459
0.162142
0.165412
0.168438
0.16863
0.167463
0.16148
0.148591
0.142332
0.141827
0.141976
0.143186
0.14507
0.146331
0.146687
0.146728
0.146783
0.147031
0.147565
0.148269
0.148889
0.149344
0.14983
0.150797
0.15301
0.155574
0.156002
0.155433
0.152068
0.142898
0.137164
0.13705
0.137862
0.139904
0.1428
0.145466
0.147407
0.148968
0.150668
0.152805
0.155546
0.158892
0.162655
0.1666
0.170781
0.175677
0.18224
0.190701
0.195751
0.197974
0.193082
0.186006
0.186651
0.191357
0.199173
0.208061
0.215105
0.220398
0.225555
0.231346
0.238266
0.246186
0.254877
0.265179
0.277999
0.290004
0.296218
0.295052
0.286599
0.283707
0.289687
0.300807
0.315617
0.329138
0.340244
0.35138
0.365122
0.384656
0.414226
0.456382
0.503407
0.555523
0.61488
0.709909
0.846695
1.02836
1.23185
1.41359
1.48638
1.49576
1.46866
1.47679
1.51211
1.577
1.6077
1.61017
1.59462
1.58598
1.59455
1.62137
1.65155
1.65804
1.65208
1.63326
1.62816
1.63362
1.64935
1.66437
1.66676
1.66469
1.65854
1.65688
1.65849
1.66236
1.66434
1.66436
1.662
1.65921
1.65947
1.66094
1.66376
1.66583
1.66622
1.66619
1.66613
1.6662
1.66672
1.66729
1.66724
1.66686
1.66588
1.66445
1.66323
1.66248
1.66211
1.66204
1.66222
1.6626
1.66351
1.66515
1.6672
1.66847
1.66875
1.66876
1.66846
1.66762
1.66625
1.66486
1.66423
1.66425
1.66453
1.665
1.6658
1.66675
1.6674
1.66767
1.6678
1.66768
1.6673
1.66694
1.6669
1.66698
1.66718
1.6676
1.66817
1.66863
1.66876
1.66877
1.6686
1.6681
1.66729
1.66659
1.66639
1.66647
1.66663
1.66688
1.66721
1.66746
1.66753
1.66754
1.66742
1.66707
1.66643
1.66566
1.66515
1.66505
1.6651
1.66522
1.66554
1.66611
1.66686
1.66752
1.66781
1.66791
1.66799
1.66757
27.8076
0.734123
0.264288
0.262664
0.261445
0.258031
0.252492
0.24953
0.229637
0.17746
0.148376
0.147632
0.150302
0.156765
0.164759
0.173098
0.181497
0.190046
0.199068
0.209185
0.221006
0.23315
0.240813
0.242867
0.2418
0.238366
0.21892
0.170272
0.151574
0.151587
0.154728
0.159841
0.164327
0.167854
0.171014
0.174222
0.177637
0.181274
0.185049
0.188815
0.19253
0.196722
0.203085
0.212327
0.217037
0.215956
0.20633
0.174215
0.154245
0.153139
0.154347
0.157622
0.160723
0.162681
0.164082
0.165484
0.167144
0.169085
0.171167
0.173187
0.175023
0.176833
0.179274
0.183885
0.190975
0.194075
0.193338
0.186449
0.16541
0.152553
0.151795
0.152405
0.154732
0.157381
0.159024
0.159969
0.160792
0.161794
0.163046
0.164404
0.165591
0.166489
0.167278
0.168441
0.171024
0.175575
0.178257
0.177878
0.174977
0.163504
0.149988
0.147485
0.147433
0.148441
0.150633
0.15266
0.153737
0.154299
0.154824
0.155588
0.156669
0.157878
0.158914
0.159735
0.16066
0.162368
0.165676
0.168711
0.168863
0.167655
0.161576
0.148608
0.142388
0.141881
0.142026
0.143218
0.145071
0.146298
0.146619
0.14663
0.146659
0.14688
0.147393
0.148085
0.148698
0.149149
0.149636
0.150615
0.152843
0.155405
0.155831
0.155262
0.151861
0.14274
0.137072
0.136973
0.137796
0.139864
0.142782
0.145469
0.147444
0.149026
0.15072
0.152826
0.155511
0.158796
0.162507
0.166407
0.170548
0.175426
0.182006
0.190474
0.195578
0.197889
0.193173
0.186173
0.186833
0.191584
0.199445
0.208363
0.215414
0.220728
0.225907
0.231738
0.238707
0.246642
0.255299
0.265512
0.278178
0.289926
0.296071
0.294793
0.286328
0.28357
0.289674
0.30096
0.315864
0.32941
0.340468
0.351566
0.365296
0.384874
0.414432
0.456189
0.502122
0.553808
0.612393
0.707344
0.844425
1.02692
1.23234
1.41894
1.49439
1.50346
1.47458
1.48202
1.51598
1.57549
1.60363
1.60749
1.59697
1.59464
1.60457
1.63215
1.65495
1.65682
1.64564
1.62743
1.62637
1.63425
1.65294
1.66608
1.66728
1.66397
1.6572
1.65631
1.65845
1.66304
1.66485
1.66462
1.66176
1.65889
1.65931
1.66098
1.664
1.66594
1.66625
1.66624
1.66619
1.66633
1.66695
1.66752
1.6674
1.66695
1.66582
1.66424
1.66302
1.66234
1.66201
1.66195
1.66216
1.66258
1.66354
1.66526
1.66737
1.66863
1.66886
1.66883
1.6685
1.66762
1.6662
1.66478
1.66414
1.66417
1.66445
1.66494
1.66576
1.66674
1.66742
1.66769
1.66783
1.66769
1.6673
1.66693
1.66689
1.66698
1.66719
1.66761
1.66819
1.66868
1.66882
1.66883
1.66865
1.66814
1.6673
1.6666
1.6664
1.66649
1.66665
1.66691
1.66725
1.6675
1.66758
1.66759
1.66747
1.66711
1.66645
1.66565
1.66516
1.66509
1.66513
1.66527
1.6656
1.66618
1.66696
1.66763
1.66794
1.66804
1.66814
1.6677
)
;

boundaryField
{
    sides
    {
        type            calculated;
        value           nonuniform List<scalar> 
600
(
27.8049
0.705062
0.264221
0.263099
0.261439
0.257632
0.252379
0.249997
0.234936
0.189429
0.152647
0.150132
0.151652
0.157032
0.164336
0.172195
0.180293
0.188696
0.19763
0.207415
0.21838
0.229737
0.238192
0.241445
0.24091
0.238527
0.22464
0.179361
0.152844
0.152014
0.154401
0.159225
0.163609
0.166944
0.169852
0.172815
0.17601
0.17942
0.18292
0.186326
0.189571
0.193091
0.198341
0.206855
0.21316
0.213013
0.207308
0.181345
0.155993
0.153429
0.154084
0.157031
0.160487
0.162855
0.164502
0.166074
0.16788
0.169935
0.172056
0.173982
0.175553
0.176915
0.178664
0.18211
0.188443
0.193047
0.192897
0.188916
0.171634
0.153304
0.150717
0.150827
0.152476
0.155019
0.156809
0.157762
0.15848
0.15934
0.160499
0.161874
0.163191
0.164237
0.165094
0.166161
0.168295
0.172538
0.176413
0.176689
0.175117
0.166371
0.151304
0.146672
0.146513
0.147241
0.149246
0.151341
0.152513
0.153087
0.153547
0.154161
0.155046
0.156074
0.156937
0.157513
0.158003
0.158859
0.16091
0.163929
0.165164
0.164672
0.161708
0.152068
0.142239
0.140339
0.140103
0.140807
0.142434
0.143726
0.14408
0.144067
0.144029
0.144144
0.144525
0.145204
0.14606
0.146866
0.1477
0.148932
0.151082
0.154172
0.156946
0.158133
0.157733
0.152517
0.145822
0.144739
0.14617
0.148956
0.152981
0.157113
0.160293
0.162566
0.164557
0.166693
0.169255
0.172223
0.175205
0.17791
0.180599
0.184086
0.188869
0.191958
0.193146
0.190273
0.181865
0.17727
0.178521
0.181795
0.187648
0.194734
0.200793
0.205397
0.209797
0.214762
0.220754
0.227811
0.235874
0.245566
0.257438
0.269005
0.275689
0.276119
0.269885
0.268351
0.27537
0.28797
0.30442
0.318548
0.327853
0.335835
0.344676
0.356763
0.375288
0.40206
0.4335
0.461772
0.493817
0.534968
0.610193
0.728022
0.890798
1.08078
1.28473
1.42116
1.47134
1.4593
1.46499
1.496
1.56087
1.60035
1.60617
1.59164
1.57561
1.58216
1.6046
1.63888
1.65086
1.6499
1.63803
1.6341
1.63951
1.65379
1.66527
1.66643
1.66215
1.65196
1.64839
1.64948
1.65433
1.65939
1.66048
1.66033
1.65944
1.65991
1.66141
1.66396
1.66516
1.66528
1.66437
1.66295
1.66262
1.66293
1.66341
1.66376
1.66392
1.66385
1.66391
1.66438
1.66501
1.66559
1.66605
1.6663
1.66639
1.66655
1.6667
1.66678
1.66674
1.66646
1.66594
1.66559
1.66554
1.66561
1.66589
1.66635
1.66675
1.66695
1.66715
1.66729
1.66737
1.66732
1.66711
1.66681
1.66663
1.66665
1.66673
1.66682
1.66692
1.66704
1.66725
1.66758
1.66795
1.66818
1.66833
1.66843
1.66841
1.6682
1.66776
1.66717
1.66666
1.6664
1.66633
1.66636
1.66639
1.66646
1.6666
1.66688
1.66722
1.66747
1.66753
1.66749
1.6673
1.66687
1.66617
1.66528
1.66453
1.66423
1.66421
1.66426
1.66442
1.66511
27.8076
0.734123
0.264288
0.262664
0.261445
0.258031
0.252492
0.24953
0.229637
0.17746
0.148376
0.147632
0.150302
0.156765
0.164759
0.173098
0.181497
0.190046
0.199068
0.209185
0.221006
0.23315
0.240813
0.242867
0.2418
0.238366
0.21892
0.170272
0.151574
0.151587
0.154728
0.159841
0.164327
0.167854
0.171014
0.174222
0.177637
0.181274
0.185049
0.188815
0.19253
0.196722
0.203085
0.212327
0.217037
0.215956
0.20633
0.174215
0.154245
0.153139
0.154347
0.157622
0.160723
0.162681
0.164082
0.165484
0.167144
0.169085
0.171167
0.173187
0.175023
0.176833
0.179274
0.183885
0.190975
0.194075
0.193338
0.186449
0.16541
0.152553
0.151795
0.152405
0.154732
0.157381
0.159024
0.159969
0.160792
0.161794
0.163046
0.164404
0.165591
0.166489
0.167278
0.168441
0.171024
0.175575
0.178257
0.177878
0.174977
0.163504
0.149988
0.147485
0.147433
0.148441
0.150633
0.15266
0.153737
0.154299
0.154824
0.155588
0.156669
0.157878
0.158914
0.159735
0.16066
0.162368
0.165676
0.168711
0.168863
0.167655
0.161576
0.148608
0.142388
0.141881
0.142026
0.143218
0.145071
0.146298
0.146619
0.14663
0.146659
0.14688
0.147393
0.148085
0.148698
0.149149
0.149636
0.150615
0.152843
0.155405
0.155831
0.155262
0.151861
0.14274
0.137072
0.136973
0.137796
0.139864
0.142782
0.145469
0.147444
0.149026
0.15072
0.152826
0.155511
0.158796
0.162507
0.166407
0.170548
0.175426
0.182006
0.190474
0.195578
0.197889
0.193173
0.186173
0.186833
0.191584
0.199445
0.208363
0.215414
0.220728
0.225907
0.231738
0.238707
0.246642
0.255299
0.265512
0.278178
0.289926
0.296071
0.294793
0.286328
0.28357
0.289674
0.30096
0.315864
0.32941
0.340468
0.351566
0.365296
0.384874
0.414432
0.456189
0.502122
0.553808
0.612393
0.707344
0.844425
1.02692
1.23234
1.41894
1.49439
1.50346
1.47458
1.48202
1.51598
1.57549
1.60363
1.60749
1.59697
1.59464
1.60457
1.63215
1.65495
1.65682
1.64564
1.62743
1.62637
1.63425
1.65294
1.66608
1.66728
1.66397
1.6572
1.65631
1.65845
1.66304
1.66485
1.66462
1.66176
1.65889
1.65931
1.66098
1.664
1.66594
1.66625
1.66624
1.66619
1.66633
1.66695
1.66752
1.6674
1.66695
1.66582
1.66424
1.66302
1.66234
1.66201
1.66195
1.66216
1.66258
1.66354
1.66526
1.66737
1.66863
1.66886
1.66883
1.6685
1.66762
1.6662
1.66478
1.66414
1.66417
1.66445
1.66494
1.66576
1.66674
1.66742
1.66769
1.66783
1.66769
1.6673
1.66693
1.66689
1.66698
1.66719
1.66761
1.66819
1.66868
1.66882
1.66883
1.66865
1.66814
1.6673
1.6666
1.6664
1.66649
1.66665
1.66691
1.66725
1.6675
1.66758
1.66759
1.66747
1.66711
1.66645
1.66565
1.66516
1.66509
1.66513
1.66527
1.6656
1.66618
1.66696
1.66763
1.66794
1.66804
1.66814
1.6677
)
;
    }
    inlet
    {
        type            calculated;
        value           nonuniform List<scalar> 
20
(
0.0957862
0.0957898
0.0957946
0.095802
0.0958126
0.0958222
0.0958265
0.0958225
0.0958127
0.0958009
0.0957948
0.0957959
0.0958009
0.0958083
0.095813
0.0958129
0.0958076
0.0957977
0.095789
0.0957881
)
;
    }
    outlet
    {
        type            calculated;
        value           nonuniform List<scalar> 
20
(
1.66511
1.66527
1.66552
1.66589
1.66629
1.66669
1.667
1.66717
1.66719
1.6671
1.66695
1.66682
1.66674
1.66673
1.66678
1.66692
1.66712
1.66735
1.66757
1.6677
)
;
    }
    empty
    {
        type            empty;
    }
}


// ************************************************************************* //
