/*--------------------------------*- C++ -*----------------------------------*\
| =========                 |                                                 |
| \\      /  F ield         | OpenFOAM: The Open Source CFD Toolbox           |
|  \\    /   O peration     | Version:  2306                                  |
|   \\  /    A nd           | Website:  www.openfoam.com                      |
|    \\/     M anipulation  |                                                 |
\*---------------------------------------------------------------------------*/
FoamFile
{
    version     2.0;
    format      ascii;
    arch        "LSB;label=32;scalar=64";
    class       volScalarField;
    location    "0.1";
    object      T;
}
// * * * * * * * * * * * * * * * * * * * * * * * * * * * * * * * * * * * * * //

dimensions      [0 0 0 1 0 0 0];

internalField   nonuniform List<scalar> 
6000
(
3636.31
2915.94
2838.83
2868.05
2884.03
2872.79
2854.99
2865.22
2822.27
2610.49
2379.4
2373.31
2399.89
2450.46
2514.05
2582.74
2653.83
2727.09
2803.41
2884.84
2973.9
3066.08
3142.09
3188.08
3210.98
3228.71
3185.63
2931.45
2733.66
2741.6
2777.6
2828.57
2876.67
2917.65
2955.69
2994.16
3034.14
3075.43
3117.2
3158.41
3198.75
3241.23
3295.34
3371.43
3431.03
3447.65
3432.42
3273.54
3079.49
3068.02
3087.21
3124.21
3164.46
3196.67
3223.35
3249.57
3277.63
3307.53
3337.94
3366.99
3393.44
3418.32
3446.08
3486.6
3549.9
3599.34
3612.37
3600.13
3480.69
3331.4
3317.66
3330.99
3358.76
3393.12
3421.65
3443.11
3462.74
3483.83
3507.56
3533.21
3558.49
3581.46
3602.81
3626.13
3658.72
3709.85
3758.1
3773.84
3775.2
3715.43
3586.62
3549.85
3559.2
3579.56
3610.18
3642.35
3666.34
3684.87
3702.85
3722.86
3745.93
3770.96
3794.98
3816.67
3838.15
3864.03
3902.15
3951.31
3983.36
3998.22
3993.64
3920.6
3833.11
3829.57
3848.79
3879.39
3918.44
3955.16
3981.43
4002.47
4022.31
4041.23
4058.31
4072.75
4081.8
4083.86
4080.43
4074.19
4071.07
4073.72
4068.02
4033.76
3975.62
3870.89
3750.77
3689.7
3655.58
3630.56
3616.46
3602.67
3579.37
3547.58
3514.31
3483.27
3456.32
3433.02
3410.26
3385.98
3362.64
3345.49
3337.84
3317.26
3277.61
3210.22
3108.59
3031.86
2995.19
2965.01
2944.72
2925.06
2890.93
2840.41
2783.51
2724.99
2666.67
2608.4
2549.93
2493.6
2441.37
2383.24
2305.33
2208.74
2098.25
2013.27
1957.29
1915.01
1881.31
1839.38
1784.96
1728.32
1673.77
1623.02
1576.63
1529.62
1465.14
1362.01
1225.68
1066.06
910.458
766.652
642.358
544.464
479.469
436.576
409.577
391.512
383.101
379.833
380.48
379.325
374.782
368.759
363.882
361.72
361.104
361.72
360.975
359.072
356.748
355.568
355.315
355.782
356.314
356.05
355.228
354.047
353.491
353.378
353.525
353.743
353.654
353.434
353.193
353.089
353.057
353.124
353.114
353
352.797
352.579
352.454
352.389
352.33
352.263
352.183
352.087
352.01
351.966
351.93
351.893
351.848
351.79
351.726
351.677
351.631
351.576
351.504
351.41
351.304
351.218
351.163
351.122
351.095
351.081
351.059
351.022
350.986
350.954
350.921
350.88
350.828
350.768
350.713
350.672
350.634
350.6
350.572
350.552
350.543
350.542
350.543
350.53
350.506
350.48
350.445
350.4
350.339
350.266
350.199
350.152
350.121
350.097
350.074
350.059
350.054
350.059
350.072
350.076
350.065
350.041
350.007
349.956
349.882
349.791
349.713
349.673
349.661
349.652
349.647
349.685
3636.17
2915.09
2839.39
2868.62
2884.34
2873.27
2855.51
2866.14
2822.37
2608.04
2376.5
2370.79
2397.48
2448.22
2511.93
2580.74
2651.76
2724.96
2801.41
2883.08
2972.32
3064.73
3140.85
3186.78
3209.41
3226.85
3182.85
2927.94
2732.35
2740.53
2776.6
2827.64
2875.98
2917.3
2955.63
2994.33
3034.57
3076.15
3118.28
3160.03
3201.07
3244.03
3298.29
3373.88
3432.65
3449.06
3433.42
3272.38
3078.92
3068.11
3087.36
3124.34
3164.46
3196.55
3223.09
3249.15
3277.01
3306.69
3336.96
3366.08
3392.91
3418.35
3446.58
3487.43
3550.83
3599.88
3612.68
3599.81
3479.63
3331.74
3318.8
3332.39
3360.48
3395.17
3423.97
3445.63
3465.38
3486.55
3510.28
3535.89
3561.07
3583.92
3605.13
3628.26
3660.64
3711.47
3758.96
3774.16
3775.22
3714.52
3585.78
3549.4
3558.56
3578.87
3609.41
3641.49
3665.33
3683.69
3701.56
3721.49
3744.49
3769.41
3793.27
3814.8
3836.17
3861.97
3899.9
3948.5
3979.96
3994.62
3989.77
3916.32
3828.93
3825.29
3844.39
3874.8
3913.54
3950.16
3976.37
3997.39
4017.29
4036.36
4053.94
4069.34
4079.63
4082.71
4079.91
4074.44
4072.08
4075.35
4070.21
4036.04
3977.83
3872.96
3752.12
3690.71
3656.46
3631.2
3616.72
3602.21
3577.94
3545.7
3512.53
3481.75
3455
3431.68
3408.79
3384.43
3361.29
3344.82
3338.38
3318.86
3279.06
3211.68
3109.97
3032.76
2996.08
2965.94
2945.63
2925.84
2891.28
2840.28
2783.11
2724.5
2666.39
2608.69
2550.8
2495.12
2443.96
2387.1
2309.04
2212.05
2100.32
2013.66
1957.04
1913.27
1878.32
1836.12
1782.37
1725.95
1671.49
1620.58
1573.41
1525.42
1460
1356.34
1220.19
1062.14
908.479
766.683
643.794
546.61
481.916
438.762
411.611
393.374
384.649
381.065
381.673
380.502
375.642
369.184
363.81
361.493
360.716
361.393
360.91
359.224
356.955
355.625
355.299
355.628
356.186
355.978
355.248
354.142
353.556
353.423
353.529
353.725
353.647
353.442
353.212
353.105
353.065
353.12
353.106
352.993
352.797
352.582
352.452
352.386
352.323
352.255
352.175
352.08
352.008
351.964
351.928
351.892
351.848
351.791
351.726
351.674
351.627
351.572
351.5
351.409
351.307
351.225
351.173
351.133
351.108
351.094
351.07
351.029
350.99
350.952
350.91
350.86
350.801
350.741
350.692
350.657
350.623
350.594
350.57
350.553
350.545
350.545
350.546
350.531
350.505
350.476
350.436
350.387
350.324
350.251
350.186
350.141
350.114
350.093
350.072
350.058
350.055
350.061
350.073
350.076
350.065
350.041
350.009
349.961
349.892
349.806
349.73
349.691
349.677
349.669
349.662
349.698
3635.99
2913.09
2838.27
2868.08
2884.38
2873.03
2855.82
2867.28
2823.17
2605.75
2373.22
2367.73
2394.49
2445.5
2509.38
2578.21
2649.08
2722.08
2798.38
2880.15
2970.09
3063.66
3139.83
3184.88
3207.48
3225.2
3179.69
2922.92
2730.83
2739.33
2775.5
2826.54
2875.11
2916.93
2955.78
2994.93
3035.48
3077.23
3119.47
3161.31
3202.5
3245.93
3301.04
3377.3
3435.45
3451.48
3434.32
3269.38
3077.62
3067.93
3087.62
3124.77
3164.87
3196.89
3223.4
3249.31
3276.85
3306.19
3336.24
3365.4
3392.53
3418.36
3447.17
3488.78
3552.58
3600.39
3612.65
3599.05
3477.39
3331.83
3320.2
3334.21
3362.7
3397.84
3427.03
3448.96
3468.89
3490.15
3513.95
3539.54
3564.57
3587.13
3607.97
3630.76
3662.94
3713.47
3759.46
3773.77
3774.34
3711.45
3582.87
3548.08
3557.03
3577.24
3607.64
3639.48
3663.02
3681.1
3698.73
3718.52
3741.42
3766.28
3790.1
3811.6
3832.94
3858.72
3896.76
3944.97
3975.39
3989.5
3983.82
3909.01
3822.13
3818.72
3837.6
3867.62
3905.71
3941.99
3968.04
3989.03
4008.97
4028.24
4046.63
4063.6
4075.9
4080.61
4079.12
4075.05
4073.62
4077.54
4072.93
4039.33
3981.68
3876.51
3754.83
3693.24
3658.8
3633.18
3618.24
3603.13
3577.86
3544.65
3510.82
3479.71
3452.94
3429.72
3406.8
3382.31
3359.04
3342.71
3337.17
3318.96
3279.23
3212.04
3110.31
3032.91
2996.51
2966.71
2946.74
2927.18
2892.4
2841.07
2784.37
2726.45
2669.1
2612.35
2555.74
2501.59
2451.84
2396.62
2318.9
2221.83
2107.88
2017.5
1958.03
1910.32
1871.49
1826.53
1771.23
1713.32
1657.66
1605.83
1557.99
1509.19
1441.86
1338.18
1203.3
1049.43
901.506
765.979
647.907
554.317
491.441
448.396
420.59
401.078
390.736
385.449
384.809
382.971
377.306
370.227
363.989
361.217
360.139
360.789
360.73
359.362
357.26
355.744
355.318
355.434
355.932
355.803
355.217
354.269
353.667
353.502
353.541
353.691
353.628
353.44
353.231
353.123
353.073
353.111
353.092
352.98
352.795
352.588
352.452
352.382
352.316
352.246
352.162
352.067
351.996
351.952
351.92
351.886
351.843
351.789
351.726
351.67
351.619
351.562
351.489
351.402
351.308
351.234
351.187
351.15
351.128
351.115
351.087
351.043
350.999
350.953
350.899
350.837
350.768
350.708
350.665
350.634
350.606
350.583
350.566
350.555
350.551
350.554
350.553
350.535
350.509
350.477
350.433
350.377
350.305
350.227
350.163
350.125
350.104
350.085
350.069
350.059
350.057
350.064
350.076
350.079
350.068
350.046
350.016
349.973
349.909
349.828
349.753
349.713
349.699
349.691
349.685
349.72
3635.71
2912.09
2835.95
2866.46
2883.75
2872.19
2855.47
2867.55
2823.31
2603.18
2369.21
2363.85
2391.02
2442.51
2506.72
2575.62
2646.36
2719.09
2795.1
2876.95
2967.89
3062.88
3138.54
3182.49
3205.15
3223.02
3175.69
2916.96
2729.31
2738.16
2774.46
2825.6
2874.64
2917.14
2956.67
2996.38
3037.27
3079.17
3121.44
3163.3
3204.5
3248.16
3304.14
3381.24
3438.18
3453.58
3434.56
3264.82
3075.88
3067.83
3088.07
3125.58
3165.7
3197.59
3223.9
3249.52
3276.84
3306.1
3336.16
3365.41
3392.75
3418.99
3448.36
3490.71
3554.67
3600.9
3612.62
3597.91
3474.29
3331.61
3321.65
3336.27
3365.25
3400.94
3430.59
3452.89
3473.12
3494.69
3518.78
3544.55
3569.48
3591.62
3611.85
3634.04
3665.79
3715.86
3760.1
3773.32
3772.84
3707
3578.51
3545.58
3554.47
3574.7
3605.05
3636.71
3660.08
3678.02
3695.5
3715.09
3737.79
3762.49
3786.23
3807.71
3829.05
3854.83
3892.98
3940.53
3969.7
3983.2
3975.96
3898.55
3812.82
3810.18
3828.97
3858.61
3896.26
3932.62
3959.09
3980.35
4000.47
4020.17
4039.6
4058.21
4072.61
4079.13
4078.81
4075.74
4075.24
4080.05
4076.24
4043.45
3986.39
3880.85
3758.5
3697.05
3662.56
3636.64
3621.02
3604.97
3578.78
3544.83
3510.25
3478.42
3451.1
3427.64
3404.84
3380.63
3357.37
3340.86
3335.34
3318.16
3278.44
3211.21
3109.26
3031.58
2995.64
2966.43
2947.03
2927.35
2892.17
2841.67
2786.69
2730.72
2675.43
2620.74
2566.3
2514.22
2466.35
2413.32
2335.68
2238.56
2121.24
2024.5
1959.87
1905.44
1859.82
1808.49
1748.06
1685.51
1626.15
1571.89
1522.9
1473.38
1403.88
1302.1
1170.78
1026.32
890.071
766.833
658.999
572.919
513.839
471.342
441.57
418.587
403.951
394.345
390.103
386.18
378.93
371.151
364.077
360.789
359.572
360.157
360.479
359.407
357.497
355.798
355.264
355.212
355.63
355.617
355.181
354.402
353.779
353.577
353.55
353.652
353.616
353.446
353.252
353.136
353.071
353.09
353.069
352.962
352.794
352.598
352.449
352.37
352.304
352.233
352.148
352.054
351.981
351.934
351.902
351.875
351.834
351.784
351.726
351.667
351.611
351.548
351.475
351.393
351.309
351.246
351.205
351.172
351.155
351.141
351.107
351.059
351.01
350.954
350.888
350.811
350.733
350.672
350.635
350.607
350.585
350.569
350.561
350.558
350.561
350.566
350.563
350.542
350.516
350.479
350.431
350.365
350.282
350.199
350.141
350.113
350.098
350.083
350.071
350.065
350.067
350.075
350.085
350.085
350.072
350.051
350.023
349.984
349.928
349.855
349.785
349.747
349.733
349.726
349.721
349.751
3635.31
2911.29
2833.29
2864.59
2882.7
2870.98
2854.76
2867.11
2822.52
2599.89
2365.73
2360.63
2388.36
2440.46
2505.08
2574.18
2644.86
2717.36
2793.12
2874.96
2966.6
3062.4
3137.3
3180.13
3202.87
3220.63
3171.47
2911.21
2728.06
2737.25
2773.7
2825.03
2874.62
2917.74
2957.89
2998.11
3039.34
3081.42
3123.71
3165.44
3206.58
3250.44
3307.19
3384.67
3439.7
3454.48
3433.53
3258.94
3073.52
3067.2
3088.14
3126.12
3166.4
3198.43
3224.81
3250.39
3277.54
3306.51
3336.42
3365.79
3393.44
3420.1
3450
3493.02
3557.05
3601.18
3612.1
3595.99
3469.9
3330.72
3322.54
3337.76
3367.07
3403.12
3433.03
3455.65
3476.22
3498.13
3522.59
3548.71
3573.85
3595.96
3615.93
3637.71
3668.92
3718.05
3760.42
3772.55
3770.91
3701.65
3573.28
3542.37
3551.14
3571.4
3601.67
3633.04
3656.08
3673.73
3690.98
3710.46
3733.18
3757.98
3781.89
3803.6
3825.24
3851.39
3889.87
3936.77
3964.84
3977.97
3968.86
3887.89
3803.34
3801.66
3820.44
3849.88
3887.31
3923.58
3950.17
3971.55
3991.78
4011.87
4032.09
4051.58
4066.99
4075.04
4076.54
4075.09
4076.44
4082.73
4079.92
4048.07
3991.54
3885.6
3763.16
3702.2
3667.72
3641.67
3625.67
3608.83
3581.53
3546.55
3511.46
3479.07
3450.9
3426.69
3403.46
3379
3355.44
3338.47
3332.75
3316.33
3276.07
3208.11
3105.45
3027.29
2992.08
2964.03
2946.09
2927.08
2891.71
2842.21
2789.3
2735.88
2683.68
2632.16
2580.61
2531
2485.23
2434.65
2357.16
2259.84
2138.65
2034.57
1962.75
1900.04
1845
1784.02
1713.91
1642.66
1576.58
1518.3
1467.91
1417.93
1346.96
1249.76
1126.08
997.873
880.128
774.142
681.645
606.695
552.845
510.133
475.87
446.132
423.694
406.711
396.53
389.383
380.047
371.618
364.054
360.445
359.178
359.684
360.271
359.366
357.589
355.789
355.116
354.982
355.349
355.472
355.155
354.501
353.865
353.627
353.556
353.624
353.617
353.462
353.27
353.138
353.056
353.056
353.041
352.942
352.793
352.608
352.448
352.354
352.286
352.216
352.135
352.042
351.964
351.911
351.875
351.855
351.824
351.776
351.722
351.664
351.602
351.535
351.461
351.382
351.308
351.259
351.223
351.197
351.185
351.169
351.129
351.077
351.023
350.959
350.88
350.79
350.705
350.646
350.613
350.587
350.569
350.561
350.561
350.566
350.577
350.584
350.578
350.556
350.527
350.487
350.431
350.354
350.261
350.177
350.13
350.108
350.093
350.081
350.075
350.074
350.079
350.088
350.094
350.091
350.077
350.057
350.031
349.996
349.948
349.884
349.822
349.786
349.773
349.766
349.762
349.787
3634.95
2910.59
2831.65
2863.51
2882.4
2870.91
2854.43
2866.5
2819.95
2593.11
2361.49
2357.77
2386.37
2439.25
2504.37
2573.71
2644.53
2717.02
2792.6
2874.24
2965.98
3061.93
3135.84
3177.56
3200.4
3217.95
3167.41
2906.6
2727.15
2736.6
2773.17
2824.69
2874.59
2918.18
2958.81
2999.4
3040.9
3083.11
3125.42
3167.08
3208.2
3252.35
3309.77
3387.21
3440.14
3454.36
3430.98
3251.29
3070.2
3065.66
3087.35
3125.86
3166.42
3198.74
3225.44
3251.27
3278.5
3307.55
3337.61
3367.13
3394.82
3421.49
3451.51
3494.96
3558.94
3601.1
3611.29
3593.39
3464.16
3329.06
3322.82
3338.44
3367.91
3404.12
3434.04
3456.67
3477.31
3499.36
3523.93
3550.18
3575.52
3597.93
3618.32
3640.56
3672.1
3720.68
3761.12
3772.19
3769.2
3695.98
3567.74
3539.08
3547.76
3568.07
3598.27
3629.35
3652.09
3669.57
3686.73
3706.17
3728.91
3753.8
3777.87
3799.83
3821.83
3848.62
3887.94
3934.59
3961.63
3974.37
3963.33
3878.81
3795.65
3795.16
3814.03
3843.43
3880.81
3916.89
3943.35
3964.66
3984.89
4005.18
4025.78
4045.81
4061.95
4071.15
4074.15
4074.47
4077.81
4085.51
4083.36
4052.5
3996.64
3890.49
3768.37
3708.42
3674.26
3648.57
3632.7
3615.53
3587.14
3551.07
3515.08
3481.88
3453.04
3427.93
3403.73
3378.48
3354.38
3337.02
3330.83
3314.11
3272.29
3202.82
3098.87
3019.74
2984.92
2958
2941.89
2924.65
2890.4
2841.89
2790.76
2739.95
2690.94
2642.82
2594.36
2547.26
2503.39
2454.66
2378.34
2280.7
2156.55
2045.63
1966.83
1895.94
1831.13
1759
1676.75
1593.47
1517.53
1453.02
1400.37
1349.64
1279.06
1189.59
1078.21
971.579
876.078
791.409
716.84
654.271
605.009
560.12
518.167
478.341
445.272
419.049
401.992
391.272
380.352
371.597
363.915
360.14
358.889
359.297
360.009
359.217
357.554
355.718
354.967
354.808
355.153
355.379
355.124
354.542
353.91
353.65
353.561
353.613
353.625
353.477
353.274
353.122
353.029
353.015
353.011
352.923
352.788
352.612
352.449
352.343
352.274
352.205
352.128
352.035
351.949
351.889
351.847
351.827
351.809
351.769
351.718
351.661
351.597
351.526
351.451
351.373
351.308
351.27
351.239
351.221
351.214
351.197
351.153
351.099
351.04
350.967
350.878
350.779
350.691
350.634
350.602
350.578
350.562
350.558
350.565
350.582
350.601
350.608
350.598
350.576
350.544
350.499
350.435
350.345
350.245
350.167
350.125
350.107
350.094
350.084
350.081
350.083
350.089
350.097
350.101
350.097
350.082
350.063
350.039
350.01
349.97
349.917
349.863
349.83
349.817
349.809
349.804
349.823
3634.78
2910.32
2831.46
2863.6
2882.8
2871.75
2854.82
2866.37
2816.55
2583.97
2358.06
2356.68
2386.21
2439.86
2505.5
2575.15
2646.07
2718.42
2793.68
2874.92
2966.27
3061.63
3134.46
3175.37
3198.07
3215.39
3163.95
2903.4
2726.59
2736.18
2772.79
2824.4
2874.52
2918.37
2959.23
2999.97
3041.5
3083.64
3125.85
3167.5
3208.74
3253.24
3311.54
3388.96
3439.94
3453.42
3427.21
3242.38
3066.17
3063.41
3085.87
3125.03
3166.05
3198.8
3226.01
3252.29
3279.87
3309.18
3339.41
3369
3396.73
3423.37
3453.36
3497.08
3561.02
3601.05
3610.69
3590.43
3457.35
3326.48
3322.14
3338.07
3367.75
3404.01
3433.92
3456.65
3477.43
3499.51
3523.97
3549.99
3575.13
3597.58
3618.31
3641.23
3673.93
3723.19
3761.8
3772.14
3767.61
3690.19
3562.27
3536.02
3544.68
3565.05
3595.23
3626.06
3648.6
3665.99
3683.1
3702.5
3725.14
3749.9
3773.9
3796.07
3818.56
3846.04
3886.36
3933.14
3959.25
3971.77
3958.98
3872.18
3791.13
3791.66
3810.64
3839.94
3877.17
3912.91
3938.98
3959.98
3980.09
4000.46
4021.34
4041.77
4058.4
4068.38
4072.52
4074.2
4079.25
4088.37
4086.18
4055.98
4000.42
3894.63
3774.42
3716.25
3682.62
3657.48
3642.12
3625.19
3596.48
3559.48
3522.37
3487.99
3458
3431.89
3406.5
3380.09
3354.91
3336.54
3329.6
3312.33
3268.06
3196.26
3090.38
3009.72
2974.64
2948.44
2933.99
2919.04
2887.14
2840.6
2791.4
2742.6
2695.82
2650.16
2604.17
2558.82
2516.17
2468.84
2393.87
2297.18
2171.85
2055.91
1971.56
1894.16
1821.35
1739.71
1646.08
1550.55
1462.98
1389.62
1332.49
1279.99
1211.74
1131.38
1035.36
951.333
877.577
814.561
757.242
705.02
658.243
609.436
557.941
506.665
462.573
427.828
405.134
391.867
380.142
371.323
363.736
359.868
358.61
358.917
359.703
359.022
357.469
355.654
354.868
354.693
355.013
355.291
355.063
354.529
353.917
353.648
353.556
353.605
353.627
353.482
353.269
353.099
352.999
352.977
352.983
352.908
352.785
352.616
352.451
352.343
352.272
352.204
352.126
352.03
351.935
351.868
351.82
351.798
351.788
351.764
351.716
351.659
351.596
351.525
351.448
351.37
351.31
351.278
351.252
351.239
351.235
351.221
351.179
351.123
351.061
350.979
350.879
350.775
350.688
350.634
350.603
350.58
350.565
350.563
350.577
350.606
350.632
350.637
350.624
350.601
350.565
350.514
350.44
350.34
350.238
350.166
350.13
350.113
350.099
350.091
350.089
350.09
350.094
350.097
350.099
350.096
350.085
350.069
350.05
350.024
349.991
349.948
349.903
349.872
349.858
349.849
349.842
349.854
3634.93
2910.75
2831.77
2864.27
2883.89
2873.16
2855.67
2866.68
2813.63
2575.34
2355.83
2356.83
2387.45
2442.03
2508.13
2577.79
2648.49
2720.52
2795.41
2876.19
2966.77
3061.3
3133.39
3173.63
3195.93
3212.88
3161.07
2901.51
2726.16
2735.78
2772.34
2823.95
2874.12
2918.01
2958.82
2999.37
3040.6
3082.44
3124.44
3166.05
3207.57
3252.83
3312.45
3390.3
3438.88
3451.48
3422.6
3233.42
3062.28
3061.22
3084.44
3124.24
3165.75
3199
3226.64
3253.22
3281.04
3310.58
3341
3370.69
3398.39
3424.95
3454.98
3499.05
3562.74
3601.15
3610.29
3587.33
3449.96
3323.2
3320.39
3336.52
3366.42
3402.56
3432.27
3454.95
3475.75
3497.82
3522.25
3548.19
3573.35
3595.99
3616.98
3640.28
3674.14
3724.6
3761.97
3771.67
3765.94
3684.35
3556.98
3533.18
3541.89
3562.34
3592.55
3623.2
3645.58
3662.92
3680.03
3699.41
3721.96
3746.54
3770.39
3792.58
3815.41
3843.55
3884.55
3931.59
3957.33
3969.84
3955.96
3867.78
3788.58
3789.85
3808.79
3838.02
3875.13
3910.4
3935.95
3956.62
3976.63
3997.2
4018.57
4039.57
4056.67
4067.15
4071.94
4074.57
4081.37
4092.29
4090.16
4060.87
4005.62
3899.63
3781.35
3725.69
3693.29
3669.4
3654.84
3638.07
3609.16
3571.92
3534.16
3498.79
3467.38
3439.57
3412.75
3384.94
3358
3337.61
3328.72
3310.17
3263.65
3189.26
3080.98
2998.03
2961.86
2935.67
2922.39
2909.52
2880.26
2836.65
2790.08
2743.25
2697.89
2653.51
2608.61
2563.87
2521.4
2475.18
2401.99
2306.97
2182.48
2063.92
1975.83
1894.24
1816.88
1729.47
1628.37
1523.27
1424.8
1340.72
1275.48
1219.38
1153.5
1080.97
1000.43
936.417
880.289
833.964
789.078
743.881
698.148
645.53
585.603
524.856
472.446
432.062
406.141
391.765
379.835
371.052
363.565
359.588
358.331
358.572
359.436
358.861
357.404
355.62
354.795
354.6
354.89
355.194
354.986
354.496
353.91
353.643
353.549
353.594
353.617
353.474
353.255
353.077
352.976
352.952
352.962
352.894
352.78
352.62
352.461
352.351
352.281
352.215
352.135
352.03
351.925
351.852
351.798
351.774
351.768
351.757
351.715
351.658
351.598
351.531
351.455
351.377
351.316
351.285
351.26
351.248
351.246
351.237
351.2
351.146
351.084
351.003
350.902
350.793
350.7
350.643
350.612
350.59
350.576
350.578
350.601
350.639
350.668
350.67
350.654
350.628
350.588
350.529
350.445
350.339
350.24
350.177
350.148
350.13
350.115
350.107
350.104
350.104
350.102
350.097
350.091
350.088
350.082
350.071
350.057
350.038
350.011
349.975
349.936
349.906
349.89
349.879
349.87
349.873
3635.3
2912.44
2831.47
2864.81
2885.46
2874.83
2857.02
2868.1
2812.86
2569.56
2354.28
2357.23
2389.07
2444.42
2510.71
2580.3
2650.82
2722.5
2796.89
2877.13
2966.94
3060.59
3132.21
3172.18
3194.09
3210.67
3159.16
2900.76
2725.58
2735.14
2771.62
2823.19
2873.32
2917.08
2957.6
2997.68
3038.36
3079.7
3121.36
3162.89
3204.81
3251.14
3312.38
3390.91
3437.65
3449.67
3418.66
3226.18
3059.46
3059.8
3083.64
3123.87
3165.6
3199.11
3227.02
3253.84
3281.85
3311.52
3341.99
3371.65
3399.27
3425.87
3456.14
3500.83
3564.39
3601.24
3609.94
3584.24
3442.45
3319.68
3317.97
3334.17
3364.11
3399.98
3429.21
3451.53
3472.06
3493.92
3518.23
3544.24
3569.7
3592.72
3614.19
3638.36
3673.43
3724.98
3761.48
3770.71
3763.6
3678.23
3551.44
3530.07
3539.19
3559.88
3590.23
3620.78
3643.04
3660.36
3677.48
3696.83
3719.34
3743.78
3767.37
3789.21
3811.76
3839.89
3881.53
3929.26
3955.05
3967.51
3953.02
3863.93
3786.56
3788.7
3807.72
3837.01
3874.19
3908.85
3933.61
3953.82
3973.69
3994.33
4015.93
4037.5
4055.41
4066.79
4072.61
4076.45
4085.04
4098.06
4096.11
4068
4013.41
3907.14
3791.04
3738.3
3707.29
3684.79
3671.39
3655.25
3626.23
3588.43
3550.21
3514.29
3482.05
3452.92
3424.12
3393.71
3363.85
3340.5
3328.97
3308.9
3260.33
3183.2
3072.1
2985.81
2947.59
2920.56
2907.39
2895.39
2868.17
2827.35
2783.75
2739.75
2696.45
2653
2608.12
2563.25
2520.89
2475.86
2404.49
2311.72
2188.9
2069.62
1979.64
1895.83
1816.47
1726.91
1621.88
1511.29
1405.97
1313.18
1238.03
1174.66
1106.91
1039.49
971.811
922.377
879.317
841.865
803.762
762.93
718.038
663.418
598.722
532.851
476.284
433.357
406.171
391.389
379.488
370.793
363.391
359.354
358.104
358.334
359.27
358.768
357.367
355.588
354.723
354.508
354.777
355.104
354.917
354.462
353.898
353.628
353.53
353.562
353.581
353.439
353.224
353.055
352.959
352.94
352.948
352.881
352.771
352.619
352.472
352.374
352.306
352.238
352.15
352.035
351.92
351.841
351.783
351.754
351.747
351.74
351.711
351.658
351.605
351.546
351.478
351.401
351.333
351.294
351.267
351.25
351.247
351.243
351.216
351.166
351.108
351.035
350.941
350.835
350.739
350.675
350.64
350.619
350.605
350.608
350.635
350.678
350.706
350.704
350.685
350.655
350.609
350.544
350.452
350.344
350.252
350.204
350.179
350.159
350.145
350.137
350.133
350.126
350.114
350.099
350.085
350.077
350.072
350.066
350.055
350.042
350.022
349.993
349.959
349.929
349.913
349.9
349.888
349.878
3635.75
2914.24
2830.94
2865.81
2888.44
2877.07
2859.08
2870.99
2814.05
2565.5
2353
2357.35
2389.99
2445.94
2512.4
2581.77
2651.81
2722.98
2796.91
2876.64
2965.73
3058.69
3130.62
3171.07
3192.93
3209.41
3158.43
2900.57
2724.9
2734.37
2770.9
2822.55
2872.61
2916.09
2956.16
2995.64
3035.61
3076.36
3117.69
3159.23
3201.56
3248.94
3311.79
3391.09
3437.03
3448.84
3416.29
3221.39
3057.88
3059.15
3083.36
3123.85
3165.7
3199.24
3227.2
3254.09
3282.16
3311.86
3342.33
3371.96
3399.54
3426.2
3456.87
3502.44
3566.21
3601.6
3609.76
3581.39
3435.15
3316.11
3315.32
3331.69
3361.74
3397.12
3425.67
3447.49
3467.68
3489.3
3513.44
3539.37
3564.8
3587.96
3609.93
3635.05
3671.56
3724.27
3760.13
3769.13
3760.85
3672.24
3546.28
3526.96
3536.35
3557.26
3587.77
3618.02
3639.94
3657.14
3674.22
3693.52
3715.89
3740.09
3763.38
3784.91
3807.21
3835.3
3877.27
3925.47
3950.86
3962.88
3947.67
3858.28
3783.2
3786.37
3805.72
3835.42
3873.25
3907.53
3931.48
3951.14
3970.74
3991.21
4012.74
4034.48
4053.04
4065.61
4073.1
4079.1
4090.44
4106
4104.59
4078.26
4024.49
3917.72
3804.21
3755.27
3726.1
3705.37
3693.31
3677.74
3648.56
3610.53
3571.7
3535.08
3501.96
3471.59
3440.98
3408.14
3375.2
3348.12
3332.48
3310.16
3259.31
3179.68
3065.07
2974.31
2932.87
2903.77
2889.46
2877.12
2850.5
2811.36
2770.1
2728.94
2688.37
2647
2603.37
2559.36
2517.93
2473.79
2403.91
2312.96
2191.99
2073.32
1983.22
1898.97
1818.93
1728.44
1621.1
1508
1400.13
1303.4
1221.57
1148.93
1072.92
1004.58
943.101
902.844
869.896
839.36
805.295
766.713
722.645
667.874
602.002
534.953
477.312
433.593
405.894
390.892
379.1
370.525
363.208
359.183
357.958
358.211
359.178
358.702
357.319
355.537
354.657
354.434
354.699
355.043
354.867
354.428
353.877
353.602
353.498
353.515
353.517
353.376
353.175
353.024
352.94
352.935
352.944
352.875
352.765
352.618
352.486
352.403
352.34
352.271
352.173
352.047
351.922
351.837
351.775
351.741
351.728
351.717
351.698
351.662
351.615
351.569
351.512
351.442
351.366
351.309
351.278
351.253
351.244
351.243
351.226
351.183
351.13
351.064
350.982
350.888
350.796
350.727
350.689
350.666
350.65
350.652
350.677
350.72
350.744
350.738
350.716
350.682
350.631
350.559
350.462
350.354
350.276
350.24
350.216
350.198
350.185
350.179
350.17
350.153
350.13
350.105
350.085
350.071
350.062
350.057
350.049
350.037
350.02
349.997
349.968
349.943
349.926
349.911
349.894
349.874
3635.98
2916.05
2831.43
2867.65
2892.07
2879.99
2861.85
2874.51
2814.95
2559.75
2350.85
2356.36
2389.82
2446.04
2512.35
2581.34
2651
2721.84
2795.47
2874.86
2963.53
3056.23
3128.75
3170.06
3192.24
3208.85
3158.56
2901.32
2724.7
2734
2770.58
2822.29
2872.27
2915.49
2955.09
2993.96
3033.35
3073.65
3114.78
3156.43
3199.24
3247.42
3311.38
3391.36
3437.02
3448.79
3415.38
3218.9
3057.65
3059.59
3084.04
3124.65
3166.4
3199.77
3227.58
3254.34
3282.37
3312.12
3342.72
3372.46
3400.12
3426.87
3457.88
3504.29
3568.33
3602.47
3609.9
3578.88
3428.36
3312.77
3312.83
3329.39
3359.5
3394.39
3422.27
3443.58
3463.38
3484.67
3508.54
3534.24
3559.56
3582.83
3605.13
3630.71
3668.32
3722.24
3757.98
3766.98
3757.85
3666.89
3542.02
3524.53
3534.42
3555.72
3586.59
3616.75
3638.34
3655.21
3671.93
3690.85
3712.77
3736.44
3759.08
3780.01
3801.87
3829.72
3871.83
3920.49
3945.2
3956.59
3940.28
3850.24
3777.59
3781.62
3801.17
3831.06
3869.46
3903.6
3927.1
3946.48
3966.01
3986.56
4008.21
4030.28
4049.7
4063.86
4073.59
4082.56
4097.78
4116.57
4115.67
4091.68
4039.44
3931.93
3821.35
3776.9
3750.01
3731.21
3720.48
3705.67
3676.92
3639.07
3599.92
3562.36
3527.88
3495.72
3462.89
3427.38
3391.18
3360.28
3340.23
3315
3261.36
3179.16
3060.96
2964.75
2919.01
2886.53
2869.29
2854.8
2827.31
2788.23
2747.65
2708.09
2669.99
2631.51
2590.98
2549.51
2510.04
2467.87
2399.82
2310.32
2191.54
2074.65
1985.75
1902.9
1823.74
1732.96
1624.65
1510.6
1401.3
1302.85
1218.29
1140.71
1054.38
975.592
910.51
871.745
844.483
821.451
793.903
759.621
718.389
665.575
601.047
534.916
477.546
433.668
405.667
390.46
378.663
370.174
362.959
359.059
357.879
358.166
359.098
358.592
357.19
355.422
354.595
354.4
354.689
355.003
354.816
354.373
353.835
353.572
353.468
353.473
353.45
353.299
353.111
352.982
352.916
352.929
352.945
352.877
352.767
352.625
352.505
352.434
352.375
352.308
352.205
352.069
351.932
351.842
351.777
351.736
351.715
351.699
351.683
351.667
351.636
351.599
351.555
351.493
351.414
351.337
351.292
351.262
351.244
351.239
351.229
351.198
351.149
351.091
351.022
350.943
350.86
350.788
350.744
350.72
350.704
350.703
350.724
350.761
350.78
350.771
350.747
350.708
350.653
350.575
350.474
350.371
350.308
350.279
350.258
350.242
350.233
350.224
350.206
350.181
350.15
350.117
350.086
350.067
350.054
350.044
350.036
350.025
350.011
349.992
349.969
349.95
349.933
349.917
349.895
349.866
3635.94
2916.26
2834.9
2871.67
2896.59
2884
2865.22
2878.01
2814.69
2551.23
2347.17
2353.88
2388.29
2444.74
2510.87
2579.6
2649.09
2719.79
2793.28
2872.6
2961.18
3053.71
3126.52
3168.6
3191.03
3207.92
3158.63
2902.21
2724.53
2733.79
2770.51
2822.27
2872.1
2915.1
2954.47
2993.08
3032.26
3072.47
3113.71
3155.61
3198.78
3247.28
3311.55
3391.76
3437.56
3449.61
3415.66
3218.37
3058.66
3061.04
3085.6
3126.21
3167.72
3200.81
3228.44
3255.1
3283.06
3312.78
3343.37
3373.11
3400.84
3427.81
3459.26
3506.45
3570.7
3603.71
3610.4
3576.79
3422.39
3309.99
3310.76
3327.51
3357.74
3392.27
3419.57
3440.44
3459.88
3480.85
3504.41
3529.79
3554.86
3578.07
3600.49
3626.47
3664.75
3719.58
3755.34
3764.55
3754.95
3662.6
3538.92
3522.78
3533.09
3554.73
3585.97
3616.17
3637.57
3654.18
3670.57
3689.03
3710.3
3733.07
3754.75
3774.96
3796.23
3823.65
3866
3914.52
3938.13
3948.91
3931.2
3839.79
3769.42
3774.25
3793.74
3823.54
3861.94
3895.76
3918.74
3937.69
3957.01
3977.64
3999.65
4022.4
4043.01
4059.33
4072.1
4084.8
4105.67
4129.05
4128.86
4107.72
4057.48
3948.7
3841.32
3801.87
3777.76
3761.2
3752.03
3738.43
3710.6
3673.27
3634.08
3595.86
3559.88
3525.44
3489.81
3451.06
3411.17
3376.14
3351.65
3323.67
3266.51
3181.63
3059.8
2957.34
2906.7
2870.06
2848.71
2830.5
2799.87
2758.55
2716.73
2676.99
2639.7
2603.1
2565.4
2527.52
2492
2453.29
2388.2
2301.72
2186.21
2072.39
1986.06
1905.83
1829.79
1741.57
1635.26
1522.52
1413.16
1312.84
1225.01
1143.97
1050.49
957.389
877.318
828.845
799.027
779.065
758.635
733.071
699.762
653.271
594.097
531.691
476.549
433.458
405.601
390.195
378.215
369.755
362.632
358.967
357.847
358.217
359.015
358.396
356.915
355.206
354.51
354.375
354.728
354.981
354.764
354.288
353.761
353.53
353.44
353.451
353.394
353.23
353.043
352.93
352.884
352.918
352.947
352.888
352.781
352.644
352.532
352.468
352.409
352.344
352.244
352.104
351.953
351.856
351.786
351.738
351.708
351.689
351.677
351.675
351.669
351.641
351.606
351.552
351.475
351.385
351.313
351.277
351.25
351.236
351.226
351.205
351.166
351.117
351.062
350.999
350.928
350.856
350.806
350.78
350.761
350.757
350.77
350.799
350.814
350.802
350.775
350.734
350.676
350.594
350.491
350.396
350.345
350.319
350.3
350.286
350.278
350.263
350.238
350.207
350.172
350.131
350.092
350.062
350.043
350.029
350.016
350.006
349.996
349.984
349.969
349.954
349.94
349.922
349.897
349.859
3635.75
2916.64
2839.19
2875.55
2900.13
2887.28
2867.67
2880.51
2812.87
2541.44
2342.77
2350.58
2385.54
2442.25
2508.4
2576.99
2646.31
2716.86
2790.26
2869.62
2958.34
3051.2
3124.77
3167.42
3190.2
3207.38
3158.77
2902.55
2724.57
2733.92
2770.91
2822.81
2872.57
2915.45
2954.72
2993.32
3032.64
3073.13
3114.7
3156.87
3200.04
3248.23
3312.01
3392.6
3439.08
3451.55
3417.2
3219.1
3060.4
3063.08
3087.74
3128.34
3169.56
3202.33
3229.81
3256.44
3284.42
3314.14
3344.7
3374.43
3402.17
3429.26
3461.01
3508.73
3572.87
3604.96
3611.11
3575.12
3417.6
3308.03
3309.27
3326.13
3356.52
3390.77
3417.61
3438.11
3457.28
3478.05
3501.46
3526.75
3551.62
3574.57
3596.86
3622.89
3661.51
3716.82
3752.45
3761.73
3751.81
3658.86
3536.5
3521.38
3532.04
3553.97
3585.53
3615.85
3637.22
3653.73
3669.98
3688.18
3708.94
3730.86
3751.6
3770.97
3791.63
3818.74
3861.03
3908.92
3930.96
3940.87
3920.94
3827.51
3759.62
3765
3784.2
3813.62
3851.5
3884.54
3906.84
3925.2
3944.07
3964.64
3987.2
4010.85
4032.74
4051.22
4067.27
4084.3
4111.03
4139.61
4141.51
4124.88
4077.31
3966.36
3862.78
3828.52
3807.37
3793.24
3785.91
3773.98
3747.48
3710.97
3671.9
3633.07
3595.7
3558.98
3520.33
3478.08
3434.31
3394.9
3365.42
3335.07
3274.41
3187.09
3061.26
2951.97
2896.06
2855.02
2829.03
2806.17
2770.91
2725.29
2679.91
2637.57
2598.82
2562.05
2525.71
2491.07
2459.98
2425.79
2364.31
2281.6
2170.55
2062.57
1981.58
1905.74
1834.71
1752.32
1652.22
1544.94
1438.89
1338.74
1247.44
1160.4
1058.64
952.607
853.401
784.66
741.62
716.336
698.036
680.456
657.554
621.49
573.621
520.183
471.269
431.553
405.276
390.033
377.838
369.33
362.256
358.933
357.916
358.422
358.944
358.153
356.502
354.908
354.377
354.35
354.822
354.977
354.712
354.172
353.658
353.479
353.419
353.439
353.354
353.172
352.978
352.877
352.847
352.905
352.953
352.904
352.804
352.673
352.568
352.505
352.445
352.381
352.286
352.149
351.989
351.877
351.803
351.746
351.707
351.686
351.681
351.691
351.706
351.696
351.662
351.614
351.541
351.446
351.352
351.292
351.26
351.234
351.218
351.203
351.181
351.144
351.101
351.051
350.992
350.924
350.868
350.838
350.816
350.806
350.811
350.831
350.843
350.83
350.801
350.758
350.699
350.616
350.514
350.425
350.379
350.354
350.336
350.324
350.315
350.295
350.266
350.233
350.195
350.149
350.098
350.057
350.03
350.011
349.996
349.985
349.977
349.971
349.966
349.96
349.948
349.927
349.9
349.856
3635.47
2916.57
2842.01
2877.67
2901.3
2888.47
2868.07
2880.26
2809.69
2534.44
2339.35
2347.62
2382.98
2439.89
2506.14
2574.74
2644.05
2714.75
2788.43
2868.03
2956.85
3050.1
3124.62
3167.86
3191.09
3208.51
3159.12
2900.97
2724.73
2734.49
2771.9
2823.98
2873.66
2916.42
2955.68
2994.5
3034.22
3075.2
3117.1
3159.29
3202.18
3249.94
3313.12
3393.98
3441.41
3454.3
3419.74
3220.77
3062.53
3065.42
3090.13
3130.71
3171.68
3204.16
3231.51
3258.18
3286.24
3315.95
3346.33
3375.75
3403.21
3430.22
3462.12
3510.27
3574.53
3605.81
3611.55
3573.88
3414.6
3307.26
3308.79
3325.9
3356.47
3390.62
3417.26
3437.62
3456.69
3477.38
3500.73
3525.82
3550.37
3572.89
3594.7
3620.41
3658.84
3714.02
3749.36
3758.62
3748.46
3655.53
3534.42
3519.81
3530.62
3552.68
3584.34
3614.67
3636.04
3652.55
3668.83
3687.1
3707.88
3729.64
3750
3768.87
3789.12
3815.98
3858.26
3904.79
3924.78
3933.67
3910.89
3814.51
3749.39
3755.02
3773.72
3802.63
3839.88
3871.99
3893.57
3911.34
3929.7
3950.08
3973.03
3997.45
4020.54
4040.96
4060.01
4081.34
4112.7
4146
4151.1
4140.04
4095.7
3982.26
3883.33
3854.24
3836.22
3824.96
3819.78
3809.44
3784.44
3749
3710.13
3670.55
3631.69
3592.89
3551.62
3506.14
3458.54
3414.71
3380.2
3347.54
3283.35
3194.36
3064.68
2948.49
2886.9
2841.7
2811.16
2783.49
2743.17
2692.37
2642.06
2595.35
2553.23
2514.41
2477.46
2443.88
2415.72
2384.68
2326.42
2247.05
2140.69
2041.02
1968.15
1900.22
1836.11
1761.93
1671.79
1574.45
1476.17
1380.24
1288.24
1195.49
1083.67
962.401
845.555
753.758
689.509
650.224
626.75
611.666
595.444
570.008
536.153
496.223
458.155
425.794
403.731
389.633
377.5
368.843
361.847
358.988
358.148
358.841
358.958
357.898
356
354.574
354.184
354.321
354.921
354.976
354.652
354.049
353.571
353.438
353.411
353.427
353.323
353.12
352.918
352.831
352.817
352.898
352.96
352.919
352.827
352.705
352.611
352.547
352.487
352.42
352.328
352.198
352.035
351.902
351.822
351.76
351.716
351.692
351.692
351.714
351.75
351.754
351.724
351.677
351.606
351.511
351.401
351.314
351.266
351.234
351.21
351.197
351.189
351.173
351.14
351.101
351.049
350.986
350.925
350.888
350.863
350.847
350.846
350.856
350.867
350.853
350.822
350.778
350.719
350.638
350.538
350.453
350.408
350.384
350.365
350.354
350.344
350.322
350.293
350.26
350.22
350.17
350.112
350.058
350.019
349.994
349.978
349.966
349.96
349.96
349.964
349.966
349.958
349.936
349.907
349.859
3635.29
2918.31
2842.06
2877.06
2899.91
2887.29
2866.42
2877.3
2806.81
2533.8
2338.17
2346.24
2381.45
2438.34
2504.73
2573.49
2642.97
2713.95
2788.07
2868.19
2957.49
3051.41
3126.72
3170.32
3193.82
3211.26
3159.38
2896.87
2724.93
2735.6
2773.55
2825.8
2875.4
2918.14
2957.54
2996.68
3036.83
3078.05
3120.04
3162.26
3204.99
3252.26
3314.84
3396
3444.33
3457.45
3422.61
3222.62
3064.66
3067.63
3092.57
3133.2
3173.98
3206.26
3233.36
3259.72
3287.55
3317.13
3347.41
3376.71
3404.08
3430.98
3462.83
3511.14
3575.51
3606.31
3611.81
3573.46
3413.9
3307.91
3309.64
3326.92
3357.6
3391.7
3418.18
3438.46
3457.49
3478.19
3501.52
3526.44
3550.6
3572.61
3593.93
3619.03
3656.78
3711.26
3746.3
3755.44
3745.25
3652.9
3532.75
3518.2
3528.98
3550.99
3582.58
3612.84
3634.14
3650.59
3666.83
3685.18
3706.2
3728.36
3749.1
3768.19
3788.49
3815.42
3857.84
3902.88
3920.88
3928.63
3902.44
3802.11
3739.58
3745.33
3763.33
3791.6
3828.22
3859.69
3880.79
3898.06
3915.87
3935.89
3958.82
3983.69
4007.75
4029.77
4051.32
4076.25
4111.51
4148.59
4157.08
4150.75
4109.88
3994.71
3900.93
3876.47
3861.32
3852.89
3850.34
3842.05
3818.22
3783.73
3745.22
3704.92
3664.41
3623.46
3579.83
3531.71
3480.92
3433.12
3394.22
3358.92
3292.46
3201.63
3069.17
2946.61
2879.64
2830.69
2796.1
2764.18
2719.24
2663.64
2608.48
2557.02
2510.49
2467.84
2428.27
2393.63
2365.74
2335.07
2277.89
2200.46
2099.03
2008.83
1945.29
1886.96
1832.41
1767.53
1689
1603.77
1516.82
1429.49
1341.65
1247.39
1127.88
990.005
853.947
742.819
656.38
598.789
564.309
545.3
529.225
510.81
487.729
462.032
437.076
415.42
400.307
388.341
377.006
367.957
361.37
359.057
358.539
359.412
359.095
357.643
355.493
354.249
353.979
354.303
354.977
354.951
354.567
353.936
353.528
353.42
353.421
353.409
353.284
353.061
352.868
352.799
352.803
352.905
352.967
352.93
352.843
352.736
352.66
352.598
352.539
352.466
352.37
352.241
352.078
351.932
351.843
351.779
351.732
351.705
351.706
351.741
351.796
351.815
351.787
351.738
351.667
351.57
351.45
351.338
351.269
351.232
351.206
351.193
351.194
351.195
351.176
351.143
351.098
351.039
350.975
350.929
350.9
350.878
350.87
350.875
350.883
350.87
350.837
350.793
350.736
350.658
350.56
350.476
350.431
350.407
350.387
350.375
350.366
350.346
350.318
350.285
350.245
350.193
350.13
350.064
350.013
349.982
349.965
349.953
349.947
349.952
349.966
349.976
349.971
349.95
349.921
349.867
3635.3
2921.02
2839.22
2873.67
2895.97
2883.57
2862.62
2872.86
2805.03
2537.88
2339.28
2346.6
2381.46
2438.28
2504.77
2573.73
2643.42
2714.65
2789.22
2870.04
2960.29
3055.19
3130.7
3174.12
3197.52
3214.48
3158.63
2890.29
2724.61
2736.46
2775.27
2827.82
2877.36
2920.02
2959.46
2998.69
3039.01
3080.63
3123
3165.39
3208.05
3254.98
3317.11
3398.43
3447.42
3460.55
3425.34
3223.98
3066.24
3069.29
3094.58
3135.34
3175.67
3207.31
3234.01
3260.21
3287.95
3317.48
3347.75
3377.09
3404.55
3431.51
3463.31
3511.42
3575.99
3607.16
3612.64
3574.44
3415.3
3309.86
3311.67
3328.96
3359.72
3393.75
3420
3440.06
3458.93
3479.51
3502.73
3527.49
3551.38
3573.02
3593.8
3618.19
3655.09
3708.73
3743.47
3752.46
3742.43
3650.98
3531.66
3517
3527.63
3549.5
3580.9
3611.02
3632.22
3648.53
3664.66
3683.1
3704.5
3727.21
3748.5
3768.05
3788.81
3816.37
3859.26
3903.06
3919.51
3925.88
3895.73
3791.08
3731.03
3736.85
3754.2
3781.8
3817.41
3847.87
3868.41
3885.36
3902.99
3923.04
3946.26
3971.65
3996.44
4019.41
4042.46
4069.8
4107.98
4147.54
4159.13
4156.35
4118.52
4003.27
3914.57
3893.93
3881.11
3875.07
3874.89
3868.66
3846.15
3812.31
3774.08
3733.31
3691.43
3648.5
3602.62
3552.01
3498.42
3447.37
3405.06
3368.13
3299.86
3208.11
3073.77
2946.11
2874.41
2822.39
2784.64
2749.53
2701.19
2641.92
2582.68
2526.98
2476.31
2429.91
2386.85
2349.27
2319.17
2285.79
2228.04
2150.77
2053.35
1971.54
1916.47
1867.58
1823.04
1768.02
1700.56
1627.5
1552.29
1475.58
1395.74
1304.75
1182.69
1032.2
876.423
745.944
642.428
568.053
520.773
493.973
474.463
458.668
441.517
426.905
413.618
402.934
395.258
385.475
375.586
366.494
360.998
359.067
359.136
359.997
359.226
357.348
355.019
354.005
353.843
354.344
354.988
354.884
354.443
353.819
353.515
353.436
353.452
353.396
353.238
352.992
352.828
352.781
352.81
352.928
352.974
352.935
352.85
352.769
352.707
352.657
352.597
352.514
352.409
352.27
352.107
351.96
351.863
351.798
351.749
351.72
351.722
351.768
351.843
351.874
351.849
351.797
351.722
351.621
351.489
351.356
351.271
351.231
351.204
351.192
351.198
351.212
351.205
351.177
351.137
351.08
351.013
350.958
350.925
350.898
350.885
350.885
350.891
350.882
350.848
350.805
350.751
350.675
350.579
350.494
350.448
350.423
350.402
350.39
350.383
350.366
350.341
350.309
350.269
350.216
350.147
350.071
350.011
349.976
349.959
349.945
349.941
349.95
349.973
349.991
349.988
349.969
349.939
349.881
3635.5
2923.06
2835.36
2869.43
2891.41
2879.22
2858.69
2868.91
2803.96
2543.51
2342.21
2348.55
2382.79
2439.46
2506.09
2575.38
2645.51
2717.26
2792.46
2874.07
2965.13
3060.52
3135.57
3178.72
3201.75
3217.84
3157.12
2882.1
2723.56
2736.67
2776.36
2829.18
2878.53
2921.04
2960.52
3000
3040.72
3082.71
3125.41
3168.06
3210.87
3257.79
3319.68
3400.97
3450.31
3463.2
3427.46
3224.5
3067.02
3070.2
3095.8
3136.48
3176.42
3207.66
3234.11
3260.17
3287.83
3317.25
3347.35
3376.51
3403.82
3430.74
3462.57
3510.72
3576.19
3608.31
3614.06
3576.74
3418.51
3312.75
3314.67
3331.97
3362.84
3396.79
3422.77
3442.55
3461.17
3481.51
3504.48
3528.95
3552.41
3573.48
3593.65
3617.33
3653.4
3706.31
3740.89
3749.82
3740.13
3650.04
3531.61
3516.75
3527.22
3548.98
3580.31
3610.46
3631.66
3647.91
3663.99
3682.44
3703.93
3726.73
3748.18
3768.07
3789.42
3817.97
3861.65
3904.54
3919.91
3925.19
3890.88
3782.06
3724.4
3730.39
3747.29
3774.32
3808.99
3838.38
3858.14
3874.55
3891.84
3911.83
3935.34
3961.22
3986.4
4009.82
4033.67
4062.2
4102.17
4143.8
4157.8
4157.71
4122.46
4008.52
3923.75
3905.84
3894.93
3890.83
3892.16
3887.36
3866.18
3833.07
3795.07
3754.07
3711.37
3667.02
3619.19
3566.36
3510.43
3456.73
3411.7
3373.7
3305.09
3212.81
3077.67
2946.51
2871.33
2817.16
2777.23
2740.03
2689.5
2627.78
2565.83
2507.3
2453.78
2404.4
2358.1
2317.09
2283.58
2246.2
2186.9
2108.52
2013.32
1937.51
1888.19
1846.54
1809.82
1763.88
1705.66
1642.62
1577.69
1510.7
1438.97
1353.34
1231.91
1074.73
905.05
757.54
640.341
553.899
496.227
461.827
438.484
422.612
408.785
400.757
394.878
392.003
389.002
381.464
372.972
364.887
360.837
359.359
359.967
360.368
359.16
356.836
354.587
353.877
353.842
354.527
354.956
354.749
354.23
353.684
353.511
353.481
353.497
353.405
353.189
352.913
352.791
352.768
352.837
352.966
352.984
352.936
352.856
352.793
352.751
352.718
352.654
352.561
352.44
352.283
352.119
351.978
351.879
351.813
351.765
351.733
351.736
351.793
351.885
351.928
351.905
351.847
351.768
351.659
351.514
351.366
351.273
351.232
351.204
351.19
351.2
351.222
351.225
351.202
351.167
351.11
351.04
350.977
350.94
350.91
350.892
350.889
350.893
350.889
350.857
350.815
350.762
350.69
350.594
350.506
350.458
350.434
350.412
350.4
350.394
350.382
350.358
350.329
350.289
350.234
350.16
350.076
350.009
349.974
349.956
349.942
349.94
349.954
349.985
350.009
350.009
349.992
349.962
349.9
3635.87
2925.15
2833.55
2866.6
2887.56
2875.96
2856.18
2866.43
2802.99
2546.54
2345.27
2351.23
2384.91
2441.26
2507.83
2577.25
2647.57
2719.54
2795.03
2877.18
2969.07
3064.55
3138.65
3181.47
3204.11
3219.31
3154.14
2873.34
2721.92
2736.21
2776.67
2829.78
2879.06
2921.55
2961.11
3000.78
3041.75
3084.06
3127.14
3170.16
3213.28
3260.34
3322.18
3403.34
3452.76
3465.29
3429.01
3224.57
3067.14
3070.38
3096.24
3136.92
3176.63
3207.63
3233.8
3259.56
3286.96
3316.15
3346.03
3374.98
3402.16
3429.09
3461.07
3509.59
3576.45
3609.98
3616.21
3579.81
3422.53
3316.07
3318.18
3335.46
3366.35
3400.1
3425.69
3445.12
3463.45
3483.57
3506.33
3530.44
3553.33
3573.7
3593.23
3616.26
3651.59
3703.91
3738.59
3747.47
3738.15
3649.3
3531.42
3516.24
3526.52
3548.17
3579.4
3609.55
3630.81
3647.17
3663.41
3682.01
3703.57
3726.47
3748.15
3768.4
3790.23
3819.5
3863.83
3906.34
3921.14
3925.83
3888.55
3775.86
3719.65
3725.77
3742.4
3769.04
3803.01
3831.75
3851.07
3867.11
3884
3903.49
3926.47
3951.94
3977.13
4001.07
4025.67
4055.05
4096.14
4139.18
4154.77
4156.5
4123.49
4011.69
3929.66
3913.2
3903.3
3900.32
3902.63
3898.45
3877.86
3845.41
3807.95
3767.07
3723.89
3678.41
3629.1
3574.75
3517.27
3461.7
3414.59
3375.51
3307.49
3215.54
3080.59
2947.57
2870.08
2814.78
2773.77
2735.33
2683.47
2620.54
2557.24
2497.25
2442.06
2390.66
2341.82
2297.89
2261.3
2220.73
2159.98
2080.15
1985.77
1913.22
1866.93
1829.43
1797.61
1757.76
1706.79
1650.71
1592.54
1532.17
1466.43
1384.76
1263.82
1103.62
926.699
769.89
643.011
549.045
485.217
446.154
420.156
403.9
391.572
386.304
383.862
384.373
383.052
377.355
369.957
363.769
361.057
360.137
360.926
360.484
358.687
356.046
354.22
353.783
354.004
354.857
354.982
354.632
353.979
353.558
353.481
353.528
353.551
353.438
353.153
352.843
352.756
352.756
352.874
353.002
352.996
352.934
352.861
352.808
352.79
352.776
352.708
352.604
352.462
352.287
352.119
351.985
351.888
351.823
351.775
351.741
351.746
351.814
351.922
351.973
351.949
351.886
351.801
351.684
351.527
351.369
351.272
351.231
351.204
351.189
351.2
351.229
351.238
351.22
351.186
351.129
351.056
350.987
350.946
350.915
350.894
350.89
350.896
350.896
350.866
350.824
350.773
350.701
350.603
350.512
350.463
350.438
350.417
350.406
350.402
350.394
350.372
350.344
350.304
350.248
350.169
350.078
350.008
349.974
349.956
349.942
349.942
349.961
349.999
350.028
350.03
350.014
349.986
349.92
3636.21
2926.15
2834.27
2866.05
2885.51
2874.5
2855.34
2865.81
2801.91
2545.29
2347.21
2353.68
2387.22
2443.6
2510.3
2579.96
2650.57
2722.84
2798.76
2881.57
2974.26
3069.86
3143.16
3185.63
3207.97
3222.43
3151.93
2865.61
2720.81
2735.92
2776.89
2830.05
2879.17
2921.62
2961.29
3001.19
3042.41
3084.97
3128.31
3171.59
3214.91
3262.11
3324.03
3405.08
3454.43
3466.67
3430.12
3224.68
3067.27
3070.56
3096.61
3137.3
3176.73
3207.29
3233.06
3258.48
3285.57
3314.5
3344.19
3373.05
3400.28
3427.39
3459.67
3508.57
3576.43
3611.16
3617.75
3582.38
3426.11
3318.81
3320.93
3338.16
3368.99
3402.59
3427.92
3447.16
3465.41
3485.44
3507.99
3531.6
3553.81
3573.54
3592.46
3615
3649.76
3701.62
3736.36
3745.09
3736.07
3648.53
3531.21
3515.72
3525.88
3547.48
3578.7
3608.96
3630.44
3647.02
3663.43
3682.2
3703.98
3727.13
3748.97
3769.18
3790.91
3820.36
3865.09
3907.84
3922.67
3927.05
3888.2
3773.27
3717.73
3723.8
3740.21
3766.57
3799.99
3828.1
3846.92
3862.58
3879.14
3898.28
3920.9
3946.11
3971.21
3995.15
4019.94
4049.77
4091.59
4135.24
4151.7
4154.52
4123.02
4012.65
3932.05
3916.29
3907.01
3904.8
3907.78
3903.9
3883.5
3851.4
3814.35
3773.67
3730.19
3684.05
3634.03
3578.94
3520.42
3463.43
3414.9
3375.24
3307.79
3216.47
3082.38
2948.7
2869.84
2814.1
2772.74
2733.9
2681.59
2618.27
2554.48
2493.88
2437.86
2385.26
2334.86
2289.22
2250.96
2208.49
2146.63
2065.59
1971.36
1900.28
1855.24
1819.6
1789.98
1753.12
1706.04
1654
1599.63
1542.71
1479.88
1399.66
1278.42
1116.79
936.737
776.29
645.417
547.797
481.209
440.583
413.411
396.801
384.717
380.085
378.579
379.926
378.519
373.74
367.804
363.644
361.617
361.367
361.677
360.369
357.989
355.204
353.937
353.716
354.321
355.183
355.068
354.521
353.75
353.438
353.423
353.573
353.612
353.479
353.13
352.794
352.729
352.75
352.906
353.023
353.004
352.932
352.861
352.818
352.818
352.818
352.749
352.635
352.474
352.28
352.108
351.983
351.892
351.826
351.779
351.744
351.752
351.828
351.947
352.002
351.976
351.909
351.819
351.695
351.532
351.369
351.27
351.229
351.203
351.188
351.2
351.233
351.246
351.229
351.196
351.139
351.063
350.991
350.947
350.915
350.894
350.89
350.897
350.899
350.872
350.829
350.778
350.707
350.608
350.515
350.465
350.441
350.42
350.408
350.405
350.4
350.379
350.351
350.312
350.255
350.173
350.078
350.008
349.973
349.954
349.941
349.942
349.965
350.008
350.041
350.045
350.032
350.006
349.939
3636.24
2926.77
2835.49
2866.23
2884.15
2873.78
2855.56
2865.85
2800.59
2543.12
2348.53
2355.42
2388.9
2445.31
2512.11
2581.9
2652.71
2725.18
2801.32
2884.53
2977.91
3073.72
3146.3
3188.11
3209.51
3223.22
3149.87
2860.77
2720.14
2735.74
2776.95
2830.09
2879.16
2921.66
2961.51
3001.59
3042.96
3085.68
3129.18
3172.62
3215.98
3263.11
3325
3406.41
3455.69
3467.61
3430.73
3224.56
3067.31
3070.48
3096.57
3137.12
3176.17
3206.31
3231.79
3256.99
3283.91
3312.73
3342.41
3371.4
3398.87
3426.33
3459.07
3508.4
3576.66
3612.21
3619.32
3584.59
3428.76
3320.99
3323.13
3340.36
3371.12
3404.59
3429.76
3448.89
3467.06
3486.91
3508.98
3532.06
3553.73
3572.97
3591.53
3613.78
3648.34
3700.12
3734.83
3743.5
3734.73
3648.24
3531.27
3515.56
3525.71
3547.3
3578.56
3608.9
3630.5
3647.17
3663.7
3682.62
3704.62
3728.03
3750.06
3770.4
3792.22
3821.79
3866.81
3909.59
3924
3928
3888.23
3772.53
3717.4
3723.41
3739.7
3765.86
3798.93
3826.68
3845.13
3860.48
3876.77
3895.6
3917.95
3942.97
3967.95
3991.82
4016.65
4046.72
4088.88
4132.87
4149.69
4152.93
4121.72
4012.16
3932.54
3917.18
3908.09
3906.26
3909.59
3905.98
3886.03
3854.11
3816.88
3775.77
3731.64
3684.82
3634.27
3578.8
3519.98
3462.87
3414.44
3374.67
3307.46
3216.5
3083.15
2949.57
2870.37
2814.59
2773.28
2734.43
2681.93
2618.47
2554.49
2493.69
2437.46
2384.46
2333.46
2287.02
2247.77
2204.06
2141.69
2060.26
1966.23
1895.81
1851.39
1816.62
1787.91
1752.08
1706.17
1655.43
1602.27
1546.4
1484.25
1403.97
1281.65
1119.41
938.343
777.312
645.803
547.454
480.395
439.591
412.111
395.189
382.938
378.374
376.935
378.047
376.788
372.651
367.528
364.11
362.344
362.28
362.059
360.151
357.376
354.737
353.818
353.744
354.613
355.33
355.105
354.436
353.632
353.386
353.402
353.624
353.653
353.494
353.107
352.766
352.716
352.751
352.928
353.035
353.009
352.937
352.868
352.834
352.84
352.842
352.768
352.648
352.474
352.266
352.095
351.976
351.889
351.824
351.779
351.746
351.757
351.84
351.964
352.019
351.99
351.918
351.826
351.698
351.531
351.365
351.266
351.226
351.201
351.186
351.199
351.234
351.249
351.233
351.2
351.141
351.065
350.991
350.947
350.917
350.896
350.892
350.9
350.904
350.878
350.834
350.783
350.71
350.609
350.517
350.467
350.443
350.422
350.411
350.409
350.404
350.384
350.357
350.317
350.259
350.175
350.079
350.009
349.976
349.957
349.944
349.947
349.971
350.016
350.051
350.056
350.043
350.019
349.951
)
;

boundaryField
{
    sides
    {
        type            zeroGradient;
    }
    inlet
    {
        type            zeroGradient;
    }
    outlet
    {
        type            zeroGradient;
    }
    empty
    {
        type            empty;
    }
}


// ************************************************************************* //
