/*--------------------------------*- C++ -*----------------------------------*\
| =========                 |                                                 |
| \\      /  F ield         | OpenFOAM: The Open Source CFD Toolbox           |
|  \\    /   O peration     | Version:  2306                                  |
|   \\  /    A nd           | Website:  www.openfoam.com                      |
|    \\/     M anipulation  |                                                 |
\*---------------------------------------------------------------------------*/
FoamFile
{
    version     2.0;
    format      ascii;
    arch        "LSB;label=32;scalar=64";
    class       volScalarField;
    location    "0.14";
    object      p;
}
// * * * * * * * * * * * * * * * * * * * * * * * * * * * * * * * * * * * * * //

dimensions      [1 -1 -2 0 0 0 0];

internalField   nonuniform List<scalar> 
6000
(
556770
556770
556770
556770
556770
556770
556770
556770
556770
556770
556770
556770
556770
556770
556770
556770
556770
556770
556770
556770
556770
556770
556770
556770
556770
556770
556770
556770
556770
556770
556770
556770
556770
556770
556770
556770
556770
556770
556770
556770
556770
556770
556770
556770
556770
556770
556770
556770
556770
556770
556770
556770
556770
556770
556770
556770
556770
556770
556770
556770
556770
556770
556770
556770
556770
556771
556772
556774
556780
556794
556821
556876
556979
557156
557419
557706
557862
557877
557864
557805
557663
557413
557050
556587
556053
555476
554876
554274
553681
553106
552546
552012
551506
551037
550597
550197
549842
549536
549272
549047
548862
548707
548579
548465
548363
548269
548179
548094
548012
547942
547896
547882
547881
547882
547883
547885
547893
547907
547928
547957
547993
548031
548067
548097
548122
548140
548154
548166
548177
548187
548194
548200
548205
548209
548211
548213
548214
548214
548215
548216
548214
548211
548205
548196
548185
548173
548159
548145
548129
548115
548100
548085
548071
548063
548060
548060
548061
548062
548064
548066
548069
548075
548083
548093
548105
548118
548128
548136
548142
548146
548149
548152
548155
548159
548164
548169
548174
548179
548186
548194
548202
548205
548206
548206
548206
548204
548197
548188
548175
548159
548141
548126
548114
548105
548098
548092
548085
548078
548071
548066
548065
548065
548066
548067
548069
548071
548075
548082
548090
548101
548114
548125
548134
548140
548145
548148
548150
548152
548155
548158
548162
548165
548167
548170
548173
548179
548186
548196
548207
548213
548215
548214
548212
548207
548200
548190
548176
548159
548141
548124
548109
548098
548091
548087
548084
548081
548076
548071
548066
548062
548059
548056
548057
548058
548063
548070
548078
548088
548099
548109
548120
548130
548138
548146
548152
548156
548158
548159
548159
548159
548161
548163
548167
548174
548182
548192
548203
548215
548225
548229
548230
548231
548229
548224
548215
548200
548178
548154
548132
548113
548099
548091
548087
548084
548080
548074
548064
548056
548049
548044
556770
556770
556770
556770
556770
556770
556770
556770
556770
556770
556770
556770
556770
556770
556770
556770
556770
556770
556770
556770
556770
556770
556770
556770
556770
556770
556770
556770
556770
556770
556770
556770
556770
556770
556770
556770
556770
556770
556770
556770
556770
556770
556770
556770
556770
556770
556770
556770
556770
556770
556770
556770
556770
556770
556770
556770
556770
556770
556770
556770
556770
556770
556770
556770
556770
556771
556772
556774
556780
556794
556821
556876
556979
557156
557419
557706
557861
557877
557864
557805
557663
557413
557049
556587
556053
555475
554875
554275
553682
553105
552545
552013
551509
551036
550594
550198
549844
549536
549270
549048
548864
548709
548579
548464
548362
548269
548180
548094
548012
547942
547897
547882
547880
547881
547882
547886
547894
547907
547928
547957
547992
548030
548066
548097
548122
548140
548155
548166
548177
548186
548194
548200
548205
548209
548212
548213
548214
548214
548215
548216
548214
548211
548205
548196
548185
548173
548159
548145
548129
548114
548100
548085
548072
548063
548060
548060
548061
548062
548063
548066
548069
548075
548083
548093
548105
548118
548128
548136
548142
548146
548149
548152
548155
548159
548164
548169
548173
548179
548186
548194
548202
548206
548207
548207
548207
548204
548197
548187
548174
548158
548141
548126
548114
548105
548099
548092
548085
548077
548071
548066
548065
548065
548066
548067
548069
548072
548075
548082
548090
548101
548113
548125
548134
548140
548145
548148
548150
548152
548155
548158
548162
548165
548167
548170
548173
548179
548186
548196
548206
548213
548215
548214
548212
548207
548200
548190
548176
548159
548141
548124
548110
548098
548092
548087
548084
548080
548076
548071
548066
548062
548059
548057
548057
548059
548063
548070
548078
548088
548099
548110
548120
548130
548138
548145
548151
548155
548158
548159
548159
548160
548161
548164
548167
548174
548182
548191
548203
548215
548225
548229
548230
548230
548228
548224
548214
548199
548179
548155
548132
548113
548100
548091
548087
548083
548079
548073
548065
548057
548049
548045
556770
556770
556770
556770
556770
556770
556770
556770
556770
556770
556770
556770
556770
556770
556770
556770
556770
556770
556770
556770
556770
556770
556770
556770
556770
556770
556770
556770
556770
556770
556770
556770
556770
556770
556770
556770
556770
556770
556770
556770
556770
556770
556770
556770
556770
556770
556770
556770
556770
556770
556770
556770
556770
556770
556770
556770
556770
556770
556770
556770
556770
556770
556770
556770
556770
556771
556772
556774
556780
556794
556821
556876
556979
557156
557419
557706
557861
557877
557864
557805
557663
557413
557049
556587
556053
555474
554875
554275
553683
553104
552545
552014
551509
551035
550594
550199
549843
549536
549269
549049
548864
548709
548579
548463
548362
548269
548180
548095
548012
547943
547897
547881
547880
547880
547882
547886
547894
547908
547929
547957
547991
548029
548066
548097
548122
548141
548155
548167
548177
548186
548194
548200
548205
548209
548212
548213
548214
548214
548214
548215
548214
548211
548205
548196
548186
548173
548160
548145
548129
548114
548100
548085
548072
548064
548061
548060
548061
548062
548063
548065
548069
548075
548083
548093
548105
548118
548128
548136
548142
548146
548149
548152
548156
548160
548165
548169
548173
548179
548185
548194
548201
548205
548207
548208
548207
548204
548197
548187
548173
548157
548140
548126
548114
548106
548099
548093
548085
548077
548070
548066
548065
548065
548066
548068
548069
548072
548076
548082
548090
548100
548112
548124
548134
548141
548146
548149
548151
548153
548155
548158
548161
548164
548167
548170
548173
548179
548186
548196
548206
548213
548215
548214
548212
548208
548200
548190
548176
548159
548141
548124
548110
548099
548092
548087
548084
548080
548076
548070
548065
548062
548059
548057
548057
548059
548063
548069
548077
548087
548098
548110
548121
548131
548139
548146
548151
548154
548157
548158
548159
548160
548162
548164
548168
548174
548181
548191
548202
548215
548225
548230
548231
548231
548228
548223
548214
548198
548178
548155
548133
548114
548100
548092
548087
548083
548078
548071
548064
548057
548050
548046
556770
556770
556770
556770
556770
556770
556770
556770
556770
556770
556770
556770
556770
556770
556770
556770
556770
556770
556770
556770
556770
556770
556770
556770
556770
556770
556770
556770
556770
556770
556770
556770
556770
556770
556770
556770
556770
556770
556770
556770
556770
556770
556770
556770
556770
556770
556770
556770
556770
556770
556770
556770
556770
556770
556770
556770
556770
556770
556770
556770
556770
556770
556770
556770
556770
556771
556772
556774
556780
556794
556821
556876
556979
557156
557419
557706
557861
557877
557864
557805
557663
557413
557049
556587
556053
555474
554875
554275
553683
553102
552546
552014
551509
551033
550594
550199
549844
549535
549269
549050
548864
548710
548578
548462
548362
548268
548180
548095
548013
547943
547897
547881
547879
547880
547882
547886
547895
547909
547929
547957
547990
548028
548066
548097
548122
548141
548156
548167
548177
548185
548193
548199
548205
548209
548212
548214
548214
548214
548214
548214
548213
548210
548205
548197
548186
548174
548160
548145
548129
548114
548099
548085
548072
548064
548061
548061
548061
548062
548063
548065
548069
548075
548083
548094
548106
548118
548128
548136
548142
548146
548149
548152
548156
548161
548165
548169
548173
548178
548185
548193
548201
548205
548208
548209
548208
548204
548198
548187
548172
548156
548140
548126
548115
548106
548100
548093
548085
548077
548070
548066
548065
548065
548066
548068
548070
548072
548076
548082
548090
548100
548111
548123
548134
548141
548146
548149
548151
548153
548155
548158
548160
548164
548167
548170
548174
548179
548186
548196
548206
548213
548214
548214
548212
548208
548201
548190
548175
548158
548140
548123
548110
548100
548093
548088
548084
548080
548075
548070
548065
548061
548059
548058
548058
548060
548063
548069
548076
548086
548098
548110
548122
548132
548140
548146
548150
548154
548156
548157
548159
548160
548162
548165
548169
548174
548181
548190
548202
548214
548225
548230
548231
548231
548228
548223
548213
548197
548178
548156
548134
548115
548101
548093
548087
548082
548076
548070
548064
548057
548051
548046
556770
556770
556770
556770
556770
556770
556770
556770
556770
556770
556770
556770
556770
556770
556770
556770
556770
556770
556770
556770
556770
556770
556770
556770
556770
556770
556770
556770
556770
556770
556770
556770
556770
556770
556770
556770
556770
556770
556770
556770
556770
556770
556770
556770
556770
556770
556770
556770
556770
556770
556770
556770
556770
556770
556770
556770
556770
556770
556770
556770
556770
556770
556770
556770
556770
556771
556772
556774
556780
556794
556821
556876
556979
557156
557419
557706
557861
557877
557864
557805
557663
557413
557049
556587
556053
555473
554876
554275
553682
553102
552548
552014
551510
551032
550596
550198
549844
549534
549269
549051
548864
548710
548577
548462
548362
548268
548180
548095
548013
547944
547897
547881
547879
547879
547882
547887
547895
547909
547929
547957
547990
548027
548065
548098
548123
548142
548156
548168
548177
548185
548192
548199
548204
548209
548212
548214
548215
548215
548214
548214
548213
548210
548205
548197
548186
548174
548160
548144
548129
548114
548099
548085
548072
548064
548061
548061
548061
548062
548062
548064
548068
548075
548083
548094
548106
548117
548128
548136
548142
548146
548149
548153
548156
548161
548165
548169
548173
548178
548185
548193
548201
548205
548208
548209
548208
548204
548198
548187
548172
548156
548140
548126
548115
548107
548100
548093
548086
548077
548070
548066
548064
548064
548066
548068
548070
548072
548076
548082
548090
548100
548111
548122
548134
548141
548146
548150
548152
548153
548155
548158
548160
548163
548167
548170
548174
548179
548186
548196
548206
548212
548214
548214
548212
548208
548201
548190
548175
548158
548140
548123
548109
548100
548093
548089
548085
548080
548075
548069
548064
548061
548059
548058
548059
548060
548063
548068
548076
548086
548098
548110
548123
548133
548141
548146
548150
548153
548155
548157
548158
548161
548163
548166
548169
548174
548181
548190
548201
548214
548225
548230
548232
548231
548228
548222
548212
548197
548178
548156
548134
548115
548102
548094
548087
548081
548075
548070
548063
548057
548051
548047
556770
556770
556770
556770
556770
556770
556770
556770
556770
556770
556770
556770
556770
556770
556770
556770
556770
556770
556770
556770
556770
556770
556770
556770
556770
556770
556770
556770
556770
556770
556770
556770
556770
556770
556770
556770
556770
556770
556770
556770
556770
556770
556770
556770
556770
556770
556770
556770
556770
556770
556770
556770
556770
556770
556770
556770
556770
556770
556770
556770
556770
556770
556770
556770
556770
556771
556772
556774
556780
556794
556821
556876
556979
557156
557419
557706
557861
557877
557864
557805
557663
557413
557049
556588
556053
555473
554876
554276
553681
553102
552548
552014
551509
551031
550597
550198
549845
549532
549271
549050
548864
548710
548576
548463
548362
548268
548181
548094
548014
547944
547897
547881
547879
547879
547882
547887
547896
547909
547930
547957
547990
548027
548064
548098
548123
548143
548157
548168
548177
548184
548191
548198
548204
548209
548213
548215
548215
548215
548214
548213
548213
548210
548205
548198
548187
548174
548160
548144
548129
548113
548099
548085
548073
548064
548061
548061
548061
548061
548062
548065
548069
548075
548084
548094
548105
548117
548127
548136
548142
548146
548150
548153
548157
548161
548165
548169
548173
548178
548185
548193
548201
548206
548208
548209
548207
548204
548197
548187
548173
548156
548140
548126
548114
548106
548099
548093
548086
548078
548070
548066
548064
548064
548066
548068
548070
548072
548076
548082
548090
548100
548111
548122
548133
548141
548147
548150
548153
548154
548156
548158
548160
548162
548166
548170
548174
548179
548186
548196
548206
548212
548214
548214
548212
548209
548202
548190
548176
548158
548139
548122
548109
548100
548094
548089
548085
548080
548075
548069
548064
548061
548059
548059
548059
548060
548063
548068
548076
548086
548097
548110
548123
548133
548141
548147
548150
548153
548154
548156
548158
548161
548163
548166
548170
548174
548181
548190
548201
548213
548225
548230
548232
548231
548228
548222
548212
548198
548179
548157
548135
548116
548102
548094
548087
548080
548075
548069
548064
548057
548051
548047
556770
556770
556770
556770
556770
556770
556770
556770
556770
556770
556770
556770
556770
556770
556770
556770
556770
556770
556770
556770
556770
556770
556770
556770
556770
556770
556770
556770
556770
556770
556770
556770
556770
556770
556770
556770
556770
556770
556770
556770
556770
556770
556770
556770
556770
556770
556770
556770
556770
556770
556770
556770
556770
556770
556770
556770
556770
556770
556770
556770
556770
556770
556770
556770
556770
556771
556772
556774
556780
556794
556821
556876
556979
557156
557419
557707
557861
557877
557864
557805
557663
557413
557050
556588
556052
555474
554876
554276
553680
553104
552548
552015
551508
551032
550597
550198
549844
549532
549272
549049
548865
548710
548575
548464
548361
548268
548180
548094
548014
547944
547896
547881
547879
547879
547882
547887
547896
547909
547929
547957
547990
548027
548064
548098
548124
548143
548157
548168
548177
548184
548191
548198
548204
548209
548213
548215
548215
548215
548214
548213
548213
548210
548205
548198
548187
548174
548160
548144
548128
548113
548098
548085
548073
548065
548061
548061
548060
548061
548062
548065
548070
548076
548084
548094
548105
548116
548126
548135
548142
548147
548151
548154
548157
548160
548164
548168
548173
548178
548185
548194
548202
548206
548208
548208
548207
548203
548197
548187
548173
548157
548140
548126
548114
548106
548099
548092
548086
548079
548071
548066
548064
548064
548065
548068
548069
548072
548077
548082
548090
548100
548111
548122
548132
548141
548146
548150
548153
548154
548156
548158
548160
548162
548166
548170
548174
548179
548186
548196
548206
548212
548213
548214
548212
548209
548202
548191
548176
548158
548139
548122
548109
548099
548093
548089
548085
548080
548075
548069
548064
548061
548059
548058
548059
548060
548063
548068
548076
548086
548097
548111
548123
548134
548142
548147
548150
548152
548154
548156
548157
548160
548163
548166
548170
548175
548182
548190
548201
548213
548224
548229
548231
548231
548228
548222
548213
548198
548179
548157
548135
548116
548102
548093
548085
548080
548075
548069
548064
548057
548051
548047
556770
556770
556770
556770
556770
556770
556770
556770
556770
556770
556770
556770
556770
556770
556770
556770
556770
556770
556770
556770
556770
556770
556770
556770
556770
556770
556770
556770
556770
556770
556770
556770
556770
556770
556770
556770
556770
556770
556770
556770
556770
556770
556770
556770
556770
556770
556770
556770
556770
556770
556770
556770
556770
556770
556770
556770
556770
556770
556770
556770
556770
556770
556770
556770
556770
556771
556772
556774
556780
556794
556821
556876
556979
557156
557419
557707
557861
557877
557864
557805
557663
557413
557050
556588
556052
555474
554876
554275
553679
553105
552547
552015
551506
551034
550597
550199
549843
549532
549272
549049
548865
548709
548576
548464
548361
548268
548180
548094
548014
547944
547897
547881
547879
547879
547882
547887
547895
547909
547929
547957
547990
548027
548064
548098
548125
548143
548157
548168
548176
548184
548191
548198
548205
548209
548213
548214
548215
548215
548214
548214
548213
548210
548205
548198
548188
548174
548159
548144
548128
548113
548098
548085
548074
548066
548061
548060
548059
548060
548062
548066
548070
548077
548084
548094
548104
548115
548125
548134
548142
548148
548152
548155
548157
548160
548163
548167
548172
548178
548186
548195
548203
548207
548208
548207
548205
548202
548196
548187
548174
548158
548142
548126
548114
548105
548098
548091
548085
548079
548072
548067
548065
548064
548065
548067
548069
548072
548077
548083
548091
548101
548111
548121
548131
548140
548146
548150
548153
548155
548157
548158
548160
548162
548165
548169
548174
548179
548187
548196
548206
548212
548213
548214
548212
548209
548202
548191
548177
548158
548139
548122
548108
548099
548093
548089
548085
548080
548075
548070
548064
548061
548059
548058
548059
548060
548063
548069
548076
548086
548098
548111
548123
548133
548141
548146
548150
548152
548154
548156
548157
548160
548163
548166
548170
548175
548182
548191
548201
548213
548224
548229
548231
548231
548228
548222
548213
548199
548180
548158
548135
548116
548101
548092
548084
548080
548075
548071
548065
548057
548051
548047
556770
556770
556770
556770
556770
556770
556770
556770
556770
556770
556770
556770
556770
556770
556770
556770
556770
556770
556770
556770
556770
556770
556770
556770
556770
556770
556770
556770
556770
556770
556770
556770
556770
556770
556770
556770
556770
556770
556770
556770
556770
556770
556770
556770
556770
556770
556770
556770
556770
556770
556770
556770
556770
556770
556770
556770
556770
556770
556770
556770
556770
556770
556770
556770
556770
556771
556772
556774
556780
556794
556821
556876
556979
557156
557419
557707
557861
557877
557864
557805
557663
557413
557050
556588
556052
555475
554877
554274
553679
553105
552547
552015
551505
551035
550596
550199
549841
549534
549272
549049
548866
548708
548578
548464
548361
548268
548179
548095
548014
547943
547897
547881
547879
547879
547882
547887
547895
547909
547929
547957
547990
548027
548064
548099
548125
548143
548157
548167
548176
548183
548191
548199
548205
548209
548212
548214
548214
548214
548214
548214
548213
548210
548205
548198
548188
548174
548159
548143
548128
548113
548098
548086
548074
548066
548061
548059
548059
548060
548063
548067
548071
548077
548084
548093
548104
548115
548125
548135
548143
548148
548152
548155
548157
548159
548162
548166
548171
548178
548187
548196
548204
548207
548207
548206
548204
548201
548196
548187
548175
548160
548143
548126
548113
548104
548097
548091
548085
548079
548073
548068
548065
548064
548064
548065
548068
548072
548077
548084
548092
548101
548112
548121
548130
548139
548146
548150
548153
548156
548157
548159
548160
548162
548165
548169
548173
548179
548187
548196
548206
548212
548213
548213
548212
548209
548202
548192
548177
548159
548139
548122
548108
548098
548093
548089
548085
548080
548076
548070
548065
548061
548058
548058
548059
548060
548063
548069
548076
548086
548098
548111
548123
548133
548141
548146
548150
548152
548154
548156
548158
548161
548163
548166
548170
548175
548182
548191
548201
548213
548224
548228
548230
548230
548228
548223
548214
548200
548181
548158
548135
548115
548100
548090
548084
548080
548076
548072
548066
548058
548052
548046
556770
556770
556770
556770
556770
556770
556770
556770
556770
556770
556770
556770
556770
556770
556770
556770
556770
556770
556770
556770
556770
556770
556770
556770
556770
556770
556770
556770
556770
556770
556770
556770
556770
556770
556770
556770
556770
556770
556770
556770
556770
556770
556770
556770
556770
556770
556770
556770
556770
556770
556770
556770
556770
556770
556770
556770
556770
556770
556770
556770
556770
556770
556770
556770
556770
556771
556772
556774
556780
556794
556821
556876
556979
557156
557419
557707
557861
557877
557864
557805
557663
557413
557050
556587
556052
555475
554877
554273
553680
553105
552548
552014
551506
551036
550596
550199
549840
549535
549271
549050
548865
548708
548578
548463
548362
548268
548179
548095
548013
547943
547898
547882
547879
547879
547881
547887
547895
547909
547929
547957
547990
548027
548064
548099
548125
548143
548157
548167
548176
548183
548191
548199
548205
548209
548212
548214
548214
548214
548214
548214
548213
548211
548206
548198
548188
548174
548158
548143
548128
548113
548099
548086
548074
548065
548060
548059
548059
548060
548064
548067
548071
548077
548084
548093
548104
548115
548125
548135
548144
548148
548152
548155
548156
548159
548162
548166
548171
548179
548188
548196
548204
548207
548207
548206
548204
548201
548196
548188
548176
548160
548143
548126
548112
548103
548096
548091
548085
548079
548073
548069
548065
548064
548063
548064
548068
548072
548077
548084
548093
548102
548112
548121
548130
548138
548145
548150
548153
548156
548158
548159
548161
548162
548165
548169
548173
548179
548187
548196
548206
548212
548213
548213
548212
548209
548202
548192
548177
548159
548139
548121
548108
548098
548093
548088
548085
548080
548076
548070
548065
548060
548058
548058
548059
548060
548064
548069
548077
548086
548098
548111
548122
548132
548140
548145
548150
548152
548155
548156
548159
548161
548163
548166
548169
548175
548182
548190
548201
548214
548224
548229
548230
548230
548228
548223
548214
548200
548181
548158
548135
548115
548099
548089
548084
548080
548076
548074
548066
548058
548052
548045
556770
556770
556770
556770
556770
556770
556770
556770
556770
556770
556770
556770
556770
556770
556770
556770
556770
556770
556770
556770
556770
556770
556770
556770
556770
556770
556770
556770
556770
556770
556770
556770
556770
556770
556770
556770
556770
556770
556770
556770
556770
556770
556770
556770
556770
556770
556770
556770
556770
556770
556770
556770
556770
556770
556770
556770
556770
556770
556770
556770
556770
556770
556770
556770
556770
556771
556772
556774
556780
556794
556821
556876
556979
557156
557419
557707
557861
557877
557864
557805
557663
557413
557050
556587
556053
555475
554876
554273
553682
553105
552548
552012
551508
551035
550596
550198
549840
549536
549270
549050
548864
548708
548579
548463
548362
548267
548179
548095
548013
547943
547897
547882
547879
547879
547881
547887
547895
547909
547929
547957
547990
548026
548064
548099
548125
548144
548157
548167
548176
548183
548191
548199
548205
548209
548213
548214
548214
548214
548214
548213
548213
548211
548206
548199
548188
548173
548158
548143
548128
548113
548099
548086
548074
548065
548060
548059
548059
548060
548064
548067
548071
548077
548084
548093
548104
548115
548125
548136
548144
548148
548152
548155
548156
548159
548162
548166
548172
548180
548188
548196
548204
548207
548206
548206
548204
548201
548197
548188
548176
548161
548143
548125
548112
548103
548096
548091
548086
548079
548074
548069
548065
548063
548063
548064
548067
548072
548078
548084
548093
548102
548112
548122
548130
548138
548145
548149
548153
548156
548158
548159
548161
548163
548165
548169
548173
548179
548186
548196
548206
548212
548213
548214
548212
548209
548203
548192
548177
548158
548139
548121
548108
548098
548093
548089
548085
548080
548076
548070
548065
548060
548058
548058
548059
548060
548064
548069
548077
548086
548098
548111
548122
548132
548140
548145
548150
548152
548155
548157
548160
548162
548164
548167
548169
548174
548181
548190
548201
548214
548224
548229
548231
548230
548228
548223
548214
548200
548181
548158
548135
548115
548099
548089
548084
548080
548077
548074
548067
548059
548052
548046
556770
556770
556770
556770
556770
556770
556770
556770
556770
556770
556770
556770
556770
556770
556770
556770
556770
556770
556770
556770
556770
556770
556770
556770
556770
556770
556770
556770
556770
556770
556770
556770
556770
556770
556770
556770
556770
556770
556770
556770
556770
556770
556770
556770
556770
556770
556770
556770
556770
556770
556770
556770
556770
556770
556770
556770
556770
556770
556770
556770
556770
556770
556770
556770
556770
556771
556772
556774
556780
556794
556821
556876
556979
557156
557419
557707
557861
557877
557864
557805
557663
557413
557050
556587
556053
555475
554876
554272
553682
553105
552548
552011
551509
551035
550597
550196
549842
549536
549271
549050
548863
548710
548578
548463
548362
548267
548180
548095
548013
547943
547897
547881
547878
547879
547882
547887
547895
547909
547929
547957
547990
548026
548064
548098
548125
548144
548157
548168
548176
548184
548191
548198
548205
548209
548213
548215
548214
548214
548214
548213
548213
548211
548206
548199
548188
548173
548158
548143
548128
548113
548099
548086
548074
548064
548060
548059
548059
548061
548064
548067
548071
548076
548083
548093
548104
548116
548126
548136
548143
548148
548151
548154
548156
548159
548162
548166
548172
548180
548187
548196
548204
548207
548207
548206
548204
548201
548197
548188
548175
548160
548143
548126
548113
548103
548096
548091
548085
548079
548073
548069
548065
548064
548063
548064
548067
548072
548077
548084
548093
548102
548112
548122
548130
548138
548144
548149
548152
548155
548157
548159
548161
548163
548166
548169
548173
548179
548186
548195
548205
548211
548214
548214
548213
548210
548203
548192
548176
548157
548139
548121
548108
548098
548093
548089
548085
548080
548075
548069
548064
548061
548059
548058
548059
548061
548064
548069
548077
548086
548098
548110
548121
548132
548140
548145
548150
548153
548155
548157
548160
548162
548164
548167
548169
548174
548181
548189
548201
548213
548225
548230
548232
548231
548227
548223
548213
548199
548180
548158
548135
548115
548100
548089
548084
548080
548076
548073
548066
548059
548052
548047
556770
556770
556770
556770
556770
556770
556770
556770
556770
556770
556770
556770
556770
556770
556770
556770
556770
556770
556770
556770
556770
556770
556770
556770
556770
556770
556770
556770
556770
556770
556770
556770
556770
556770
556770
556770
556770
556770
556770
556770
556770
556770
556770
556770
556770
556770
556770
556770
556770
556770
556770
556770
556770
556770
556770
556770
556770
556770
556770
556770
556770
556770
556770
556770
556770
556771
556772
556774
556780
556794
556821
556876
556979
557156
557419
557707
557861
557877
557864
557805
557663
557413
557050
556587
556053
555475
554875
554273
553683
553105
552547
552011
551510
551035
550597
550195
549844
549535
549272
549050
548862
548710
548577
548463
548361
548267
548181
548095
548014
547943
547897
547881
547879
547879
547882
547887
547895
547909
547930
547957
547990
548027
548064
548097
548124
548144
548158
548168
548177
548184
548191
548197
548203
548209
548213
548215
548215
548214
548214
548213
548212
548211
548206
548199
548188
548173
548159
548143
548128
548113
548099
548086
548073
548063
548060
548059
548060
548062
548064
548066
548070
548075
548083
548093
548105
548116
548127
548137
548143
548147
548151
548153
548155
548159
548162
548167
548173
548180
548187
548196
548203
548206
548207
548206
548205
548202
548197
548188
548175
548159
548142
548126
548113
548104
548097
548091
548085
548079
548073
548068
548065
548064
548064
548065
548068
548072
548077
548084
548092
548102
548112
548122
548131
548139
548145
548149
548152
548154
548157
548159
548161
548164
548167
548170
548173
548179
548185
548195
548205
548211
548214
548215
548214
548210
548203
548192
548175
548157
548138
548121
548108
548098
548093
548089
548085
548080
548075
548069
548064
548061
548059
548059
548060
548061
548064
548069
548076
548086
548097
548110
548121
548132
548140
548146
548150
548153
548155
548157
548160
548162
548164
548167
548169
548174
548180
548189
548200
548213
548225
548230
548232
548232
548228
548222
548213
548199
548180
548157
548135
548115
548101
548091
548084
548080
548075
548071
548066
548058
548052
548047
556770
556770
556770
556770
556770
556770
556770
556770
556770
556770
556770
556770
556770
556770
556770
556770
556770
556770
556770
556770
556770
556770
556770
556770
556770
556770
556770
556770
556770
556770
556770
556770
556770
556770
556770
556770
556770
556770
556770
556770
556770
556770
556770
556770
556770
556770
556770
556770
556770
556770
556770
556770
556770
556770
556770
556770
556770
556770
556770
556770
556770
556770
556770
556770
556770
556771
556772
556774
556780
556794
556821
556876
556979
557156
557419
557707
557861
557877
557864
557805
557663
557413
557049
556587
556053
555475
554874
554274
553682
553106
552545
552013
551509
551036
550596
550195
549845
549534
549272
549048
548864
548710
548577
548464
548361
548268
548181
548095
548014
547943
547896
547881
547879
547880
547882
547886
547895
547909
547930
547957
547991
548027
548063
548097
548124
548144
548158
548169
548177
548184
548191
548196
548203
548209
548213
548215
548216
548215
548214
548213
548212
548210
548206
548198
548188
548174
548159
548144
548128
548113
548099
548085
548072
548063
548060
548060
548061
548062
548063
548066
548069
548075
548083
548094
548105
548117
548128
548137
548143
548147
548150
548152
548155
548159
548162
548168
548174
548180
548187
548195
548202
548206
548207
548206
548205
548203
548197
548187
548174
548158
548141
548126
548114
548105
548098
548092
548085
548079
548072
548067
548065
548064
548064
548066
548068
548072
548076
548083
548091
548101
548112
548123
548132
548140
548145
548149
548151
548153
548156
548158
548161
548164
548167
548170
548174
548178
548185
548194
548205
548211
548215
548216
548214
548210
548203
548191
548175
548157
548138
548121
548108
548099
548093
548089
548085
548079
548074
548069
548064
548061
548059
548059
548060
548061
548064
548069
548076
548085
548097
548109
548121
548132
548140
548146
548150
548153
548155
548157
548159
548162
548164
548167
548170
548174
548181
548189
548200
548213
548225
548230
548232
548232
548228
548222
548212
548198
548179
548157
548135
548115
548102
548092
548085
548080
548075
548070
548065
548058
548052
548048
556770
556770
556770
556770
556770
556770
556770
556770
556770
556770
556770
556770
556770
556770
556770
556770
556770
556770
556770
556770
556770
556770
556770
556770
556770
556770
556770
556770
556770
556770
556770
556770
556770
556770
556770
556770
556770
556770
556770
556770
556770
556770
556770
556770
556770
556770
556770
556770
556770
556770
556770
556770
556770
556770
556770
556770
556770
556770
556770
556770
556770
556770
556770
556770
556770
556771
556772
556774
556780
556794
556821
556876
556979
557156
557419
557707
557861
557877
557864
557805
557663
557414
557049
556587
556053
555475
554874
554275
553682
553106
552544
552015
551508
551036
550594
550197
549844
549535
549272
549047
548865
548709
548577
548464
548360
548268
548180
548095
548014
547943
547896
547881
547879
547880
547882
547886
547895
547909
547930
547957
547991
548027
548064
548097
548124
548143
548158
548169
548177
548185
548191
548197
548203
548208
548213
548215
548216
548216
548215
548213
548212
548209
548205
548198
548188
548175
548160
548144
548128
548113
548098
548084
548072
548063
548061
548060
548061
548062
548063
548065
548069
548075
548084
548094
548106
548118
548129
548136
548142
548146
548149
548152
548155
548159
548164
548169
548174
548179
548186
548194
548202
548206
548207
548207
548207
548203
548197
548187
548174
548157
548140
548126
548114
548106
548099
548092
548086
548079
548071
548066
548065
548064
548065
548067
548069
548072
548076
548082
548091
548101
548112
548123
548134
548141
548146
548149
548151
548153
548155
548158
548162
548165
548167
548170
548174
548178
548185
548194
548204
548211
548215
548216
548215
548210
548203
548190
548175
548157
548138
548121
548108
548099
548093
548089
548084
548079
548074
548069
548064
548061
548060
548059
548060
548061
548064
548069
548076
548085
548097
548109
548122
548132
548141
548146
548151
548153
548155
548157
548158
548161
548164
548167
548170
548174
548181
548190
548200
548213
548224
548230
548232
548232
548229
548222
548212
548198
548179
548157
548134
548115
548102
548093
548086
548080
548075
548069
548064
548057
548052
548047
556770
556770
556770
556770
556770
556770
556770
556770
556770
556770
556770
556770
556770
556770
556770
556770
556770
556770
556770
556770
556770
556770
556770
556770
556770
556770
556770
556770
556770
556770
556770
556770
556770
556770
556770
556770
556770
556770
556770
556770
556770
556770
556770
556770
556770
556770
556770
556770
556770
556770
556770
556770
556770
556770
556770
556770
556770
556770
556770
556770
556770
556770
556770
556770
556770
556771
556772
556774
556780
556794
556821
556876
556979
557156
557419
557707
557861
557877
557864
557805
557664
557413
557049
556587
556053
555474
554875
554275
553682
553105
552545
552015
551507
551036
550593
550199
549843
549535
549272
549047
548865
548708
548578
548464
548360
548269
548180
548095
548014
547943
547896
547881
547880
547880
547882
547886
547894
547908
547929
547957
547991
548028
548064
548098
548124
548143
548157
548168
548177
548185
548192
548198
548203
548208
548211
548214
548216
548216
548215
548214
548212
548209
548204
548197
548187
548175
548160
548145
548128
548113
548098
548084
548072
548064
548061
548060
548061
548062
548063
548065
548069
548075
548084
548094
548106
548118
548128
548136
548142
548146
548149
548152
548155
548159
548165
548169
548174
548179
548186
548194
548201
548206
548207
548207
548207
548204
548197
548187
548173
548156
548140
548126
548115
548106
548099
548093
548086
548078
548070
548066
548064
548064
548066
548068
548069
548072
548075
548081
548090
548100
548111
548124
548134
548141
548146
548149
548150
548153
548155
548158
548162
548165
548167
548170
548174
548178
548185
548194
548204
548212
548216
548216
548214
548210
548202
548189
548175
548157
548139
548122
548108
548099
548093
548089
548083
548079
548074
548069
548065
548062
548060
548059
548060
548061
548063
548069
548076
548086
548097
548109
548121
548132
548141
548147
548151
548153
548155
548157
548158
548160
548163
548166
548170
548175
548182
548190
548201
548213
548224
548229
548231
548231
548229
548223
548213
548198
548179
548157
548134
548115
548101
548093
548087
548081
548076
548070
548063
548056
548051
548047
556770
556770
556770
556770
556770
556770
556770
556770
556770
556770
556770
556770
556770
556770
556770
556770
556770
556770
556770
556770
556770
556770
556770
556770
556770
556770
556770
556770
556770
556770
556770
556770
556770
556770
556770
556770
556770
556770
556770
556770
556770
556770
556770
556770
556770
556770
556770
556770
556770
556770
556770
556770
556770
556770
556770
556770
556770
556770
556770
556770
556770
556770
556770
556770
556770
556771
556772
556774
556780
556794
556821
556876
556979
557156
557419
557706
557861
557877
557864
557805
557663
557413
557049
556587
556053
555474
554876
554275
553681
553104
552546
552015
551507
551036
550593
550200
549843
549535
549271
549047
548865
548707
548578
548464
548361
548269
548179
548095
548014
547942
547896
547881
547880
547880
547882
547886
547894
547908
547929
547956
547990
548028
548065
548099
548124
548142
548156
548167
548176
548185
548193
548199
548204
548207
548211
548213
548215
548216
548216
548215
548213
548209
548204
548197
548187
548175
548160
548145
548129
548113
548098
548084
548072
548064
548061
548060
548061
548062
548063
548066
548069
548075
548083
548094
548105
548117
548128
548136
548142
548146
548149
548152
548156
548160
548165
548169
548173
548179
548186
548193
548201
548206
548207
548207
548207
548204
548197
548187
548173
548156
548140
548126
548115
548106
548099
548093
548086
548078
548070
548066
548064
548065
548066
548068
548069
548072
548075
548081
548090
548100
548112
548125
548134
548141
548146
548149
548150
548153
548155
548158
548162
548165
548167
548170
548173
548177
548185
548194
548205
548213
548216
548216
548214
548209
548201
548189
548175
548158
548139
548123
548109
548099
548093
548088
548083
548079
548075
548070
548066
548062
548060
548059
548059
548060
548063
548069
548076
548086
548097
548109
548121
548132
548140
548147
548151
548154
548155
548157
548158
548160
548162
548166
548170
548176
548182
548191
548202
548214
548224
548228
548230
548230
548228
548223
548214
548199
548179
548156
548134
548114
548101
548092
548087
548083
548077
548070
548063
548056
548049
548045
556770
556770
556770
556770
556770
556770
556770
556770
556770
556770
556770
556770
556770
556770
556770
556770
556770
556770
556770
556770
556770
556770
556770
556770
556770
556770
556770
556770
556770
556770
556770
556770
556770
556770
556770
556770
556770
556770
556770
556770
556770
556770
556770
556770
556770
556770
556770
556770
556770
556770
556770
556770
556770
556770
556770
556770
556770
556770
556770
556770
556770
556770
556770
556770
556770
556771
556772
556774
556780
556794
556821
556876
556979
557156
557419
557706
557861
557877
557864
557805
557663
557413
557049
556587
556052
555474
554876
554275
553681
553104
552547
552015
551506
551036
550595
550200
549843
549534
549271
549047
548865
548707
548578
548464
548361
548269
548179
548095
548014
547942
547896
547881
547880
547881
547883
547887
547894
547908
547928
547956
547990
548028
548066
548099
548124
548142
548156
548167
548176
548186
548194
548199
548204
548208
548211
548213
548214
548215
548216
548215
548213
548210
548204
548196
548186
548174
548160
548145
548129
548114
548098
548084
548071
548063
548061
548060
548061
548062
548064
548066
548070
548075
548083
548093
548104
548117
548128
548136
548142
548146
548149
548152
548156
548160
548165
548169
548174
548179
548186
548194
548201
548206
548206
548207
548207
548203
548197
548187
548173
548156
548140
548126
548115
548106
548099
548093
548086
548078
548070
548066
548064
548065
548066
548067
548069
548072
548075
548081
548090
548100
548112
548125
548134
548141
548146
548149
548150
548153
548155
548158
548162
548164
548167
548169
548173
548177
548185
548195
548206
548214
548216
548215
548213
548208
548200
548189
548176
548158
548140
548123
548109
548100
548093
548086
548083
548079
548075
548071
548067
548062
548060
548059
548058
548059
548063
548069
548077
548086
548098
548110
548121
548131
548140
548147
548151
548154
548156
548157
548158
548160
548162
548165
548169
548175
548183
548192
548202
548214
548224
548228
548229
548230
548228
548223
548214
548200
548180
548156
548133
548114
548100
548092
548087
548083
548079
548072
548063
548055
548048
548044
556770
556770
556770
556770
556770
556770
556770
556770
556770
556770
556770
556770
556770
556770
556770
556770
556770
556770
556770
556770
556770
556770
556770
556770
556770
556770
556770
556770
556770
556770
556770
556770
556770
556770
556770
556770
556770
556770
556770
556770
556770
556770
556770
556770
556770
556770
556770
556770
556770
556770
556770
556770
556770
556770
556770
556770
556770
556770
556770
556770
556770
556770
556770
556770
556770
556771
556772
556774
556780
556794
556821
556876
556979
557156
557419
557706
557862
557877
557864
557805
557663
557413
557049
556588
556052
555474
554877
554276
553680
553104
552547
552016
551506
551034
550596
550201
549843
549533
549271
549048
548865
548708
548577
548464
548362
548269
548180
548094
548014
547942
547896
547881
547880
547881
547883
547887
547894
547908
547928
547955
547990
548028
548067
548099
548123
548142
548156
548166
548176
548186
548194
548199
548204
548208
548211
548213
548214
548215
548216
548216
548214
548211
548205
548196
548186
548174
548160
548145
548129
548114
548099
548084
548070
548063
548060
548059
548061
548063
548065
548067
548070
548074
548082
548092
548104
548116
548128
548137
548143
548147
548150
548153
548156
548159
548164
548169
548174
548179
548186
548194
548201
548205
548206
548206
548206
548203
548197
548188
548174
548156
548140
548126
548114
548106
548099
548093
548086
548079
548070
548066
548065
548065
548066
548067
548069
548072
548075
548081
548090
548100
548112
548125
548134
548141
548146
548149
548151
548153
548156
548158
548162
548164
548166
548169
548172
548177
548185
548195
548206
548214
548215
548215
548213
548207
548200
548190
548176
548159
548141
548123
548110
548100
548092
548086
548083
548079
548075
548071
548067
548062
548059
548058
548057
548059
548063
548069
548077
548087
548098
548110
548121
548131
548139
548146
548152
548155
548157
548158
548158
548159
548161
548164
548168
548175
548183
548193
548203
548214
548224
548228
548228
548229
548228
548224
548215
548201
548181
548157
548133
548113
548099
548091
548087
548084
548080
548074
548064
548055
548047
548042
556770
556770
556770
556770
556770
556770
556770
556770
556770
556770
556770
556770
556770
556770
556770
556770
556770
556770
556770
556770
556770
556770
556770
556770
556770
556770
556770
556770
556770
556770
556770
556770
556770
556770
556770
556770
556770
556770
556770
556770
556770
556770
556770
556770
556770
556770
556770
556770
556770
556770
556770
556770
556770
556770
556770
556770
556770
556770
556770
556770
556770
556770
556770
556770
556770
556771
556772
556774
556780
556794
556821
556876
556979
557156
557420
557706
557862
557877
557864
557805
557663
557413
557049
556588
556053
555473
554877
554277
553681
553102
552546
552017
551508
551033
550594
550201
549846
549533
549268
549046
548865
548709
548577
548463
548361
548270
548181
548095
548013
547941
547896
547881
547880
547881
547883
547887
547894
547908
547928
547955
547990
548029
548067
548099
548123
548142
548155
548166
548176
548186
548194
548199
548204
548208
548210
548212
548214
548215
548216
548216
548214
548211
548205
548196
548186
548174
548160
548145
548130
548115
548100
548084
548070
548062
548060
548059
548062
548064
548065
548067
548070
548074
548082
548092
548103
548116
548129
548137
548143
548147
548150
548153
548156
548159
548164
548169
548174
548179
548186
548194
548201
548205
548206
548206
548206
548204
548198
548188
548174
548157
548140
548126
548114
548106
548099
548093
548086
548079
548071
548067
548065
548065
548066
548067
548069
548071
548075
548082
548090
548101
548112
548124
548134
548140
548145
548149
548151
548154
548156
548159
548162
548164
548166
548169
548172
548177
548185
548195
548207
548214
548215
548215
548212
548207
548199
548190
548176
548159
548141
548124
548110
548100
548091
548086
548083
548079
548076
548072
548067
548062
548059
548057
548057
548059
548063
548069
548078
548087
548098
548109
548120
548130
548139
548146
548152
548155
548157
548158
548158
548159
548161
548163
548168
548175
548184
548193
548204
548215
548224
548227
548228
548228
548229
548224
548215
548201
548181
548156
548132
548112
548099
548091
548087
548085
548080
548074
548064
548054
548046
548041
)
;

boundaryField
{
    sides
    {
        type            zeroGradient;
    }
    inlet
    {
        type            zeroGradient;
    }
    outlet
    {
        type            zeroGradient;
    }
    empty
    {
        type            empty;
    }
}


// ************************************************************************* //
