/*--------------------------------*- C++ -*----------------------------------*\
| =========                 |                                                 |
| \\      /  F ield         | OpenFOAM: The Open Source CFD Toolbox           |
|  \\    /   O peration     | Version:  2306                                  |
|   \\  /    A nd           | Website:  www.openfoam.com                      |
|    \\/     M anipulation  |                                                 |
\*---------------------------------------------------------------------------*/
FoamFile
{
    version     2.0;
    format      ascii;
    arch        "LSB;label=32;scalar=64";
    class       volScalarField;
    location    "0.14";
    object      rho;
}
// * * * * * * * * * * * * * * * * * * * * * * * * * * * * * * * * * * * * * //

dimensions      [1 -3 0 0 0 0 0];

internalField   nonuniform List<scalar> 
6000
(
3.64274
3.64274
3.64274
3.64274
3.64274
3.64274
3.64274
3.64274
3.64274
3.64274
3.64274
3.64274
3.64274
3.64274
3.64274
3.64274
3.64274
3.64274
3.64274
3.64274
3.64274
3.64274
3.64274
3.64274
3.64274
3.64274
3.64274
3.64274
3.64274
3.64274
3.64274
3.64274
3.64274
3.64274
3.64274
3.64274
3.64274
3.64274
3.64274
3.64274
3.64274
3.64274
3.64274
3.64274
3.64274
3.64274
3.64274
3.64274
3.64274
3.64274
3.64274
3.64274
3.64274
3.64274
3.64274
3.64274
3.64274
3.64274
3.64274
3.64274
3.64274
3.64274
3.64274
3.64274
3.64274
3.64274
3.64275
3.64276
3.64279
3.64285
3.64298
3.64323
3.64371
3.64454
3.64577
3.64711
3.64784
3.64791
3.64785
3.64757
3.64691
3.64574
3.64404
3.64188
3.63939
3.63669
3.63389
3.63107
3.62829
3.6256
3.62298
3.62048
3.61811
3.61591
3.61385
3.61197
3.61031
3.60887
3.60763
3.60658
3.60571
3.60499
3.60439
3.60385
3.60337
3.60293
3.60251
3.60211
3.60172
3.60139
3.60118
3.60111
3.60111
3.60111
3.60112
3.60113
3.60117
3.60123
3.60133
3.60146
3.60163
3.60181
3.60198
3.60212
3.60224
3.60233
3.60239
3.60245
3.6025
3.60254
3.60258
3.6026
3.60263
3.60265
3.60266
3.60267
3.60267
3.60267
3.60267
3.60268
3.60267
3.60266
3.60263
3.60259
3.60254
3.60248
3.60241
3.60234
3.60227
3.6022
3.60214
3.60206
3.602
3.60197
3.60195
3.60195
3.60195
3.60196
3.60196
3.60198
3.60199
3.60202
3.60206
3.6021
3.60216
3.60222
3.60227
3.6023
3.60233
3.60235
3.60237
3.60238
3.6024
3.60241
3.60243
3.60246
3.60248
3.60251
3.60254
3.60258
3.60262
3.60263
3.60263
3.60263
3.60263
3.60262
3.60259
3.60255
3.60249
3.60241
3.60233
3.60226
3.6022
3.60216
3.60212
3.6021
3.60207
3.60203
3.602
3.60198
3.60197
3.60197
3.60197
3.60198
3.60199
3.602
3.60202
3.60205
3.60209
3.60214
3.6022
3.60225
3.60229
3.60232
3.60235
3.60236
3.60237
3.60238
3.60239
3.60241
3.60242
3.60243
3.60245
3.60246
3.60248
3.60251
3.60254
3.60259
3.60264
3.60266
3.60267
3.60267
3.60266
3.60264
3.60261
3.60256
3.6025
3.60242
3.60233
3.60224
3.60217
3.60212
3.60209
3.60208
3.60207
3.60205
3.60203
3.602
3.60197
3.60195
3.60194
3.60193
3.60194
3.60195
3.60197
3.602
3.60203
3.60207
3.60212
3.60217
3.60223
3.60228
3.60232
3.60236
3.60239
3.60239
3.6024
3.60241
3.6024
3.60241
3.60242
3.60244
3.60246
3.60249
3.60252
3.60256
3.60261
3.60266
3.60271
3.60274
3.60276
3.60276
3.60275
3.60272
3.60267
3.60259
3.60249
3.60238
3.60228
3.6022
3.60214
3.6021
3.60208
3.60206
3.60203
3.602
3.60196
3.60193
3.6019
3.60188
3.64274
3.64274
3.64274
3.64274
3.64274
3.64274
3.64274
3.64274
3.64274
3.64274
3.64274
3.64274
3.64274
3.64274
3.64274
3.64274
3.64274
3.64274
3.64274
3.64274
3.64274
3.64274
3.64274
3.64274
3.64274
3.64274
3.64274
3.64274
3.64274
3.64274
3.64274
3.64274
3.64274
3.64274
3.64274
3.64274
3.64274
3.64274
3.64274
3.64274
3.64274
3.64274
3.64274
3.64274
3.64274
3.64274
3.64274
3.64274
3.64274
3.64274
3.64274
3.64274
3.64274
3.64274
3.64274
3.64274
3.64274
3.64274
3.64274
3.64274
3.64274
3.64274
3.64274
3.64274
3.64274
3.64274
3.64275
3.64276
3.64279
3.64285
3.64298
3.64323
3.64371
3.64454
3.64577
3.64711
3.64784
3.64791
3.64785
3.64757
3.64691
3.64574
3.64404
3.64188
3.63939
3.63668
3.63388
3.63107
3.6283
3.62559
3.62298
3.62048
3.61812
3.6159
3.61384
3.61198
3.61032
3.60887
3.60763
3.60658
3.60572
3.60499
3.60438
3.60384
3.60337
3.60293
3.60251
3.60211
3.60172
3.6014
3.60118
3.60111
3.6011
3.60111
3.60111
3.60113
3.60117
3.60123
3.60133
3.60146
3.60163
3.60181
3.60198
3.60212
3.60224
3.60233
3.60239
3.60245
3.60249
3.60254
3.60258
3.6026
3.60263
3.60265
3.60266
3.60267
3.60267
3.60267
3.60267
3.60268
3.60267
3.60266
3.60263
3.60259
3.60254
3.60248
3.60241
3.60234
3.60227
3.6022
3.60213
3.60207
3.602
3.60197
3.60195
3.60195
3.60195
3.60196
3.60196
3.60197
3.60199
3.60202
3.60206
3.6021
3.60216
3.60222
3.60227
3.6023
3.60233
3.60235
3.60237
3.60238
3.6024
3.60241
3.60244
3.60246
3.60248
3.60251
3.60254
3.60258
3.60262
3.60263
3.60264
3.60264
3.60263
3.60262
3.60259
3.60255
3.60249
3.60241
3.60233
3.60226
3.6022
3.60216
3.60213
3.6021
3.60207
3.60203
3.602
3.60198
3.60197
3.60197
3.60197
3.60198
3.60199
3.602
3.60202
3.60205
3.60209
3.60214
3.60219
3.60225
3.60229
3.60232
3.60235
3.60237
3.60237
3.60238
3.60239
3.6024
3.60242
3.60243
3.60245
3.60246
3.60248
3.60251
3.60254
3.60259
3.60263
3.60266
3.60267
3.60267
3.60266
3.60264
3.60261
3.60256
3.6025
3.60241
3.60232
3.60224
3.60217
3.60212
3.6021
3.60208
3.60207
3.60205
3.60203
3.602
3.60197
3.60195
3.60194
3.60194
3.60194
3.60195
3.60197
3.602
3.60203
3.60207
3.60212
3.60217
3.60223
3.60228
3.60232
3.60236
3.60238
3.60239
3.6024
3.6024
3.60241
3.60241
3.60243
3.60244
3.60246
3.60249
3.60252
3.60256
3.60261
3.60267
3.60272
3.60275
3.60276
3.60276
3.60274
3.60272
3.60267
3.60259
3.6025
3.60239
3.60229
3.6022
3.60214
3.6021
3.60208
3.60205
3.60203
3.602
3.60196
3.60193
3.60191
3.60189
3.64274
3.64274
3.64274
3.64274
3.64274
3.64274
3.64274
3.64274
3.64274
3.64274
3.64274
3.64274
3.64274
3.64274
3.64274
3.64274
3.64274
3.64274
3.64274
3.64274
3.64274
3.64274
3.64274
3.64274
3.64274
3.64274
3.64274
3.64274
3.64274
3.64274
3.64274
3.64274
3.64274
3.64274
3.64274
3.64274
3.64274
3.64274
3.64274
3.64274
3.64274
3.64274
3.64274
3.64274
3.64274
3.64274
3.64274
3.64274
3.64274
3.64274
3.64274
3.64274
3.64274
3.64274
3.64274
3.64274
3.64274
3.64274
3.64274
3.64274
3.64274
3.64274
3.64274
3.64274
3.64274
3.64274
3.64275
3.64276
3.64279
3.64285
3.64298
3.64323
3.64371
3.64454
3.64577
3.64711
3.64783
3.64791
3.64785
3.64757
3.64691
3.64574
3.64404
3.64188
3.63939
3.63668
3.63388
3.63107
3.6283
3.62559
3.62298
3.62049
3.61812
3.6159
3.61383
3.61198
3.61031
3.60887
3.60762
3.60659
3.60572
3.60499
3.60438
3.60384
3.60337
3.60293
3.60251
3.60211
3.60172
3.6014
3.60118
3.60111
3.6011
3.6011
3.60111
3.60113
3.60117
3.60124
3.60133
3.60146
3.60163
3.6018
3.60198
3.60212
3.60224
3.60233
3.6024
3.60245
3.60249
3.60254
3.60258
3.6026
3.60263
3.60265
3.60266
3.60267
3.60267
3.60267
3.60267
3.60268
3.60267
3.60266
3.60263
3.60259
3.60254
3.60248
3.60241
3.60234
3.60227
3.6022
3.60213
3.60207
3.602
3.60197
3.60195
3.60195
3.60195
3.60196
3.60196
3.60197
3.60199
3.60202
3.60206
3.6021
3.60216
3.60222
3.60227
3.6023
3.60233
3.60235
3.60237
3.60238
3.6024
3.60242
3.60244
3.60246
3.60248
3.6025
3.60254
3.60258
3.60261
3.60263
3.60264
3.60264
3.60264
3.60262
3.60259
3.60255
3.60248
3.6024
3.60232
3.60225
3.6022
3.60216
3.60213
3.6021
3.60207
3.60203
3.602
3.60198
3.60197
3.60197
3.60197
3.60198
3.60199
3.60201
3.60202
3.60205
3.60209
3.60214
3.60219
3.60225
3.60229
3.60233
3.60235
3.60237
3.60238
3.60238
3.60239
3.6024
3.60242
3.60243
3.60245
3.60246
3.60248
3.60251
3.60254
3.60259
3.60263
3.60266
3.60267
3.60267
3.60266
3.60264
3.60261
3.60256
3.60249
3.60241
3.60232
3.60224
3.60217
3.60213
3.6021
3.60208
3.60207
3.60205
3.60202
3.60199
3.60197
3.60195
3.60194
3.60194
3.60194
3.60195
3.60197
3.60199
3.60203
3.60207
3.60212
3.60218
3.60224
3.60229
3.60233
3.60236
3.60238
3.60239
3.60239
3.6024
3.60241
3.60242
3.60243
3.60245
3.60246
3.60248
3.60251
3.60255
3.60261
3.60267
3.60272
3.60275
3.60276
3.60276
3.60274
3.60271
3.60266
3.60259
3.6025
3.60239
3.60229
3.60221
3.60215
3.6021
3.60207
3.60205
3.60202
3.60199
3.60196
3.60194
3.60191
3.60189
3.64274
3.64274
3.64274
3.64274
3.64274
3.64274
3.64274
3.64274
3.64274
3.64274
3.64274
3.64274
3.64274
3.64274
3.64274
3.64274
3.64274
3.64274
3.64274
3.64274
3.64274
3.64274
3.64274
3.64274
3.64274
3.64274
3.64274
3.64274
3.64274
3.64274
3.64274
3.64274
3.64274
3.64274
3.64274
3.64274
3.64274
3.64274
3.64274
3.64274
3.64274
3.64274
3.64274
3.64274
3.64274
3.64274
3.64274
3.64274
3.64274
3.64274
3.64274
3.64274
3.64274
3.64274
3.64274
3.64274
3.64274
3.64274
3.64274
3.64274
3.64274
3.64274
3.64274
3.64274
3.64274
3.64274
3.64275
3.64276
3.64279
3.64285
3.64298
3.64323
3.64371
3.64454
3.64577
3.64711
3.64783
3.64791
3.64785
3.64757
3.64691
3.64574
3.64404
3.64188
3.63939
3.63668
3.63388
3.63107
3.6283
3.62558
3.62298
3.62049
3.61812
3.61589
3.61384
3.61198
3.61032
3.60887
3.60762
3.60659
3.60572
3.605
3.60438
3.60384
3.60337
3.60292
3.60251
3.60211
3.60173
3.6014
3.60118
3.60111
3.6011
3.6011
3.60111
3.60113
3.60117
3.60124
3.60133
3.60146
3.60162
3.6018
3.60197
3.60212
3.60224
3.60233
3.6024
3.60245
3.6025
3.60254
3.60257
3.6026
3.60263
3.60265
3.60266
3.60267
3.60267
3.60267
3.60267
3.60267
3.60267
3.60265
3.60263
3.60259
3.60254
3.60248
3.60241
3.60234
3.60227
3.6022
3.60213
3.60207
3.602
3.60197
3.60195
3.60195
3.60195
3.60196
3.60196
3.60197
3.60199
3.60202
3.60206
3.6021
3.60216
3.60222
3.60227
3.6023
3.60233
3.60235
3.60237
3.60238
3.6024
3.60242
3.60244
3.60246
3.60248
3.6025
3.60254
3.60257
3.60261
3.60263
3.60264
3.60264
3.60264
3.60262
3.6026
3.60255
3.60248
3.6024
3.60232
3.60225
3.6022
3.60216
3.60213
3.60211
3.60207
3.60203
3.602
3.60197
3.60197
3.60197
3.60197
3.60199
3.602
3.60201
3.60203
3.60205
3.60209
3.60213
3.60218
3.60224
3.60229
3.60233
3.60235
3.60237
3.60238
3.60238
3.60239
3.6024
3.60241
3.60243
3.60245
3.60247
3.60249
3.60251
3.60254
3.60258
3.60263
3.60266
3.60267
3.60267
3.60266
3.60265
3.60261
3.60256
3.60249
3.60241
3.60232
3.60224
3.60218
3.60213
3.60211
3.60209
3.60207
3.60204
3.60202
3.60199
3.60196
3.60195
3.60194
3.60194
3.60194
3.60195
3.60196
3.60199
3.60202
3.60207
3.60212
3.60218
3.60224
3.60229
3.60233
3.60236
3.60237
3.60238
3.60239
3.6024
3.60241
3.60242
3.60244
3.60245
3.60246
3.60248
3.60251
3.60255
3.6026
3.60267
3.60272
3.60276
3.60276
3.60276
3.60274
3.60271
3.60266
3.60259
3.6025
3.6024
3.6023
3.60221
3.60215
3.6021
3.60207
3.60204
3.60202
3.60199
3.60197
3.60194
3.60192
3.60189
3.64274
3.64274
3.64274
3.64274
3.64274
3.64274
3.64274
3.64274
3.64274
3.64274
3.64274
3.64274
3.64274
3.64274
3.64274
3.64274
3.64274
3.64274
3.64274
3.64274
3.64274
3.64274
3.64274
3.64274
3.64274
3.64274
3.64274
3.64274
3.64274
3.64274
3.64274
3.64274
3.64274
3.64274
3.64274
3.64274
3.64274
3.64274
3.64274
3.64274
3.64274
3.64274
3.64274
3.64274
3.64274
3.64274
3.64274
3.64274
3.64274
3.64274
3.64274
3.64274
3.64274
3.64274
3.64274
3.64274
3.64274
3.64274
3.64274
3.64274
3.64274
3.64274
3.64274
3.64274
3.64274
3.64274
3.64275
3.64276
3.64279
3.64285
3.64298
3.64323
3.64371
3.64454
3.64577
3.64711
3.64783
3.64791
3.64785
3.64757
3.64691
3.64574
3.64404
3.64188
3.63939
3.63668
3.63388
3.63107
3.6283
3.62558
3.62299
3.62049
3.61812
3.61589
3.61384
3.61198
3.61032
3.60886
3.60762
3.6066
3.60572
3.605
3.60437
3.60384
3.60337
3.60292
3.60251
3.60211
3.60173
3.6014
3.60118
3.60111
3.6011
3.6011
3.60111
3.60113
3.60117
3.60124
3.60133
3.60146
3.60162
3.6018
3.60197
3.60212
3.60224
3.60233
3.6024
3.60245
3.6025
3.60253
3.60257
3.6026
3.60263
3.60265
3.60266
3.60267
3.60267
3.60267
3.60267
3.60267
3.60267
3.60265
3.60263
3.60259
3.60254
3.60248
3.60241
3.60234
3.60227
3.6022
3.60213
3.60207
3.60201
3.60197
3.60195
3.60195
3.60195
3.60196
3.60196
3.60197
3.60199
3.60202
3.60206
3.60211
3.60216
3.60221
3.60226
3.6023
3.60233
3.60235
3.60237
3.60238
3.6024
3.60242
3.60244
3.60246
3.60248
3.6025
3.60254
3.60257
3.60261
3.60263
3.60264
3.60265
3.60264
3.60262
3.6026
3.60255
3.60248
3.6024
3.60232
3.60225
3.6022
3.60216
3.60213
3.60211
3.60207
3.60203
3.60199
3.60197
3.60196
3.60196
3.60197
3.60199
3.602
3.60201
3.60203
3.60205
3.60209
3.60213
3.60218
3.60224
3.60229
3.60233
3.60236
3.60237
3.60238
3.60238
3.60239
3.6024
3.60241
3.60243
3.60245
3.60247
3.60249
3.60251
3.60254
3.60258
3.60263
3.60265
3.60267
3.60267
3.60267
3.60265
3.60261
3.60256
3.60249
3.6024
3.60232
3.60224
3.60218
3.60214
3.60211
3.60209
3.60207
3.60204
3.60201
3.60199
3.60196
3.60195
3.60195
3.60195
3.60195
3.60195
3.60196
3.60198
3.60202
3.60206
3.60212
3.60219
3.60225
3.6023
3.60233
3.60236
3.60236
3.60237
3.60239
3.6024
3.60241
3.60243
3.60244
3.60245
3.60246
3.60248
3.60251
3.60255
3.6026
3.60267
3.60273
3.60276
3.60276
3.60275
3.60274
3.6027
3.60265
3.60259
3.6025
3.60241
3.60231
3.60222
3.60215
3.6021
3.60207
3.60203
3.60201
3.60199
3.60197
3.60195
3.60192
3.60189
3.64274
3.64274
3.64274
3.64274
3.64274
3.64274
3.64274
3.64274
3.64274
3.64274
3.64274
3.64274
3.64274
3.64274
3.64274
3.64274
3.64274
3.64274
3.64274
3.64274
3.64274
3.64274
3.64274
3.64274
3.64274
3.64274
3.64274
3.64274
3.64274
3.64274
3.64274
3.64274
3.64274
3.64274
3.64274
3.64274
3.64274
3.64274
3.64274
3.64274
3.64274
3.64274
3.64274
3.64274
3.64274
3.64274
3.64274
3.64274
3.64274
3.64274
3.64274
3.64274
3.64274
3.64274
3.64274
3.64274
3.64274
3.64274
3.64274
3.64274
3.64274
3.64274
3.64274
3.64274
3.64274
3.64274
3.64275
3.64276
3.64279
3.64285
3.64298
3.64323
3.64371
3.64454
3.64577
3.64711
3.64783
3.64791
3.64785
3.64757
3.64691
3.64574
3.64404
3.64189
3.63939
3.63668
3.63389
3.63108
3.62829
3.62558
3.62299
3.62049
3.61812
3.61588
3.61385
3.61198
3.61032
3.60886
3.60763
3.60659
3.60572
3.605
3.60437
3.60384
3.60337
3.60292
3.60251
3.60211
3.60173
3.6014
3.60118
3.6011
3.6011
3.6011
3.60111
3.60114
3.60118
3.60124
3.60133
3.60146
3.60162
3.60179
3.60197
3.60213
3.60225
3.60234
3.6024
3.60245
3.60249
3.60253
3.60257
3.6026
3.60263
3.60265
3.60266
3.60267
3.60267
3.60267
3.60267
3.60267
3.60266
3.60265
3.60263
3.60259
3.60254
3.60248
3.60241
3.60234
3.60227
3.6022
3.60213
3.60207
3.60201
3.60197
3.60195
3.60195
3.60195
3.60195
3.60196
3.60197
3.60199
3.60202
3.60206
3.6021
3.60216
3.60221
3.60226
3.6023
3.60233
3.60236
3.60237
3.60238
3.6024
3.60242
3.60244
3.60246
3.60248
3.60251
3.60254
3.60257
3.60261
3.60263
3.60264
3.60264
3.60264
3.60262
3.6026
3.60255
3.60248
3.6024
3.60232
3.60225
3.6022
3.60216
3.60213
3.60211
3.60207
3.60204
3.60199
3.60197
3.60196
3.60196
3.60197
3.60199
3.602
3.60201
3.60203
3.60205
3.60209
3.60213
3.60218
3.60224
3.60229
3.60233
3.60236
3.60238
3.60238
3.60238
3.60239
3.6024
3.60241
3.60243
3.60245
3.60247
3.60249
3.60251
3.60254
3.60258
3.60262
3.60265
3.60267
3.60267
3.60267
3.60265
3.60262
3.60256
3.60249
3.6024
3.60231
3.60224
3.60218
3.60214
3.60211
3.60209
3.60207
3.60204
3.60201
3.60198
3.60196
3.60195
3.60195
3.60195
3.60195
3.60195
3.60196
3.60198
3.60201
3.60206
3.60212
3.60219
3.60225
3.6023
3.60234
3.60235
3.60236
3.60237
3.60238
3.6024
3.60241
3.60243
3.60244
3.60246
3.60246
3.60248
3.6025
3.60255
3.60261
3.60267
3.60273
3.60276
3.60276
3.60275
3.60273
3.6027
3.60265
3.60259
3.60251
3.60241
3.60231
3.60222
3.60215
3.6021
3.60206
3.60203
3.60201
3.60199
3.60198
3.60195
3.60192
3.60189
3.64274
3.64274
3.64274
3.64274
3.64274
3.64274
3.64274
3.64274
3.64274
3.64274
3.64274
3.64274
3.64274
3.64274
3.64274
3.64274
3.64274
3.64274
3.64274
3.64274
3.64274
3.64274
3.64274
3.64274
3.64274
3.64274
3.64274
3.64274
3.64274
3.64274
3.64274
3.64274
3.64274
3.64274
3.64274
3.64274
3.64274
3.64274
3.64274
3.64274
3.64274
3.64274
3.64274
3.64274
3.64274
3.64274
3.64274
3.64274
3.64274
3.64274
3.64274
3.64274
3.64274
3.64274
3.64274
3.64274
3.64274
3.64274
3.64274
3.64274
3.64274
3.64274
3.64274
3.64274
3.64274
3.64274
3.64275
3.64276
3.64279
3.64285
3.64298
3.64323
3.64371
3.64454
3.64577
3.64711
3.64783
3.64791
3.64785
3.64757
3.64691
3.64574
3.64404
3.64189
3.63938
3.63668
3.63389
3.63108
3.62829
3.62559
3.62299
3.62049
3.61812
3.61589
3.61385
3.61198
3.61032
3.60885
3.60763
3.60659
3.60572
3.605
3.60437
3.60384
3.60336
3.60292
3.60251
3.60211
3.60173
3.6014
3.60118
3.6011
3.6011
3.6011
3.60111
3.60114
3.60118
3.60124
3.60133
3.60146
3.60162
3.60179
3.60197
3.60213
3.60225
3.60234
3.6024
3.60245
3.60249
3.60253
3.60256
3.6026
3.60263
3.60265
3.60266
3.60267
3.60267
3.60267
3.60267
3.60267
3.60266
3.60265
3.60263
3.6026
3.60255
3.60248
3.60241
3.60234
3.60227
3.6022
3.60213
3.60207
3.60201
3.60197
3.60195
3.60195
3.60195
3.60195
3.60196
3.60198
3.602
3.60202
3.60206
3.6021
3.60215
3.60221
3.60226
3.6023
3.60234
3.60236
3.60238
3.60239
3.6024
3.60241
3.60243
3.60245
3.60248
3.60251
3.60254
3.60258
3.60261
3.60263
3.60264
3.60264
3.60264
3.60262
3.60259
3.60255
3.60248
3.6024
3.60232
3.60225
3.6022
3.60216
3.60213
3.6021
3.60207
3.60204
3.602
3.60197
3.60196
3.60196
3.60197
3.60199
3.602
3.60201
3.60203
3.60205
3.60209
3.60213
3.60218
3.60223
3.60229
3.60233
3.60236
3.60238
3.60239
3.60238
3.60239
3.6024
3.60241
3.60243
3.60245
3.60247
3.60249
3.60251
3.60254
3.60258
3.60262
3.60265
3.60267
3.60268
3.60267
3.60265
3.60262
3.60256
3.60249
3.6024
3.60231
3.60224
3.60218
3.60214
3.60211
3.60209
3.60206
3.60204
3.60201
3.60198
3.60196
3.60196
3.60195
3.60195
3.60195
3.60195
3.60196
3.60198
3.60201
3.60206
3.60212
3.60219
3.60226
3.6023
3.60234
3.60235
3.60236
3.60237
3.60238
3.6024
3.60241
3.60243
3.60245
3.60246
3.60246
3.60247
3.6025
3.60255
3.60261
3.60267
3.60273
3.60276
3.60276
3.60275
3.60273
3.60269
3.60265
3.60259
3.60251
3.60242
3.60232
3.60222
3.60215
3.60209
3.60205
3.60202
3.60201
3.602
3.60198
3.60196
3.60192
3.60189
3.64274
3.64274
3.64274
3.64274
3.64274
3.64274
3.64274
3.64274
3.64274
3.64274
3.64274
3.64274
3.64274
3.64274
3.64274
3.64274
3.64274
3.64274
3.64274
3.64274
3.64274
3.64274
3.64274
3.64274
3.64274
3.64274
3.64274
3.64274
3.64274
3.64274
3.64274
3.64274
3.64274
3.64274
3.64274
3.64274
3.64274
3.64274
3.64274
3.64274
3.64274
3.64274
3.64274
3.64274
3.64274
3.64274
3.64274
3.64274
3.64274
3.64274
3.64274
3.64274
3.64274
3.64274
3.64274
3.64274
3.64274
3.64274
3.64274
3.64274
3.64274
3.64274
3.64274
3.64274
3.64274
3.64274
3.64275
3.64276
3.64279
3.64285
3.64298
3.64323
3.64371
3.64454
3.64577
3.64711
3.64783
3.64791
3.64785
3.64757
3.64691
3.64574
3.64405
3.64189
3.63938
3.63668
3.63389
3.63107
3.62828
3.6256
3.62298
3.62049
3.61811
3.6159
3.61385
3.61198
3.61031
3.60885
3.60764
3.60659
3.60573
3.60499
3.60437
3.60384
3.60336
3.60293
3.60251
3.60211
3.60173
3.6014
3.60118
3.60111
3.6011
3.6011
3.60111
3.60114
3.60117
3.60124
3.60133
3.60146
3.60162
3.60179
3.60197
3.60213
3.60225
3.60234
3.6024
3.60245
3.60249
3.60253
3.60256
3.6026
3.60263
3.60265
3.60266
3.60267
3.60267
3.60267
3.60267
3.60267
3.60267
3.60265
3.60263
3.6026
3.60255
3.60248
3.60241
3.60234
3.60227
3.6022
3.60213
3.60207
3.60201
3.60197
3.60195
3.60194
3.60194
3.60195
3.60196
3.60198
3.602
3.60203
3.60206
3.6021
3.60215
3.6022
3.60225
3.6023
3.60234
3.60236
3.60238
3.60239
3.6024
3.60241
3.60243
3.60245
3.60248
3.60251
3.60254
3.60258
3.60262
3.60263
3.60264
3.60264
3.60263
3.60262
3.60259
3.60255
3.60248
3.60241
3.60233
3.60225
3.6022
3.60216
3.60213
3.6021
3.60207
3.60204
3.602
3.60197
3.60196
3.60196
3.60197
3.60198
3.602
3.60201
3.60203
3.60206
3.60209
3.60213
3.60218
3.60223
3.60228
3.60233
3.60236
3.60238
3.60239
3.60239
3.60239
3.6024
3.60242
3.60243
3.60245
3.60247
3.60249
3.60251
3.60254
3.60258
3.60262
3.60266
3.60267
3.60268
3.60267
3.60265
3.60262
3.60256
3.60249
3.6024
3.60231
3.60224
3.60218
3.60214
3.60211
3.60209
3.60206
3.60203
3.60201
3.60198
3.60197
3.60196
3.60195
3.60195
3.60195
3.60195
3.60195
3.60198
3.60201
3.60206
3.60213
3.6022
3.60226
3.6023
3.60233
3.60235
3.60235
3.60237
3.60238
3.6024
3.60241
3.60243
3.60245
3.60245
3.60246
3.60247
3.6025
3.60255
3.60261
3.60267
3.60273
3.60276
3.60276
3.60274
3.60272
3.6027
3.60265
3.6026
3.60252
3.60242
3.60232
3.60222
3.60214
3.60208
3.60204
3.60202
3.60201
3.602
3.60199
3.60196
3.60192
3.60188
3.64274
3.64274
3.64274
3.64274
3.64274
3.64274
3.64274
3.64274
3.64274
3.64274
3.64274
3.64274
3.64274
3.64274
3.64274
3.64274
3.64274
3.64274
3.64274
3.64274
3.64274
3.64274
3.64274
3.64274
3.64274
3.64274
3.64274
3.64274
3.64274
3.64274
3.64274
3.64274
3.64274
3.64274
3.64274
3.64274
3.64274
3.64274
3.64274
3.64274
3.64274
3.64274
3.64274
3.64274
3.64274
3.64274
3.64274
3.64274
3.64274
3.64274
3.64274
3.64274
3.64274
3.64274
3.64274
3.64274
3.64274
3.64274
3.64274
3.64274
3.64274
3.64274
3.64274
3.64274
3.64274
3.64274
3.64275
3.64276
3.64279
3.64285
3.64298
3.64323
3.64371
3.64454
3.64577
3.64711
3.64783
3.64791
3.64785
3.64757
3.64691
3.64574
3.64405
3.64189
3.63938
3.63668
3.63389
3.63107
3.62828
3.6256
3.62299
3.62049
3.61811
3.6159
3.61384
3.61198
3.6103
3.60886
3.60763
3.60659
3.60573
3.60499
3.60438
3.60384
3.60336
3.60293
3.60251
3.60211
3.60173
3.6014
3.60118
3.60111
3.6011
3.6011
3.60111
3.60114
3.60117
3.60124
3.60133
3.60146
3.60162
3.60179
3.60197
3.60213
3.60225
3.60234
3.6024
3.60245
3.60249
3.60253
3.60256
3.6026
3.60263
3.60265
3.60266
3.60267
3.60267
3.60267
3.60267
3.60267
3.60267
3.60266
3.60263
3.6026
3.60255
3.60248
3.60241
3.60234
3.60226
3.6022
3.60213
3.60207
3.60202
3.60197
3.60195
3.60194
3.60194
3.60195
3.60196
3.60198
3.602
3.60203
3.60206
3.6021
3.60215
3.6022
3.60225
3.6023
3.60234
3.60237
3.60238
3.60239
3.6024
3.60241
3.60243
3.60245
3.60247
3.60251
3.60255
3.60259
3.60262
3.60263
3.60263
3.60263
3.60263
3.60261
3.60259
3.60255
3.60249
3.60241
3.60233
3.60225
3.60219
3.60215
3.60212
3.6021
3.60207
3.60204
3.60201
3.60198
3.60196
3.60196
3.60197
3.60198
3.60199
3.60201
3.60203
3.60206
3.60209
3.60213
3.60218
3.60223
3.60228
3.60232
3.60236
3.60238
3.60239
3.60239
3.60239
3.6024
3.60242
3.60243
3.60245
3.60247
3.60249
3.60251
3.60254
3.60258
3.60262
3.60266
3.60267
3.60268
3.60267
3.60265
3.60262
3.60256
3.60249
3.6024
3.60231
3.60224
3.60218
3.60214
3.60211
3.60208
3.60206
3.60203
3.60201
3.60199
3.60197
3.60196
3.60195
3.60195
3.60195
3.60195
3.60195
3.60198
3.60201
3.60207
3.60213
3.6022
3.60226
3.6023
3.60233
3.60234
3.60235
3.60237
3.60238
3.6024
3.60242
3.60244
3.60245
3.60245
3.60246
3.60247
3.6025
3.60255
3.60261
3.60267
3.60273
3.60276
3.60276
3.60274
3.60272
3.6027
3.60266
3.6026
3.60252
3.60242
3.60232
3.60222
3.60214
3.60207
3.60204
3.60202
3.60201
3.60201
3.602
3.60196
3.60192
3.60188
3.64274
3.64274
3.64274
3.64274
3.64274
3.64274
3.64274
3.64274
3.64274
3.64274
3.64274
3.64274
3.64274
3.64274
3.64274
3.64274
3.64274
3.64274
3.64274
3.64274
3.64274
3.64274
3.64274
3.64274
3.64274
3.64274
3.64274
3.64274
3.64274
3.64274
3.64274
3.64274
3.64274
3.64274
3.64274
3.64274
3.64274
3.64274
3.64274
3.64274
3.64274
3.64274
3.64274
3.64274
3.64274
3.64274
3.64274
3.64274
3.64274
3.64274
3.64274
3.64274
3.64274
3.64274
3.64274
3.64274
3.64274
3.64274
3.64274
3.64274
3.64274
3.64274
3.64274
3.64274
3.64274
3.64274
3.64275
3.64276
3.64279
3.64285
3.64298
3.64323
3.64371
3.64454
3.64577
3.64711
3.64783
3.64791
3.64785
3.64757
3.64691
3.64574
3.64405
3.64188
3.63938
3.63668
3.63389
3.63106
3.62829
3.6256
3.62299
3.62049
3.61811
3.6159
3.61384
3.61198
3.6103
3.60887
3.60763
3.60659
3.60573
3.60499
3.60438
3.60384
3.60336
3.60292
3.60251
3.60211
3.60173
3.6014
3.60118
3.60111
3.6011
3.6011
3.60111
3.60114
3.60117
3.60124
3.60133
3.60146
3.60162
3.60179
3.60197
3.60213
3.60225
3.60234
3.6024
3.60245
3.60249
3.60253
3.60256
3.6026
3.60263
3.60265
3.60266
3.60267
3.60267
3.60267
3.60267
3.60267
3.60267
3.60266
3.60263
3.6026
3.60255
3.60248
3.60241
3.60234
3.60226
3.6022
3.60213
3.60207
3.60202
3.60197
3.60194
3.60194
3.60194
3.60195
3.60197
3.60199
3.602
3.60203
3.60206
3.6021
3.60215
3.6022
3.60225
3.6023
3.60235
3.60237
3.60238
3.60239
3.6024
3.60241
3.60242
3.60244
3.60247
3.60251
3.60255
3.60259
3.60262
3.60263
3.60263
3.60263
3.60262
3.60261
3.60259
3.60255
3.60249
3.60242
3.60233
3.60225
3.60219
3.60215
3.60212
3.6021
3.60207
3.60204
3.60201
3.60198
3.60196
3.60196
3.60196
3.60197
3.60199
3.60201
3.60203
3.60206
3.6021
3.60214
3.60218
3.60223
3.60228
3.60232
3.60236
3.60238
3.60239
3.60239
3.6024
3.60241
3.60242
3.60243
3.60245
3.60247
3.60249
3.60251
3.60254
3.60258
3.60262
3.60266
3.60267
3.60268
3.60267
3.60265
3.60262
3.60256
3.60249
3.6024
3.60231
3.60224
3.60218
3.60214
3.60211
3.60208
3.60206
3.60203
3.60201
3.60199
3.60197
3.60196
3.60195
3.60195
3.60195
3.60195
3.60195
3.60198
3.60201
3.60207
3.60213
3.6022
3.60225
3.6023
3.60233
3.60234
3.60235
3.60237
3.60238
3.6024
3.60242
3.60244
3.60245
3.60245
3.60246
3.60247
3.6025
3.60255
3.60261
3.60268
3.60273
3.60276
3.60276
3.60274
3.60272
3.6027
3.60266
3.6026
3.60252
3.60242
3.60232
3.60222
3.60213
3.60207
3.60204
3.60202
3.60202
3.60202
3.602
3.60196
3.60192
3.60187
3.64274
3.64274
3.64274
3.64274
3.64274
3.64274
3.64274
3.64274
3.64274
3.64274
3.64274
3.64274
3.64274
3.64274
3.64274
3.64274
3.64274
3.64274
3.64274
3.64274
3.64274
3.64274
3.64274
3.64274
3.64274
3.64274
3.64274
3.64274
3.64274
3.64274
3.64274
3.64274
3.64274
3.64274
3.64274
3.64274
3.64274
3.64274
3.64274
3.64274
3.64274
3.64274
3.64274
3.64274
3.64274
3.64274
3.64274
3.64274
3.64274
3.64274
3.64274
3.64274
3.64274
3.64274
3.64274
3.64274
3.64274
3.64274
3.64274
3.64274
3.64274
3.64274
3.64274
3.64274
3.64274
3.64274
3.64275
3.64276
3.64279
3.64285
3.64298
3.64323
3.64371
3.64454
3.64577
3.64711
3.64783
3.64791
3.64785
3.64757
3.64691
3.64574
3.64405
3.64188
3.63939
3.63668
3.63389
3.63106
3.6283
3.62559
3.62299
3.62048
3.61812
3.6159
3.61385
3.61198
3.6103
3.60887
3.60763
3.6066
3.60572
3.60499
3.60438
3.60384
3.60336
3.60292
3.60251
3.60211
3.60173
3.6014
3.60118
3.60111
3.6011
3.6011
3.60111
3.60114
3.60117
3.60124
3.60133
3.60146
3.60162
3.60179
3.60197
3.60213
3.60225
3.60234
3.6024
3.60245
3.60249
3.60253
3.60256
3.6026
3.60263
3.60265
3.60266
3.60267
3.60267
3.60267
3.60267
3.60267
3.60267
3.60266
3.60264
3.6026
3.60255
3.60248
3.60241
3.60234
3.60226
3.6022
3.60213
3.60207
3.60202
3.60197
3.60194
3.60194
3.60194
3.60195
3.60197
3.60198
3.602
3.60203
3.60206
3.6021
3.60215
3.6022
3.60225
3.60231
3.60234
3.60237
3.60238
3.60239
3.60239
3.60241
3.60242
3.60244
3.60247
3.60251
3.60255
3.60259
3.60262
3.60263
3.60263
3.60263
3.60262
3.60261
3.60259
3.60255
3.60249
3.60242
3.60233
3.60225
3.60219
3.60215
3.60212
3.6021
3.60207
3.60204
3.60201
3.60198
3.60196
3.60196
3.60196
3.60197
3.60199
3.60201
3.60203
3.60206
3.6021
3.60214
3.60219
3.60223
3.60228
3.60232
3.60235
3.60237
3.60238
3.60239
3.6024
3.60241
3.60242
3.60243
3.60245
3.60247
3.60249
3.60251
3.60253
3.60257
3.60262
3.60265
3.60267
3.60268
3.60267
3.60265
3.60262
3.60256
3.60249
3.6024
3.60231
3.60224
3.60218
3.60214
3.60211
3.60208
3.60206
3.60203
3.60201
3.60198
3.60197
3.60196
3.60195
3.60195
3.60195
3.60195
3.60196
3.60198
3.60202
3.60207
3.60213
3.6022
3.60225
3.6023
3.60233
3.60234
3.60235
3.60237
3.60238
3.6024
3.60243
3.60244
3.60245
3.60246
3.60245
3.60247
3.6025
3.60255
3.60261
3.60268
3.60274
3.60276
3.60276
3.60274
3.60272
3.6027
3.60266
3.6026
3.60252
3.60242
3.60232
3.60222
3.60213
3.60207
3.60204
3.60202
3.60202
3.60202
3.602
3.60196
3.60192
3.60188
3.64274
3.64274
3.64274
3.64274
3.64274
3.64274
3.64274
3.64274
3.64274
3.64274
3.64274
3.64274
3.64274
3.64274
3.64274
3.64274
3.64274
3.64274
3.64274
3.64274
3.64274
3.64274
3.64274
3.64274
3.64274
3.64274
3.64274
3.64274
3.64274
3.64274
3.64274
3.64274
3.64274
3.64274
3.64274
3.64274
3.64274
3.64274
3.64274
3.64274
3.64274
3.64274
3.64274
3.64274
3.64274
3.64274
3.64274
3.64274
3.64274
3.64274
3.64274
3.64274
3.64274
3.64274
3.64274
3.64274
3.64274
3.64274
3.64274
3.64274
3.64274
3.64274
3.64274
3.64274
3.64274
3.64274
3.64275
3.64276
3.64279
3.64285
3.64298
3.64323
3.64371
3.64454
3.64577
3.64711
3.64783
3.64791
3.64785
3.64757
3.64691
3.64574
3.64405
3.64188
3.63939
3.63668
3.63388
3.63106
3.6283
3.6256
3.62299
3.62047
3.61812
3.6159
3.61385
3.61197
3.61031
3.60887
3.60763
3.6066
3.60571
3.605
3.60438
3.60384
3.60336
3.60292
3.60251
3.60211
3.60173
3.6014
3.60118
3.60111
3.6011
3.6011
3.60111
3.60114
3.60117
3.60124
3.60133
3.60146
3.60162
3.60179
3.60197
3.60213
3.60225
3.60234
3.6024
3.60245
3.60249
3.60253
3.60256
3.6026
3.60263
3.60265
3.60267
3.60267
3.60267
3.60267
3.60267
3.60267
3.60267
3.60266
3.60264
3.6026
3.60255
3.60248
3.60241
3.60234
3.60227
3.6022
3.60213
3.60207
3.60202
3.60197
3.60194
3.60194
3.60194
3.60195
3.60197
3.60198
3.602
3.60203
3.60206
3.6021
3.60215
3.60221
3.60226
3.60231
3.60234
3.60236
3.60238
3.60239
3.60239
3.60241
3.60242
3.60245
3.60248
3.60252
3.60255
3.60259
3.60262
3.60263
3.60263
3.60263
3.60263
3.60261
3.60259
3.60255
3.60249
3.60242
3.60233
3.60225
3.60219
3.60215
3.60212
3.6021
3.60207
3.60204
3.60201
3.60198
3.60196
3.60196
3.60196
3.60197
3.60199
3.60201
3.60203
3.60206
3.6021
3.60214
3.60219
3.60224
3.60228
3.60232
3.60235
3.60237
3.60238
3.60239
3.60239
3.60241
3.60242
3.60243
3.60245
3.60247
3.60249
3.60251
3.60253
3.60257
3.60262
3.60265
3.60267
3.60268
3.60268
3.60266
3.60262
3.60256
3.60248
3.60239
3.60231
3.60224
3.60218
3.60214
3.60211
3.60209
3.60206
3.60203
3.60201
3.60198
3.60197
3.60196
3.60196
3.60195
3.60195
3.60195
3.60196
3.60198
3.60201
3.60207
3.60213
3.60219
3.60225
3.6023
3.60233
3.60234
3.60235
3.60237
3.60239
3.60241
3.60243
3.60244
3.60245
3.60246
3.60245
3.60246
3.6025
3.60254
3.60261
3.60267
3.60274
3.60276
3.60276
3.60274
3.60272
3.60269
3.60265
3.6026
3.60252
3.60242
3.60232
3.60222
3.60214
3.60207
3.60204
3.60202
3.60201
3.60202
3.602
3.60196
3.60193
3.60188
3.64274
3.64274
3.64274
3.64274
3.64274
3.64274
3.64274
3.64274
3.64274
3.64274
3.64274
3.64274
3.64274
3.64274
3.64274
3.64274
3.64274
3.64274
3.64274
3.64274
3.64274
3.64274
3.64274
3.64274
3.64274
3.64274
3.64274
3.64274
3.64274
3.64274
3.64274
3.64274
3.64274
3.64274
3.64274
3.64274
3.64274
3.64274
3.64274
3.64274
3.64274
3.64274
3.64274
3.64274
3.64274
3.64274
3.64274
3.64274
3.64274
3.64274
3.64274
3.64274
3.64274
3.64274
3.64274
3.64274
3.64274
3.64274
3.64274
3.64274
3.64274
3.64274
3.64274
3.64274
3.64274
3.64274
3.64275
3.64276
3.64279
3.64285
3.64298
3.64323
3.64371
3.64454
3.64577
3.64711
3.64783
3.64791
3.64785
3.64757
3.64691
3.64574
3.64404
3.64188
3.63939
3.63669
3.63388
3.63106
3.6283
3.6256
3.62298
3.62047
3.61813
3.6159
3.61385
3.61196
3.61032
3.60887
3.60763
3.60659
3.60571
3.605
3.60437
3.60384
3.60336
3.60292
3.60251
3.60211
3.60173
3.6014
3.60118
3.6011
3.6011
3.6011
3.60111
3.60113
3.60117
3.60124
3.60133
3.60146
3.60162
3.60179
3.60197
3.60212
3.60225
3.60234
3.60241
3.60245
3.60249
3.60253
3.60256
3.60259
3.60262
3.60265
3.60267
3.60268
3.60267
3.60267
3.60267
3.60267
3.60266
3.60266
3.60264
3.6026
3.60255
3.60248
3.60241
3.60234
3.60227
3.6022
3.60213
3.60207
3.60201
3.60196
3.60194
3.60194
3.60194
3.60196
3.60197
3.60198
3.602
3.60202
3.60206
3.6021
3.60215
3.60221
3.60226
3.60231
3.60234
3.60236
3.60237
3.60238
3.60239
3.60241
3.60242
3.60245
3.60248
3.60251
3.60255
3.60259
3.60262
3.60263
3.60263
3.60263
3.60263
3.60262
3.6026
3.60255
3.60249
3.60241
3.60233
3.60225
3.60219
3.60215
3.60213
3.6021
3.60207
3.60204
3.60201
3.60198
3.60196
3.60196
3.60197
3.60197
3.60199
3.60201
3.60203
3.60206
3.60209
3.60214
3.60219
3.60224
3.60228
3.60233
3.60235
3.60237
3.60238
3.60238
3.60239
3.6024
3.60242
3.60244
3.60246
3.60247
3.60249
3.60251
3.60253
3.60257
3.60262
3.60265
3.60267
3.60269
3.60268
3.60266
3.60262
3.60256
3.60248
3.60239
3.60231
3.60224
3.60218
3.60214
3.60211
3.60209
3.60206
3.60203
3.602
3.60198
3.60197
3.60196
3.60196
3.60195
3.60195
3.60195
3.60196
3.60198
3.60201
3.60206
3.60213
3.60219
3.60225
3.6023
3.60233
3.60234
3.60235
3.60237
3.60239
3.60241
3.60243
3.60244
3.60245
3.60246
3.60246
3.60247
3.6025
3.60254
3.6026
3.60267
3.60274
3.60277
3.60277
3.60275
3.60272
3.60269
3.60265
3.60259
3.60251
3.60242
3.60232
3.60222
3.60214
3.60208
3.60204
3.60202
3.60201
3.60201
3.602
3.60196
3.60192
3.60189
3.64274
3.64274
3.64274
3.64274
3.64274
3.64274
3.64274
3.64274
3.64274
3.64274
3.64274
3.64274
3.64274
3.64274
3.64274
3.64274
3.64274
3.64274
3.64274
3.64274
3.64274
3.64274
3.64274
3.64274
3.64274
3.64274
3.64274
3.64274
3.64274
3.64274
3.64274
3.64274
3.64274
3.64274
3.64274
3.64274
3.64274
3.64274
3.64274
3.64274
3.64274
3.64274
3.64274
3.64274
3.64274
3.64274
3.64274
3.64274
3.64274
3.64274
3.64274
3.64274
3.64274
3.64274
3.64274
3.64274
3.64274
3.64274
3.64274
3.64274
3.64274
3.64274
3.64274
3.64274
3.64274
3.64274
3.64275
3.64276
3.64279
3.64285
3.64298
3.64323
3.64371
3.64454
3.64577
3.64711
3.64783
3.64791
3.64785
3.64757
3.64691
3.64574
3.64404
3.64188
3.63939
3.63669
3.63387
3.63107
3.6283
3.6256
3.62297
3.62048
3.61812
3.6159
3.61384
3.61196
3.61032
3.60886
3.60764
3.60658
3.60572
3.605
3.60437
3.60384
3.60336
3.60292
3.60251
3.60211
3.60173
3.6014
3.60118
3.6011
3.6011
3.6011
3.60111
3.60113
3.60117
3.60124
3.60133
3.60147
3.60162
3.60179
3.60197
3.60212
3.60225
3.60234
3.60241
3.60246
3.6025
3.60253
3.60256
3.60259
3.60262
3.60265
3.60267
3.60268
3.60268
3.60267
3.60267
3.60267
3.60266
3.60265
3.60263
3.6026
3.60255
3.60248
3.60241
3.60234
3.60227
3.6022
3.60213
3.60207
3.60201
3.60196
3.60194
3.60194
3.60195
3.60196
3.60197
3.60198
3.602
3.60202
3.60206
3.6021
3.60216
3.60221
3.60227
3.60231
3.60234
3.60236
3.60237
3.60238
3.60239
3.60241
3.60243
3.60246
3.60249
3.60251
3.60255
3.60258
3.60261
3.60263
3.60263
3.60263
3.60263
3.60262
3.6026
3.60255
3.60249
3.60241
3.60232
3.60225
3.6022
3.60216
3.60213
3.6021
3.60207
3.60204
3.602
3.60198
3.60196
3.60196
3.60197
3.60198
3.60199
3.60201
3.60203
3.60205
3.60209
3.60213
3.60219
3.60224
3.60229
3.60233
3.60235
3.60237
3.60238
3.60238
3.60239
3.6024
3.60242
3.60244
3.60246
3.60247
3.60249
3.6025
3.60253
3.60257
3.60261
3.60265
3.60268
3.60269
3.60268
3.60266
3.60262
3.60256
3.60248
3.60239
3.60231
3.60224
3.60218
3.60214
3.60211
3.60209
3.60206
3.60203
3.602
3.60198
3.60196
3.60196
3.60196
3.60196
3.60195
3.60195
3.60196
3.60198
3.60201
3.60206
3.60212
3.60219
3.60225
3.6023
3.60233
3.60234
3.60235
3.60237
3.60239
3.6024
3.60242
3.60244
3.60245
3.60246
3.60246
3.60247
3.6025
3.60254
3.6026
3.60267
3.60273
3.60277
3.60277
3.60275
3.60273
3.60269
3.60265
3.60259
3.60251
3.60242
3.60231
3.60222
3.60215
3.60209
3.60205
3.60202
3.60201
3.602
3.60199
3.60196
3.60192
3.60189
3.64274
3.64274
3.64274
3.64274
3.64274
3.64274
3.64274
3.64274
3.64274
3.64274
3.64274
3.64274
3.64274
3.64274
3.64274
3.64274
3.64274
3.64274
3.64274
3.64274
3.64274
3.64274
3.64274
3.64274
3.64274
3.64274
3.64274
3.64274
3.64274
3.64274
3.64274
3.64274
3.64274
3.64274
3.64274
3.64274
3.64274
3.64274
3.64274
3.64274
3.64274
3.64274
3.64274
3.64274
3.64274
3.64274
3.64274
3.64274
3.64274
3.64274
3.64274
3.64274
3.64274
3.64274
3.64274
3.64274
3.64274
3.64274
3.64274
3.64274
3.64274
3.64274
3.64274
3.64274
3.64274
3.64274
3.64275
3.64276
3.64279
3.64285
3.64298
3.64323
3.64371
3.64454
3.64577
3.64711
3.64783
3.64791
3.64785
3.64757
3.64691
3.64574
3.64404
3.64188
3.63939
3.63668
3.63387
3.63107
3.6283
3.6256
3.62297
3.62049
3.61812
3.61591
3.61383
3.61197
3.61032
3.60887
3.60764
3.60658
3.60572
3.60499
3.60438
3.60384
3.60336
3.60293
3.60251
3.60211
3.60173
3.6014
3.60118
3.6011
3.6011
3.6011
3.60111
3.60113
3.60117
3.60124
3.60133
3.60146
3.60162
3.6018
3.60197
3.60212
3.60225
3.60234
3.6024
3.60246
3.6025
3.60253
3.60256
3.60259
3.60262
3.60264
3.60266
3.60267
3.60268
3.60268
3.60267
3.60267
3.60266
3.60265
3.60263
3.6026
3.60255
3.60248
3.60241
3.60234
3.60227
3.6022
3.60213
3.60207
3.60201
3.60196
3.60195
3.60194
3.60195
3.60196
3.60197
3.60198
3.60199
3.60202
3.60206
3.6021
3.60216
3.60222
3.60227
3.60231
3.60234
3.60236
3.60237
3.60238
3.60239
3.60241
3.60243
3.60246
3.60249
3.60251
3.60254
3.60258
3.60261
3.60263
3.60263
3.60264
3.60264
3.60263
3.6026
3.60255
3.60248
3.6024
3.60232
3.60225
3.6022
3.60216
3.60213
3.60211
3.60207
3.60204
3.602
3.60197
3.60196
3.60196
3.60197
3.60199
3.602
3.60201
3.60203
3.60205
3.60209
3.60213
3.60218
3.60224
3.6023
3.60233
3.60236
3.60237
3.60237
3.60238
3.60239
3.6024
3.60242
3.60244
3.60246
3.60247
3.60249
3.6025
3.60253
3.60257
3.60261
3.60265
3.60268
3.60269
3.60268
3.60266
3.60262
3.60255
3.60248
3.60239
3.60231
3.60224
3.60218
3.60214
3.60212
3.60209
3.60206
3.60203
3.602
3.60198
3.60197
3.60197
3.60196
3.60196
3.60195
3.60195
3.60196
3.60198
3.60201
3.60206
3.60212
3.60219
3.60225
3.6023
3.60233
3.60235
3.60236
3.60237
3.60239
3.6024
3.60242
3.60244
3.60245
3.60246
3.60246
3.60247
3.6025
3.60254
3.6026
3.60267
3.60273
3.60276
3.60276
3.60275
3.60273
3.60269
3.60265
3.60259
3.60251
3.60241
3.60231
3.60222
3.60215
3.6021
3.60206
3.60203
3.60201
3.60199
3.60198
3.60195
3.60192
3.60189
3.64274
3.64274
3.64274
3.64274
3.64274
3.64274
3.64274
3.64274
3.64274
3.64274
3.64274
3.64274
3.64274
3.64274
3.64274
3.64274
3.64274
3.64274
3.64274
3.64274
3.64274
3.64274
3.64274
3.64274
3.64274
3.64274
3.64274
3.64274
3.64274
3.64274
3.64274
3.64274
3.64274
3.64274
3.64274
3.64274
3.64274
3.64274
3.64274
3.64274
3.64274
3.64274
3.64274
3.64274
3.64274
3.64274
3.64274
3.64274
3.64274
3.64274
3.64274
3.64274
3.64274
3.64274
3.64274
3.64274
3.64274
3.64274
3.64274
3.64274
3.64274
3.64274
3.64274
3.64274
3.64274
3.64274
3.64275
3.64276
3.64279
3.64285
3.64298
3.64323
3.64371
3.64454
3.64577
3.64711
3.64783
3.64791
3.64785
3.64757
3.64691
3.64574
3.64404
3.64188
3.63939
3.63668
3.63388
3.63107
3.6283
3.6256
3.62297
3.62049
3.61811
3.61591
3.61383
3.61198
3.61031
3.60887
3.60763
3.60658
3.60573
3.60499
3.60438
3.60384
3.60336
3.60293
3.60251
3.60211
3.60173
3.6014
3.60118
3.60111
3.6011
3.6011
3.60111
3.60113
3.60117
3.60123
3.60133
3.60146
3.60162
3.6018
3.60197
3.60213
3.60225
3.60234
3.6024
3.60245
3.6025
3.60253
3.60257
3.6026
3.60262
3.60264
3.60266
3.60267
3.60268
3.60268
3.60268
3.60267
3.60266
3.60265
3.60263
3.60259
3.60255
3.60249
3.60242
3.60234
3.60227
3.6022
3.60213
3.60206
3.60201
3.60197
3.60195
3.60195
3.60195
3.60196
3.60197
3.60198
3.60199
3.60202
3.60206
3.6021
3.60216
3.60222
3.60227
3.60231
3.60234
3.60235
3.60236
3.60238
3.60239
3.60241
3.60244
3.60246
3.60249
3.60251
3.60254
3.60258
3.60261
3.60263
3.60263
3.60264
3.60264
3.60263
3.6026
3.60255
3.60248
3.6024
3.60232
3.60225
3.6022
3.60217
3.60214
3.60211
3.60208
3.60203
3.60199
3.60197
3.60196
3.60197
3.60198
3.60199
3.602
3.60201
3.60202
3.60204
3.60208
3.60213
3.60218
3.60225
3.6023
3.60233
3.60236
3.60237
3.60237
3.60237
3.60239
3.6024
3.60243
3.60244
3.60246
3.60247
3.60249
3.6025
3.60253
3.60257
3.60262
3.60266
3.60268
3.60269
3.60268
3.60266
3.60261
3.60255
3.60248
3.6024
3.60231
3.60224
3.60218
3.60214
3.60211
3.60209
3.60205
3.60203
3.602
3.60198
3.60197
3.60197
3.60196
3.60195
3.60195
3.60195
3.60196
3.60198
3.60201
3.60206
3.60212
3.60219
3.60225
3.6023
3.60233
3.60235
3.60236
3.60237
3.60239
3.6024
3.60242
3.60243
3.60245
3.60246
3.60247
3.60248
3.6025
3.60255
3.6026
3.60267
3.60273
3.60276
3.60276
3.60275
3.60273
3.6027
3.60265
3.60259
3.60251
3.60241
3.60231
3.60222
3.60215
3.6021
3.60206
3.60203
3.60201
3.60199
3.60197
3.60195
3.60192
3.60189
3.64274
3.64274
3.64274
3.64274
3.64274
3.64274
3.64274
3.64274
3.64274
3.64274
3.64274
3.64274
3.64274
3.64274
3.64274
3.64274
3.64274
3.64274
3.64274
3.64274
3.64274
3.64274
3.64274
3.64274
3.64274
3.64274
3.64274
3.64274
3.64274
3.64274
3.64274
3.64274
3.64274
3.64274
3.64274
3.64274
3.64274
3.64274
3.64274
3.64274
3.64274
3.64274
3.64274
3.64274
3.64274
3.64274
3.64274
3.64274
3.64274
3.64274
3.64274
3.64274
3.64274
3.64274
3.64274
3.64274
3.64274
3.64274
3.64274
3.64274
3.64274
3.64274
3.64274
3.64274
3.64274
3.64274
3.64275
3.64276
3.64279
3.64285
3.64298
3.64323
3.64371
3.64454
3.64577
3.64711
3.64784
3.64791
3.64785
3.64757
3.64691
3.64574
3.64404
3.64188
3.63939
3.63668
3.63388
3.63107
3.62829
3.62559
3.62298
3.62049
3.61811
3.6159
3.61383
3.61199
3.61031
3.60887
3.60763
3.60658
3.60572
3.60499
3.60438
3.60384
3.60336
3.60293
3.60251
3.60211
3.60173
3.6014
3.60118
3.60111
3.6011
3.60111
3.60111
3.60113
3.60117
3.60123
3.60133
3.60146
3.60162
3.6018
3.60197
3.60213
3.60225
3.60233
3.6024
3.60245
3.60249
3.60254
3.60257
3.6026
3.60262
3.60264
3.60266
3.60267
3.60267
3.60268
3.60268
3.60268
3.60267
3.60265
3.60263
3.60259
3.60254
3.60248
3.60242
3.60234
3.60227
3.6022
3.60213
3.60206
3.602
3.60196
3.60195
3.60195
3.60195
3.60196
3.60197
3.60198
3.60199
3.60202
3.60205
3.6021
3.60216
3.60221
3.60227
3.60231
3.60234
3.60235
3.60236
3.60238
3.60239
3.60241
3.60244
3.60246
3.60248
3.60251
3.60254
3.60258
3.60261
3.60262
3.60263
3.60264
3.60264
3.60263
3.6026
3.60255
3.60248
3.60239
3.60232
3.60225
3.6022
3.60217
3.60214
3.60211
3.60208
3.60203
3.60199
3.60197
3.60196
3.60197
3.60198
3.60199
3.602
3.60201
3.60202
3.60204
3.60208
3.60213
3.60219
3.60225
3.6023
3.60233
3.60236
3.60237
3.60237
3.60238
3.60239
3.6024
3.60243
3.60244
3.60246
3.60247
3.60248
3.6025
3.60253
3.60257
3.60262
3.60266
3.60269
3.60269
3.60268
3.60265
3.60261
3.60255
3.60248
3.6024
3.60232
3.60224
3.60218
3.60214
3.60211
3.60208
3.60205
3.60203
3.60201
3.60199
3.60197
3.60197
3.60196
3.60195
3.60195
3.60194
3.60196
3.60198
3.60201
3.60207
3.60213
3.60219
3.60225
3.60229
3.60233
3.60235
3.60236
3.60238
3.60239
3.6024
3.60241
3.60243
3.60244
3.60245
3.60246
3.60248
3.60251
3.60255
3.60261
3.60267
3.60272
3.60275
3.60276
3.60275
3.60273
3.6027
3.60266
3.60259
3.6025
3.60241
3.60231
3.60222
3.60215
3.6021
3.60207
3.60204
3.60202
3.60199
3.60197
3.60194
3.60191
3.60188
3.64274
3.64274
3.64274
3.64274
3.64274
3.64274
3.64274
3.64274
3.64274
3.64274
3.64274
3.64274
3.64274
3.64274
3.64274
3.64274
3.64274
3.64274
3.64274
3.64274
3.64274
3.64274
3.64274
3.64274
3.64274
3.64274
3.64274
3.64274
3.64274
3.64274
3.64274
3.64274
3.64274
3.64274
3.64274
3.64274
3.64274
3.64274
3.64274
3.64274
3.64274
3.64274
3.64274
3.64274
3.64274
3.64274
3.64274
3.64274
3.64274
3.64274
3.64274
3.64274
3.64274
3.64274
3.64274
3.64274
3.64274
3.64274
3.64274
3.64274
3.64274
3.64274
3.64274
3.64274
3.64274
3.64274
3.64275
3.64276
3.64279
3.64285
3.64298
3.64323
3.64371
3.64454
3.64577
3.64711
3.64784
3.64791
3.64785
3.64757
3.64691
3.64574
3.64404
3.64189
3.63938
3.63668
3.63389
3.63107
3.62829
3.62559
3.62298
3.62049
3.61811
3.6159
3.61384
3.61199
3.61031
3.60887
3.60763
3.60658
3.60572
3.60499
3.60438
3.60384
3.60336
3.60293
3.60251
3.60211
3.60173
3.6014
3.60117
3.60111
3.6011
3.60111
3.60112
3.60113
3.60117
3.60123
3.60133
3.60146
3.60162
3.6018
3.60198
3.60213
3.60225
3.60233
3.6024
3.60245
3.60249
3.60254
3.60258
3.6026
3.60262
3.60264
3.60265
3.60266
3.60267
3.60268
3.60268
3.60268
3.60267
3.60265
3.60263
3.60259
3.60254
3.60248
3.60242
3.60235
3.60227
3.6022
3.60213
3.60206
3.602
3.60196
3.60195
3.60195
3.60195
3.60196
3.60197
3.60198
3.602
3.60202
3.60205
3.6021
3.60215
3.60221
3.60227
3.60231
3.60234
3.60236
3.60237
3.60238
3.60239
3.60241
3.60244
3.60246
3.60249
3.60251
3.60254
3.60258
3.60261
3.60262
3.60263
3.60264
3.60264
3.60263
3.6026
3.60255
3.60248
3.6024
3.60232
3.60225
3.6022
3.60217
3.60214
3.60211
3.60208
3.60203
3.60199
3.60197
3.60196
3.60197
3.60198
3.60199
3.602
3.60201
3.60202
3.60204
3.60208
3.60213
3.60219
3.60225
3.6023
3.60233
3.60236
3.60237
3.60237
3.60238
3.60239
3.60241
3.60243
3.60244
3.60246
3.60247
3.60248
3.60249
3.60253
3.60257
3.60262
3.60267
3.60269
3.60269
3.60268
3.60265
3.6026
3.60255
3.60248
3.6024
3.60232
3.60225
3.60219
3.60215
3.60211
3.60207
3.60205
3.60203
3.60201
3.60199
3.60198
3.60197
3.60196
3.60195
3.60194
3.60194
3.60196
3.60198
3.60202
3.60207
3.60213
3.60219
3.60224
3.60229
3.60233
3.60235
3.60236
3.60238
3.60239
3.6024
3.60241
3.60243
3.60244
3.60245
3.60246
3.60248
3.60251
3.60255
3.60261
3.60267
3.60272
3.60275
3.60275
3.60275
3.60273
3.60271
3.60266
3.60259
3.60251
3.60241
3.6023
3.60221
3.60214
3.6021
3.60207
3.60205
3.60203
3.602
3.60197
3.60193
3.60191
3.60188
3.64274
3.64274
3.64274
3.64274
3.64274
3.64274
3.64274
3.64274
3.64274
3.64274
3.64274
3.64274
3.64274
3.64274
3.64274
3.64274
3.64274
3.64274
3.64274
3.64274
3.64274
3.64274
3.64274
3.64274
3.64274
3.64274
3.64274
3.64274
3.64274
3.64274
3.64274
3.64274
3.64274
3.64274
3.64274
3.64274
3.64274
3.64274
3.64274
3.64274
3.64274
3.64274
3.64274
3.64274
3.64274
3.64274
3.64274
3.64274
3.64274
3.64274
3.64274
3.64274
3.64274
3.64274
3.64274
3.64274
3.64274
3.64274
3.64274
3.64274
3.64274
3.64274
3.64274
3.64274
3.64274
3.64274
3.64275
3.64276
3.64279
3.64285
3.64298
3.64323
3.64371
3.64454
3.64577
3.64711
3.64784
3.64791
3.64785
3.64757
3.64691
3.64574
3.64404
3.64189
3.63938
3.63668
3.63389
3.63108
3.62829
3.62559
3.62298
3.6205
3.61811
3.6159
3.61385
3.61199
3.61031
3.60886
3.60763
3.60658
3.60572
3.60499
3.60438
3.60385
3.60336
3.60293
3.60251
3.60211
3.60173
3.60139
3.60117
3.60111
3.6011
3.60111
3.60112
3.60113
3.60117
3.60123
3.60133
3.60146
3.60162
3.6018
3.60198
3.60213
3.60225
3.60233
3.60239
3.60245
3.60249
3.60254
3.60258
3.6026
3.60263
3.60264
3.60265
3.60266
3.60267
3.60267
3.60268
3.60268
3.60267
3.60266
3.60263
3.60259
3.60254
3.60248
3.60242
3.60235
3.60228
3.60221
3.60214
3.60206
3.602
3.60196
3.60194
3.60194
3.60195
3.60197
3.60197
3.60198
3.602
3.60201
3.60205
3.60209
3.60215
3.60221
3.60227
3.60231
3.60234
3.60236
3.60237
3.60238
3.60239
3.60241
3.60244
3.60246
3.60249
3.60251
3.60254
3.60258
3.60261
3.60262
3.60263
3.60263
3.60264
3.60263
3.6026
3.60255
3.60248
3.6024
3.60232
3.60225
3.6022
3.60217
3.60214
3.60211
3.60208
3.60203
3.60199
3.60197
3.60196
3.60197
3.60198
3.60199
3.602
3.602
3.60202
3.60204
3.60208
3.60213
3.60219
3.60225
3.6023
3.60233
3.60235
3.60236
3.60237
3.60238
3.60239
3.60241
3.60243
3.60244
3.60245
3.60247
3.60248
3.60249
3.60253
3.60257
3.60263
3.60267
3.60268
3.60268
3.60267
3.60264
3.6026
3.60255
3.60248
3.60241
3.60232
3.60225
3.60219
3.60215
3.6021
3.60207
3.60205
3.60203
3.60201
3.602
3.60198
3.60197
3.60196
3.60194
3.60194
3.60194
3.60196
3.60198
3.60202
3.60207
3.60213
3.60219
3.60224
3.60229
3.60232
3.60235
3.60237
3.60238
3.60239
3.6024
3.60241
3.60242
3.60243
3.60245
3.60246
3.60248
3.60252
3.60256
3.60261
3.60267
3.60272
3.60275
3.60275
3.60274
3.60274
3.60271
3.60267
3.6026
3.60251
3.6024
3.6023
3.6022
3.60214
3.6021
3.60207
3.60205
3.60203
3.60201
3.60197
3.60193
3.6019
3.60187
3.64274
3.64274
3.64274
3.64274
3.64274
3.64274
3.64274
3.64274
3.64274
3.64274
3.64274
3.64274
3.64274
3.64274
3.64274
3.64274
3.64274
3.64274
3.64274
3.64274
3.64274
3.64274
3.64274
3.64274
3.64274
3.64274
3.64274
3.64274
3.64274
3.64274
3.64274
3.64274
3.64274
3.64274
3.64274
3.64274
3.64274
3.64274
3.64274
3.64274
3.64274
3.64274
3.64274
3.64274
3.64274
3.64274
3.64274
3.64274
3.64274
3.64274
3.64274
3.64274
3.64274
3.64274
3.64274
3.64274
3.64274
3.64274
3.64274
3.64274
3.64274
3.64274
3.64274
3.64274
3.64274
3.64274
3.64275
3.64276
3.64279
3.64285
3.64298
3.64323
3.64371
3.64454
3.64577
3.64711
3.64784
3.64791
3.64785
3.64757
3.64691
3.64574
3.64404
3.64189
3.63939
3.63668
3.63389
3.63108
3.62829
3.62558
3.62298
3.6205
3.61812
3.61589
3.61384
3.61199
3.61033
3.60886
3.60762
3.60658
3.60573
3.60499
3.60438
3.60384
3.60336
3.60293
3.60251
3.60211
3.60173
3.60139
3.60118
3.60111
3.60111
3.60111
3.60112
3.60114
3.60117
3.60123
3.60133
3.60146
3.60162
3.6018
3.60198
3.60213
3.60225
3.60233
3.60239
3.60245
3.60249
3.60254
3.60258
3.6026
3.60263
3.60264
3.60265
3.60266
3.60267
3.60267
3.60268
3.60268
3.60267
3.60266
3.60263
3.60258
3.60253
3.60248
3.60241
3.60235
3.60228
3.60221
3.60214
3.60206
3.60199
3.60196
3.60194
3.60194
3.60196
3.60197
3.60197
3.60198
3.60199
3.60201
3.60205
3.60209
3.60215
3.60221
3.60227
3.60231
3.60234
3.60236
3.60237
3.60238
3.60239
3.60241
3.60244
3.60246
3.60249
3.60251
3.60254
3.60258
3.6026
3.60262
3.60263
3.60263
3.60264
3.60263
3.6026
3.60255
3.60248
3.6024
3.60232
3.60225
3.6022
3.60216
3.60214
3.60211
3.60207
3.60204
3.60199
3.60197
3.60196
3.60197
3.60198
3.60199
3.60199
3.602
3.60202
3.60204
3.60208
3.60213
3.60219
3.60225
3.6023
3.60233
3.60235
3.60236
3.60237
3.60238
3.60239
3.60241
3.60243
3.60244
3.60245
3.60247
3.60247
3.60249
3.60253
3.60257
3.60263
3.60267
3.60268
3.60268
3.60267
3.60264
3.6026
3.60255
3.60248
3.60241
3.60233
3.60225
3.60219
3.60214
3.6021
3.60207
3.60205
3.60203
3.60201
3.602
3.60198
3.60197
3.60195
3.60194
3.60194
3.60194
3.60196
3.60198
3.60202
3.60207
3.60213
3.60219
3.60224
3.60229
3.60232
3.60235
3.60237
3.60238
3.60239
3.6024
3.60241
3.60242
3.60243
3.60244
3.60246
3.60248
3.60252
3.60256
3.60261
3.60267
3.60272
3.60274
3.60275
3.60274
3.60274
3.60271
3.60267
3.6026
3.60251
3.6024
3.60229
3.6022
3.60214
3.6021
3.60207
3.60205
3.60203
3.60201
3.60197
3.60193
3.60189
3.60187
)
;

boundaryField
{
    sides
    {
        type            calculated;
        value           nonuniform List<scalar> 
600
(
3.64274
3.64274
3.64274
3.64274
3.64274
3.64274
3.64274
3.64274
3.64274
3.64274
3.64274
3.64274
3.64274
3.64274
3.64274
3.64274
3.64274
3.64274
3.64274
3.64274
3.64274
3.64274
3.64274
3.64274
3.64274
3.64274
3.64274
3.64274
3.64274
3.64274
3.64274
3.64274
3.64274
3.64274
3.64274
3.64274
3.64274
3.64274
3.64274
3.64274
3.64274
3.64274
3.64274
3.64274
3.64274
3.64274
3.64274
3.64274
3.64274
3.64274
3.64274
3.64274
3.64274
3.64274
3.64274
3.64274
3.64274
3.64274
3.64274
3.64274
3.64274
3.64274
3.64274
3.64274
3.64274
3.64274
3.64275
3.64276
3.64279
3.64285
3.64298
3.64323
3.64371
3.64454
3.64577
3.64711
3.64784
3.64791
3.64785
3.64757
3.64691
3.64574
3.64404
3.64188
3.63939
3.63669
3.63389
3.63107
3.62829
3.6256
3.62298
3.62048
3.61811
3.61591
3.61385
3.61197
3.61031
3.60887
3.60763
3.60658
3.60571
3.60499
3.60439
3.60385
3.60337
3.60293
3.60251
3.60211
3.60172
3.60139
3.60118
3.60111
3.60111
3.60111
3.60112
3.60113
3.60117
3.60123
3.60133
3.60146
3.60163
3.60181
3.60198
3.60212
3.60224
3.60233
3.60239
3.60245
3.6025
3.60254
3.60258
3.6026
3.60263
3.60265
3.60266
3.60267
3.60267
3.60267
3.60267
3.60268
3.60267
3.60266
3.60263
3.60259
3.60254
3.60248
3.60241
3.60234
3.60227
3.6022
3.60214
3.60206
3.602
3.60197
3.60195
3.60195
3.60195
3.60196
3.60196
3.60198
3.60199
3.60202
3.60206
3.6021
3.60216
3.60222
3.60227
3.6023
3.60233
3.60235
3.60237
3.60238
3.6024
3.60241
3.60243
3.60246
3.60248
3.60251
3.60254
3.60258
3.60262
3.60263
3.60263
3.60263
3.60263
3.60262
3.60259
3.60255
3.60249
3.60241
3.60233
3.60226
3.6022
3.60216
3.60212
3.6021
3.60207
3.60203
3.602
3.60198
3.60197
3.60197
3.60197
3.60198
3.60199
3.602
3.60202
3.60205
3.60209
3.60214
3.6022
3.60225
3.60229
3.60232
3.60235
3.60236
3.60237
3.60238
3.60239
3.60241
3.60242
3.60243
3.60245
3.60246
3.60248
3.60251
3.60254
3.60259
3.60264
3.60266
3.60267
3.60267
3.60266
3.60264
3.60261
3.60256
3.6025
3.60242
3.60233
3.60224
3.60217
3.60212
3.60209
3.60208
3.60207
3.60205
3.60203
3.602
3.60197
3.60195
3.60194
3.60193
3.60194
3.60195
3.60197
3.602
3.60203
3.60207
3.60212
3.60217
3.60223
3.60228
3.60232
3.60236
3.60239
3.60239
3.6024
3.60241
3.6024
3.60241
3.60242
3.60244
3.60246
3.60249
3.60252
3.60256
3.60261
3.60266
3.60271
3.60274
3.60276
3.60276
3.60275
3.60272
3.60267
3.60259
3.60249
3.60238
3.60228
3.6022
3.60214
3.6021
3.60208
3.60206
3.60203
3.602
3.60196
3.60193
3.6019
3.60188
3.64274
3.64274
3.64274
3.64274
3.64274
3.64274
3.64274
3.64274
3.64274
3.64274
3.64274
3.64274
3.64274
3.64274
3.64274
3.64274
3.64274
3.64274
3.64274
3.64274
3.64274
3.64274
3.64274
3.64274
3.64274
3.64274
3.64274
3.64274
3.64274
3.64274
3.64274
3.64274
3.64274
3.64274
3.64274
3.64274
3.64274
3.64274
3.64274
3.64274
3.64274
3.64274
3.64274
3.64274
3.64274
3.64274
3.64274
3.64274
3.64274
3.64274
3.64274
3.64274
3.64274
3.64274
3.64274
3.64274
3.64274
3.64274
3.64274
3.64274
3.64274
3.64274
3.64274
3.64274
3.64274
3.64274
3.64275
3.64276
3.64279
3.64285
3.64298
3.64323
3.64371
3.64454
3.64577
3.64711
3.64784
3.64791
3.64785
3.64757
3.64691
3.64574
3.64404
3.64189
3.63939
3.63668
3.63389
3.63108
3.62829
3.62558
3.62298
3.6205
3.61812
3.61589
3.61384
3.61199
3.61033
3.60886
3.60762
3.60658
3.60573
3.60499
3.60438
3.60384
3.60336
3.60293
3.60251
3.60211
3.60173
3.60139
3.60118
3.60111
3.60111
3.60111
3.60112
3.60114
3.60117
3.60123
3.60133
3.60146
3.60162
3.6018
3.60198
3.60213
3.60225
3.60233
3.60239
3.60245
3.60249
3.60254
3.60258
3.6026
3.60263
3.60264
3.60265
3.60266
3.60267
3.60267
3.60268
3.60268
3.60267
3.60266
3.60263
3.60258
3.60253
3.60248
3.60241
3.60235
3.60228
3.60221
3.60214
3.60206
3.60199
3.60196
3.60194
3.60194
3.60196
3.60197
3.60197
3.60198
3.60199
3.60201
3.60205
3.60209
3.60215
3.60221
3.60227
3.60231
3.60234
3.60236
3.60237
3.60238
3.60239
3.60241
3.60244
3.60246
3.60249
3.60251
3.60254
3.60258
3.6026
3.60262
3.60263
3.60263
3.60264
3.60263
3.6026
3.60255
3.60248
3.6024
3.60232
3.60225
3.6022
3.60216
3.60214
3.60211
3.60207
3.60204
3.60199
3.60197
3.60196
3.60197
3.60198
3.60199
3.60199
3.602
3.60202
3.60204
3.60208
3.60213
3.60219
3.60225
3.6023
3.60233
3.60235
3.60236
3.60237
3.60238
3.60239
3.60241
3.60243
3.60244
3.60245
3.60247
3.60247
3.60249
3.60253
3.60257
3.60263
3.60267
3.60268
3.60268
3.60267
3.60264
3.6026
3.60255
3.60248
3.60241
3.60233
3.60225
3.60219
3.60214
3.6021
3.60207
3.60205
3.60203
3.60201
3.602
3.60198
3.60197
3.60195
3.60194
3.60194
3.60194
3.60196
3.60198
3.60202
3.60207
3.60213
3.60219
3.60224
3.60229
3.60232
3.60235
3.60237
3.60238
3.60239
3.6024
3.60241
3.60242
3.60243
3.60244
3.60246
3.60248
3.60252
3.60256
3.60261
3.60267
3.60272
3.60274
3.60275
3.60274
3.60274
3.60271
3.60267
3.6026
3.60251
3.6024
3.60229
3.6022
3.60214
3.6021
3.60207
3.60205
3.60203
3.60201
3.60197
3.60193
3.60189
3.60187
)
;
    }
    inlet
    {
        type            calculated;
        value           nonuniform List<scalar> 
20
(
3.64274
3.64274
3.64274
3.64274
3.64274
3.64274
3.64274
3.64274
3.64274
3.64274
3.64274
3.64274
3.64274
3.64274
3.64274
3.64274
3.64274
3.64274
3.64274
3.64274
)
;
    }
    outlet
    {
        type            calculated;
        value           nonuniform List<scalar> 
20
(
3.60188
3.60189
3.60189
3.60189
3.60189
3.60189
3.60189
3.60188
3.60188
3.60187
3.60188
3.60188
3.60189
3.60189
3.60189
3.60189
3.60188
3.60188
3.60187
3.60187
)
;
    }
    empty
    {
        type            empty;
    }
}


// ************************************************************************* //
