/*--------------------------------*- C++ -*----------------------------------*\
| =========                 |                                                 |
| \\      /  F ield         | OpenFOAM: The Open Source CFD Toolbox           |
|  \\    /   O peration     | Version:  2306                                  |
|   \\  /    A nd           | Website:  www.openfoam.com                      |
|    \\/     M anipulation  |                                                 |
\*---------------------------------------------------------------------------*/
FoamFile
{
    version     2.0;
    format      ascii;
    arch        "LSB;label=32;scalar=64";
    class       volScalarField;
    location    "0.14";
    object      T;
}
// * * * * * * * * * * * * * * * * * * * * * * * * * * * * * * * * * * * * * //

dimensions      [0 0 0 1 0 0 0];

internalField   nonuniform List<scalar> 
6000
(
532.368
532.368
532.368
532.368
532.368
532.368
532.368
532.368
532.368
532.368
532.368
532.368
532.368
532.368
532.368
532.368
532.368
532.368
532.368
532.368
532.368
532.368
532.368
532.368
532.368
532.368
532.368
532.368
532.368
532.368
532.368
532.368
532.368
532.368
532.368
532.368
532.368
532.368
532.368
532.368
532.368
532.368
532.368
532.368
532.368
532.368
532.368
532.368
532.368
532.368
532.368
532.368
532.368
532.368
532.368
532.368
532.368
532.368
532.368
532.368
532.368
532.368
532.368
532.368
532.368
532.368
532.368
532.369
532.371
532.374
532.382
532.397
532.425
532.473
532.545
532.624
532.666
532.67
532.667
532.651
532.612
532.544
532.444
532.318
532.172
532.014
531.85
531.685
531.522
531.364
531.21
531.064
530.925
530.795
530.674
530.564
530.466
530.382
530.309
530.247
530.196
530.153
530.118
530.086
530.058
530.032
530.007
529.984
529.961
529.942
529.928
529.925
529.925
529.925
529.925
529.926
529.928
529.932
529.937
529.946
529.956
529.966
529.976
529.985
529.991
529.996
530
530.003
530.006
530.009
530.011
530.013
530.014
530.015
530.016
530.016
530.017
530.017
530.017
530.017
530.017
530.016
530.014
530.011
530.009
530.005
530.002
529.998
529.994
529.989
529.985
529.981
529.977
529.975
529.974
529.974
529.975
529.975
529.975
529.976
529.977
529.978
529.98
529.983
529.986
529.99
529.993
529.996
529.997
529.998
529.998
529.999
530
530.001
530.003
530.005
530.006
530.007
530.009
530.011
530.013
530.014
530.015
530.015
530.015
530.014
530.012
530.009
530.005
530.001
529.996
529.992
529.989
529.987
529.985
529.983
529.981
529.978
529.977
529.976
529.976
529.976
529.976
529.976
529.977
529.977
529.978
529.98
529.982
529.985
529.989
529.993
529.995
529.997
529.997
529.998
529.998
529.999
530
530.002
530.003
530.004
530.004
530.004
530.005
530.006
530.008
530.011
530.015
530.018
530.018
530.018
530.016
530.014
530.012
530.009
530.005
530.001
529.997
529.993
529.989
529.985
529.983
529.981
529.979
529.979
529.978
529.977
529.977
529.976
529.975
529.973
529.972
529.973
529.974
529.976
529.979
529.983
529.986
529.989
529.991
529.993
529.994
529.997
529.999
530.001
530.002
530.003
530.002
530.002
530.002
530.002
530.002
530.005
530.008
530.011
530.015
530.018
530.021
530.02
530.02
530.02
530.02
530.019
530.017
530.014
530.008
530.001
529.994
529.988
529.983
529.982
529.981
529.981
529.981
529.979
529.976
529.973
529.97
529.968
532.368
532.368
532.368
532.368
532.368
532.368
532.368
532.368
532.368
532.368
532.368
532.368
532.368
532.368
532.368
532.368
532.368
532.368
532.368
532.368
532.368
532.368
532.368
532.368
532.368
532.368
532.368
532.368
532.368
532.368
532.368
532.368
532.368
532.368
532.368
532.368
532.368
532.368
532.368
532.368
532.368
532.368
532.368
532.368
532.368
532.368
532.368
532.368
532.368
532.368
532.368
532.368
532.368
532.368
532.368
532.368
532.368
532.368
532.368
532.368
532.368
532.368
532.368
532.368
532.368
532.368
532.368
532.369
532.371
532.374
532.382
532.397
532.425
532.473
532.545
532.624
532.666
532.67
532.667
532.651
532.612
532.544
532.444
532.318
532.172
532.014
531.849
531.685
531.522
531.364
531.21
531.064
530.925
530.795
530.673
530.564
530.467
530.382
530.308
530.247
530.196
530.153
530.117
530.086
530.058
530.032
530.007
529.984
529.961
529.942
529.929
529.925
529.925
529.925
529.925
529.926
529.928
529.932
529.938
529.946
529.956
529.966
529.976
529.984
529.991
529.996
530
530.003
530.006
530.009
530.011
530.013
530.014
530.015
530.016
530.016
530.017
530.017
530.017
530.017
530.017
530.016
530.014
530.012
530.009
530.005
530.002
529.998
529.994
529.989
529.985
529.981
529.977
529.975
529.974
529.974
529.975
529.975
529.975
529.976
529.977
529.978
529.98
529.983
529.987
529.99
529.993
529.995
529.997
529.998
529.999
529.999
530
530.002
530.003
530.005
530.006
530.007
530.009
530.011
530.013
530.014
530.015
530.015
530.015
530.014
530.012
530.009
530.005
530.001
529.996
529.992
529.989
529.987
529.985
529.983
529.981
529.978
529.977
529.976
529.976
529.976
529.976
529.976
529.977
529.977
529.978
529.98
529.982
529.985
529.989
529.993
529.995
529.997
529.997
529.998
529.998
529.999
530
530.002
530.003
530.004
530.004
530.004
530.005
530.006
530.008
530.011
530.015
530.018
530.018
530.017
530.016
530.014
530.012
530.009
530.005
530.001
529.997
529.993
529.989
529.985
529.983
529.981
529.979
529.979
529.978
529.977
529.977
529.976
529.975
529.973
529.972
529.973
529.974
529.976
529.979
529.983
529.986
529.989
529.991
529.993
529.995
529.996
529.999
530.001
530.002
530.003
530.002
530.002
530.002
530.002
530.002
530.005
530.008
530.011
530.015
530.018
530.021
530.02
530.02
530.02
530.02
530.019
530.017
530.014
530.008
530.001
529.994
529.988
529.984
529.982
529.981
529.981
529.981
529.979
529.976
529.973
529.97
529.968
532.368
532.368
532.368
532.368
532.368
532.368
532.368
532.368
532.368
532.368
532.368
532.368
532.368
532.368
532.368
532.368
532.368
532.368
532.368
532.368
532.368
532.368
532.368
532.368
532.368
532.368
532.368
532.368
532.368
532.368
532.368
532.368
532.368
532.368
532.368
532.368
532.368
532.368
532.368
532.368
532.368
532.368
532.368
532.368
532.368
532.368
532.368
532.368
532.368
532.368
532.368
532.368
532.368
532.368
532.368
532.368
532.368
532.368
532.368
532.368
532.368
532.368
532.368
532.368
532.368
532.368
532.368
532.369
532.371
532.374
532.382
532.397
532.425
532.473
532.545
532.624
532.666
532.67
532.667
532.651
532.612
532.544
532.444
532.318
532.172
532.013
531.849
531.685
531.522
531.364
531.21
531.064
530.925
530.795
530.673
530.564
530.466
530.382
530.308
530.247
530.196
530.153
530.117
530.085
530.058
530.032
530.007
529.984
529.961
529.942
529.929
529.925
529.924
529.925
529.925
529.926
529.928
529.932
529.938
529.946
529.955
529.966
529.976
529.984
529.991
529.996
530
530.004
530.006
530.009
530.011
530.013
530.014
530.015
530.016
530.016
530.017
530.017
530.017
530.017
530.017
530.016
530.014
530.012
530.009
530.005
530.002
529.998
529.993
529.989
529.985
529.981
529.977
529.975
529.974
529.974
529.975
529.975
529.975
529.975
529.976
529.978
529.98
529.983
529.987
529.99
529.993
529.995
529.997
529.998
529.998
529.999
530
530.002
530.003
530.005
530.006
530.007
530.009
530.011
530.013
530.014
530.015
530.015
530.015
530.014
530.012
530.009
530.005
530.001
529.996
529.992
529.99
529.987
529.985
529.983
529.981
529.978
529.977
529.976
529.976
529.976
529.976
529.976
529.976
529.977
529.978
529.98
529.982
529.986
529.989
529.992
529.995
529.996
529.997
529.998
529.999
529.999
530.001
530.002
530.003
530.003
530.004
530.004
530.005
530.006
530.008
530.011
530.015
530.018
530.018
530.017
530.016
530.014
530.012
530.009
530.006
530.001
529.997
529.993
529.989
529.985
529.983
529.981
529.98
529.979
529.978
529.977
529.977
529.976
529.975
529.973
529.973
529.973
529.974
529.976
529.979
529.983
529.986
529.989
529.991
529.993
529.995
529.997
529.999
530.001
530.002
530.002
530.002
530.002
530.002
530.002
530.003
530.005
530.008
530.011
530.015
530.018
530.02
530.02
530.02
530.02
530.02
530.019
530.017
530.014
530.008
530.001
529.994
529.988
529.984
529.982
529.982
529.981
529.98
529.978
529.976
529.973
529.97
529.969
532.368
532.368
532.368
532.368
532.368
532.368
532.368
532.368
532.368
532.368
532.368
532.368
532.368
532.368
532.368
532.368
532.368
532.368
532.368
532.368
532.368
532.368
532.368
532.368
532.368
532.368
532.368
532.368
532.368
532.368
532.368
532.368
532.368
532.368
532.368
532.368
532.368
532.368
532.368
532.368
532.368
532.368
532.368
532.368
532.368
532.368
532.368
532.368
532.368
532.368
532.368
532.368
532.368
532.368
532.368
532.368
532.368
532.368
532.368
532.368
532.368
532.368
532.368
532.368
532.368
532.368
532.368
532.369
532.371
532.374
532.382
532.397
532.425
532.473
532.545
532.624
532.666
532.67
532.667
532.651
532.612
532.544
532.444
532.318
532.172
532.013
531.849
531.685
531.522
531.363
531.21
531.064
530.925
530.794
530.673
530.564
530.467
530.382
530.308
530.248
530.196
530.154
530.117
530.085
530.058
530.032
530.007
529.984
529.961
529.942
529.929
529.925
529.924
529.924
529.925
529.926
529.929
529.932
529.938
529.946
529.955
529.965
529.976
529.984
529.991
529.997
530.001
530.004
530.007
530.009
530.011
530.013
530.014
530.015
530.016
530.017
530.017
530.017
530.017
530.017
530.016
530.015
530.014
530.012
530.009
530.006
530.002
529.998
529.993
529.989
529.985
529.981
529.977
529.975
529.975
529.975
529.975
529.975
529.975
529.975
529.976
529.978
529.98
529.984
529.987
529.99
529.993
529.995
529.997
529.998
529.998
530
530.001
530.002
530.003
530.004
530.005
530.007
530.008
530.011
530.013
530.014
530.015
530.016
530.015
530.014
530.012
530.009
530.005
530
529.996
529.993
529.99
529.987
529.985
529.983
529.981
529.978
529.977
529.976
529.976
529.976
529.976
529.976
529.976
529.977
529.978
529.98
529.983
529.986
529.989
529.992
529.995
529.996
529.997
529.998
529.999
530
530.001
530.002
530.003
530.003
530.004
530.004
530.005
530.006
530.009
530.012
530.015
530.017
530.017
530.017
530.016
530.014
530.012
530.009
530.006
530.002
529.997
529.992
529.988
529.985
529.983
529.981
529.98
529.979
529.978
529.977
529.976
529.975
529.974
529.973
529.973
529.973
529.974
529.977
529.979
529.982
529.985
529.988
529.991
529.993
529.995
529.997
529.999
530.001
530.002
530.002
530.002
530.001
530.001
530.002
530.003
530.006
530.009
530.012
530.014
530.017
530.02
530.02
530.02
530.021
530.021
530.02
530.017
530.013
530.007
530.001
529.994
529.988
529.984
529.983
529.982
529.981
529.98
529.978
529.975
529.972
529.97
529.969
532.368
532.368
532.368
532.368
532.368
532.368
532.368
532.368
532.368
532.368
532.368
532.368
532.368
532.368
532.368
532.368
532.368
532.368
532.368
532.368
532.368
532.368
532.368
532.368
532.368
532.368
532.368
532.368
532.368
532.368
532.368
532.368
532.368
532.368
532.368
532.368
532.368
532.368
532.368
532.368
532.368
532.368
532.368
532.368
532.368
532.368
532.368
532.368
532.368
532.368
532.368
532.368
532.368
532.368
532.368
532.368
532.368
532.368
532.368
532.368
532.368
532.368
532.368
532.368
532.368
532.368
532.368
532.369
532.371
532.374
532.382
532.397
532.425
532.473
532.545
532.624
532.666
532.67
532.667
532.651
532.612
532.544
532.444
532.318
532.172
532.013
531.85
531.685
531.522
531.363
531.211
531.064
530.925
530.794
530.674
530.564
530.467
530.381
530.308
530.248
530.196
530.154
530.117
530.085
530.058
530.032
530.007
529.984
529.961
529.942
529.929
529.925
529.924
529.924
529.925
529.926
529.929
529.933
529.938
529.946
529.955
529.965
529.975
529.984
529.991
529.997
530.001
530.004
530.007
530.009
530.011
530.012
530.014
530.015
530.016
530.017
530.017
530.017
530.017
530.017
530.016
530.015
530.014
530.012
530.009
530.006
530.002
529.998
529.993
529.989
529.985
529.981
529.977
529.975
529.975
529.975
529.975
529.974
529.975
529.975
529.976
529.978
529.981
529.984
529.987
529.99
529.993
529.995
529.996
529.997
529.999
530
530.001
530.002
530.003
530.004
530.005
530.006
530.008
530.011
530.013
530.015
530.015
530.016
530.015
530.014
530.012
530.009
530.005
530.001
529.996
529.993
529.99
529.987
529.985
529.983
529.981
529.978
529.977
529.976
529.976
529.976
529.976
529.976
529.976
529.977
529.978
529.98
529.983
529.986
529.989
529.992
529.995
529.996
529.997
529.998
529.999
530
530.001
530.002
530.002
530.003
530.003
530.004
530.005
530.007
530.009
530.012
530.015
530.017
530.017
530.016
530.016
530.014
530.013
530.01
530.006
530.002
529.997
529.992
529.988
529.985
529.983
529.981
529.981
529.98
529.979
529.978
529.976
529.975
529.973
529.973
529.973
529.974
529.975
529.977
529.98
529.982
529.985
529.988
529.991
529.993
529.996
529.998
530
530.001
530.001
530.001
530.001
530.001
530.001
530.002
530.004
530.006
530.009
530.012
530.014
530.017
530.019
530.019
530.02
530.021
530.021
530.02
530.017
530.013
530.007
530
529.993
529.988
529.985
529.984
529.983
529.982
529.98
529.977
529.974
529.972
529.97
529.97
532.368
532.368
532.368
532.368
532.368
532.368
532.368
532.368
532.368
532.368
532.368
532.368
532.368
532.368
532.368
532.368
532.368
532.368
532.368
532.368
532.368
532.368
532.368
532.368
532.368
532.368
532.368
532.368
532.368
532.368
532.368
532.368
532.368
532.368
532.368
532.368
532.368
532.368
532.368
532.368
532.368
532.368
532.368
532.368
532.368
532.368
532.368
532.368
532.368
532.368
532.368
532.368
532.368
532.368
532.368
532.368
532.368
532.368
532.368
532.368
532.368
532.368
532.368
532.368
532.368
532.368
532.368
532.369
532.371
532.374
532.382
532.397
532.425
532.473
532.545
532.624
532.666
532.67
532.667
532.651
532.612
532.544
532.444
532.318
532.172
532.013
531.85
531.685
531.522
531.363
531.211
531.064
530.925
530.794
530.674
530.564
530.467
530.381
530.309
530.248
530.196
530.154
530.117
530.086
530.058
530.032
530.007
529.984
529.961
529.942
529.929
529.925
529.924
529.924
529.925
529.926
529.929
529.933
529.938
529.946
529.955
529.965
529.975
529.984
529.992
529.997
530.001
530.004
530.007
530.009
530.01
530.012
530.014
530.015
530.016
530.017
530.017
530.017
530.017
530.016
530.016
530.015
530.014
530.012
530.009
530.006
530.002
529.998
529.993
529.989
529.984
529.981
529.977
529.975
529.975
529.975
529.975
529.974
529.974
529.975
529.976
529.978
529.981
529.984
529.987
529.99
529.993
529.995
529.996
529.997
529.999
530
530.001
530.002
530.003
530.004
530.005
530.006
530.008
530.011
530.013
530.015
530.015
530.015
530.015
530.014
530.012
530.009
530.005
530.001
529.997
529.993
529.99
529.987
529.985
529.982
529.98
529.979
529.977
529.976
529.976
529.976
529.976
529.976
529.976
529.977
529.978
529.98
529.983
529.986
529.989
529.992
529.994
529.996
529.997
529.998
530
530.001
530.002
530.002
530.002
530.002
530.003
530.004
530.005
530.007
530.009
530.012
530.015
530.017
530.016
530.016
530.015
530.014
530.013
530.01
530.007
530.002
529.997
529.992
529.987
529.984
529.982
529.981
529.981
529.98
529.979
529.978
529.976
529.974
529.973
529.973
529.973
529.974
529.975
529.978
529.98
529.982
529.984
529.987
529.99
529.993
529.996
529.998
530.001
530.002
530.001
530.001
530
530
530.001
530.002
530.004
530.007
530.01
530.012
530.014
530.016
530.018
530.019
530.02
530.022
530.022
530.02
530.018
530.013
530.007
529.999
529.993
529.988
529.985
529.984
529.983
529.982
529.979
529.976
529.973
529.971
529.97
529.97
532.368
532.368
532.368
532.368
532.368
532.368
532.368
532.368
532.368
532.368
532.368
532.368
532.368
532.368
532.368
532.368
532.368
532.368
532.368
532.368
532.368
532.368
532.368
532.368
532.368
532.368
532.368
532.368
532.368
532.368
532.368
532.368
532.368
532.368
532.368
532.368
532.368
532.368
532.368
532.368
532.368
532.368
532.368
532.368
532.368
532.368
532.368
532.368
532.368
532.368
532.368
532.368
532.368
532.368
532.368
532.368
532.368
532.368
532.368
532.368
532.368
532.368
532.368
532.368
532.368
532.368
532.368
532.369
532.371
532.374
532.382
532.397
532.425
532.473
532.545
532.624
532.666
532.67
532.667
532.651
532.612
532.544
532.444
532.318
532.172
532.013
531.85
531.685
531.522
531.364
531.211
531.064
530.925
530.794
530.674
530.564
530.467
530.381
530.309
530.247
530.196
530.154
530.117
530.086
530.057
530.032
530.007
529.984
529.962
529.942
529.929
529.925
529.924
529.924
529.925
529.926
529.929
529.933
529.938
529.946
529.955
529.965
529.975
529.984
529.992
529.997
530.001
530.004
530.007
530.008
530.01
530.012
530.014
530.015
530.016
530.017
530.017
530.017
530.017
530.016
530.016
530.015
530.014
530.012
530.009
530.006
530.002
529.998
529.993
529.989
529.984
529.981
529.977
529.975
529.975
529.975
529.974
529.974
529.974
529.975
529.976
529.978
529.981
529.984
529.987
529.99
529.992
529.994
529.996
529.998
529.999
530
530.002
530.002
530.003
530.004
530.005
530.006
530.008
530.011
530.013
530.015
530.016
530.015
530.015
530.013
530.011
530.009
530.005
530.001
529.997
529.993
529.99
529.987
529.984
529.982
529.98
529.979
529.977
529.977
529.976
529.976
529.976
529.976
529.976
529.977
529.978
529.98
529.983
529.986
529.989
529.992
529.994
529.996
529.997
529.998
530
530.001
530.002
530.002
530.002
530.002
530.002
530.003
530.005
530.007
530.01
530.013
530.016
530.017
530.016
530.016
530.015
530.014
530.013
530.011
530.007
530.002
529.997
529.991
529.987
529.984
529.982
529.982
529.981
529.981
529.98
529.978
529.976
529.973
529.972
529.972
529.973
529.974
529.976
529.978
529.98
529.982
529.984
529.987
529.99
529.993
529.996
529.999
530.001
530.002
530.001
530
530
530
530.001
530.002
530.005
530.008
530.01
530.012
530.014
530.016
530.018
530.018
530.02
530.022
530.022
530.021
530.018
530.013
530.006
529.999
529.993
529.988
529.986
529.985
529.983
529.982
529.979
529.976
529.973
529.97
529.97
529.971
532.368
532.368
532.368
532.368
532.368
532.368
532.368
532.368
532.368
532.368
532.368
532.368
532.368
532.368
532.368
532.368
532.368
532.368
532.368
532.368
532.368
532.368
532.368
532.368
532.368
532.368
532.368
532.368
532.368
532.368
532.368
532.368
532.368
532.368
532.368
532.368
532.368
532.368
532.368
532.368
532.368
532.368
532.368
532.368
532.368
532.368
532.368
532.368
532.368
532.368
532.368
532.368
532.368
532.368
532.368
532.368
532.368
532.368
532.368
532.368
532.368
532.368
532.368
532.368
532.368
532.368
532.368
532.369
532.371
532.374
532.382
532.397
532.425
532.473
532.545
532.624
532.666
532.67
532.667
532.651
532.612
532.544
532.444
532.318
532.172
532.013
531.85
531.685
531.522
531.364
531.211
531.065
530.924
530.794
530.674
530.564
530.466
530.381
530.309
530.247
530.197
530.153
530.117
530.086
530.057
530.032
530.007
529.984
529.962
529.942
529.929
529.925
529.924
529.924
529.925
529.926
529.929
529.933
529.938
529.946
529.955
529.965
529.975
529.985
529.992
529.997
530.001
530.004
530.006
530.008
530.01
530.012
530.014
530.015
530.016
530.017
530.017
530.017
530.017
530.017
530.016
530.015
530.014
530.012
530.009
530.006
530.002
529.998
529.993
529.989
529.984
529.981
529.978
529.976
529.975
529.975
529.974
529.974
529.974
529.975
529.977
529.978
529.981
529.984
529.987
529.99
529.992
529.994
529.996
529.998
529.999
530.001
530.002
530.002
530.003
530.003
530.005
530.006
530.008
530.011
530.014
530.016
530.016
530.015
530.014
530.013
530.011
530.009
530.005
530.002
529.997
529.993
529.99
529.987
529.984
529.982
529.98
529.979
529.978
529.977
529.977
529.976
529.975
529.975
529.976
529.977
529.978
529.981
529.983
529.987
529.989
529.991
529.993
529.995
529.997
529.998
530
530.001
530.002
530.002
530.002
530.002
530.002
530.003
530.005
530.007
530.01
530.013
530.016
530.017
530.016
530.015
530.015
530.014
530.013
530.011
530.008
530.003
529.997
529.991
529.987
529.983
529.982
529.982
529.982
529.981
529.98
529.978
529.976
529.973
529.972
529.972
529.973
529.974
529.976
529.978
529.98
529.982
529.984
529.987
529.99
529.993
529.996
529.999
530.001
530.002
530.001
530
530
530
530.001
530.002
530.005
530.008
530.01
530.012
530.014
530.016
530.017
530.018
530.02
530.022
530.022
530.021
530.018
530.013
530.006
529.999
529.992
529.988
529.986
529.985
529.984
529.982
529.98
529.976
529.973
529.97
529.97
529.971
532.368
532.368
532.368
532.368
532.368
532.368
532.368
532.368
532.368
532.368
532.368
532.368
532.368
532.368
532.368
532.368
532.368
532.368
532.368
532.368
532.368
532.368
532.368
532.368
532.368
532.368
532.368
532.368
532.368
532.368
532.368
532.368
532.368
532.368
532.368
532.368
532.368
532.368
532.368
532.368
532.368
532.368
532.368
532.368
532.368
532.368
532.368
532.368
532.368
532.368
532.368
532.368
532.368
532.368
532.368
532.368
532.368
532.368
532.368
532.368
532.368
532.368
532.368
532.368
532.368
532.368
532.368
532.369
532.371
532.374
532.382
532.397
532.425
532.473
532.545
532.624
532.666
532.67
532.667
532.651
532.612
532.544
532.444
532.318
532.172
532.014
531.85
531.685
531.522
531.364
531.211
531.064
530.924
530.795
530.674
530.565
530.466
530.381
530.309
530.247
530.197
530.153
530.117
530.086
530.057
530.032
530.007
529.984
529.961
529.942
529.929
529.925
529.924
529.924
529.925
529.926
529.929
529.933
529.938
529.946
529.955
529.965
529.975
529.985
529.992
529.997
530.001
530.004
530.006
530.008
530.01
530.012
530.014
530.015
530.016
530.017
530.017
530.017
530.017
530.017
530.016
530.015
530.014
530.012
530.009
530.006
530.002
529.997
529.993
529.989
529.984
529.981
529.978
529.976
529.975
529.974
529.974
529.974
529.975
529.975
529.977
529.979
529.981
529.984
529.987
529.99
529.992
529.994
529.996
529.998
529.999
530.001
530.002
530.002
530.003
530.003
530.004
530.006
530.009
530.011
530.014
530.016
530.016
530.015
530.014
530.013
530.011
530.009
530.006
530.002
529.998
529.993
529.989
529.986
529.984
529.982
529.98
529.979
529.978
529.977
529.977
529.976
529.975
529.975
529.976
529.977
529.978
529.981
529.984
529.987
529.989
529.991
529.993
529.995
529.997
529.998
530
530.002
530.002
530.002
530.002
530.002
530.002
530.003
530.004
530.007
530.01
530.013
530.016
530.017
530.016
530.015
530.015
530.014
530.013
530.011
530.008
530.003
529.997
529.991
529.986
529.983
529.982
529.982
529.982
529.981
529.98
529.978
529.976
529.973
529.972
529.972
529.973
529.974
529.977
529.979
529.98
529.982
529.984
529.987
529.989
529.993
529.996
529.999
530.002
530.002
530.001
530
530
530
530.001
530.002
530.005
530.008
530.01
530.012
530.013
530.015
530.017
530.018
530.02
530.022
530.022
530.021
530.019
530.013
530.006
529.999
529.992
529.988
529.985
529.984
529.984
529.982
529.98
529.976
529.973
529.97
529.97
529.971
532.368
532.368
532.368
532.368
532.368
532.368
532.368
532.368
532.368
532.368
532.368
532.368
532.368
532.368
532.368
532.368
532.368
532.368
532.368
532.368
532.368
532.368
532.368
532.368
532.368
532.368
532.368
532.368
532.368
532.368
532.368
532.368
532.368
532.368
532.368
532.368
532.368
532.368
532.368
532.368
532.368
532.368
532.368
532.368
532.368
532.368
532.368
532.368
532.368
532.368
532.368
532.368
532.368
532.368
532.368
532.368
532.368
532.368
532.368
532.368
532.368
532.368
532.368
532.368
532.368
532.368
532.368
532.369
532.371
532.374
532.382
532.397
532.425
532.473
532.545
532.624
532.666
532.67
532.667
532.651
532.612
532.544
532.444
532.318
532.172
532.014
531.85
531.684
531.522
531.364
531.211
531.064
530.924
530.795
530.674
530.564
530.466
530.381
530.309
530.247
530.197
530.153
530.117
530.086
530.057
530.032
530.007
529.984
529.961
529.942
529.929
529.925
529.924
529.924
529.925
529.926
529.929
529.933
529.938
529.946
529.955
529.965
529.975
529.985
529.992
529.997
530.001
530.004
530.006
530.008
530.01
530.012
530.014
530.015
530.016
530.017
530.017
530.017
530.017
530.017
530.016
530.016
530.014
530.012
530.009
530.006
530.002
529.997
529.993
529.989
529.984
529.981
529.978
529.976
529.975
529.974
529.974
529.974
529.975
529.976
529.977
529.979
529.981
529.984
529.987
529.99
529.992
529.995
529.997
529.998
529.999
530.001
530.001
530.002
530.003
530.003
530.004
530.006
530.009
530.012
530.014
530.016
530.015
530.015
530.014
530.012
530.011
530.009
530.006
530.002
529.998
529.993
529.989
529.986
529.984
529.982
529.98
529.979
529.978
529.977
529.977
529.976
529.975
529.975
529.975
529.977
529.978
529.981
529.984
529.987
529.989
529.992
529.993
529.995
529.996
529.998
530
530.002
530.003
530.003
530.002
530.002
530.002
530.003
530.004
530.007
530.01
530.013
530.016
530.017
530.016
530.015
530.015
530.014
530.013
530.011
530.008
530.003
529.997
529.991
529.986
529.983
529.982
529.982
529.982
529.981
529.98
529.978
529.976
529.973
529.972
529.972
529.973
529.975
529.977
529.979
529.98
529.982
529.984
529.987
529.989
529.992
529.996
529.999
530.002
530.002
530.001
530
530
530
530.001
530.002
530.005
530.008
530.01
530.012
530.013
530.016
530.017
530.018
530.02
530.022
530.022
530.022
530.019
530.014
530.006
529.999
529.992
529.987
529.985
529.984
529.984
529.982
529.98
529.977
529.973
529.97
529.97
529.971
532.368
532.368
532.368
532.368
532.368
532.368
532.368
532.368
532.368
532.368
532.368
532.368
532.368
532.368
532.368
532.368
532.368
532.368
532.368
532.368
532.368
532.368
532.368
532.368
532.368
532.368
532.368
532.368
532.368
532.368
532.368
532.368
532.368
532.368
532.368
532.368
532.368
532.368
532.368
532.368
532.368
532.368
532.368
532.368
532.368
532.368
532.368
532.368
532.368
532.368
532.368
532.368
532.368
532.368
532.368
532.368
532.368
532.368
532.368
532.368
532.368
532.368
532.368
532.368
532.368
532.368
532.368
532.369
532.371
532.374
532.382
532.397
532.425
532.473
532.545
532.624
532.666
532.67
532.667
532.651
532.612
532.544
532.444
532.318
532.172
532.014
531.85
531.684
531.522
531.364
531.211
531.064
530.925
530.795
530.674
530.564
530.466
530.382
530.308
530.248
530.196
530.153
530.117
530.085
530.058
530.031
530.007
529.984
529.961
529.942
529.929
529.925
529.924
529.924
529.925
529.926
529.929
529.933
529.938
529.946
529.955
529.965
529.975
529.985
529.992
529.997
530.001
530.004
530.006
530.008
530.01
530.012
530.014
530.015
530.016
530.017
530.017
530.017
530.017
530.016
530.016
530.016
530.014
530.012
530.009
530.006
530.002
529.997
529.993
529.989
529.985
529.981
529.978
529.975
529.975
529.974
529.974
529.974
529.975
529.975
529.977
529.979
529.981
529.984
529.987
529.99
529.992
529.995
529.997
529.998
529.999
530.001
530.001
530.002
530.003
530.003
530.004
530.007
530.009
530.012
530.014
530.016
530.015
530.015
530.014
530.012
530.011
530.009
530.006
530.002
529.998
529.993
529.989
529.986
529.984
529.982
529.98
529.979
529.978
529.977
529.977
529.976
529.975
529.975
529.975
529.977
529.978
529.981
529.984
529.987
529.99
529.992
529.993
529.995
529.996
529.998
530
530.002
530.003
530.003
530.002
530.002
530.002
530.003
530.004
530.007
530.01
530.013
530.016
530.017
530.016
530.015
530.015
530.014
530.013
530.011
530.008
530.003
529.997
529.991
529.986
529.983
529.982
529.982
529.982
529.981
529.98
529.978
529.976
529.972
529.972
529.972
529.973
529.975
529.977
529.979
529.98
529.982
529.984
529.986
529.989
529.992
529.996
529.999
530.002
530.002
530.001
530.001
530
530
530.001
530.002
530.005
530.008
530.01
530.012
530.013
530.016
530.017
530.018
530.02
530.022
530.022
530.022
530.019
530.014
530.006
529.999
529.992
529.987
529.985
529.984
529.983
529.982
529.98
529.977
529.973
529.97
529.97
529.971
532.368
532.368
532.368
532.368
532.368
532.368
532.368
532.368
532.368
532.368
532.368
532.368
532.368
532.368
532.368
532.368
532.368
532.368
532.368
532.368
532.368
532.368
532.368
532.368
532.368
532.368
532.368
532.368
532.368
532.368
532.368
532.368
532.368
532.368
532.368
532.368
532.368
532.368
532.368
532.368
532.368
532.368
532.368
532.368
532.368
532.368
532.368
532.368
532.368
532.368
532.368
532.368
532.368
532.368
532.368
532.368
532.368
532.368
532.368
532.368
532.368
532.368
532.368
532.368
532.368
532.368
532.368
532.369
532.371
532.374
532.382
532.397
532.425
532.473
532.545
532.624
532.666
532.67
532.667
532.651
532.612
532.544
532.444
532.318
532.172
532.014
531.85
531.684
531.522
531.364
531.211
531.063
530.925
530.795
530.674
530.564
530.466
530.382
530.308
530.248
530.196
530.154
530.117
530.085
530.058
530.031
530.007
529.984
529.961
529.942
529.929
529.925
529.924
529.924
529.925
529.926
529.929
529.933
529.938
529.946
529.955
529.965
529.975
529.984
529.992
529.997
530.001
530.004
530.006
530.008
530.01
530.012
530.014
530.015
530.016
530.017
530.017
530.017
530.017
530.016
530.016
530.016
530.014
530.012
530.009
530.006
530.002
529.998
529.993
529.989
529.984
529.981
529.978
529.975
529.975
529.975
529.974
529.974
529.975
529.975
529.976
529.978
529.981
529.984
529.987
529.99
529.992
529.995
529.996
529.998
529.999
530
530.001
530.002
530.003
530.003
530.005
530.007
530.009
530.011
530.014
530.016
530.015
530.015
530.014
530.012
530.011
530.009
530.006
530.002
529.998
529.993
529.989
529.986
529.984
529.982
529.98
529.979
529.978
529.977
529.977
529.976
529.975
529.975
529.975
529.976
529.978
529.981
529.984
529.987
529.99
529.992
529.993
529.995
529.996
529.998
530
530.002
530.003
530.003
530.002
530.002
530.002
530.003
530.004
530.007
530.01
530.013
530.016
530.017
530.016
530.015
530.015
530.014
530.013
530.011
530.008
530.003
529.997
529.991
529.986
529.983
529.982
529.982
529.982
529.981
529.98
529.978
529.975
529.972
529.972
529.972
529.973
529.975
529.977
529.979
529.98
529.982
529.984
529.986
529.989
529.992
529.996
529.999
530.002
530.002
530.002
530.001
530
530
530.001
530.003
530.005
530.008
530.01
530.012
530.013
530.016
530.017
530.018
530.02
530.022
530.022
530.021
530.019
530.013
530.006
529.999
529.992
529.987
529.985
529.984
529.983
529.982
529.98
529.977
529.973
529.97
529.97
529.971
532.368
532.368
532.368
532.368
532.368
532.368
532.368
532.368
532.368
532.368
532.368
532.368
532.368
532.368
532.368
532.368
532.368
532.368
532.368
532.368
532.368
532.368
532.368
532.368
532.368
532.368
532.368
532.368
532.368
532.368
532.368
532.368
532.368
532.368
532.368
532.368
532.368
532.368
532.368
532.368
532.368
532.368
532.368
532.368
532.368
532.368
532.368
532.368
532.368
532.368
532.368
532.368
532.368
532.368
532.368
532.368
532.368
532.368
532.368
532.368
532.368
532.368
532.368
532.368
532.368
532.368
532.368
532.369
532.371
532.374
532.382
532.397
532.425
532.473
532.545
532.624
532.666
532.67
532.667
532.651
532.612
532.544
532.444
532.318
532.172
532.014
531.849
531.684
531.522
531.364
531.211
531.063
530.925
530.795
530.674
530.563
530.467
530.381
530.309
530.247
530.196
530.154
530.117
530.086
530.057
530.031
530.007
529.984
529.961
529.942
529.929
529.925
529.924
529.924
529.925
529.926
529.929
529.933
529.938
529.946
529.955
529.965
529.975
529.984
529.992
529.997
530.001
530.004
530.007
530.008
530.01
530.012
530.014
530.015
530.016
530.017
530.017
530.017
530.017
530.016
530.016
530.016
530.014
530.012
530.009
530.006
530.002
529.998
529.993
529.989
529.984
529.981
529.977
529.975
529.975
529.975
529.975
529.975
529.975
529.975
529.976
529.978
529.981
529.984
529.987
529.99
529.993
529.995
529.996
529.998
529.999
530
530.001
530.002
530.003
530.003
530.005
530.007
530.009
530.011
530.014
530.016
530.015
530.015
530.014
530.013
530.011
530.009
530.006
530.002
529.998
529.993
529.989
529.986
529.984
529.982
529.98
529.979
529.978
529.977
529.977
529.976
529.975
529.975
529.975
529.976
529.978
529.981
529.984
529.987
529.99
529.992
529.993
529.995
529.996
529.998
529.999
530.001
530.002
530.002
530.002
530.002
530.003
530.003
530.004
530.007
530.01
530.013
530.016
530.017
530.016
530.016
530.015
530.014
530.013
530.011
530.007
530.003
529.997
529.991
529.986
529.983
529.982
529.982
529.982
529.981
529.98
529.978
529.975
529.972
529.972
529.972
529.973
529.975
529.977
529.979
529.98
529.982
529.984
529.986
529.989
529.992
529.996
529.999
530.002
530.002
530.002
530.001
530
530
530.001
530.002
530.005
530.008
530.01
530.012
530.013
530.016
530.018
530.018
530.02
530.022
530.022
530.021
530.018
530.013
530.006
529.999
529.992
529.988
529.985
529.984
529.983
529.982
529.98
529.976
529.973
529.97
529.97
529.971
532.368
532.368
532.368
532.368
532.368
532.368
532.368
532.368
532.368
532.368
532.368
532.368
532.368
532.368
532.368
532.368
532.368
532.368
532.368
532.368
532.368
532.368
532.368
532.368
532.368
532.368
532.368
532.368
532.368
532.368
532.368
532.368
532.368
532.368
532.368
532.368
532.368
532.368
532.368
532.368
532.368
532.368
532.368
532.368
532.368
532.368
532.368
532.368
532.368
532.368
532.368
532.368
532.368
532.368
532.368
532.368
532.368
532.368
532.368
532.368
532.368
532.368
532.368
532.368
532.368
532.368
532.368
532.369
532.371
532.374
532.382
532.397
532.425
532.473
532.545
532.624
532.666
532.67
532.667
532.651
532.612
532.544
532.444
532.318
532.172
532.014
531.849
531.685
531.522
531.364
531.21
531.064
530.925
530.795
530.674
530.563
530.467
530.381
530.309
530.247
530.196
530.154
530.117
530.086
530.057
530.032
530.007
529.984
529.961
529.942
529.929
529.925
529.924
529.924
529.925
529.926
529.929
529.933
529.938
529.946
529.955
529.965
529.975
529.984
529.992
529.997
530.001
530.004
530.007
530.009
530.01
530.012
530.013
530.015
530.016
530.017
530.017
530.017
530.017
530.016
530.016
530.015
530.014
530.012
530.009
530.006
530.002
529.998
529.993
529.989
529.984
529.981
529.977
529.975
529.975
529.975
529.975
529.975
529.975
529.975
529.976
529.978
529.981
529.984
529.987
529.99
529.993
529.995
529.996
529.997
529.999
530
530.001
530.002
530.003
530.004
530.005
530.006
530.009
530.011
530.014
530.016
530.015
530.015
530.014
530.013
530.011
530.009
530.006
530.002
529.997
529.993
529.99
529.987
529.984
529.982
529.98
529.979
529.978
529.977
529.977
529.976
529.975
529.975
529.976
529.976
529.978
529.981
529.984
529.987
529.989
529.992
529.994
529.995
529.996
529.998
529.999
530.001
530.002
530.002
530.002
530.003
530.003
530.003
530.004
530.007
530.01
530.013
530.016
530.017
530.016
530.016
530.015
530.015
530.013
530.011
530.007
530.002
529.997
529.991
529.986
529.983
529.982
529.982
529.982
529.981
529.98
529.978
529.975
529.973
529.972
529.972
529.974
529.975
529.977
529.979
529.98
529.982
529.984
529.986
529.989
529.992
529.996
529.999
530.002
530.002
530.002
530.001
530
530
530.001
530.002
530.005
530.008
530.01
530.012
530.013
530.016
530.018
530.018
530.02
530.022
530.022
530.021
530.018
530.013
530.007
529.999
529.992
529.988
529.985
529.984
529.983
529.982
529.98
529.976
529.973
529.97
529.97
529.971
532.368
532.368
532.368
532.368
532.368
532.368
532.368
532.368
532.368
532.368
532.368
532.368
532.368
532.368
532.368
532.368
532.368
532.368
532.368
532.368
532.368
532.368
532.368
532.368
532.368
532.368
532.368
532.368
532.368
532.368
532.368
532.368
532.368
532.368
532.368
532.368
532.368
532.368
532.368
532.368
532.368
532.368
532.368
532.368
532.368
532.368
532.368
532.368
532.368
532.368
532.368
532.368
532.368
532.368
532.368
532.368
532.368
532.368
532.368
532.368
532.368
532.368
532.368
532.368
532.368
532.368
532.368
532.369
532.371
532.374
532.382
532.397
532.425
532.473
532.545
532.624
532.666
532.67
532.667
532.651
532.612
532.544
532.444
532.318
532.172
532.014
531.849
531.685
531.522
531.364
531.21
531.064
530.925
530.795
530.673
530.564
530.467
530.381
530.309
530.247
530.196
530.153
530.117
530.086
530.057
530.032
530.007
529.984
529.962
529.942
529.929
529.925
529.924
529.924
529.925
529.926
529.928
529.933
529.938
529.946
529.955
529.965
529.975
529.984
529.992
529.997
530.001
530.004
530.007
530.009
530.01
530.012
530.013
530.015
530.016
530.017
530.017
530.017
530.017
530.016
530.016
530.015
530.014
530.012
530.01
530.006
530.002
529.998
529.993
529.989
529.984
529.98
529.977
529.975
529.975
529.975
529.975
529.974
529.974
529.975
529.976
529.978
529.981
529.984
529.987
529.99
529.993
529.995
529.996
529.997
529.999
530
530.001
530.002
530.003
530.004
530.005
530.006
530.008
530.011
530.014
530.016
530.015
530.015
530.014
530.013
530.011
530.009
530.005
530.001
529.997
529.993
529.99
529.987
529.984
529.982
529.981
529.979
529.978
529.977
529.976
529.976
529.975
529.975
529.976
529.977
529.978
529.98
529.983
529.986
529.989
529.992
529.994
529.995
529.997
529.998
529.999
530.001
530.002
530.002
530.002
530.003
530.003
530.003
530.005
530.007
530.01
530.013
530.016
530.017
530.016
530.016
530.015
530.015
530.013
530.011
530.007
530.002
529.997
529.991
529.986
529.983
529.982
529.982
529.982
529.981
529.98
529.978
529.975
529.973
529.972
529.972
529.974
529.975
529.976
529.978
529.98
529.982
529.984
529.986
529.989
529.992
529.996
529.999
530.002
530.002
530.002
530.001
530
530
530.001
530.002
530.005
530.008
530.01
530.012
530.013
530.016
530.018
530.018
530.02
530.022
530.022
530.021
530.018
530.013
530.007
529.999
529.992
529.988
529.985
529.984
529.983
529.982
529.98
529.977
529.973
529.97
529.97
529.971
532.368
532.368
532.368
532.368
532.368
532.368
532.368
532.368
532.368
532.368
532.368
532.368
532.368
532.368
532.368
532.368
532.368
532.368
532.368
532.368
532.368
532.368
532.368
532.368
532.368
532.368
532.368
532.368
532.368
532.368
532.368
532.368
532.368
532.368
532.368
532.368
532.368
532.368
532.368
532.368
532.368
532.368
532.368
532.368
532.368
532.368
532.368
532.368
532.368
532.368
532.368
532.368
532.368
532.368
532.368
532.368
532.368
532.368
532.368
532.368
532.368
532.368
532.368
532.368
532.368
532.368
532.368
532.369
532.371
532.374
532.382
532.397
532.425
532.473
532.545
532.624
532.666
532.67
532.667
532.651
532.612
532.544
532.444
532.318
532.172
532.014
531.849
531.685
531.522
531.364
531.21
531.065
530.925
530.795
530.673
530.564
530.466
530.381
530.309
530.247
530.197
530.153
530.117
530.086
530.057
530.032
530.007
529.984
529.962
529.941
529.929
529.925
529.924
529.924
529.925
529.926
529.928
529.932
529.938
529.946
529.955
529.965
529.975
529.984
529.992
529.997
530.001
530.004
530.007
530.009
530.01
530.012
530.013
530.015
530.016
530.017
530.017
530.017
530.017
530.017
530.016
530.015
530.014
530.012
530.009
530.006
530.002
529.998
529.993
529.988
529.984
529.98
529.977
529.975
529.975
529.975
529.975
529.974
529.974
529.975
529.976
529.978
529.981
529.984
529.987
529.99
529.993
529.995
529.996
529.997
529.999
530
530.001
530.002
530.003
530.004
530.005
530.006
530.008
530.011
530.014
530.016
530.015
530.015
530.015
530.013
530.011
530.009
530.005
530.001
529.997
529.993
529.99
529.987
529.984
529.982
529.981
529.979
529.977
529.977
529.976
529.976
529.975
529.975
529.976
529.977
529.978
529.98
529.983
529.986
529.989
529.992
529.994
529.995
529.997
529.998
529.999
530.001
530.002
530.002
530.002
530.003
530.003
530.003
530.005
530.007
530.01
530.013
530.016
530.017
530.016
530.016
530.015
530.015
530.013
530.011
530.007
530.002
529.997
529.991
529.986
529.983
529.982
529.982
529.981
529.981
529.98
529.978
529.976
529.973
529.972
529.973
529.973
529.975
529.976
529.978
529.98
529.982
529.984
529.986
529.989
529.993
529.996
529.999
530.001
530.002
530.002
530.001
530
530
530.001
530.002
530.005
530.008
530.01
530.012
530.014
530.016
530.018
530.018
530.02
530.022
530.022
530.021
530.018
530.013
530.007
530
529.993
529.987
529.985
529.984
529.983
529.982
529.98
529.977
529.973
529.971
529.969
529.97
532.368
532.368
532.368
532.368
532.368
532.368
532.368
532.368
532.368
532.368
532.368
532.368
532.368
532.368
532.368
532.368
532.368
532.368
532.368
532.368
532.368
532.368
532.368
532.368
532.368
532.368
532.368
532.368
532.368
532.368
532.368
532.368
532.368
532.368
532.368
532.368
532.368
532.368
532.368
532.368
532.368
532.368
532.368
532.368
532.368
532.368
532.368
532.368
532.368
532.368
532.368
532.368
532.368
532.368
532.368
532.368
532.368
532.368
532.368
532.368
532.368
532.368
532.368
532.368
532.368
532.368
532.368
532.369
532.371
532.374
532.382
532.397
532.425
532.473
532.545
532.624
532.666
532.67
532.667
532.651
532.612
532.544
532.444
532.318
532.172
532.013
531.85
531.685
531.522
531.364
531.21
531.064
530.925
530.795
530.673
530.565
530.466
530.381
530.309
530.247
530.196
530.153
530.117
530.086
530.057
530.032
530.007
529.984
529.962
529.941
529.929
529.925
529.924
529.924
529.925
529.926
529.928
529.932
529.938
529.946
529.955
529.965
529.975
529.985
529.992
529.997
530.001
530.004
530.006
530.009
530.011
530.012
530.014
530.015
530.016
530.017
530.017
530.017
530.017
530.017
530.016
530.015
530.014
530.012
530.009
530.006
530.002
529.998
529.993
529.988
529.984
529.98
529.977
529.975
529.975
529.975
529.974
529.974
529.974
529.975
529.976
529.978
529.981
529.984
529.987
529.99
529.993
529.995
529.996
529.997
529.999
530
530.001
530.002
530.003
530.004
530.005
530.006
530.008
530.011
530.014
530.016
530.015
530.015
530.015
530.013
530.011
530.009
530.005
530.001
529.997
529.993
529.99
529.987
529.984
529.982
529.981
529.979
529.977
529.977
529.976
529.976
529.975
529.975
529.976
529.977
529.978
529.98
529.983
529.986
529.989
529.992
529.994
529.995
529.997
529.998
530
530.001
530.002
530.002
530.002
530.002
530.003
530.003
530.005
530.007
530.01
530.013
530.016
530.017
530.016
530.016
530.015
530.015
530.013
530.011
530.007
530.002
529.997
529.991
529.986
529.983
529.982
529.982
529.981
529.981
529.98
529.978
529.976
529.973
529.972
529.973
529.973
529.974
529.976
529.978
529.98
529.982
529.984
529.987
529.989
529.992
529.996
529.999
530.001
530.002
530.002
530.001
530
530
530.001
530.002
530.004
530.007
530.01
530.012
530.014
530.016
530.018
530.018
530.019
530.021
530.021
530.021
530.018
530.014
530.007
530
529.993
529.987
529.984
529.983
529.983
529.982
529.98
529.977
529.974
529.971
529.969
529.97
532.368
532.368
532.368
532.368
532.368
532.368
532.368
532.368
532.368
532.368
532.368
532.368
532.368
532.368
532.368
532.368
532.368
532.368
532.368
532.368
532.368
532.368
532.368
532.368
532.368
532.368
532.368
532.368
532.368
532.368
532.368
532.368
532.368
532.368
532.368
532.368
532.368
532.368
532.368
532.368
532.368
532.368
532.368
532.368
532.368
532.368
532.368
532.368
532.368
532.368
532.368
532.368
532.368
532.368
532.368
532.368
532.368
532.368
532.368
532.368
532.368
532.368
532.368
532.368
532.368
532.368
532.368
532.369
532.371
532.374
532.382
532.397
532.425
532.473
532.545
532.624
532.666
532.67
532.667
532.651
532.612
532.544
532.444
532.318
532.172
532.013
531.85
531.685
531.522
531.364
531.211
531.065
530.924
530.795
530.673
530.565
530.466
530.381
530.309
530.247
530.196
530.153
530.117
530.086
530.057
530.032
530.007
529.984
529.961
529.941
529.929
529.925
529.924
529.924
529.925
529.926
529.929
529.932
529.938
529.945
529.955
529.965
529.976
529.985
529.992
529.997
530.001
530.004
530.006
530.009
530.011
530.012
530.014
530.015
530.016
530.017
530.017
530.017
530.017
530.017
530.016
530.015
530.014
530.012
530.009
530.006
530.002
529.998
529.993
529.989
529.984
529.981
529.977
529.976
529.975
529.974
529.974
529.974
529.975
529.975
529.977
529.978
529.981
529.984
529.987
529.99
529.993
529.995
529.996
529.998
529.999
530
530.001
530.002
530.003
530.004
530.005
530.006
530.008
530.011
530.014
530.015
530.015
530.015
530.014
530.013
530.011
530.009
530.005
530.001
529.997
529.993
529.99
529.987
529.984
529.982
529.981
529.979
529.978
529.977
529.976
529.975
529.975
529.975
529.976
529.977
529.978
529.981
529.983
529.986
529.989
529.992
529.994
529.995
529.997
529.999
530
530.001
530.001
530.002
530.002
530.002
530.003
530.003
530.005
530.007
530.01
530.013
530.016
530.017
530.016
530.016
530.015
530.014
530.013
530.011
530.007
530.002
529.997
529.991
529.987
529.983
529.982
529.981
529.981
529.981
529.98
529.978
529.976
529.973
529.972
529.973
529.973
529.974
529.976
529.978
529.98
529.982
529.984
529.987
529.989
529.992
529.995
529.998
530.001
530.002
530.002
530.001
530.001
530
530.001
530.002
530.004
530.007
530.01
530.012
530.015
530.017
530.019
530.019
530.019
530.021
530.021
530.02
530.018
530.014
530.008
530
529.993
529.987
529.984
529.983
529.983
529.982
529.981
529.978
529.975
529.971
529.969
529.969
532.368
532.368
532.368
532.368
532.368
532.368
532.368
532.368
532.368
532.368
532.368
532.368
532.368
532.368
532.368
532.368
532.368
532.368
532.368
532.368
532.368
532.368
532.368
532.368
532.368
532.368
532.368
532.368
532.368
532.368
532.368
532.368
532.368
532.368
532.368
532.368
532.368
532.368
532.368
532.368
532.368
532.368
532.368
532.368
532.368
532.368
532.368
532.368
532.368
532.368
532.368
532.368
532.368
532.368
532.368
532.368
532.368
532.368
532.368
532.368
532.368
532.368
532.368
532.368
532.368
532.368
532.368
532.369
532.371
532.374
532.382
532.397
532.425
532.473
532.545
532.624
532.666
532.67
532.667
532.651
532.612
532.543
532.444
532.318
532.172
532.013
531.85
531.685
531.522
531.364
531.211
531.065
530.924
530.795
530.674
530.565
530.466
530.381
530.309
530.247
530.196
530.153
530.117
530.086
530.057
530.032
530.007
529.984
529.961
529.941
529.929
529.925
529.924
529.924
529.925
529.926
529.929
529.932
529.938
529.945
529.955
529.965
529.976
529.985
529.992
529.997
530.001
530.004
530.006
530.009
530.011
530.012
530.014
530.015
530.016
530.017
530.017
530.017
530.017
530.017
530.016
530.015
530.014
530.012
530.009
530.006
530.002
529.998
529.993
529.989
529.985
529.981
529.977
529.976
529.975
529.974
529.974
529.974
529.975
529.976
529.977
529.978
529.981
529.984
529.987
529.99
529.993
529.995
529.996
529.998
529.999
530
530.001
530.002
530.003
530.004
530.005
530.006
530.009
530.011
530.014
530.015
530.015
530.015
530.014
530.013
530.011
530.009
530.006
530.001
529.997
529.993
529.989
529.986
529.984
529.982
529.981
529.979
529.978
529.977
529.976
529.975
529.975
529.975
529.976
529.977
529.978
529.981
529.983
529.986
529.989
529.992
529.994
529.995
529.997
529.999
530
530.001
530.001
530.002
530.002
530.002
530.002
530.003
530.005
530.007
530.01
530.013
530.016
530.017
530.016
530.016
530.015
530.014
530.013
530.011
530.007
530.003
529.997
529.991
529.987
529.984
529.982
529.981
529.981
529.981
529.98
529.978
529.976
529.974
529.973
529.973
529.973
529.974
529.976
529.978
529.98
529.982
529.984
529.987
529.989
529.992
529.995
529.998
530.001
530.002
530.002
530.002
530.001
530
530.001
530.001
530.004
530.007
530.01
530.012
530.015
530.017
530.019
530.019
530.019
530.02
530.021
530.02
530.018
530.014
530.008
530
529.993
529.987
529.984
529.983
529.982
529.982
529.981
529.979
529.975
529.972
529.969
529.969
532.368
532.368
532.368
532.368
532.368
532.368
532.368
532.368
532.368
532.368
532.368
532.368
532.368
532.368
532.368
532.368
532.368
532.368
532.368
532.368
532.368
532.368
532.368
532.368
532.368
532.368
532.368
532.368
532.368
532.368
532.368
532.368
532.368
532.368
532.368
532.368
532.368
532.368
532.368
532.368
532.368
532.368
532.368
532.368
532.368
532.368
532.368
532.368
532.368
532.368
532.368
532.368
532.368
532.368
532.368
532.368
532.368
532.368
532.368
532.368
532.368
532.368
532.368
532.368
532.368
532.368
532.368
532.369
532.371
532.374
532.382
532.397
532.425
532.473
532.545
532.624
532.666
532.67
532.667
532.651
532.612
532.543
532.444
532.318
532.172
532.013
531.85
531.685
531.522
531.363
531.21
531.065
530.925
530.794
530.673
530.565
530.467
530.381
530.308
530.246
530.197
530.153
530.117
530.085
530.057
530.032
530.008
529.984
529.961
529.941
529.929
529.925
529.924
529.925
529.925
529.926
529.929
529.932
529.938
529.945
529.955
529.965
529.976
529.985
529.992
529.997
530.001
530.004
530.006
530.009
530.011
530.012
530.014
530.015
530.016
530.017
530.017
530.017
530.017
530.017
530.016
530.016
530.014
530.012
530.009
530.006
530.002
529.998
529.993
529.989
529.985
529.981
529.977
529.975
529.975
529.974
529.974
529.975
529.975
529.976
529.977
529.978
529.981
529.984
529.987
529.99
529.993
529.995
529.996
529.998
529.999
530
530.001
530.002
530.003
530.004
530.005
530.006
530.009
530.011
530.014
530.015
530.015
530.014
530.014
530.013
530.011
530.009
530.006
530.001
529.997
529.993
529.989
529.986
529.984
529.982
529.981
529.979
529.978
529.977
529.976
529.975
529.975
529.975
529.976
529.977
529.978
529.981
529.984
529.986
529.989
529.991
529.994
529.995
529.997
529.999
530
530.001
530.002
530.002
530.002
530.002
530.002
530.003
530.005
530.007
530.01
530.013
530.016
530.016
530.016
530.016
530.015
530.014
530.013
530.011
530.007
530.003
529.997
529.991
529.987
529.983
529.982
529.981
529.981
529.981
529.98
529.978
529.976
529.974
529.972
529.972
529.973
529.974
529.976
529.978
529.98
529.982
529.984
529.987
529.989
529.992
529.995
529.998
530.001
530.002
530.002
530.002
530.001
530
530
530.001
530.003
530.007
530.01
530.012
530.015
530.017
530.019
530.019
530.019
530.02
530.021
530.02
530.018
530.014
530.008
530
529.993
529.987
529.984
529.983
529.982
529.982
529.981
529.979
529.975
529.971
529.968
529.968
)
;

boundaryField
{
    sides
    {
        type            zeroGradient;
    }
    inlet
    {
        type            zeroGradient;
    }
    outlet
    {
        type            zeroGradient;
    }
    empty
    {
        type            empty;
    }
}


// ************************************************************************* //
