/*--------------------------------*- C++ -*----------------------------------*\
| =========                 |                                                 |
| \\      /  F ield         | OpenFOAM: The Open Source CFD Toolbox           |
|  \\    /   O peration     | Version:  2306                                  |
|   \\  /    A nd           | Website:  www.openfoam.com                      |
|    \\/     M anipulation  |                                                 |
\*---------------------------------------------------------------------------*/
FoamFile
{
    version     2.0;
    format      ascii;
    arch        "LSB;label=32;scalar=64";
    class       volScalarField;
    location    "0.11";
    object      p;
}
// * * * * * * * * * * * * * * * * * * * * * * * * * * * * * * * * * * * * * //

dimensions      [1 -1 -2 0 0 0 0];

internalField   nonuniform List<scalar> 
6000
(
3.29118e+07
164245
87443.1
93419.7
100336
120562
146395
178865
207511
218616
219677
219806
218661
216701
206786
164817
112058
104762
106950
112784
120166
127307
134049
140722
147602
154880
162780
171615
181791
194016
208525
219834
221966
218899
192222
137591
122472
123617
128007
134056
139151
143158
146834
150667
154796
159158
163636
168118
172523
177147
183055
192585
206972
214780
214347
202040
163267
141955
141382
143358
147648
151646
154182
156049
157992
160307
162947
165665
168185
170365
172474
175284
180458
189655
196529
197294
193088
172530
149924
146763
147420
149960
153697
156607
158434
159958
161705
163896
166439
168944
171012
172661
174327
176842
181750
188393
190933
190765
185234
167318
152954
151492
151927
153828
156942
159656
161266
162363
163495
164964
166858
168916
170634
171897
173071
174844
178422
183364
185541
185481
182080
169583
156120
153639
153911
155412
158271
161267
163018
163985
164856
165982
167591
169575
171354
172623
173660
174864
176774
180042
183284
183745
182513
175216
161210
155367
155157
155810
157965
160918
163260
164309
164603
164830
165326
166303
167776
169441
170860
171960
173222
175654
179842
182099
181371
175699
163927
156264
155553
156803
160655
165528
168457
168830
168641
168664
169325
170773
172635
174459
176380
179201
182879
183354
180847
171624
159925
155022
155341
159002
164315
167271
167172
166392
166073
166873
168920
172368
177569
182535
181466
176883
167233
158847
157301
159010
164040
168951
171095
171514
174554
183910
179179
168162
159922
159939
167630
175709
175812
172321
166206
163700
164221
168408
173223
173528
171634
168118
166665
167037
169066
171140
171296
170562
168984
168303
168415
168986
169431
169398
169074
168689
168667
168887
169410
169710
169701
169508
169159
168978
168975
169011
169022
168994
168916
168862
168864
168921
169026
169071
169051
168996
168938
168928
168952
169024
169096
169117
169114
169076
169005
168918
168842
168792
168761
168739
168719
168698
168668
168620
168551
168485
168460
168463
168486
168544
168633
168712
168737
168732
168711
168662
168573
168456
168370
168346
168358
168386
168444
168610
3.28012e+07
272188
87140.4
93256.5
100072
120108
145844
178186
206969
218398
219618
219816
218704
216829
207271
165706
112442
104932
107098
112921
120303
127455
134222
140928
147846
155152
163054
171871
182007
194156
208613
220106
222473
219651
193496
138757
123033
124092
128397
134394
139440
143385
146992
150759
154829
159148
163595
168040
172432
177020
182791
192065
205972
213210
212774
200562
162297
141398
140903
142902
147233
151299
153907
155831
157822
160215
163020
165986
168718
171062
173284
176159
181351
190480
197170
197811
193340
172282
149827
146799
147429
149921
153608
156492
158309
159822
161559
163754
166322
168879
171005
172697
174417
177009
181958
188520
190949
190758
185151
167032
152610
151137
151562
153447
156541
159255
160903
162067
163284
164850
166845
168993
170792
172127
173371
175202
178818
183793
185991
185944
182535
169957
156439
153960
154221
155724
158583
161546
163235
164151
164976
166029
167510
169370
171152
172480
173542
174761
176704
180001
183219
183688
182487
175231
161301
155518
155337
156018
158205
161183
163552
164645
164986
165243
165757
166742
168208
169858
171263
172353
173600
176014
180209
182449
181702
175971
164047
156287
155513
156663
160345
165071
167888
168150
167999
168118
168866
170360
172237
174067
176049
179039
182987
183653
181179
171957
160136
155129
155412
159044
164358
167315
167170
166363
166022
166816
168874
172359
177649
182687
181529
176783
167015
158750
157311
159078
164083
168925
171147
171767
174953
183957
178668
167734
159892
160046
167816
176219
176398
172813
166333
163272
163624
167564
172739
173523
171956
168558
166829
167072
168862
170977
171233
170594
169104
168355
168434
168947
169417
169401
169117
168747
168717
168914
169396
169680
169671
169486
169150
168967
168961
168992
169004
168980
168909
168861
168865
168925
169033
169083
169065
169014
168960
168950
168971
169036
169094
169105
169093
169043
168969
168890
168826
168784
168759
168745
168730
168709
168676
168626
168554
168484
168456
168458
168478
168533
168621
168702
168733
168729
168710
168663
168577
168463
168375
168348
168357
168382
168434
168593
3.28223e+07
262025
88084
93557.6
99520.8
119262
144904
177059
206164
218185
219557
219828
218870
217214
208015
166904
113007
105157
107266
113073
120464
127650
134476
141254
148242
155620
163582
172385
182422
194400
208747
220295
222661
220095
195299
140654
123746
124656
128809
134755
139794
143701
147232
150906
154889
159153
163586
168038
172445
177013
182650
191663
204976
211559
210970
198549
160718
140591
140213
142231
146582
150729
153458
155496
157608
160148
163119
166260
169219
171800
174243
177326
182767
191992
198230
198608
193635
171777
149658
146864
147453
149888
153489
156312
158096
159585
161309
163500
166088
168691
170903
172706
174517
177181
182199
188761
191157
190887
185093
166687
152269
150812
151251
153136
156211
158904
160542
161709
162950
164573
166661
168910
170826
172281
173653
175630
179397
184498
186729
186701
183265
170529
156940
154478
154731
156246
159122
162046
163610
164417
165146
166076
167388
169104
170842
172210
173326
174596
176614
179977
183155
183617
182413
175160
161331
155634
155482
156196
158434
161451
163842
164980
165376
165689
166258
167288
168782
170442
171844
172931
174193
176649
180886
183075
182261
176401
164237
156377
155570
156648
160180
164682
167262
167396
167211
167346
168143
169676
171578
173461
175558
178774
183072
184017
181692
172505
160509
155317
155539
159102
164438
167479
167247
166402
166025
166785
168855
172396
177785
183017
181778
176644
166446
158488
157268
159262
164314
168858
170907
171824
175617
184330
178021
167170
159769
159935
167646
176660
177408
174190
167702
163415
163227
166492
172020
173485
172299
169179
167117
167171
168607
170685
171086
170602
169277
168443
168457
168873
169364
169382
169169
168843
168807
168965
169375
169638
169628
169460
169143
168956
168943
168967
168977
168955
168892
168851
168856
168918
169031
169094
169082
169041
168994
168986
169007
169061
169095
169096
169069
169005
168919
168841
168790
168764
168754
168750
168742
168725
168692
168638
168559
168483
168452
168453
168469
168520
168603
168686
168724
168722
168705
168662
168583
168474
168384
168353
168359
168379
168424
168568
3.2803e+07
236039
89960.8
93578.1
99065.6
118592
143956
175610
205052
217966
219554
219913
219155
217750
209021
168646
113841
105428
107470
113241
120649
127888
134792
141660
148741
156220
164280
173105
183030
194726
208815
220401
222867
220695
197615
143276
124657
125330
129283
135190
140266
144174
147658
151238
155104
159266
163642
168085
172463
176924
182395
191214
203895
209632
208857
196035
158650
139621
139393
141448
145842
150088
152960
155139
157386
160072
163222
166599
169834
172711
175437
178779
184465
193607
199177
199258
193768
171041
149417
146902
147465
149855
153376
156154
157939
159448
161190
163400
166009
168636
170883
172748
174630
177357
182447
189020
191377
191024
185073
166396
151979
150539
150995
152889
155959
158635
160250
161406
162649
164304
166471
168853
170927
172543
174064
176186
180116
185368
187661
187653
184155
171161
157483
155051
155286
156807
159651
162417
163818
164529
165174
165998
167179
168788
170505
171922
173104
174451
176571
180003
183113
183559
182360
175109
161403
155842
155722
156457
158744
161809
164214
165386
165835
166211
166845
167936
169492
171220
172675
173792
175066
177526
181730
183729
182754
176677
164209
156250
155390
156406
159854
164218
166609
166616
166345
166386
167139
168709
170732
172813
175127
178564
183106
184340
182190
173149
160997
155534
155663
159117
164459
167610
167351
166476
166068
166784
168894
172547
178068
183556
182113
176299
165325
157914
157038
159613
164815
168994
170763
171964
176623
184450
177249
166498
159609
159594
166739
176232
177958
175133
169025
163732
163083
165775
171386
173380
172522
169652
167324
167248
168390
170415
170980
170620
169433
168492
168458
168791
169318
169400
169247
168958
168900
169004
169337
169588
169582
169438
169143
168940
168916
168931
168943
168926
168876
168843
168850
168913
169033
169113
169111
169081
169040
169033
169051
169085
169093
169084
169039
168958
168860
168784
168747
168741
168748
168754
168753
168742
168711
168654
168568
168484
168447
168446
168458
168503
168581
168666
168711
168713
168701
168664
168593
168491
168399
168360
168363
168377
168411
168537
3.25674e+07
470652
90171.9
93718.7
99078.7
118295
143085
174042
203750
217794
219695
220123
219488
218219
209950
170626
114827
105642
107597
113312
120727
128007
134982
141954
149170
156792
164960
173795
183553
194923
208660
220231
222895
221133
200050
146411
125710
126076
129789
135647
140790
144720
148161
151650
155413
159489
163819
168242
172573
176947
182304
190995
203047
207933
206964
193707
156792
138853
138781
140892
145322
149643
152619
154892
157226
160020
163337
166948
170455
173600
176525
180014
185836
194837
199881
199746
193687
170142
149120
146870
147427
149812
153304
156059
157826
159309
161021
163210
165827
168499
170801
172706
174645
177458
182642
189211
191521
191098
185051
166282
151908
150482
150955
152845
155889
158544
160172
161337
162576
164218
166373
168771
170929
172694
174381
176671
180774
186171
188499
188490
184868
171582
157957
155617
155848
157377
160182
162787
164046
164644
165147
165840
166937
168503
170246
171715
172936
174321
176519
180018
183066
183482
182266
174945
161301
155898
155820
156595
158961
162094
164503
165701
166198
166635
167334
168475
170074
171863
173404
174590
175922
178418
182622
184485
183375
177124
164360
156268
155361
156324
159704
163920
166100
166019
165692
165640
166324
167896
169963
172123
174559
178149
182968
184504
182542
173742
161495
155718
155737
159039
164377
167691
167538
166659
166230
166892
169002
172743
178440
184241
182398
175830
163847
157207
156777
160280
165585
169098
170477
172237
178225
184346
176756
165836
159594
159402
165722
175230
178610
175515
169979
164256
163355
165663
171064
173238
172546
169872
167430
167268
168251
170246
170922
170626
169514
168497
168416
168707
169289
169451
169347
169074
168966
169021
169284
169537
169542
169425
169157
168929
168881
168885
168903
168894
168864
168843
168850
168911
169030
169127
169141
169124
169094
169086
169097
169105
169099
169070
169006
168905
168798
168731
168711
168718
168735
168752
168757
168753
168727
168671
168581
168487
168442
168438
168447
168485
168557
168645
168701
168707
168697
168666
168605
168513
168420
168373
168369
168376
168399
168505
3.28168e+07
237528
90433.2
93856.3
99041.9
117803
142046
172562
202604
217618
219811
220291
219734
218544
210734
172648
115858
105726
107614
113310
120779
128126
135170
142222
149519
157213
165399
174171
183721
194737
208167
219854
222844
221502
202363
149575
126590
126622
130107
135924
141145
145131
148564
151999
155696
159728
164047
168471
172801
177162
182470
191065
202537
206749
205593
191939
155464
138451
138495
140647
145105
149499
152562
154896
157268
160111
163548
167341
170987
174189
177156
180701
186632
195522
200117
199791
193220
169070
148759
146777
147383
149798
153306
156067
157830
159296
160984
163155
165777
168480
170825
172773
174749
177573
182745
189333
191624
191127
185036
166306
152110
150738
151249
153167
156194
158797
160371
161499
162711
164328
166458
168844
171010
172804
174558
176969
181239
186721
188998
188957
185178
171604
158099
155918
156186
157749
160534
162972
164103
164630
165064
165697
166760
168330
170133
171630
172861
174276
176544
180114
183117
183506
182249
174768
161134
155944
155925
156760
159204
162363
164748
165954
166476
166926
167619
168749
170339
172136
173729
175010
176432
179007
183261
185102
183930
177571
164547
156273
155298
156187
159453
163538
165687
165673
165363
165296
165930
167447
169469
171552
173936
177572
182577
184485
182726
174258
161990
155867
155759
158867
164197
167757
167786
166941
166484
167181
169303
173032
178781
184750
182348
175138
162097
156465
156883
161426
166389
168896
169961
172525
180108
183901
176571
165284
159522
159208
164939
174145
178999
175782
170695
164824
163736
165722
170876
173102
172469
169925
167482
167295
168215
170174
170886
170606
169516
168448
168344
168642
169297
169534
169454
169166
168993
169014
169222
169487
169516
169422
169177
168928
168850
168843
168865
168870
168857
168849
168859
168917
169031
169139
169171
169166
169149
169140
169135
169125
169105
169058
168972
168853
168745
168693
168687
168698
168724
168752
168763
168760
168739
168687
168596
168492
168437
168429
168434
168466
168532
168623
168690
168706
168699
168674
168623
168541
168448
168391
168380
168381
168393
168478
3.26994e+07
390572
88862
93633.2
98840.1
117243
141020
171348
201707
217322
219798
220384
219929
218792
211409
174514
116825
105771
107585
113238
120738
128120
135187
142266
149597
157302
165443
174085
183430
194165
207422
219331
222619
221646
204217
152436
127348
127086
130347
136098
141393
145427
148857
152261
155934
159972
164319
168784
173129
177458
182690
191147
202179
205978
204722
190876
154828
138429
138538
140728
145221
149670
152792
155173
157585
160452
163824
167484
171083
174327
177337
180907
186874
195660
199890
199409
192413
167885
148339
146597
147281
149789
153367
156171
157958
159429
161111
163273
165877
168555
170887
172840
174820
177639
182816
189408
191670
191148
185001
166305
152442
151226
151845
153893
156987
159520
160988
162024
163150
164692
166764
169091
171184
172916
174651
177108
181490
186976
189103
188988
184971
171049
157815
155820
156126
157725
160516
162923
164037
164577
165047
165722
166825
168435
170214
171700
172945
174382
176703
180336
183303
183647
182298
174559
160880
155943
155979
156861
159370
162521
164805
165921
166412
166857
167553
168683
170280
172105
173740
175075
176563
179200
183505
185448
184311
177973
164845
156350
155287
156131
159408
163593
165792
165735
165373
165241
165825
167283
169196
171133
173350
176882
182003
184303
182755
174698
162462
155966
155740
158634
163939
167705
167994
167212
166742
167367
169479
173177
179101
184881
181935
174149
160506
156050
157462
162549
166610
168303
169649
173631
182053
183385
176187
164749
159326
158988
164407
173331
179378
176232
171177
165124
163816
165665
170746
173037
172452
169963
167530
167334
168219
170139
170846
170557
169458
168382
168286
168616
169337
169619
169542
169228
168989
168985
169162
169445
169504
169427
169200
168933
168832
168823
168846
168864
168860
168858
168872
168928
169039
169152
169201
169201
169193
169183
169171
169151
169114
169052
168945
168811
168710
168673
168673
168686
168716
168752
168768
168766
168748
168699
168610
168500
168433
168420
168422
168448
168510
168601
168681
168711
168707
168688
168647
168575
168484
168416
168396
168391
168395
168460
3.27671e+07
348060
86881.5
92803.7
98478.4
117016
140701
170790
201005
216834
219502
220231
219969
218986
211971
176011
117567
105710
107479
113092
120599
127978
135007
142026
149287
156910
164956
173479
182718
193409
206664
218759
222316
221621
205569
154855
127954
127439
130536
136247
141610
145696
149143
152551
156231
160281
164638
169077
173392
177688
182884
191254
202092
205775
204494
190602
154861
138812
138910
141087
145558
150009
153160
155572
157978
160781
164033
167544
170971
174061
176979
180540
186585
195329
199311
198729
191415
166720
147876
146347
147133
149801
153520
156404
158225
159701
161368
163497
166050
168669
170955
172885
174852
177678
182911
189538
191750
191177
184944
166275
152785
151706
152435
154697
158005
160592
162003
162951
163962
165371
167311
169503
171449
173055
174701
177114
181528
186923
188855
188631
184275
169913
157102
155328
155665
157305
160177
162718
163914
164524
165097
165873
167048
168705
170484
171962
173218
174691
177090
180781
183694
183971
182456
174322
160522
155865
155920
156855
159396
162523
164691
165718
166159
166577
167263
168397
170004
171845
173514
174885
176397
179052
183349
185451
184411
178233
165226
156505
155365
156248
159652
164041
166276
166130
165684
165488
165950
167280
169026
170764
172775
176166
181317
184032
182676
175040
162867
156008
155685
158370
163664
167627
168125
167431
166971
167565
169592
173151
178818
184785
181883
173686
160213
156342
158144
163095
166388
167981
170162
175422
183475
182315
175046
163907
159187
159099
164283
172746
179582
176723
171544
165178
163694
165561
170713
173052
172498
170023
167554
167345
168210
170107
170803
170503
169400
168349
168271
168624
169379
169664
169583
169251
168963
168946
169111
169410
169495
169430
169218
168948
168843
168833
168855
168876
168875
168876
168891
168942
169044
169157
169213
169218
169216
169212
169202
169180
169134
169053
168930
168787
168695
168669
168669
168684
168718
168757
168774
168771
168753
168707
168620
168508
168431
168412
168413
168434
168491
168582
168674
168719
168720
168706
168674
168614
168529
168452
168418
168409
168407
168456
3.28867e+07
207500
86925
92178.5
98693.7
117391
140893
170655
200692
216449
219172
220013
219928
219095
212274
177068
118123
105597
107339
112912
120405
127754
134701
141586
148684
156148
164071
172561
181863
192693
206040
218150
221865
221311
206327
156688
128323
127639
130609
136291
141715
145857
149333
152755
156436
160472
164801
169218
173489
177769
182974
191368
202267
206041
204805
190902
155272
139409
139454
141638
146112
150560
153687
156064
158429
161143
164257
167570
170743
173571
176304
179804
185916
194709
198587
197994
190540
165850
147499
146110
146986
149819
153695
156659
158502
159969
161608
163699
166213
168798
171047
172935
174879
177729
183063
189766
191917
191309
184884
166129
153136
152235
153037
155447
158951
161648
163084
164023
165006
166340
168122
170093
171812
173224
174725
177067
181473
186677
188372
188003
183181
168373
156142
154629
155018
156728
159728
162471
163819
164532
165201
166072
167335
169051
170866
172382
173686
175227
177744
181497
184311
184497
182760
174089
160100
155763
155817
156779
159362
162456
164471
165358
165713
166075
166730
167858
169474
171324
173008
174407
175947
178609
182884
185196
184295
178421
165742
156782
155535
156471
160057
164661
166969
166772
166253
165977
166242
167321
168878
170463
172372
175628
180672
183676
182462
175257
163220
156042
155639
158140
163390
167502
168219
167616
167198
167746
169625
172987
178408
184378
181780
173828
160891
156995
158599
163396
166441
168310
171364
177192
183138
180055
172616
162943
159523
159717
164525
172378
179590
177052
171761
165109
163553
165511
170792
173146
172576
170020
167492
167274
168147
170067
170788
170508
169436
168385
168297
168644
169388
169665
169579
169226
168923
168907
169076
169386
169482
169424
169229
168981
168882
168871
168896
168913
168904
168897
168903
168942
169037
169149
169213
169226
169229
169233
169226
169210
169165
169077
168940
168789
168698
168676
168675
168691
168728
168767
168782
168775
168755
168710
168627
168514
168431
168406
168406
168424
168476
168565
168667
168728
168737
168726
168701
168652
168577
168496
168448
168433
168429
168463
3.27236e+07
360037
86688.1
92204.8
98975.5
117830
141268
170931
200910
216469
219130
220014
219945
219058
212289
177688
118644
105554
107252
112755
120214
127534
134408
141159
148083
155379
163183
171653
181063
192074
205520
217509
221237
220730
206496
157755
128468
127712
130600
136262
141733
145929
149445
152894
156596
160633
164933
169287
173495
177732
182963
191455
202533
206415
205232
191335
155790
140023
139981
142155
146622
151055
154139
156442
158698
161286
164262
167395
170335
172928
175495
178945
185101
194004
197957
197431
190000
165440
147331
146001
146937
149868
153839
156856
158718
160190
161828
163910
166393
168909
171083
172926
174859
177768
183262
190022
192061
191424
184745
165881
153371
152575
153423
155960
159601
162363
163826
164791
165814
167192
168978
170856
172408
173631
174948
177137
181466
186419
187779
187215
181868
166705
155236
154019
154505
156335
159494
162369
163802
164572
165300
166241
167597
169393
171267
172854
174244
175896
178584
182425
185107
185175
183133
173795
159635
155564
155622
156630
159263
162279
164119
164885
165177
165489
166099
167197
168797
170633
172306
173718
175284
177956
182229
184874
184159
178719
166474
157262
155852
156785
160384
165152
167625
167454
166914
166562
166649
167465
168809
170296
172101
175197
180148
183297
182183
175399
163588
156169
155630
158031
163280
167505
168362
167768
167372
167893
169685
172848
178061
184159
182060
174582
161886
157876
159229
164036
167045
168915
172621
178634
181460
177694
170566
162865
160047
160429
164887
172322
179634
177159
171732
164960
163468
165591
171034
173291
172632
169890
167315
167115
168043
170071
170826
170559
169497
168462
168367
168693
169387
169619
169519
169153
168872
168871
169056
169373
169466
169409
169226
169013
168942
168939
168967
168967
168942
168908
168904
168930
169017
169129
169198
169218
169228
169242
169250
169239
169204
169122
168975
168806
168711
168691
168691
168708
168744
168781
168791
168780
168757
168712
168632
168523
168434
168404
168404
168418
168466
168549
168655
168731
168752
168744
168725
168688
168625
168546
168485
168463
168457
168477
3.28332e+07
255603
87206
92575.7
98988.6
117783
141443
171352
201412
216790
219382
220265
220055
218918
211965
177920
119217
105655
107271
112658
120067
127364
134184
140830
147607
154747
162429
170856
180317
191449
204926
216723
220373
219845
206112
158133
128404
127628
130439
136088
141597
145839
149399
152907
156672
160754
165060
169361
173506
177684
182914
191471
202683
206649
205491
191584
156108
140407
140279
142441
146871
151261
154294
156538
158722
161209
164035
166995
169770
172246
174749
178198
184392
193438
197555
197117
189767
165363
147342
146017
146967
149938
153949
156991
158865
160336
161966
164033
166490
168964
171078
172872
174795
177777
183450
190229
192114
191420
184382
165323
153459
152784
153664
156257
159929
162698
164168
165149
166210
167660
169543
171482
173000
174130
175328
177402
181597
186209
187234
186475
180651
165289
154606
153619
154155
156061
159338
162316
163821
164628
165389
166384
167819
169682
171606
173252
174721
176488
179368
183337
185927
185943
183642
173660
159417
155538
155571
156614
159260
162188
163832
164459
164693
164981
165576
166651
168216
170005
171635
173025
174594
177257
181519
184614
184131
179158
167366
157823
156151
157034
160592
165385
168026
167948
167425
167040
167009
167640
168807
170165
171855
174866
179786
183040
182014
175550
163920
156390
155780
158063
163227
167515
168455
167907
167424
167897
169619
172704
177822
183966
182313
175272
162841
158629
159783
164660
167731
169191
172946
178716
179221
175428
169057
163143
160855
161451
165516
172531
179513
176863
171393
164808
163484
165835
171369
173402
172605
169649
167118
166968
168053
170164
170880
170594
169503
168524
168449
168784
169419
169576
169443
169050
168805
168822
169039
169369
169455
169398
169227
169051
169011
169024
169048
169033
168982
168917
168899
168912
168985
169092
169168
169201
169220
169245
169274
169271
169246
169175
169032
168850
168738
168715
168713
168727
168759
168793
168800
168785
168760
168716
168642
168538
168445
168406
168405
168417
168459
168535
168637
168725
168762
168759
168745
168717
168668
168598
168529
168496
168487
168494
3.26445e+07
396303
88781.3
92977.6
98657.7
117473
141537
172027
202390
217559
219994
220674
220183
218696
211519
178052
119820
105808
107325
112561
119887
127155
133951
140537
147221
154238
161798
170148
179613
190778
204173
215716
219262
218705
205198
157827
128140
127419
130207
135869
141435
145742
149370
152950
156783
160916
165229
169503
173576
177700
182912
191502
202770
206756
205577
191612
156159
140505
140281
142405
146774
151104
154100
156328
158488
160931
163697
166594
169330
171801
174326
177783
183967
193100
197384
197056
189858
165584
147470
146108
147052
150017
154021
157068
158962
160464
162127
164206
166627
169034
171073
172799
174698
177784
183622
190372
192089
191282
183728
164365
153208
152661
153588
156269
159971
162730
164203
165206
166307
167819
169783
171803
173373
174527
175725
177777
181853
186110
186879
185971
179732
164210
154176
153372
153967
155986
159378
162393
163914
164731
165504
166531
168007
169899
171835
173496
175005
176852
179899
184005
186533
186518
183997
173456
159244
155615
155618
156732
159376
162237
163709
164240
164430
164673
165233
166304
167855
169600
171174
172521
174064
176678
180880
184335
184025
179599
168299
158436
156445
157220
160597
165313
168116
168162
167661
167283
167210
167798
168946
170291
171922
174796
179595
182890
181928
175654
164119
156554
155925
158133
163250
167496
168367
167773
167303
167698
169402
172517
177648
183958
182553
175683
163142
158722
159722
164656
167917
168940
171982
177720
177920
174567
167911
162984
161384
162341
166273
172930
179327
176298
170845
164663
163611
166239
171734
173403
172420
169254
166979
166952
168227
170365
170933
170579
169415
168522
168496
168898
169501
169583
169398
168947
168723
168758
169011
169361
169445
169392
169237
169102
169083
169108
169124
169099
169022
168926
168890
168891
168944
169038
169119
169169
169206
169251
169300
169309
169291
169229
169098
168911
168774
168738
168733
168741
168765
168796
168808
168791
168767
168727
168660
168564
168465
168414
168409
168420
168455
168521
168612
168703
168759
168769
168759
168741
168704
168645
168576
168530
168513
168513
3.26967e+07
343428
89324.6
93460.1
98571.8
117173
141451
172472
203249
218255
220493
220872
220109
218412
211335
178506
120339
105882
107284
112387
119630
126864
133635
140193
146828
153771
161241
169504
178940
190102
203387
214661
218063
217461
203960
157037
127736
127088
129892
135566
141161
145513
149200
152862
156796
161029
165409
169702
173736
177773
182954
191622
202910
206789
205526
191321
155823
140359
140061
142171
146527
150853
153853
156097
158274
160721
163501
166422
169192
171688
174222
177666
183817
192974
197427
197222
190197
166109
147827
146398
147308
150235
154203
157233
159128
160639
162299
164351
166732
169088
171073
172755
174646
177792
183787
190424
191959
190995
182815
163118
152700
152267
153228
155956
159683
162451
163942
164974
166118
167683
169694
171777
173439
174677
175958
178095
182171
186219
186815
185790
179169
163447
153934
153279
153922
156030
159492
162519
164037
164852
165625
166656
168134
170009
171899
173510
175004
176901
180100
184356
186819
186771
184027
173039
159008
155611
155653
156907
159613
162466
163795
164259
164447
164676
165189
166192
167719
169449
170963
172253
173767
176344
180465
184168
183962
179967
169110
158964
156629
157272
160384
164924
167910
168129
167615
167235
167191
167890
169197
170619
172196
174911
179526
182866
181947
175763
164271
156692
156044
158222
163320
167494
168252
167568
167039
167421
169132
172345
177561
183906
183077
176685
164009
158563
159243
164054
167664
168652
170887
177256
178111
174600
167864
163158
161716
162801
167031
173769
179235
175639
170149
164548
163830
166863
172134
173266
172006
168673
166851
167020
168598
170690
171023
170523
169205
168444
168491
169012
169605
169639
169387
168860
168647
168696
168981
169349
169433
169385
169252
169158
169151
169184
169193
169161
169065
168938
168880
168872
168905
168979
169057
169123
169187
169261
169332
169354
169339
169285
169165
168979
168813
168752
168742
168742
168758
168787
168810
168801
168779
168746
168689
168603
168499
168430
168415
168423
168449
168502
168580
168669
168741
168772
168768
168758
168731
168685
168621
168566
168536
168530
3.28357e+07
195474
90601.7
94146.5
98956.1
117180
141250
172338
203302
218417
220583
220757
219989
218518
211752
179107
120523
105811
107162
112168
119309
126480
133223
139783
146423
153354
160781
169003
178437
189617
202814
213791
216993
216314
202579
155805
127195
126659
129513
135211
140822
145203
148942
152694
156743
161078
165537
169880
173953
178007
183150
191775
203024
206781
205401
190733
155027
139931
139646
141771
146126
150444
153464
155758
157996
160503
163327
166299
169140
171724
174328
177800
183891
193021
197584
197446
190552
166669
148275
146789
147667
150547
154469
157471
159357
160871
162524
164549
166878
169165
171092
172740
174651
177882
183988
190370
191653
190547
181690
161728
152070
151720
152688
155436
159169
161935
163441
164506
165691
167299
169357
171487
173206
174523
175922
178233
182484
186511
187036
185913
178919
162932
153861
153316
154015
156184
159673
162674
164159
164947
165688
166686
168125
169944
171755
173287
174735
176672
180030
184447
186822
186750
183822
172493
158717
155563
155677
157066
159879
162766
164073
164477
164706
164971
165483
166437
167877
169536
171017
172265
173752
176302
180351
184155
183957
180295
169769
159351
156632
157131
159964
164231
167311
167830
167363
166962
167014
167931
169475
171027
172590
175151
179551
182978
182081
175949
164464
156830
156162
158347
163430
167459
168043
167319
166746
167108
168919
172222
177574
183923
183653
177913
165379
158487
158448
163265
167638
168920
170852
177597
178755
175182
167513
162522
161299
162819
167935
175302
179173
174999
169213
164459
164126
167822
172618
173124
171422
167940
166689
167110
169087
171042
171152
170442
168951
168361
168492
169130
169689
169685
169369
168790
168597
168661
168960
169319
169400
169363
169257
169206
169210
169253
169257
169216
169103
168954
168877
168860
168874
168925
168995
169073
169164
169274
169372
169403
169390
169338
169224
169039
168848
168753
168733
168728
168738
168764
168799
168815
168800
168775
168728
168652
168548
168457
168422
168425
168440
168478
168542
168625
168709
168762
168774
168769
168752
168715
168659
168599
168557
168545
3.28372e+07
192816
90384.8
94130.5
99331.5
117442
141115
171899
203009
218340
220518
220506
219780
218555
212226
179670
120468
105619
106926
111885
118949
126061
132806
139416
146125
153100
160554
168796
178247
189472
202631
213284
216227
215455
201315
154506
126862
126461
129309
134982
140577
144959
148715
152510
156618
161010
165508
169895
174027
178177
183491
192287
203404
206941
205482
190313
154260
139582
139357
141516
145891
150203
153240
155583
157893
160487
163397
166448
169352
171981
174609
178064
184079
193141
197707
197557
190725
166982
148573
147054
147904
150771
154702
157724
159629
161163
162826
164846
167157
169403
171266
172865
174766
178071
184241
190302
191311
190004
180428
160273
151392
151095
152106
154863
158550
161275
162785
163879
165100
166735
168801
170933
172699
174115
175641
178186
182743
186848
187340
186172
178837
162569
153873
153394
154112
156322
159822
162780
164214
164960
165648
166582
167948
169679
171403
172877
174295
176230
179709
184279
186573
186479
183421
171905
158387
155466
155643
157154
160074
162949
164305
164749
165028
165385
165963
166953
168365
169936
171301
172489
173961
176499
180474
184245
184017
180565
170248
159563
156408
156741
159286
163280
166418
167276
166963
166678
166870
167939
169658
171370
173002
175490
179710
183258
182362
176256
164731
156940
156223
158422
163473
167305
167742
167014
166496
166923
168739
172159
177662
183976
184035
178995
166960
158652
157835
162077
167576
169827
171552
177697
179140
175298
166214
160995
160441
163369
170056
177739
178839
174214
167763
164142
164472
169139
173194
173140
170763
167203
166457
167198
169586
171279
171238
170301
168752
168344
168545
169264
169728
169691
169316
168753
168606
168676
168977
169287
169343
169310
169236
169225
169256
169319
169321
169269
169135
168965
168878
168858
168857
168886
168941
169022
169136
169285
169414
169453
169440
169389
169274
169086
168873
168744
168710
168701
168705
168731
168779
168825
168830
168814
168776
168710
168609
168499
168432
168420
168426
168451
168501
168576
168667
168742
168773
168773
168763
168734
168684
168623
168575
168558
3.27036e+07
322707
90440.1
94460.7
99644.9
117588
140994
171541
202644
218195
220460
220271
219552
218572
212611
180021
120329
105488
106812
111763
118767
125818
132555
139212
146002
153075
160615
168916
178439
189738
202839
213148
215846
214983
200309
153329
126716
126380
129248
134877
140406
144750
148497
152290
156393
160776
165262
169657
173867
178167
183687
192830
204138
207526
205930
190220
153701
139399
139254
141477
145902
150220
153269
155650
158024
160697
163705
166837
169779
172398
174985
178372
184332
193296
197757
197578
190735
167080
148731
147185
147999
150844
154785
157846
159794
161364
163052
165089
167416
169678
171548
173150
175069
178438
184602
190259
190996
189430
179116
158871
150750
150510
151554
154318
157961
160628
162116
163209
164425
166040
168075
170195
171998
173504
175201
178003
182881
187111
187600
186391
178741
162177
153761
153346
154077
156313
159805
162702
164080
164791
165441
166307
167585
169236
170891
172316
173715
175693
179321
184031
186271
186178
183049
171421
158167
155421
155641
157225
160219
163112
164472
165000
165344
165763
166412
167463
168942
170550
171898
173016
174423
176907
180777
184392
184098
180715
170465
159468
155981
156156
158434
162230
165469
166648
166554
166392
166680
167844
169707
171579
173333
175861
180018
183728
182795
176690
165004
156944
156157
158382
163407
167072
167448
166765
166357
166936
168813
172282
177825
183967
184075
179461
168145
158916
157546
160953
166700
170093
171865
177380
179639
174723
164805
159617
160067
165239
173475
179379
177252
172327
165908
163701
165075
170746
173768
173117
170036
166662
166315
167375
170009
171366
171209
170086
168665
168428
168697
169422
169721
169634
169194
168704
168640
168750
169054
169260
169270
169221
169191
169208
169294
169383
169384
169323
169169
168982
168887
168864
168855
168865
168900
168975
169105
169291
169454
169503
169490
169436
169316
169114
168879
168722
168673
168660
168664
168694
168756
168829
168865
168859
168831
168773
168676
168549
168446
168410
168410
168422
168459
168526
168622
168717
168767
168775
168770
168746
168700
168640
168588
168571
3.26646e+07
351241
90029.7
94070.3
99560.7
117699
141154
171537
202477
218166
220592
220266
219501
218675
212924
180233
120268
105511
106839
111785
118750
125769
132515
139231
146125
153329
160999
169409
179028
190387
203352
213293
215751
214798
199566
152360
126652
126321
129200
134769
140234
144533
148246
151996
156043
160370
164821
169204
173441
177848
183592
193124
204866
208407
206815
190584
153492
139472
139421
141715
146209
150543
153590
155988
158400
161133
164198
167364
170293
172861
175376
178691
184628
193471
197738
197492
190575
166983
148795
147242
148020
150834
154768
157845
159811
161404
163126
165202
167577
169903
171865
173567
175586
179051
185171
190370
190839
188970
177926
157655
150214
150023
151130
153924
157521
160133
161599
162672
163843
165385
167340
169413
171225
172802
174639
177695
182869
187236
187747
186498
178571
161748
153546
153180
153921
156186
159680
162523
163846
164528
165160
165998
167220
168791
170382
171782
173199
175232
178934
183684
185835
185733
182565
170904
157867
155291
155570
157221
160276
163192
164542
165100
165497
165969
166735
167954
169588
171284
172659
173763
175120
177492
181185
184583
184192
180701
170293
159141
155445
155517
157650
161380
164723
166128
166213
166176
166560
167768
169668
171661
173561
176190
180400
184332
183358
177217
165217
156808
155981
158213
163184
166731
167180
166648
166426
167158
169155
172662
178149
184070
184046
179574
168827
159254
157564
160102
165583
169508
171454
176733
180736
174613
164454
159341
160668
167685
176060
178512
175426
169546
164192
163367
166224
172246
174018
172808
169219
166400
166331
167755
170361
171229
170953
169714
168619
168577
168979
169629
169733
169542
169004
168659
168670
168863
169157
169231
169194
169111
169104
169164
169321
169442
169443
169375
169207
169013
168910
168877
168861
168855
168872
168936
169073
169292
169489
169549
169534
169477
169345
169122
168863
168687
168627
168614
168620
168656
168732
168831
168898
168906
168888
168838
168744
168604
168467
168401
168390
168393
168418
168479
168579
168691
168756
168771
168770
168748
168705
168646
168595
168578
3.28619e+07
169768
89309.4
93788.3
99593.8
117920
141469
171809
202688
218461
220931
220481
219664
218894
213203
180448
120425
105737
107067
112001
118933
125918
132667
139446
146452
153796
161618
170151
179791
191037
203785
213488
215767
214735
199049
151652
126646
126279
129128
134607
139997
144255
147947
151670
155676
159950
164351
168706
172962
177463
183419
193282
205455
209247
207761
191255
153577
139679
139733
142129
146718
151063
154094
156475
158873
161588
164632
167779
170699
173250
175720
178996
184945
193678
197696
197345
190322
166752
148773
147260
148040
150862
154828
157961
159967
161574
163308
165411
167834
170222
172259
174056
176192
179782
185858
190663
190897
188717
176955
156672
149801
149652
150796
153611
157195
159780
161224
162274
163398
164870
166750
168765
170558
172157
174063
177273
182693
187199
187758
186486
178336
161331
153289
152949
153707
156012
159519
162312
163594
164267
164894
165724
166923
168458
170026
171424
172855
174930
178736
183500
185526
185388
182108
170353
157517
155051
155364
157050
160168
163121
164493
165090
165560
166126
166993
168366
170177
171997
173449
174567
175861
178083
181544
184592
184077
180393
169838
158599
154880
154975
157144
160898
164272
165768
165963
166017
166483
167747
169685
171724
173694
176403
180729
184946
183973
177762
165354
156570
155661
157858
162740
166290
167019
166774
166802
167730
169797
173207
178496
184070
183828
179457
169210
159637
157748
159578
164654
168678
170766
176084
181861
175093
164867
159527
161170
168806
176393
176773
173392
167364
163961
164000
167852
173090
173793
172041
168325
166448
166635
168443
170742
171093
170553
169205
168579
168704
169319
169837
169816
169445
168806
168617
168698
168991
169231
169229
169127
169006
169006
169109
169342
169493
169495
169423
169245
169050
168944
168896
168867
168850
168852
168905
169046
169291
169518
169586
169569
169507
169361
169115
168835
168646
168583
168572
168580
168624
168715
168838
168929
168952
168941
168897
168804
168654
168489
168393
168370
168366
168382
168439
168542
168666
168745
168766
168767
168747
168706
168650
168600
168586
3.28424e+07
219214
89268.5
94265
99733.3
117982
141599
172058
202863
218787
221270
220778
219920
219124
213381
180683
120664
105902
107215
112132
119065
126068
132857
139707
146814
154277
162209
170829
180464
191586
204121
213665
215858
214735
198713
151201
126623
126190
128998
134403
139734
143963
147640
151339
155295
159499
163827
168129
172371
176964
183164
193344
205899
209905
208527
191921
153907
140054
140196
142674
147323
151661
154655
156996
159351
162020
165010
168092
170976
173514
175976
179252
185220
193852
197669
197208
190071
166483
148675
147184
147936
150732
154696
157845
159873
161507
163283
165458
167976
170461
172572
174437
176665
180409
186509
191023
191093
188671
176300
156003
149525
149396
150564
153395
156968
159539
160980
162028
163141
164586
166420
168370
170104
171680
173614
176913
182488
187117
187716
186443
178135
160993
153060
152746
153524
155863
159372
162119
163364
164030
164669
165509
166716
168273
169872
171292
172741
174841
178704
183453
185413
185242
181836
169915
157200
154812
155134
156822
159948
162919
164339
165002
165541
166188
167144
168630
170566
172473
173999
175176
176469
178632
181947
184627
183990
180040
169280
158109
154547
154703
156935
160711
164065
165556
165779
165873
166400
167738
169739
171794
173765
176528
181016
185500
184529
178180
165382
156253
155240
157348
162215
165965
167028
167042
167280
168320
170350
173661
178746
183974
183522
179230
169446
159974
157981
159428
164097
167918
170005
175558
182712
175879
165598
159644
161041
168633
175748
175766
172548
167228
165115
165425
169237
173234
173036
170842
167544
166586
167121
169267
170994
170979
170102
168737
168477
168794
169627
170021
169912
169346
168668
168579
168724
169098
169277
169244
169070
168915
168920
169060
169353
169525
169529
169454
169272
169081
168976
168917
168873
168848
168839
168880
169024
169289
169540
169613
169594
169526
169368
169103
168803
168609
168548
168539
168548
168598
168701
168844
168954
168987
168979
168941
168850
168691
168507
168388
168354
168346
168356
168409
168514
168649
168738
168762
168764
168745
168704
168649
168600
168586
3.29366e+07
128604
89447.8
94154.8
99651.2
118047
141830
172361
203097
219028
221296
220734
219822
219013
213345
180806
120929
106142
107451
112384
119328
126337
133142
140031
147203
154741
162734
171353
180922
191902
204290
213720
215824
214693
198580
150987
126586
126113
128868
134224
139535
143764
147444
151138
155070
159235
163513
167784
172066
176769
183103
193521
206407
210463
209032
192233
154069
140322
140536
143078
147777
152121
155095
157401
159704
162302
165204
168232
171100
173673
176196
179486
185436
193979
197702
197185
189939
166300
148608
147146
147892
150678
154647
157819
159873
161536
163345
165561
168126
170668
172845
174751
177008
180828
186966
191260
191197
188633
175974
155651
149328
149197
150367
153194
156764
159337
160782
161833
162943
164372
166172
168082
169794
171376
173333
176686
182361
187003
187603
186307
177939
160748
152880
152576
153368
155710
159201
161910
163131
163794
164446
165314
166557
168139
169741
171153
172587
174686
178563
183309
185229
185063
181590
169519
156889
154579
154918
156619
159769
162760
164213
164909
165497
166226
167294
168904
170918
172846
174379
175547
176835
178967
182163
184535
183783
179678
168839
157782
154332
154551
156831
160601
163915
165396
165642
165767
166340
167738
169788
171878
173884
176715
181314
185835
184808
178287
165172
155820
154815
157022
162073
166030
167289
167429
167717
168769
170766
173977
178855
183817
183334
179137
169538
160003
157890
159175
163599
167351
169570
175490
183380
176420
165819
159344
160734
168438
175680
175888
172922
168040
166235
166574
170082
172879
172188
170010
167303
166822
167547
169757
171047
170855
169777
168526
168452
168907
169830
170112
169944
169268
168612
168569
168755
169148
169285
169228
169010
168854
168876
169044
169375
169558
169559
169479
169292
169102
168996
168932
168877
168841
168829
168869
169018
169296
169557
169628
169606
169533
169364
169083
168771
168579
168523
168518
168532
168587
168698
168856
168982
169020
169010
168968
168873
168709
168512
168382
168342
168332
168338
168389
168496
168638
168733
168760
168764
168747
168707
168653
168605
168593
)
;

boundaryField
{
    sides
    {
        type            zeroGradient;
    }
    inlet
    {
        type            fixedValue;
        value           uniform 100000;
    }
    outlet
    {
        type            zeroGradient;
    }
    empty
    {
        type            empty;
    }
}


// ************************************************************************* //
