/*--------------------------------*- C++ -*----------------------------------*\
| =========                 |                                                 |
| \\      /  F ield         | OpenFOAM: The Open Source CFD Toolbox           |
|  \\    /   O peration     | Version:  2306                                  |
|   \\  /    A nd           | Website:  www.openfoam.com                      |
|    \\/     M anipulation  |                                                 |
\*---------------------------------------------------------------------------*/
FoamFile
{
    version     2.0;
    format      ascii;
    arch        "LSB;label=32;scalar=64";
    class       volScalarField;
    location    "0.11";
    object      rho;
}
// * * * * * * * * * * * * * * * * * * * * * * * * * * * * * * * * * * * * * //

dimensions      [1 -3 0 0 0 0 0];

internalField   nonuniform List<scalar> 
6000
(
31.7033
0.235949
0.145533
0.151678
0.156667
0.176894
0.202591
0.233304
0.258858
0.267785
0.267429
0.265739
0.26261
0.25867
0.247838
0.209186
0.159277
0.151696
0.153215
0.158356
0.164907
0.170987
0.176497
0.181773
0.187075
0.192574
0.198465
0.204994
0.21243
0.221215
0.231358
0.238625
0.238951
0.235245
0.212901
0.167544
0.154385
0.1549
0.158217
0.162987
0.166823
0.169662
0.172181
0.174795
0.177614
0.180577
0.183583
0.186542
0.189398
0.192381
0.196286
0.202819
0.212719
0.21775
0.216845
0.207053
0.177375
0.160635
0.159866
0.161037
0.164097
0.16688
0.168478
0.169542
0.170653
0.172041
0.173667
0.175334
0.176825
0.178039
0.179174
0.180797
0.184115
0.190237
0.19462
0.194692
0.191147
0.175875
0.158938
0.156286
0.156426
0.157962
0.160418
0.162211
0.163185
0.163924
0.164816
0.16602
0.167462
0.168849
0.169897
0.170626
0.171341
0.172626
0.175547
0.179579
0.180827
0.18024
0.175888
0.163114
0.152742
0.151382
0.15129
0.152242
0.154077
0.155593
0.15633
0.156715
0.157124
0.157766
0.158697
0.15972
0.160488
0.160938
0.161316
0.162076
0.164014
0.166788
0.167756
0.167279
0.164534
0.155917
0.146642
0.144629
0.144387
0.144906
0.146361
0.147853
0.148491
0.148612
0.148649
0.148824
0.149291
0.149965
0.150469
0.15063
0.150631
0.150722
0.151264
0.152668
0.15411
0.153993
0.152912
0.148367
0.140015
0.136677
0.136857
0.137708
0.139665
0.142223
0.144523
0.146232
0.147622
0.14909
0.150862
0.15307
0.155706
0.158548
0.161283
0.163838
0.166507
0.169996
0.174707
0.178087
0.179529
0.177373
0.170341
0.166005
0.166739
0.16902
0.173393
0.178609
0.182421
0.184473
0.186178
0.188178
0.190908
0.194558
0.19889
0.203591
0.208818
0.215307
0.223091
0.228612
0.232021
0.229361
0.223603
0.224146
0.230293
0.240492
0.25303
0.263588
0.271176
0.278162
0.285793
0.294954
0.305908
0.31894
0.33458
0.350227
0.357774
0.360426
0.355578
0.352388
0.361892
0.382014
0.417338
0.469778
0.544725
0.654981
0.820633
1.05738
1.24434
1.3398
1.37694
1.42058
1.49498
1.56569
1.58154
1.5751
1.54832
1.54345
1.55771
1.59746
1.64034
1.65112
1.6474
1.62961
1.62416
1.63062
1.64883
1.66613
1.66937
1.66667
1.65724
1.65363
1.6554
1.66052
1.66446
1.66496
1.66355
1.66147
1.66183
1.66397
1.66822
1.67076
1.67113
1.67029
1.66824
1.66734
1.66766
1.66826
1.66867
1.6688
1.66857
1.66847
1.66877
1.66946
1.67049
1.67108
1.67124
1.67115
1.671
1.67116
1.67155
1.67228
1.67301
1.67337
1.67357
1.67351
1.6732
1.67277
1.67242
1.67224
1.67219
1.67219
1.67221
1.67221
1.67215
1.67196
1.67161
1.67128
1.67122
1.67137
1.67165
1.6722
1.67296
1.67363
1.67391
1.67399
1.67396
1.67372
1.67318
1.67246
1.67196
1.67189
1.67204
1.67235
1.67289
1.67416
31.5981
0.342474
0.145483
0.151556
0.156361
0.176405
0.202068
0.232709
0.258411
0.26762
0.267391
0.265768
0.26266
0.258784
0.248254
0.209968
0.159648
0.15187
0.153362
0.158489
0.165035
0.171122
0.17665
0.181952
0.187282
0.1928
0.198687
0.205193
0.212589
0.221314
0.23143
0.238849
0.239351
0.235852
0.213934
0.168548
0.154897
0.155334
0.158567
0.163285
0.167075
0.169858
0.172317
0.174874
0.177644
0.180572
0.183555
0.186489
0.189341
0.192298
0.196097
0.202441
0.211999
0.216625
0.215715
0.205977
0.176629
0.160185
0.159477
0.160666
0.163762
0.166602
0.168258
0.169367
0.170518
0.171967
0.17372
0.175573
0.177222
0.178556
0.179771
0.181435
0.184757
0.190816
0.195064
0.195044
0.1913
0.175676
0.158855
0.156301
0.156421
0.157922
0.16034
0.162116
0.163084
0.163817
0.164703
0.165913
0.167375
0.168802
0.169893
0.170654
0.171409
0.172749
0.175698
0.179674
0.180845
0.180241
0.17584
0.162925
0.152506
0.151138
0.15104
0.151982
0.153805
0.155324
0.15609
0.156522
0.15699
0.157699
0.158698
0.159784
0.16061
0.161109
0.161531
0.162327
0.164288
0.167082
0.168064
0.167596
0.164847
0.156178
0.146869
0.144857
0.144606
0.145125
0.146577
0.148045
0.148644
0.148731
0.148737
0.148863
0.149246
0.149844
0.150352
0.150551
0.15057
0.150673
0.151238
0.152659
0.154083
0.153969
0.152906
0.148381
0.14007
0.136769
0.136964
0.137833
0.139808
0.142379
0.144694
0.146429
0.147848
0.149336
0.151121
0.153336
0.155969
0.158803
0.161532
0.164081
0.166743
0.17022
0.174936
0.178305
0.179738
0.177544
0.170404
0.166005
0.166702
0.168915
0.173161
0.17827
0.182003
0.183967
0.185697
0.187767
0.190558
0.194234
0.198561
0.203244
0.208492
0.215096
0.223081
0.228744
0.232178
0.229522
0.223657
0.224094
0.23019
0.240356
0.252906
0.263503
0.271124
0.278225
0.286028
0.295439
0.306712
0.32013
0.336227
0.352274
0.359885
0.36236
0.357247
0.354095
0.363643
0.38372
0.41883
0.470899
0.54568
0.656076
0.821769
1.0561
1.23795
1.33112
1.3695
1.41402
1.48936
1.56286
1.58038
1.57493
1.54728
1.53957
1.55324
1.59169
1.63752
1.65145
1.64977
1.63293
1.62556
1.63104
1.64746
1.66509
1.669
1.66691
1.65813
1.65404
1.65557
1.66026
1.66438
1.66499
1.66386
1.66188
1.6622
1.66415
1.66812
1.67056
1.67092
1.67015
1.66819
1.66728
1.66757
1.66813
1.66855
1.6687
1.66852
1.66847
1.66878
1.6695
1.67055
1.67118
1.67135
1.67128
1.67115
1.67131
1.67169
1.67237
1.67301
1.67329
1.67342
1.67328
1.67295
1.67257
1.6723
1.67218
1.67217
1.67223
1.67229
1.67229
1.67221
1.672
1.67162
1.67126
1.67119
1.67133
1.67159
1.67212
1.67287
1.67356
1.67388
1.67396
1.67395
1.67372
1.67321
1.6725
1.67199
1.67189
1.67204
1.67231
1.6728
1.67403
31.6136
0.325506
0.147047
0.152006
0.155794
0.175561
0.201191
0.231712
0.257734
0.267459
0.267355
0.265804
0.262818
0.259123
0.248904
0.211038
0.160194
0.152096
0.153524
0.158627
0.165177
0.171289
0.176864
0.182222
0.187607
0.193178
0.199105
0.205584
0.212886
0.221473
0.23153
0.239032
0.239547
0.236243
0.215424
0.170179
0.155558
0.155863
0.158948
0.163612
0.167389
0.170135
0.172528
0.175005
0.177703
0.180586
0.183563
0.186515
0.189388
0.192334
0.196027
0.202176
0.211311
0.215466
0.214433
0.20451
0.175417
0.159532
0.158913
0.160116
0.163232
0.166138
0.167891
0.169091
0.170336
0.1719
0.173777
0.175761
0.17758
0.179088
0.18046
0.182265
0.185749
0.19185
0.195773
0.195563
0.191444
0.175265
0.158695
0.156315
0.156405
0.157866
0.160222
0.161955
0.162902
0.163623
0.164504
0.165716
0.167197
0.168664
0.169823
0.170667
0.17149
0.172885
0.175884
0.17986
0.18101
0.180354
0.175829
0.162718
0.152295
0.15094
0.150855
0.151798
0.15361
0.155117
0.155879
0.156315
0.1568
0.157549
0.158612
0.159768
0.16068
0.161263
0.161767
0.162658
0.164715
0.167587
0.168591
0.16814
0.165375
0.156606
0.147253
0.145251
0.144991
0.145514
0.146971
0.148407
0.148921
0.148939
0.148882
0.148925
0.149197
0.149704
0.150188
0.150416
0.150476
0.150616
0.151228
0.152689
0.154086
0.153964
0.152895
0.148357
0.140092
0.136833
0.13704
0.137926
0.139928
0.142514
0.144836
0.146592
0.148041
0.149562
0.151381
0.153626
0.15628
0.159124
0.161853
0.164404
0.167077
0.170584
0.175326
0.178661
0.180055
0.177779
0.170479
0.166024
0.166715
0.168901
0.173058
0.178012
0.181578
0.183442
0.18514
0.187214
0.190029
0.19371
0.198017
0.202685
0.207952
0.214662
0.222854
0.228677
0.232185
0.229523
0.223478
0.223699
0.22969
0.239768
0.252367
0.263171
0.270947
0.278431
0.286882
0.297156
0.309559
0.324323
0.341897
0.359446
0.367733
0.369937
0.363903
0.360753
0.370257
0.390286
0.425032
0.475921
0.549292
0.658597
0.822724
1.04954
1.21689
1.30209
1.34012
1.3853
1.46244
1.54335
1.56988
1.57246
1.55063
1.53827
1.55022
1.58481
1.63379
1.65232
1.65287
1.63805
1.62821
1.63222
1.64592
1.66334
1.66818
1.66705
1.65947
1.65477
1.65583
1.65978
1.66408
1.66491
1.66425
1.6626
1.66286
1.66453
1.66799
1.67028
1.67065
1.66999
1.66817
1.66722
1.66747
1.66798
1.66838
1.66855
1.66841
1.66842
1.66874
1.66947
1.67056
1.67127
1.67148
1.67148
1.6714
1.67158
1.67196
1.67257
1.67303
1.67325
1.67326
1.67302
1.6726
1.67223
1.67205
1.67204
1.67213
1.67227
1.67237
1.6724
1.67232
1.67207
1.67165
1.67125
1.67116
1.67128
1.67152
1.67201
1.67273
1.67343
1.67379
1.67389
1.67389
1.6737
1.67323
1.67256
1.67204
1.6719
1.67203
1.67227
1.67271
1.67384
31.6245
0.329918
0.147686
0.152063
0.155467
0.174952
0.200291
0.230375
0.256731
0.267239
0.26731
0.265858
0.263052
0.259589
0.24979
0.212606
0.160995
0.152367
0.153722
0.15878
0.16534
0.171495
0.177132
0.18256
0.188015
0.193663
0.199659
0.206139
0.213331
0.221688
0.231576
0.239158
0.239771
0.236789
0.217353
0.172438
0.156412
0.156507
0.159396
0.164014
0.167813
0.170552
0.172899
0.175295
0.177895
0.180697
0.183634
0.186587
0.189451
0.192324
0.195893
0.201894
0.210582
0.21413
0.212933
0.202671
0.173828
0.158747
0.158241
0.159471
0.162625
0.165613
0.167478
0.168787
0.170133
0.171805
0.173815
0.175972
0.177997
0.179721
0.181292
0.183268
0.186903
0.192917
0.196367
0.195947
0.191451
0.174662
0.158459
0.156289
0.15636
0.157791
0.160091
0.161793
0.162746
0.163485
0.164386
0.165617
0.167121
0.168612
0.169805
0.170701
0.171582
0.173027
0.176079
0.180066
0.181197
0.180488
0.17586
0.162567
0.152142
0.150804
0.150739
0.151693
0.153506
0.155005
0.155754
0.156185
0.156673
0.157442
0.158557
0.159801
0.16082
0.161515
0.162127
0.163116
0.165274
0.16824
0.169286
0.168852
0.166052
0.15712
0.147706
0.14572
0.145444
0.145966
0.147396
0.148722
0.149129
0.149084
0.148969
0.148943
0.149127
0.149567
0.150042
0.150305
0.150407
0.150599
0.151278
0.152783
0.154135
0.153999
0.152922
0.148363
0.140149
0.136957
0.137169
0.138057
0.140079
0.14268
0.144994
0.146754
0.148228
0.149782
0.151639
0.153921
0.156616
0.159509
0.162281
0.164859
0.167545
0.171056
0.175774
0.178981
0.180277
0.17786
0.170354
0.165843
0.166513
0.168682
0.172819
0.177713
0.181165
0.182939
0.184568
0.186557
0.189313
0.192985
0.197335
0.202087
0.207431
0.214181
0.222415
0.228318
0.231821
0.229167
0.222902
0.22277
0.228564
0.23848
0.25112
0.262236
0.270393
0.278547
0.288121
0.3
0.314641
0.33224
0.353027
0.373916
0.383985
0.386104
0.378516
0.375431
0.384831
0.405136
0.439358
0.488307
0.558654
0.663779
0.821068
1.02742
1.16926
1.2399
1.27694
1.32381
1.40324
1.49572
1.54104
1.55877
1.55001
1.53798
1.54999
1.58156
1.6314
1.65338
1.65561
1.64244
1.63056
1.63349
1.64486
1.6619
1.6678
1.66736
1.66077
1.65529
1.65598
1.65931
1.66388
1.66513
1.66487
1.66349
1.6636
1.66485
1.66777
1.66998
1.67037
1.66988
1.66821
1.66714
1.66731
1.66776
1.66818
1.66837
1.66833
1.6684
1.66874
1.66948
1.67062
1.67146
1.67172
1.67179
1.67176
1.67194
1.6723
1.67277
1.67303
1.67318
1.67307
1.67269
1.67218
1.67183
1.67174
1.67186
1.67208
1.67228
1.67243
1.6725
1.67243
1.67217
1.67169
1.67123
1.6711
1.67121
1.67142
1.67187
1.67254
1.67325
1.67368
1.6738
1.67383
1.67368
1.67327
1.67265
1.6721
1.67192
1.67202
1.67221
1.67257
1.67358
31.3964
0.562756
0.148108
0.152256
0.155549
0.17467
0.199425
0.228879
0.255498
0.266985
0.267305
0.26594
0.263269
0.259961
0.250596
0.214391
0.161931
0.152578
0.153843
0.158838
0.165401
0.171589
0.177286
0.182801
0.188369
0.194135
0.200215
0.206687
0.213724
0.221814
0.231458
0.239085
0.239878
0.237241
0.219387
0.175136
0.157407
0.157226
0.159886
0.164448
0.168294
0.17104
0.173342
0.175657
0.178169
0.180903
0.183807
0.18675
0.189585
0.192396
0.19588
0.201789
0.210028
0.212959
0.211588
0.200965
0.172401
0.158128
0.157738
0.159008
0.162194
0.165242
0.167187
0.168567
0.169978
0.171723
0.173847
0.17617
0.178387
0.180297
0.182002
0.184069
0.187784
0.193683
0.196765
0.196201
0.191296
0.173929
0.158169
0.156199
0.156268
0.1577
0.15998
0.16167
0.162614
0.16334
0.164225
0.165447
0.166962
0.168492
0.169734
0.17067
0.171604
0.173115
0.176236
0.180228
0.181337
0.18058
0.175887
0.162528
0.152129
0.150807
0.150761
0.15172
0.15352
0.155012
0.155777
0.156221
0.156712
0.157475
0.158583
0.15984
0.160917
0.161716
0.162447
0.163553
0.165829
0.168889
0.169958
0.169522
0.166634
0.157504
0.148135
0.14621
0.145928
0.146453
0.147851
0.149066
0.149385
0.149268
0.149058
0.148947
0.149074
0.149484
0.149977
0.150274
0.150403
0.150623
0.151355
0.1529
0.15421
0.15405
0.15295
0.148323
0.140114
0.13699
0.137205
0.138101
0.140154
0.142776
0.145066
0.146813
0.148295
0.149872
0.151759
0.154066
0.156784
0.159713
0.162543
0.165175
0.167913
0.171461
0.176185
0.17931
0.180533
0.178016
0.170315
0.165729
0.166383
0.168548
0.172693
0.177541
0.180896
0.182636
0.184238
0.186148
0.18882
0.192445
0.196761
0.20149
0.206821
0.213549
0.221787
0.227699
0.231125
0.228477
0.221989
0.221398
0.226902
0.236556
0.249195
0.2607
0.269465
0.278435
0.289197
0.303011
0.320548
0.342183
0.368105
0.39479
0.408429
0.411667
0.402509
0.399989
0.409498
0.430631
0.463809
0.509023
0.573472
0.670022
0.813455
0.984373
1.09377
1.1458
1.18351
1.23534
1.32017
1.42745
1.50321
1.53845
1.547
1.54041
1.55399
1.58358
1.63175
1.65456
1.65729
1.64517
1.6323
1.63442
1.64445
1.66119
1.66778
1.66764
1.66156
1.65552
1.65588
1.65886
1.66384
1.66564
1.66566
1.66443
1.66419
1.66506
1.66747
1.6697
1.67016
1.66984
1.66836
1.66712
1.66712
1.66748
1.66794
1.66819
1.66829
1.66844
1.66879
1.66952
1.67066
1.67161
1.67197
1.67214
1.67217
1.67235
1.67265
1.67293
1.67309
1.67309
1.67284
1.67231
1.67174
1.67144
1.67147
1.67169
1.67197
1.67225
1.67244
1.67256
1.67252
1.67227
1.67175
1.67122
1.67103
1.67112
1.6713
1.6717
1.67233
1.67306
1.67356
1.6737
1.67375
1.67364
1.67331
1.67276
1.6722
1.67196
1.67201
1.67215
1.67243
1.67329
31.6314
0.332332
0.148281
0.152485
0.155502
0.174134
0.198366
0.227442
0.254387
0.266709
0.267246
0.265936
0.263354
0.260157
0.251237
0.21619
0.162893
0.152653
0.153854
0.158825
0.16544
0.171692
0.17745
0.183036
0.188675
0.194502
0.200589
0.206998
0.213852
0.221659
0.231094
0.238861
0.239927
0.237639
0.221324
0.177841
0.158242
0.15777
0.160218
0.164739
0.168645
0.171431
0.173718
0.17598
0.178431
0.181126
0.184022
0.186972
0.189808
0.192609
0.196048
0.201883
0.209704
0.212149
0.210613
0.199668
0.171386
0.157803
0.157501
0.158803
0.162011
0.165116
0.167127
0.168551
0.169985
0.171758
0.173961
0.176403
0.178698
0.18063
0.182352
0.184448
0.188236
0.194066
0.196852
0.196146
0.190862
0.173059
0.157826
0.15606
0.156168
0.157631
0.159926
0.161622
0.162567
0.163286
0.164158
0.165371
0.166894
0.168453
0.169733
0.17071
0.171679
0.173206
0.176325
0.18034
0.181449
0.180647
0.175921
0.162584
0.152313
0.151033
0.151017
0.152001
0.153792
0.15525
0.155983
0.156408
0.156889
0.157648
0.158749
0.160004
0.161091
0.161912
0.162686
0.163875
0.166262
0.169374
0.170411
0.169948
0.166948
0.157624
0.148331
0.146517
0.14626
0.146813
0.148199
0.149306
0.149544
0.14938
0.149123
0.148976
0.149084
0.149501
0.150036
0.150354
0.150495
0.150739
0.151517
0.153102
0.154377
0.15419
0.153045
0.148291
0.140048
0.137023
0.137248
0.138161
0.140238
0.142849
0.1451
0.14682
0.148286
0.149839
0.151694
0.15397
0.156664
0.159587
0.162446
0.165141
0.167947
0.171556
0.176321
0.179443
0.180649
0.178091
0.170245
0.165564
0.166205
0.168362
0.17247
0.177281
0.18069
0.182548
0.184207
0.186124
0.188748
0.192294
0.196509
0.201074
0.20624
0.212868
0.221077
0.227048
0.230389
0.227795
0.221106
0.219979
0.225113
0.234395
0.246947
0.258844
0.268229
0.277953
0.289697
0.305164
0.325388
0.35107
0.382839
0.417038
0.43646
0.443221
0.433628
0.433237
0.444372
0.466911
0.497593
0.536484
0.591786
0.675114
0.797988
0.925248
1.00399
1.03955
1.07904
1.13837
1.23321
1.3572
1.46491
1.52073
1.54634
1.54521
1.55965
1.5871
1.63319
1.65593
1.65844
1.64681
1.63364
1.63537
1.64477
1.66114
1.66789
1.66776
1.66181
1.65541
1.65558
1.65859
1.66409
1.6664
1.66654
1.66522
1.66452
1.66514
1.66714
1.66946
1.67005
1.66987
1.66856
1.66716
1.66696
1.66723
1.66771
1.66807
1.66829
1.66854
1.66891
1.6696
1.67071
1.67174
1.67222
1.67246
1.67259
1.67275
1.67294
1.67307
1.67314
1.67301
1.67259
1.67193
1.67135
1.67115
1.67127
1.67151
1.67186
1.67222
1.67244
1.67257
1.67257
1.67233
1.67181
1.67121
1.67095
1.67101
1.67116
1.67151
1.6721
1.67285
1.67343
1.67364
1.67371
1.67364
1.67338
1.6729
1.67233
1.67202
1.67202
1.67212
1.67232
1.67303
31.494
0.469121
0.147731
0.15245
0.155301
0.17352
0.197309
0.226255
0.253516
0.26636
0.267115
0.265889
0.263388
0.260263
0.251749
0.217816
0.163782
0.15269
0.153822
0.158748
0.165397
0.171688
0.177472
0.183089
0.188764
0.194604
0.200655
0.206954
0.213638
0.221224
0.230552
0.238527
0.23983
0.237845
0.222877
0.180264
0.158947
0.158226
0.160472
0.164936
0.168904
0.171727
0.174007
0.176239
0.178665
0.18136
0.184277
0.187258
0.190105
0.192877
0.19625
0.20197
0.209466
0.211611
0.209993
0.198893
0.170905
0.157787
0.157533
0.158863
0.162094
0.165238
0.16729
0.168744
0.170199
0.171984
0.174129
0.176459
0.178713
0.180669
0.182412
0.18452
0.188329
0.194079
0.196608
0.19578
0.190186
0.172107
0.157439
0.155856
0.156024
0.157566
0.159917
0.161649
0.162616
0.163344
0.164215
0.165426
0.16694
0.168485
0.169763
0.17075
0.171726
0.173255
0.176385
0.180416
0.181519
0.180713
0.175955
0.162644
0.152619
0.151456
0.151514
0.152595
0.154434
0.155846
0.156509
0.156876
0.157303
0.158015
0.159079
0.1603
0.16134
0.162122
0.162885
0.1641
0.166552
0.169663
0.170605
0.1701
0.166952
0.157394
0.14826
0.146569
0.146337
0.14692
0.148317
0.149408
0.149636
0.149483
0.149254
0.149139
0.149281
0.149733
0.150261
0.150579
0.150734
0.150996
0.151808
0.153428
0.154672
0.154441
0.153206
0.148248
0.139931
0.137029
0.137267
0.138186
0.140275
0.142847
0.144999
0.146621
0.14802
0.149518
0.151323
0.153553
0.156216
0.159132
0.162002
0.164723
0.167566
0.171215
0.176017
0.179224
0.180481
0.177991
0.170145
0.16537
0.166009
0.168195
0.172372
0.177323
0.180848
0.182765
0.184466
0.186387
0.188996
0.192484
0.196564
0.200924
0.205825
0.212224
0.2204
0.226543
0.229849
0.227421
0.220593
0.218898
0.223665
0.232502
0.244849
0.256921
0.26679
0.277058
0.289542
0.305884
0.327743
0.356277
0.393036
0.43395
0.460566
0.473449
0.466589
0.47137
0.486311
0.510197
0.536687
0.567757
0.612734
0.682263
0.780922
0.867666
0.921563
0.946605
0.988392
1.05565
1.16179
1.30178
1.43706
1.51135
1.54776
1.54929
1.56316
1.58945
1.63473
1.65748
1.65982
1.64822
1.63487
1.63637
1.64534
1.66131
1.66797
1.66773
1.66168
1.65518
1.65538
1.65861
1.66456
1.66718
1.66731
1.6658
1.66463
1.66506
1.66681
1.66926
1.67005
1.66996
1.66878
1.66723
1.66687
1.66712
1.66761
1.66807
1.66836
1.66865
1.66903
1.66972
1.67079
1.67187
1.67246
1.67273
1.67291
1.67307
1.67319
1.67326
1.6732
1.67296
1.67239
1.67161
1.67107
1.67099
1.67113
1.67139
1.67177
1.67217
1.67243
1.67256
1.67257
1.67236
1.67186
1.67121
1.67086
1.67088
1.67102
1.67132
1.67188
1.67263
1.6733
1.67361
1.67369
1.67367
1.67348
1.67306
1.67252
1.67213
1.67207
1.67212
1.67227
1.67283
31.5478
0.41932
0.146238
0.151795
0.154955
0.173279
0.196973
0.225705
0.252847
0.265871
0.266778
0.265672
0.263333
0.260357
0.252181
0.219103
0.164458
0.152621
0.153717
0.158608
0.165271
0.171566
0.177328
0.182903
0.18853
0.194313
0.200295
0.206507
0.213117
0.220682
0.230024
0.238155
0.239661
0.2379
0.224006
0.182296
0.159496
0.158559
0.160663
0.165093
0.169126
0.171995
0.174289
0.176522
0.178954
0.181658
0.184577
0.187529
0.190341
0.193076
0.196412
0.202058
0.209408
0.211468
0.209833
0.198699
0.170942
0.158098
0.15783
0.159142
0.162348
0.165482
0.167547
0.169016
0.170459
0.172184
0.174227
0.176442
0.178571
0.180412
0.182086
0.184184
0.18804
0.19374
0.196082
0.19519
0.189383
0.171175
0.157021
0.1556
0.155844
0.157517
0.159976
0.161771
0.162767
0.163502
0.164367
0.165558
0.167039
0.168548
0.169797
0.170773
0.171744
0.173281
0.176454
0.180521
0.181607
0.18078
0.175972
0.162687
0.152934
0.151872
0.152009
0.153249
0.155242
0.156695
0.157326
0.157639
0.157992
0.15861
0.159581
0.160711
0.161659
0.16236
0.163065
0.164252
0.166729
0.169786
0.170615
0.170043
0.16667
0.156808
0.147941
0.146395
0.146178
0.146795
0.148255
0.149439
0.149724
0.149624
0.149472
0.149431
0.14963
0.15012
0.150654
0.150976
0.151145
0.151435
0.152298
0.15395
0.155153
0.154862
0.153484
0.148231
0.139776
0.136997
0.137217
0.138138
0.140209
0.142721
0.144743
0.146244
0.147544
0.148952
0.150677
0.152838
0.155442
0.158313
0.161162
0.163877
0.166718
0.170371
0.175166
0.178499
0.179859
0.177558
0.169913
0.165064
0.165726
0.168026
0.172393
0.177607
0.181271
0.183238
0.184998
0.18697
0.189545
0.19295
0.196869
0.201004
0.205633
0.211785
0.219836
0.226218
0.229567
0.227376
0.220505
0.218323
0.222796
0.231203
0.243307
0.255385
0.265414
0.275934
0.288847
0.305788
0.328326
0.35796
0.396769
0.442314
0.475551
0.495561
0.495923
0.50838
0.528805
0.554439
0.577409
0.60179
0.637418
0.693968
0.770877
0.826458
0.862775
0.882223
0.927381
1.00152
1.11603
1.26641
1.42045
1.50839
1.55045
1.55192
1.56462
1.59074
1.63634
1.65911
1.66128
1.64953
1.63575
1.63702
1.64575
1.66147
1.66798
1.66761
1.6615
1.65514
1.65545
1.65885
1.66501
1.66765
1.66773
1.66609
1.66458
1.6649
1.66655
1.66911
1.67006
1.67003
1.66896
1.66739
1.66698
1.66723
1.66772
1.66819
1.6685
1.66881
1.6692
1.66984
1.67085
1.67192
1.67256
1.67285
1.67308
1.67327
1.67341
1.67346
1.67334
1.67295
1.67226
1.67142
1.67095
1.67092
1.67107
1.67133
1.67172
1.67215
1.67241
1.67253
1.67254
1.67235
1.67186
1.67119
1.67077
1.67075
1.67087
1.67114
1.67166
1.67242
1.67318
1.6736
1.6737
1.67371
1.67359
1.67326
1.67275
1.6723
1.67215
1.67218
1.67228
1.67272
31.6854
0.294864
0.145384
0.151131
0.155269
0.173697
0.197156
0.225567
0.252555
0.265508
0.266446
0.26544
0.263265
0.260442
0.252457
0.220037
0.16497
0.15251
0.153584
0.15844
0.1651
0.171379
0.177079
0.18255
0.188049
0.193707
0.199602
0.205811
0.212504
0.220205
0.229624
0.237757
0.239378
0.237732
0.22466
0.183832
0.159826
0.158751
0.160746
0.165155
0.16925
0.172174
0.174498
0.176745
0.179177
0.181865
0.184752
0.187672
0.190435
0.193146
0.196483
0.202147
0.209534
0.211657
0.210063
0.19893
0.171271
0.15858
0.158264
0.159574
0.162771
0.165891
0.167926
0.169355
0.170755
0.172398
0.174327
0.176386
0.178312
0.179953
0.181489
0.183546
0.187454
0.193189
0.19546
0.194572
0.188673
0.170461
0.156668
0.155355
0.155668
0.157469
0.160045
0.161898
0.162912
0.163645
0.164494
0.165661
0.167118
0.168606
0.169836
0.170789
0.171751
0.17331
0.17656
0.180686
0.181745
0.180905
0.17598
0.162645
0.153254
0.152325
0.152515
0.15387
0.156005
0.157537
0.158188
0.158498
0.158832
0.1594
0.160264
0.161242
0.162038
0.162616
0.163232
0.16438
0.166863
0.169809
0.170497
0.169825
0.166138
0.155972
0.147474
0.146104
0.14592
0.146596
0.14815
0.149478
0.149868
0.149843
0.149765
0.149794
0.150062
0.1506
0.151169
0.151529
0.151739
0.152081
0.153023
0.154713
0.155851
0.155483
0.153928
0.148294
0.139643
0.136989
0.137148
0.138033
0.140074
0.142509
0.144368
0.145701
0.146862
0.148144
0.149748
0.151801
0.15431
0.157097
0.159881
0.162555
0.165374
0.169005
0.173773
0.177266
0.178768
0.17678
0.169525
0.164625
0.165311
0.167759
0.172381
0.177897
0.181782
0.183875
0.185733
0.187792
0.19033
0.193613
0.197408
0.201389
0.20586
0.211779
0.219593
0.226069
0.229421
0.22753
0.22074
0.218185
0.222476
0.230554
0.242421
0.254417
0.264438
0.274894
0.287887
0.305084
0.3279
0.357788
0.396975
0.443936
0.480564
0.506214
0.514785
0.535777
0.563932
0.594908
0.618102
0.638628
0.666982
0.7114
0.767402
0.803687
0.828917
0.848535
0.898251
0.976219
1.0939
1.248
1.41168
1.50787
1.55266
1.55318
1.5652
1.59177
1.63821
1.66088
1.66272
1.65023
1.63588
1.63699
1.6457
1.66152
1.66816
1.66788
1.66196
1.65559
1.65582
1.65916
1.66523
1.6678
1.66785
1.66605
1.66442
1.66474
1.6664
1.66903
1.67005
1.67006
1.6691
1.66769
1.66733
1.66756
1.66806
1.66849
1.66873
1.66898
1.6693
1.66986
1.6708
1.67187
1.67256
1.6729
1.67316
1.6734
1.67356
1.67365
1.67354
1.6731
1.6723
1.67141
1.67093
1.67092
1.67106
1.67132
1.67172
1.67215
1.67239
1.67249
1.67248
1.6723
1.67183
1.67115
1.67069
1.67063
1.67074
1.67098
1.67147
1.67221
1.67304
1.67357
1.67373
1.67376
1.6737
1.67345
1.67301
1.67253
1.67228
1.67228
1.67237
1.6727
31.5347
0.441737
0.145442
0.151116
0.155572
0.17415
0.197519
0.225823
0.252754
0.265535
0.266423
0.265456
0.263306
0.260464
0.252541
0.220653
0.165479
0.152478
0.153517
0.158306
0.164941
0.171203
0.176847
0.18221
0.187567
0.193091
0.1989
0.205121
0.21194
0.219817
0.229315
0.237337
0.238963
0.237357
0.224851
0.18474
0.159966
0.158841
0.160775
0.165177
0.169321
0.1723
0.174664
0.176938
0.179382
0.18206
0.184907
0.187756
0.19045
0.193113
0.196465
0.202203
0.209716
0.211912
0.210369
0.199254
0.171679
0.159072
0.158682
0.159976
0.163157
0.166255
0.168246
0.169606
0.170912
0.172453
0.174269
0.176179
0.177919
0.179383
0.180802
0.182835
0.186786
0.192597
0.194911
0.194073
0.1882
0.170086
0.156474
0.155205
0.155559
0.157433
0.16008
0.161974
0.163004
0.163745
0.164598
0.165761
0.167197
0.168639
0.169821
0.170751
0.171716
0.173327
0.176697
0.180868
0.181857
0.18101
0.17593
0.162528
0.153484
0.152636
0.152869
0.154326
0.156565
0.158147
0.15882
0.159149
0.159511
0.160108
0.160972
0.161884
0.162565
0.16302
0.163521
0.164579
0.167023
0.16982
0.170298
0.169491
0.165465
0.155056
0.147051
0.145884
0.145767
0.146536
0.148208
0.149637
0.150092
0.150114
0.150087
0.150174
0.150519
0.151124
0.15175
0.152173
0.152454
0.15288
0.153938
0.155687
0.156744
0.156285
0.154503
0.148405
0.139555
0.136982
0.13707
0.137901
0.13989
0.142207
0.143876
0.145036
0.146057
0.147198
0.148652
0.150554
0.152919
0.155569
0.158233
0.160825
0.163592
0.167181
0.171917
0.175645
0.177325
0.175758
0.16901
0.164091
0.164793
0.167379
0.172154
0.177943
0.182132
0.184453
0.186497
0.188699
0.191284
0.194513
0.198252
0.20221
0.206578
0.212286
0.219899
0.226331
0.22958
0.227931
0.221258
0.218392
0.222475
0.23038
0.242166
0.254153
0.264085
0.274192
0.286868
0.303847
0.326609
0.356447
0.39555
0.443052
0.481398
0.509803
0.52239
0.549344
0.586302
0.627494
0.657057
0.677779
0.702582
0.737648
0.771539
0.795854
0.815736
0.839362
0.890149
0.969134
1.0867
1.24098
1.40808
1.50746
1.55304
1.55321
1.5656
1.59326
1.64085
1.66274
1.6639
1.64995
1.63515
1.63629
1.64535
1.66185
1.66873
1.66849
1.66262
1.65636
1.65653
1.6597
1.66541
1.66765
1.6676
1.66568
1.66419
1.6646
1.66638
1.66904
1.67003
1.67004
1.66915
1.66798
1.6678
1.66809
1.66861
1.66891
1.66902
1.66907
1.66932
1.66978
1.67066
1.67172
1.67245
1.67282
1.67312
1.67343
1.67368
1.67381
1.67376
1.67337
1.6725
1.67147
1.67095
1.67096
1.6711
1.67136
1.67176
1.67216
1.67237
1.67243
1.67241
1.67222
1.67178
1.67113
1.67062
1.67052
1.67063
1.67085
1.6713
1.67201
1.67287
1.67351
1.67376
1.6738
1.67378
1.67362
1.67327
1.67281
1.67247
1.67242
1.6725
1.67273
31.6355
0.323481
0.146369
0.151439
0.155484
0.174057
0.197673
0.226209
0.253215
0.265849
0.266694
0.265752
0.263515
0.260478
0.252393
0.221004
0.166088
0.152615
0.153575
0.158246
0.164836
0.171083
0.176683
0.181958
0.187192
0.192587
0.198303
0.204511
0.211408
0.219413
0.228939
0.236799
0.238365
0.236749
0.224615
0.185087
0.159935
0.158802
0.16068
0.165084
0.169276
0.172302
0.174707
0.177029
0.179521
0.182224
0.185057
0.187843
0.190463
0.193061
0.196403
0.20219
0.209797
0.212051
0.210536
0.199427
0.171918
0.159366
0.158906
0.16019
0.163337
0.166397
0.168341
0.169649
0.170891
0.172349
0.174043
0.175814
0.177426
0.178799
0.180173
0.182217
0.186207
0.192115
0.194536
0.193769
0.187967
0.169961
0.156408
0.155136
0.155499
0.157403
0.160085
0.162002
0.163045
0.163789
0.164639
0.165795
0.167215
0.168628
0.169771
0.170674
0.171642
0.173319
0.176825
0.181015
0.181905
0.181028
0.175715
0.162177
0.153581
0.152826
0.153091
0.154602
0.15687
0.158465
0.159149
0.159495
0.159889
0.16054
0.161474
0.162426
0.163084
0.163474
0.163895
0.164886
0.167256
0.169844
0.170112
0.169167
0.164834
0.154286
0.146798
0.145792
0.145714
0.146553
0.148324
0.149839
0.150357
0.150418
0.150429
0.150572
0.150987
0.151656
0.152338
0.152823
0.153176
0.153693
0.154887
0.156725
0.15773
0.157224
0.15525
0.148697
0.13969
0.137159
0.137152
0.137895
0.139801
0.141972
0.143418
0.144371
0.145241
0.146245
0.147554
0.149295
0.151479
0.153939
0.156425
0.158875
0.161544
0.165051
0.169727
0.173752
0.175631
0.174514
0.168317
0.163357
0.16403
0.166746
0.17166
0.177652
0.182161
0.184762
0.187068
0.189496
0.192236
0.195557
0.199371
0.203399
0.207786
0.213465
0.221018
0.227422
0.230555
0.228969
0.222255
0.219119
0.222996
0.230675
0.242286
0.254235
0.264094
0.273959
0.285981
0.302229
0.324237
0.353409
0.39198
0.439393
0.478832
0.508862
0.523543
0.552755
0.594485
0.646076
0.689023
0.717283
0.74406
0.77436
0.791264
0.803516
0.816809
0.841661
0.892349
0.971631
1.08759
1.24008
1.40583
1.50487
1.55079
1.5526
1.56635
1.59568
1.64392
1.66417
1.66446
1.64882
1.6342
1.63562
1.6458
1.66281
1.66939
1.66901
1.66291
1.65704
1.65733
1.66056
1.66583
1.66752
1.66726
1.6651
1.66384
1.66438
1.66639
1.66911
1.67004
1.67004
1.66922
1.6683
1.66833
1.66872
1.6692
1.66938
1.66932
1.66913
1.66927
1.66963
1.6704
1.67142
1.67219
1.67264
1.67299
1.67338
1.67378
1.67395
1.67397
1.67366
1.67282
1.67168
1.67105
1.67103
1.67116
1.6714
1.67177
1.67215
1.67234
1.67237
1.67233
1.67216
1.67176
1.67114
1.6706
1.67044
1.67054
1.67074
1.67116
1.67182
1.67265
1.67338
1.67375
1.67382
1.67384
1.67375
1.67351
1.67311
1.67271
1.67259
1.67265
1.67279
31.4759
0.479154
0.14707
0.151585
0.155032
0.173691
0.197747
0.226833
0.254102
0.266563
0.267305
0.266222
0.263789
0.260472
0.252189
0.221303
0.166764
0.152836
0.153688
0.158205
0.164715
0.170938
0.176518
0.181739
0.186892
0.192183
0.197802
0.203962
0.210889
0.218946
0.228418
0.23608
0.23757
0.235936
0.223969
0.184876
0.159733
0.158655
0.16052
0.164949
0.169199
0.172286
0.174748
0.177124
0.179662
0.182394
0.185219
0.187965
0.190511
0.193051
0.196371
0.202183
0.20983
0.212098
0.210579
0.199431
0.171943
0.159427
0.15889
0.160145
0.163241
0.166251
0.168163
0.169454
0.170673
0.172091
0.173739
0.175464
0.177043
0.178409
0.179801
0.181854
0.185842
0.191816
0.194354
0.193667
0.187972
0.170051
0.15643
0.155131
0.15549
0.157391
0.16007
0.161994
0.163056
0.163825
0.164703
0.16587
0.167268
0.168636
0.169727
0.170585
0.171543
0.173306
0.17694
0.181116
0.181897
0.180951
0.175292
0.161537
0.153429
0.152766
0.153069
0.154652
0.156946
0.158537
0.159227
0.159592
0.160015
0.160713
0.161709
0.162729
0.163432
0.163844
0.164265
0.16524
0.167536
0.16991
0.170023
0.168971
0.16437
0.153709
0.146655
0.14578
0.145752
0.146693
0.148561
0.150122
0.150674
0.150762
0.150804
0.15099
0.151454
0.152168
0.152886
0.153408
0.153814
0.154406
0.155726
0.157665
0.158642
0.158111
0.155976
0.149027
0.139936
0.137477
0.137358
0.138028
0.139829
0.141864
0.143086
0.143834
0.144543
0.145388
0.146536
0.148121
0.150131
0.152387
0.154664
0.156927
0.159447
0.162815
0.167372
0.171609
0.173631
0.173007
0.167397
0.162428
0.163044
0.165859
0.170826
0.176971
0.181835
0.184759
0.187332
0.190048
0.19305
0.19664
0.200745
0.205059
0.209658
0.215428
0.223025
0.229509
0.232607
0.230996
0.224104
0.220696
0.224356
0.231763
0.243126
0.254799
0.264337
0.273848
0.285337
0.300468
0.321098
0.348678
0.385453
0.431322
0.470105
0.500654
0.516556
0.547255
0.591505
0.649678
0.705916
0.751499
0.789763
0.825548
0.838189
0.841804
0.841277
0.8579
0.90371
0.979898
1.09267
1.24222
1.40411
1.50042
1.54648
1.55145
1.56754
1.59897
1.64692
1.66465
1.66384
1.64652
1.63363
1.63589
1.64749
1.66458
1.67007
1.66927
1.66258
1.65727
1.6579
1.66162
1.66659
1.66775
1.66715
1.66454
1.66341
1.66405
1.66631
1.66915
1.67005
1.67004
1.66932
1.66867
1.66883
1.66931
1.66972
1.66983
1.66957
1.66916
1.66916
1.66942
1.67005
1.67097
1.67177
1.67233
1.6728
1.67332
1.67385
1.6741
1.67417
1.67394
1.67317
1.67201
1.67119
1.67109
1.67119
1.67139
1.67171
1.67207
1.67229
1.67231
1.67228
1.67213
1.67179
1.67123
1.67065
1.6704
1.67048
1.67067
1.67104
1.67164
1.6724
1.67316
1.67365
1.67382
1.67387
1.67385
1.67369
1.67338
1.67298
1.67278
1.67278
1.67287
31.5179
0.418739
0.148018
0.152002
0.154799
0.173306
0.197643
0.227252
0.254896
0.267231
0.267842
0.266527
0.263877
0.26038
0.252183
0.221861
0.16736
0.152996
0.153727
0.158106
0.164538
0.17073
0.176286
0.181479
0.186587
0.191816
0.197365
0.203462
0.210381
0.218454
0.227854
0.235316
0.236703
0.235037
0.223069
0.184282
0.159418
0.158404
0.160286
0.164731
0.169011
0.172137
0.174646
0.177085
0.179699
0.182503
0.185373
0.188123
0.190621
0.193081
0.196374
0.202248
0.209909
0.212096
0.210517
0.199192
0.171664
0.159289
0.158695
0.159938
0.16302
0.166024
0.167935
0.169237
0.17047
0.171895
0.173556
0.175297
0.176902
0.178288
0.179688
0.181733
0.185696
0.191682
0.194328
0.193722
0.188152
0.170378
0.156645
0.155296
0.155634
0.157506
0.16016
0.162072
0.163135
0.163911
0.164788
0.165939
0.167311
0.168645
0.169696
0.17052
0.171477
0.173291
0.177044
0.181148
0.181812
0.180762
0.174687
0.160697
0.153103
0.152519
0.152848
0.154468
0.156787
0.158391
0.159097
0.159482
0.159933
0.160666
0.161697
0.162766
0.163538
0.164013
0.164499
0.165536
0.167831
0.170076
0.170087
0.168959
0.164117
0.153321
0.146617
0.145852
0.145873
0.146897
0.148833
0.150424
0.150998
0.15111
0.151176
0.151392
0.151885
0.152616
0.153333
0.153854
0.154279
0.15493
0.156373
0.158428
0.159384
0.158834
0.156546
0.149275
0.140207
0.137816
0.137627
0.138259
0.139979
0.141901
0.142926
0.14349
0.144043
0.144741
0.145715
0.147106
0.148942
0.151021
0.153085
0.15514
0.157486
0.1607
0.165102
0.169452
0.171555
0.171323
0.16625
0.161302
0.161845
0.164739
0.169695
0.17592
0.181166
0.184478
0.1873
0.190289
0.193621
0.197635
0.202234
0.206993
0.211928
0.217928
0.225714
0.232508
0.235756
0.234182
0.227129
0.223493
0.226952
0.234112
0.245206
0.256465
0.265438
0.274297
0.285022
0.298984
0.317803
0.342954
0.376497
0.418384
0.454498
0.483668
0.499228
0.528801
0.575436
0.638907
0.706905
0.772052
0.834908
0.893738
0.916589
0.916111
0.904411
0.908137
0.939705
1.00376
1.10821
1.25178
1.40504
1.49599
1.54085
1.54988
1.5689
1.6034
1.64982
1.66401
1.66151
1.64281
1.6331
1.63677
1.65064
1.66727
1.67108
1.66936
1.66146
1.65703
1.65813
1.66271
1.66755
1.66833
1.66726
1.66408
1.66301
1.66374
1.66621
1.66914
1.67002
1.67003
1.66943
1.66905
1.66927
1.6698
1.67015
1.6702
1.6698
1.66917
1.66901
1.66919
1.66967
1.67044
1.67122
1.6719
1.67255
1.67327
1.67395
1.67428
1.67438
1.6742
1.67352
1.67236
1.67134
1.67106
1.67114
1.67128
1.67155
1.67189
1.67219
1.67226
1.67226
1.67216
1.67189
1.6714
1.67079
1.67042
1.67043
1.6706
1.67091
1.67142
1.67209
1.67284
1.67346
1.67378
1.67386
1.6739
1.67383
1.6736
1.67325
1.67298
1.6729
1.67295
31.6579
0.276042
0.14898
0.152676
0.155129
0.173241
0.197423
0.227144
0.254992
0.267462
0.268057
0.266605
0.263948
0.260623
0.252687
0.222508
0.167629
0.153027
0.153704
0.157984
0.164317
0.17045
0.175978
0.181171
0.186282
0.191505
0.197025
0.203093
0.210012
0.218114
0.227462
0.234705
0.235946
0.234216
0.222057
0.183326
0.15899
0.158066
0.159986
0.164452
0.168743
0.171893
0.174445
0.176958
0.179662
0.182546
0.185474
0.188253
0.190773
0.193236
0.196497
0.202343
0.209974
0.212068
0.210392
0.198719
0.17102
0.158922
0.158339
0.159597
0.162682
0.165682
0.16761
0.168953
0.170237
0.171712
0.173406
0.175183
0.176838
0.178286
0.179736
0.181799
0.18571
0.191663
0.194379
0.193824
0.188361
0.170752
0.156944
0.155553
0.155869
0.157707
0.160326
0.162219
0.163276
0.164054
0.164925
0.166055
0.167389
0.168671
0.169678
0.170478
0.171452
0.173334
0.177171
0.181107
0.181602
0.180452
0.173933
0.159749
0.152679
0.152153
0.152492
0.154136
0.156465
0.158075
0.158798
0.15921
0.159695
0.160462
0.161527
0.162626
0.163433
0.163963
0.164534
0.165696
0.168113
0.170345
0.170314
0.169129
0.164054
0.153085
0.146682
0.146001
0.146072
0.147156
0.149128
0.150723
0.151298
0.151415
0.151487
0.151708
0.152204
0.152924
0.153619
0.154119
0.154544
0.155253
0.156826
0.15901
0.159933
0.159373
0.156963
0.149442
0.140465
0.138167
0.13794
0.138543
0.140206
0.142015
0.142923
0.143335
0.143759
0.144337
0.145171
0.146387
0.14802
0.149907
0.151801
0.153672
0.155846
0.158903
0.163144
0.167497
0.169606
0.169675
0.165026
0.160094
0.160525
0.16347
0.168387
0.174596
0.180131
0.18391
0.18703
0.190263
0.19396
0.198479
0.203646
0.208927
0.214296
0.220634
0.228728
0.236076
0.239683
0.23833
0.231264
0.227487
0.230861
0.237908
0.248793
0.259537
0.267739
0.275766
0.285439
0.298127
0.31499
0.337167
0.366569
0.402774
0.433731
0.45881
0.47176
0.496674
0.541965
0.609687
0.690961
0.776131
0.86982
0.967741
1.01676
1.02313
1.00276
0.993812
1.01068
1.05874
1.14966
1.28099
1.41408
1.49473
1.53431
1.54825
1.57029
1.60972
1.65287
1.66306
1.6578
1.63787
1.63221
1.63777
1.65457
1.67013
1.6724
1.66926
1.66002
1.65675
1.65841
1.66382
1.66836
1.66885
1.66731
1.66371
1.66276
1.66358
1.66614
1.669
1.66985
1.66989
1.66945
1.66935
1.66963
1.67022
1.67052
1.67051
1.66998
1.66917
1.66888
1.66899
1.66933
1.66992
1.67063
1.6714
1.67224
1.67321
1.67409
1.67448
1.67459
1.67443
1.67379
1.67265
1.67146
1.67095
1.67095
1.67107
1.67128
1.67161
1.672
1.67225
1.67229
1.67226
1.67207
1.67166
1.67105
1.67053
1.67041
1.67054
1.67077
1.67117
1.67176
1.67247
1.67318
1.67366
1.67384
1.67393
1.67392
1.67377
1.67347
1.67317
1.67301
1.67302
31.6563
0.272502
0.148729
0.152583
0.155473
0.17348
0.197283
0.226759
0.254775
0.267473
0.268135
0.266574
0.263956
0.26082
0.253237
0.223089
0.167673
0.152947
0.153578
0.15782
0.164086
0.170166
0.175695
0.18093
0.186102
0.191364
0.196901
0.202968
0.209892
0.218037
0.22738
0.234397
0.235443
0.233627
0.221137
0.18231
0.158739
0.15792
0.159828
0.164269
0.168544
0.171692
0.174256
0.176802
0.179554
0.182483
0.185441
0.188253
0.190813
0.193346
0.196738
0.202709
0.210234
0.212162
0.210418
0.198369
0.1704
0.158622
0.158085
0.159374
0.162482
0.165483
0.16743
0.168813
0.170153
0.171694
0.173453
0.175286
0.176981
0.178454
0.179913
0.181953
0.1858
0.191704
0.194425
0.193859
0.18844
0.170946
0.157135
0.15572
0.156017
0.157842
0.160468
0.162377
0.16345
0.164241
0.165118
0.166242
0.167558
0.168807
0.169769
0.170536
0.171508
0.17345
0.177332
0.181057
0.181368
0.180071
0.173072
0.158739
0.152209
0.151724
0.152098
0.153757
0.156061
0.15765
0.158381
0.158819
0.159333
0.160124
0.161198
0.162302
0.163145
0.163742
0.164397
0.16572
0.168347
0.170635
0.170589
0.16938
0.164091
0.152938
0.14679
0.146162
0.14626
0.147388
0.149383
0.150966
0.151526
0.151635
0.151693
0.151894
0.152364
0.153054
0.153719
0.154207
0.154642
0.155378
0.15706
0.159368
0.16026
0.159696
0.157201
0.149534
0.140666
0.138475
0.138229
0.138828
0.140449
0.142119
0.142932
0.143272
0.143596
0.144101
0.144858
0.145971
0.147457
0.149164
0.150865
0.152577
0.154614
0.157537
0.16162
0.165885
0.167969
0.168233
0.163882
0.158937
0.159193
0.162139
0.16698
0.173134
0.178888
0.18312
0.186579
0.190139
0.194198
0.199129
0.204776
0.210579
0.216447
0.223216
0.231705
0.239749
0.243854
0.242895
0.235974
0.232124
0.235562
0.242677
0.253485
0.263747
0.271206
0.278356
0.286928
0.29818
0.312928
0.332148
0.357317
0.387457
0.412024
0.431474
0.440329
0.458336
0.498621
0.56438
0.655216
0.761775
0.884097
1.02525
1.11771
1.14464
1.12051
1.1043
1.11423
1.15341
1.23196
1.34257
1.43884
1.5008
1.52753
1.5457
1.57172
1.61808
1.65607
1.663
1.65327
1.63266
1.63064
1.6387
1.65843
1.6721
1.67339
1.66867
1.6589
1.65688
1.65905
1.66498
1.66881
1.66907
1.66708
1.66356
1.66291
1.66377
1.66632
1.66882
1.66948
1.66954
1.66928
1.66943
1.6699
1.6706
1.67087
1.67079
1.6701
1.66914
1.66876
1.66885
1.66907
1.6695
1.6701
1.67089
1.6719
1.67314
1.67424
1.67469
1.6748
1.67464
1.67401
1.67283
1.6715
1.67076
1.67067
1.67075
1.67094
1.67127
1.67175
1.67221
1.67239
1.67244
1.67232
1.67199
1.67141
1.67075
1.67041
1.67045
1.67061
1.67091
1.6714
1.67207
1.67283
1.67347
1.67379
1.67391
1.67397
1.67387
1.67362
1.6733
1.6731
1.67309
31.5234
0.398003
0.149102
0.152925
0.155806
0.173624
0.197167
0.226434
0.254453
0.267363
0.268144
0.26647
0.263858
0.260923
0.253662
0.223473
0.167639
0.152926
0.153579
0.157827
0.164048
0.17008
0.175601
0.180872
0.186103
0.191436
0.19703
0.203132
0.210099
0.218294
0.227608
0.234389
0.235253
0.233343
0.220419
0.181393
0.158647
0.157872
0.159792
0.16419
0.168403
0.171514
0.174066
0.176606
0.179353
0.182275
0.185226
0.188048
0.190672
0.193325
0.196877
0.203103
0.210757
0.212562
0.21071
0.198266
0.169942
0.15846
0.157987
0.159328
0.162479
0.165488
0.167447
0.168862
0.170251
0.171851
0.173682
0.175574
0.177293
0.178751
0.180169
0.18215
0.185954
0.191793
0.194441
0.193845
0.188412
0.170985
0.157222
0.155786
0.156055
0.157861
0.160493
0.162431
0.163534
0.164352
0.165248
0.166386
0.167713
0.168973
0.16994
0.170713
0.171703
0.173692
0.177565
0.181025
0.181157
0.179664
0.172172
0.157758
0.151758
0.151316
0.151718
0.153389
0.155668
0.157221
0.157943
0.158385
0.158901
0.159682
0.16074
0.161839
0.162708
0.163367
0.164142
0.16564
0.168482
0.170857
0.170815
0.169587
0.164104
0.152758
0.146799
0.146222
0.146339
0.1475
0.149504
0.151064
0.151603
0.151705
0.151753
0.151926
0.152358
0.153014
0.153653
0.15413
0.154573
0.155359
0.15716
0.159577
0.160453
0.159899
0.157361
0.149605
0.140871
0.138766
0.138509
0.139103
0.140696
0.142275
0.142965
0.143245
0.143515
0.143949
0.144657
0.145722
0.147154
0.148785
0.150387
0.15197
0.153872
0.156666
0.160594
0.164701
0.166734
0.167081
0.162883
0.157846
0.157964
0.160881
0.16562
0.171732
0.177686
0.182308
0.186099
0.18994
0.194272
0.199504
0.205534
0.211784
0.218128
0.225362
0.234299
0.243059
0.24766
0.24716
0.240398
0.236486
0.24011
0.247473
0.258386
0.268362
0.275317
0.281754
0.289331
0.299204
0.312092
0.328615
0.349998
0.374759
0.393433
0.407356
0.412212
0.423816
0.458129
0.517882
0.609232
0.729568
0.877139
1.0552
1.19907
1.25435
1.23645
1.22104
1.23338
1.2773
1.34906
1.42656
1.47697
1.51214
1.52351
1.54399
1.57511
1.62834
1.65893
1.66257
1.64803
1.62868
1.62959
1.64021
1.66161
1.67296
1.67356
1.6675
1.65856
1.65772
1.66041
1.66629
1.66893
1.66886
1.66636
1.66332
1.66323
1.66437
1.66691
1.66865
1.66897
1.66892
1.66894
1.66928
1.67012
1.67098
1.67121
1.67106
1.67022
1.66914
1.6687
1.66876
1.66892
1.66921
1.66967
1.67041
1.67154
1.67305
1.67439
1.67491
1.67501
1.67485
1.67417
1.67291
1.67142
1.67049
1.6703
1.67036
1.67054
1.6709
1.6715
1.67216
1.67256
1.67267
1.67263
1.67237
1.67182
1.67105
1.67046
1.67033
1.67044
1.67066
1.67106
1.67167
1.67247
1.67326
1.67373
1.67389
1.67398
1.67392
1.6737
1.67339
1.67317
1.67315
31.4866
0.431381
0.14837
0.152511
0.155811
0.173819
0.197347
0.226399
0.254223
0.267243
0.268206
0.266455
0.263827
0.261039
0.25399
0.223741
0.167672
0.153049
0.153715
0.157971
0.164168
0.17018
0.175711
0.181026
0.186332
0.191761
0.197453
0.203629
0.210644
0.218865
0.228076
0.234592
0.235278
0.233272
0.2199
0.180648
0.158631
0.157847
0.159766
0.164104
0.168254
0.171321
0.173838
0.176338
0.179037
0.181917
0.184846
0.187666
0.190322
0.19307
0.1968
0.203317
0.211276
0.213178
0.211323
0.198505
0.169759
0.158504
0.158104
0.159503
0.162709
0.165729
0.167691
0.169121
0.170541
0.172186
0.174057
0.17597
0.177673
0.179086
0.180442
0.182362
0.186149
0.191908
0.194421
0.193764
0.188269
0.170888
0.157242
0.155799
0.156039
0.157818
0.160442
0.16239
0.163507
0.164346
0.165269
0.166437
0.167801
0.169109
0.170144
0.170991
0.172052
0.174108
0.177942
0.1811
0.181054
0.179338
0.171353
0.156903
0.151379
0.150973
0.151425
0.153123
0.155373
0.156893
0.157602
0.158033
0.158521
0.159256
0.160261
0.161329
0.162208
0.162918
0.163792
0.165464
0.1685
0.170965
0.170943
0.169701
0.16405
0.152533
0.146724
0.146184
0.146315
0.147508
0.149527
0.151063
0.151578
0.151672
0.151719
0.151886
0.152294
0.152909
0.153518
0.153991
0.154461
0.155301
0.157167
0.159627
0.160465
0.159915
0.157357
0.149564
0.140939
0.138929
0.138689
0.139293
0.140878
0.142398
0.143001
0.143198
0.143407
0.143795
0.144501
0.145614
0.147081
0.148698
0.150264
0.151795
0.153619
0.156283
0.160042
0.163973
0.165938
0.166236
0.161985
0.156916
0.156941
0.159832
0.164521
0.17065
0.176761
0.181649
0.18569
0.189755
0.194302
0.199723
0.20596
0.212527
0.219253
0.226889
0.236247
0.245653
0.250653
0.250532
0.24378
0.239749
0.243626
0.251287
0.262372
0.272266
0.279076
0.285166
0.292126
0.30098
0.312394
0.326841
0.345294
0.366065
0.380409
0.390299
0.392295
0.399668
0.429337
0.483027
0.57047
0.694644
0.857462
1.06089
1.25239
1.33608
1.33194
1.32262
1.34219
1.39757
1.46404
1.5036
1.52269
1.52544
1.52489
1.54526
1.5831
1.63799
1.65974
1.6602
1.64198
1.62662
1.62959
1.64309
1.66418
1.6722
1.67216
1.66518
1.65848
1.659
1.66268
1.66792
1.66915
1.66841
1.66512
1.66307
1.66348
1.66524
1.66765
1.66843
1.66846
1.66814
1.66829
1.66894
1.67028
1.67133
1.67154
1.67133
1.67038
1.66924
1.66875
1.66874
1.66885
1.66902
1.66934
1.67001
1.67121
1.67295
1.67453
1.67512
1.67522
1.67503
1.67428
1.67288
1.67122
1.67015
1.66989
1.66995
1.67014
1.67056
1.67127
1.67212
1.67274
1.67294
1.67297
1.67278
1.67224
1.67139
1.67056
1.67023
1.67027
1.67042
1.67073
1.67131
1.67214
1.67305
1.67363
1.67385
1.67396
1.67392
1.67372
1.67342
1.6732
1.67319
31.6635
0.245685
0.147851
0.152346
0.155918
0.174115
0.197674
0.226585
0.254258
0.267326
0.268375
0.26657
0.263941
0.261231
0.254279
0.224024
0.167912
0.153364
0.154037
0.158292
0.164464
0.170445
0.175975
0.181337
0.186731
0.19227
0.198073
0.204318
0.21131
0.219413
0.228451
0.234807
0.235363
0.233272
0.219541
0.180107
0.158655
0.157828
0.159714
0.163966
0.168046
0.171072
0.173564
0.176038
0.178705
0.181547
0.184444
0.187252
0.189934
0.192766
0.196669
0.203431
0.21169
0.213764
0.211988
0.198974
0.169805
0.158652
0.158334
0.159811
0.163096
0.166126
0.168078
0.169498
0.170907
0.172537
0.174389
0.176285
0.177978
0.17937
0.180685
0.18257
0.186365
0.192052
0.194391
0.193644
0.18806
0.170699
0.157209
0.155794
0.156032
0.157814
0.160459
0.162448
0.163595
0.164446
0.165378
0.166567
0.167966
0.16932
0.170411
0.171327
0.172469
0.174607
0.178403
0.181299
0.181099
0.179156
0.170685
0.156211
0.151087
0.150712
0.151193
0.15291
0.155154
0.156656
0.157353
0.157768
0.158227
0.158916
0.15987
0.1609
0.161767
0.162498
0.163423
0.165205
0.168404
0.170958
0.17097
0.169723
0.163932
0.152292
0.146591
0.146075
0.146225
0.147454
0.149487
0.150998
0.151493
0.151587
0.151637
0.151807
0.152208
0.15281
0.153414
0.153895
0.154385
0.155266
0.157215
0.159699
0.160471
0.159907
0.157282
0.149418
0.140902
0.138954
0.138721
0.139331
0.140925
0.142424
0.142983
0.143145
0.14333
0.143713
0.14443
0.145599
0.147145
0.148799
0.150378
0.1519
0.15367
0.156225
0.159821
0.163514
0.165396
0.165576
0.161241
0.156134
0.15616
0.159092
0.163835
0.170014
0.176192
0.181201
0.185392
0.189601
0.194296
0.199852
0.206223
0.212948
0.21988
0.227764
0.237448
0.247393
0.252678
0.252773
0.245833
0.241578
0.245584
0.25344
0.264637
0.274643
0.28171
0.287886
0.294683
0.303052
0.31349
0.326474
0.342925
0.361059
0.372716
0.38041
0.381218
0.386637
0.413666
0.463476
0.547386
0.670834
0.838483
1.05593
1.27965
1.38454
1.39376
1.38982
1.41528
1.47734
1.53744
1.55489
1.55561
1.5393
1.53701
1.55447
1.59534
1.64337
1.65768
1.65471
1.63528
1.62666
1.63157
1.64803
1.66687
1.67131
1.66971
1.66177
1.65836
1.66004
1.66529
1.66951
1.66985
1.66786
1.66378
1.66281
1.66371
1.66619
1.66816
1.6684
1.66801
1.66738
1.66758
1.66854
1.6704
1.67164
1.67184
1.67159
1.67056
1.66942
1.66891
1.66879
1.66881
1.6689
1.66912
1.6697
1.67093
1.67286
1.67466
1.67531
1.67539
1.67517
1.67432
1.67276
1.67095
1.6698
1.66952
1.66959
1.6698
1.67028
1.6711
1.67213
1.67293
1.67323
1.6733
1.67316
1.67264
1.67172
1.67069
1.67015
1.67011
1.67021
1.67046
1.671
1.67186
1.67286
1.67354
1.6738
1.67393
1.67391
1.67372
1.67344
1.67323
1.67323
31.6282
0.278606
0.148886
0.152982
0.156083
0.17419
0.197805
0.226752
0.254269
0.267462
0.268564
0.26676
0.264128
0.261425
0.254468
0.224315
0.168213
0.153589
0.154247
0.158488
0.164665
0.170666
0.17623
0.181649
0.187125
0.192756
0.198636
0.204929
0.211886
0.21986
0.228725
0.234972
0.235474
0.233298
0.219299
0.179758
0.158651
0.157758
0.159607
0.16379
0.167815
0.170812
0.17329
0.175743
0.178371
0.181163
0.184009
0.186783
0.189465
0.19238
0.196478
0.203478
0.212003
0.214223
0.212528
0.199448
0.170051
0.158944
0.158692
0.160234
0.163564
0.166588
0.168512
0.169902
0.171278
0.172871
0.17468
0.176524
0.178187
0.179566
0.180869
0.182747
0.186556
0.192176
0.194375
0.193541
0.187866
0.170491
0.157125
0.155726
0.155942
0.157704
0.160347
0.162348
0.163513
0.164384
0.165348
0.166589
0.168057
0.169481
0.170627
0.171593
0.172798
0.175037
0.178843
0.181545
0.181235
0.179118
0.170236
0.155739
0.150891
0.150531
0.151031
0.152762
0.154999
0.156493
0.157188
0.157604
0.158056
0.158728
0.159651
0.160636
0.161465
0.162182
0.163132
0.164979
0.168287
0.170922
0.170958
0.169713
0.163818
0.152084
0.146456
0.145959
0.146127
0.147384
0.149423
0.150907
0.151382
0.151476
0.151538
0.151719
0.152132
0.152756
0.153389
0.153894
0.154401
0.155305
0.1573
0.159782
0.160519
0.159935
0.157229
0.14926
0.140813
0.13891
0.138674
0.139277
0.140861
0.142347
0.142904
0.143074
0.143269
0.143666
0.144408
0.145626
0.14724
0.148934
0.150536
0.152083
0.153851
0.156377
0.159888
0.163344
0.165143
0.165145
0.160669
0.155613
0.155754
0.158742
0.16354
0.169745
0.175921
0.180948
0.185187
0.189461
0.194244
0.199902
0.206369
0.213158
0.220152
0.228161
0.238095
0.248415
0.253853
0.253964
0.246734
0.242186
0.246164
0.254022
0.265315
0.275623
0.283078
0.289485
0.296365
0.304568
0.314492
0.326702
0.3421
0.358819
0.369163
0.375983
0.376711
0.381594
0.407665
0.455949
0.538002
0.660008
0.827969
1.05071
1.29049
1.40696
1.42408
1.42053
1.44676
1.51047
1.56781
1.5796
1.57455
1.55429
1.55366
1.56821
1.60618
1.64432
1.6525
1.64636
1.62943
1.62723
1.63482
1.65379
1.66854
1.67058
1.66674
1.65851
1.65767
1.66082
1.66755
1.67086
1.67063
1.66723
1.66284
1.66255
1.66393
1.66694
1.66847
1.66852
1.66761
1.66673
1.66696
1.66818
1.67046
1.67184
1.67205
1.67176
1.67071
1.66959
1.66908
1.6689
1.6688
1.66884
1.66898
1.66948
1.67073
1.67281
1.67477
1.67546
1.67553
1.67527
1.67433
1.67263
1.67069
1.6695
1.66924
1.66933
1.66955
1.67007
1.67098
1.67216
1.67309
1.67346
1.67356
1.67345
1.67295
1.67197
1.6708
1.6701
1.66999
1.67005
1.67026
1.67078
1.67166
1.67273
1.67348
1.67377
1.67391
1.67389
1.6737
1.67342
1.67322
1.67323
31.7189
0.191685
0.148985
0.152938
0.155994
0.174256
0.198033
0.227008
0.254414
0.267612
0.268554
0.266696
0.264026
0.261327
0.254454
0.224462
0.168501
0.153856
0.154508
0.158762
0.164946
0.170948
0.176522
0.181971
0.187498
0.193188
0.199109
0.205388
0.212272
0.220115
0.228855
0.235022
0.235462
0.23327
0.219201
0.179589
0.158625
0.157694
0.159495
0.163635
0.167643
0.170639
0.17312
0.175569
0.178179
0.180943
0.183753
0.186507
0.189224
0.192229
0.196434
0.203612
0.212374
0.214623
0.212886
0.19967
0.170176
0.159158
0.158961
0.160554
0.16392
0.166947
0.168853
0.170215
0.171551
0.173087
0.174828
0.176631
0.178281
0.179684
0.181028
0.182913
0.186708
0.192268
0.194403
0.193523
0.187765
0.170353
0.157072
0.155693
0.155904
0.157658
0.160305
0.162323
0.163508
0.1644
0.165389
0.166659
0.16816
0.169626
0.170819
0.171814
0.173038
0.175326
0.179153
0.181707
0.181308
0.179089
0.170011
0.15549
0.150749
0.15039
0.150892
0.15262
0.154856
0.156353
0.157052
0.15747
0.157921
0.158583
0.159483
0.160441
0.161256
0.161979
0.162947
0.164833
0.168211
0.170853
0.170889
0.16963
0.163695
0.151925
0.14634
0.145851
0.146029
0.14729
0.149319
0.150779
0.151241
0.151334
0.151406
0.151608
0.152047
0.15269
0.15333
0.153833
0.154336
0.155242
0.157248
0.159731
0.160445
0.159862
0.157115
0.149049
0.140651
0.138797
0.138568
0.139179
0.140774
0.142265
0.142833
0.143014
0.143228
0.143665
0.144466
0.145756
0.147416
0.149119
0.150719
0.15226
0.154028
0.156537
0.159974
0.163237
0.164961
0.164853
0.160316
0.155338
0.155557
0.158594
0.163428
0.16963
0.175776
0.180797
0.185057
0.189366
0.194196
0.199915
0.206436
0.213267
0.220308
0.228402
0.238467
0.248857
0.254293
0.254287
0.246752
0.241971
0.245963
0.253952
0.265486
0.276055
0.28375
0.290304
0.297214
0.305365
0.315138
0.327048
0.341969
0.358085
0.36813
0.374828
0.375649
0.380293
0.406026
0.453901
0.53524
0.65667
0.824553
1.04897
1.29474
1.41418
1.43177
1.42606
1.45291
1.51807
1.5765
1.58883
1.58376
1.56443
1.56409
1.57767
1.61268
1.64205
1.64705
1.64062
1.62756
1.62865
1.63777
1.65715
1.66881
1.66979
1.66453
1.65701
1.65747
1.6617
1.66898
1.6715
1.6709
1.6667
1.66245
1.66247
1.66416
1.66729
1.66852
1.66842
1.66718
1.6663
1.66665
1.66808
1.67061
1.67207
1.67225
1.67193
1.67084
1.66973
1.66921
1.66898
1.66882
1.66878
1.66889
1.66938
1.67068
1.67285
1.67488
1.67556
1.6756
1.67531
1.67429
1.67248
1.67046
1.66928
1.66906
1.66917
1.66943
1.66999
1.67095
1.67223
1.67328
1.67369
1.67377
1.67364
1.67312
1.67209
1.67084
1.67005
1.66991
1.66996
1.67013
1.67063
1.67153
1.67265
1.67345
1.67376
1.6739
1.6739
1.67372
1.67345
1.67326
1.67327
)
;

boundaryField
{
    sides
    {
        type            calculated;
        value           nonuniform List<scalar> 
600
(
31.7033
0.235949
0.145533
0.151678
0.156667
0.176894
0.202591
0.233304
0.258858
0.267785
0.267429
0.265739
0.26261
0.25867
0.247838
0.209186
0.159277
0.151696
0.153215
0.158356
0.164907
0.170987
0.176497
0.181773
0.187075
0.192574
0.198465
0.204994
0.21243
0.221215
0.231358
0.238625
0.238951
0.235245
0.212901
0.167544
0.154385
0.1549
0.158217
0.162987
0.166823
0.169662
0.172181
0.174795
0.177614
0.180577
0.183583
0.186542
0.189398
0.192381
0.196286
0.202819
0.212719
0.21775
0.216845
0.207053
0.177375
0.160635
0.159866
0.161037
0.164097
0.16688
0.168478
0.169542
0.170653
0.172041
0.173667
0.175334
0.176825
0.178039
0.179174
0.180797
0.184115
0.190237
0.19462
0.194692
0.191147
0.175875
0.158938
0.156286
0.156426
0.157962
0.160418
0.162211
0.163185
0.163924
0.164816
0.16602
0.167462
0.168849
0.169897
0.170626
0.171341
0.172626
0.175547
0.179579
0.180827
0.18024
0.175888
0.163114
0.152742
0.151382
0.15129
0.152242
0.154077
0.155593
0.15633
0.156715
0.157124
0.157766
0.158697
0.15972
0.160488
0.160938
0.161316
0.162076
0.164014
0.166788
0.167756
0.167279
0.164534
0.155917
0.146642
0.144629
0.144387
0.144906
0.146361
0.147853
0.148491
0.148612
0.148649
0.148824
0.149291
0.149965
0.150469
0.15063
0.150631
0.150722
0.151264
0.152668
0.15411
0.153993
0.152912
0.148367
0.140015
0.136677
0.136857
0.137708
0.139665
0.142223
0.144523
0.146232
0.147622
0.14909
0.150862
0.15307
0.155706
0.158548
0.161283
0.163838
0.166507
0.169996
0.174707
0.178087
0.179529
0.177373
0.170341
0.166005
0.166739
0.16902
0.173393
0.178609
0.182421
0.184473
0.186178
0.188178
0.190908
0.194558
0.19889
0.203591
0.208818
0.215307
0.223091
0.228612
0.232021
0.229361
0.223603
0.224146
0.230293
0.240492
0.25303
0.263588
0.271176
0.278162
0.285793
0.294954
0.305908
0.31894
0.33458
0.350227
0.357774
0.360426
0.355578
0.352388
0.361892
0.382014
0.417338
0.469778
0.544725
0.654981
0.820633
1.05738
1.24434
1.3398
1.37694
1.42058
1.49498
1.56569
1.58154
1.5751
1.54832
1.54345
1.55771
1.59746
1.64034
1.65112
1.6474
1.62961
1.62416
1.63062
1.64883
1.66613
1.66937
1.66667
1.65724
1.65363
1.6554
1.66052
1.66446
1.66496
1.66355
1.66147
1.66183
1.66397
1.66822
1.67076
1.67113
1.67029
1.66824
1.66734
1.66766
1.66826
1.66867
1.6688
1.66857
1.66847
1.66877
1.66946
1.67049
1.67108
1.67124
1.67115
1.671
1.67116
1.67155
1.67228
1.67301
1.67337
1.67357
1.67351
1.6732
1.67277
1.67242
1.67224
1.67219
1.67219
1.67221
1.67221
1.67215
1.67196
1.67161
1.67128
1.67122
1.67137
1.67165
1.6722
1.67296
1.67363
1.67391
1.67399
1.67396
1.67372
1.67318
1.67246
1.67196
1.67189
1.67204
1.67235
1.67289
1.67416
31.7189
0.191685
0.148985
0.152938
0.155994
0.174256
0.198033
0.227008
0.254414
0.267612
0.268554
0.266696
0.264026
0.261327
0.254454
0.224462
0.168501
0.153856
0.154508
0.158762
0.164946
0.170948
0.176522
0.181971
0.187498
0.193188
0.199109
0.205388
0.212272
0.220115
0.228855
0.235022
0.235462
0.23327
0.219201
0.179589
0.158625
0.157694
0.159495
0.163635
0.167643
0.170639
0.17312
0.175569
0.178179
0.180943
0.183753
0.186507
0.189224
0.192229
0.196434
0.203612
0.212374
0.214623
0.212886
0.19967
0.170176
0.159158
0.158961
0.160554
0.16392
0.166947
0.168853
0.170215
0.171551
0.173087
0.174828
0.176631
0.178281
0.179684
0.181028
0.182913
0.186708
0.192268
0.194403
0.193523
0.187765
0.170353
0.157072
0.155693
0.155904
0.157658
0.160305
0.162323
0.163508
0.1644
0.165389
0.166659
0.16816
0.169626
0.170819
0.171814
0.173038
0.175326
0.179153
0.181707
0.181308
0.179089
0.170011
0.15549
0.150749
0.15039
0.150892
0.15262
0.154856
0.156353
0.157052
0.15747
0.157921
0.158583
0.159483
0.160441
0.161256
0.161979
0.162947
0.164833
0.168211
0.170853
0.170889
0.16963
0.163695
0.151925
0.14634
0.145851
0.146029
0.14729
0.149319
0.150779
0.151241
0.151334
0.151406
0.151608
0.152047
0.15269
0.15333
0.153833
0.154336
0.155242
0.157248
0.159731
0.160445
0.159862
0.157115
0.149049
0.140651
0.138797
0.138568
0.139179
0.140774
0.142265
0.142833
0.143014
0.143228
0.143665
0.144466
0.145756
0.147416
0.149119
0.150719
0.15226
0.154028
0.156537
0.159974
0.163237
0.164961
0.164853
0.160316
0.155338
0.155557
0.158594
0.163428
0.16963
0.175776
0.180797
0.185057
0.189366
0.194196
0.199915
0.206436
0.213267
0.220308
0.228402
0.238467
0.248857
0.254293
0.254287
0.246752
0.241971
0.245963
0.253952
0.265486
0.276055
0.28375
0.290304
0.297214
0.305365
0.315138
0.327048
0.341969
0.358085
0.36813
0.374828
0.375649
0.380293
0.406026
0.453901
0.53524
0.65667
0.824553
1.04897
1.29474
1.41418
1.43177
1.42606
1.45291
1.51807
1.5765
1.58883
1.58376
1.56443
1.56409
1.57767
1.61268
1.64205
1.64705
1.64062
1.62756
1.62865
1.63777
1.65715
1.66881
1.66979
1.66453
1.65701
1.65747
1.6617
1.66898
1.6715
1.6709
1.6667
1.66245
1.66247
1.66416
1.66729
1.66852
1.66842
1.66718
1.6663
1.66665
1.66808
1.67061
1.67207
1.67225
1.67193
1.67084
1.66973
1.66921
1.66898
1.66882
1.66878
1.66889
1.66938
1.67068
1.67285
1.67488
1.67556
1.6756
1.67531
1.67429
1.67248
1.67046
1.66928
1.66906
1.66917
1.66943
1.66999
1.67095
1.67223
1.67328
1.67369
1.67377
1.67364
1.67312
1.67209
1.67084
1.67005
1.66991
1.66996
1.67013
1.67063
1.67153
1.67265
1.67345
1.67376
1.6739
1.6739
1.67372
1.67345
1.67326
1.67327
)
;
    }
    inlet
    {
        type            calculated;
        value           nonuniform List<scalar> 
20
(
0.0963279
0.0963321
0.0963176
0.0964074
0.0964045
0.0963879
0.0963134
0.0962788
0.0963472
0.0963669
0.0963524
0.0964203
0.0963946
0.0964131
0.0964038
0.0963913
0.0963938
0.0963534
0.096303
0.096303
)
;
    }
    outlet
    {
        type            calculated;
        value           nonuniform List<scalar> 
20
(
1.67416
1.67403
1.67384
1.67358
1.67329
1.67303
1.67283
1.67272
1.6727
1.67273
1.67279
1.67287
1.67295
1.67302
1.67309
1.67315
1.67319
1.67323
1.67323
1.67327
)
;
    }
    empty
    {
        type            empty;
    }
}


// ************************************************************************* //
