/*--------------------------------*- C++ -*----------------------------------*\
| =========                 |                                                 |
| \\      /  F ield         | OpenFOAM: The Open Source CFD Toolbox           |
|  \\    /   O peration     | Version:  2306                                  |
|   \\  /    A nd           | Website:  www.openfoam.com                      |
|    \\/     M anipulation  |                                                 |
\*---------------------------------------------------------------------------*/
FoamFile
{
    version     2.0;
    format      ascii;
    arch        "LSB;label=32;scalar=64";
    class       volScalarField;
    location    "0.11";
    object      T;
}
// * * * * * * * * * * * * * * * * * * * * * * * * * * * * * * * * * * * * * //

dimensions      [0 0 0 1 0 0 0];

internalField   nonuniform List<scalar> 
6000
(
3615.86
2424.59
2092.8
2145.25
2230.71
2373.88
2516.93
2670.34
2792.17
2843.54
2861.15
2881.03
2900.17
2917.95
2906.14
2744.31
2450.49
2405.42
2431.34
2480.7
2538.08
2593.29
2645.4
2696.48
2748.16
2801.32
2856.81
2915.94
2980.72
3054.83
3139.34
3208.8
3235.5
3241.06
3144.77
2860.38
2763.08
2779.64
2818.03
2864.82
2905.32
2938.97
2970.33
3002.29
3035.62
3069.94
3104.64
3139.07
3172.74
3207.27
3248.31
3307.33
3388.99
3435.57
3442.95
3398.75
3206.05
3078.04
3080.36
3100.7
3133.95
3165.12
3187.53
3205.89
3224.67
3245.51
3268.07
3291.02
3312.88
3332.96
3352.84
3376.87
3413.9
3472.44
3517.23
3529.63
3518.45
3416.85
3285.54
3270.86
3282.55
3306.63
3337.16
3362.75
3381.69
3398.8
3417.34
3438.51
3461.81
3485.04
3505.93
3524.63
3543.78
3568.14
3606.16
3654.04
3677.76
3686.48
3668.16
3572.85
3487.92
3485.63
3497.76
3519.36
3547.85
3574.04
3593.05
3608.61
3624.32
3641.99
3662.21
3683.64
3703.28
3720.26
3736.9
3757.49
3789.06
3829.24
3852.33
3862.09
3854.52
3788.38
3708.21
3700.05
3712.85
3735.61
3766.52
3799.08
3823.82
3843.4
3862.86
3884.65
3910.05
3938.54
3966.53
3991.64
4015.58
4040.99
4070.49
4107.6
4142.44
4156.05
4157.36
4113.38
4010.36
3959.37
3948.84
3940.95
3939.47
3940.95
3934.65
3913.65
3883.74
3850.82
3817.03
3784.2
3753.09
3722.38
3689.89
3655.76
3623.56
3599.03
3585.47
3561.56
3518.81
3450.21
3351.92
3278.7
3249.4
3231.33
3227.2
3227.98
3216.46
3187.72
3154.99
3121.89
3089.31
3057.27
3023.3
2984.69
2942.02
2898.99
2855.25
2793.55
2714.86
2606.29
2491.17
2408.94
2349.47
2302.86
2261.88
2210.34
2147.22
2083.53
2024.01
1970.59
1923.34
1882.4
1848.56
1815.36
1766.66
1709.36
1638.14
1570.08
1513.97
1449.81
1369.07
1252.65
1094.02
912.084
740.875
605.815
501.55
437.172
404.536
392.15
390.553
390.889
387.195
381.059
373.895
369.42
367.203
367.195
367.819
366.062
362.883
359.331
357.42
356.801
357.145
357.773
357.402
356.448
355.159
354.5
354.356
354.463
354.556
354.379
354.001
353.639
353.514
353.522
353.713
353.8
353.704
353.478
353.183
352.996
352.922
352.869
352.807
352.722
352.608
352.513
352.456
352.428
352.43
352.4
352.324
352.229
352.141
352.087
352.053
352.049
352.045
352.013
351.966
351.9
351.816
351.725
351.642
351.575
351.521
351.474
351.429
351.384
351.334
351.276
351.206
351.138
351.096
351.073
351.059
351.065
351.093
351.117
351.11
351.082
351.045
350.993
350.92
350.828
350.754
350.72
350.711
350.706
350.715
350.792
3615.7
2768.25
2086.27
2143.24
2229.19
2371.52
2513.95
2667
2789.71
2842.46
2860.78
2880.85
2900.2
2918.4
2908.08
2748.85
2453.18
2406.57
2432.37
2481.66
2539.01
2594.27
2646.52
2697.78
2749.64
2802.94
2858.43
2917.46
2982.02
3055.66
3139.68
3209.76
3237.48
3243.83
3150.32
2867.46
2766.59
2782.54
2820.37
2866.8
2906.97
2940.23
2971.18
3002.76
3035.75
3069.84
3104.34
3138.49
3172.04
3206.35
3246.73
3304.55
3384.05
3428.18
3435.59
3391.52
3200.46
3074.57
3077.41
3097.97
3131.53
3163.16
3186.02
3204.71
3223.76
3245.05
3268.56
3292.91
3315.94
3336.91
3357.41
3381.79
3418.88
3476.96
3520.69
3532.5
3520.23
3415.78
3285.14
3271.34
3282.87
3306.62
3336.84
3362.25
3381.1
3398.14
3416.6
3437.77
3461.18
3484.67
3505.87
3524.79
3544.22
3568.97
3607.17
3654.56
3677.68
3686.31
3667.53
3570.89
3485.48
3483.08
3495.13
3516.66
3545.05
3571.24
3590.48
3606.47
3622.73
3641.02
3661.89
3683.84
3703.88
3721.28
3738.4
3759.35
3791.13
3831.46
3854.62
3864.41
3856.83
3790.4
3710.04
3701.96
3714.68
3737.47
3768.38
3800.72
3825
3844.2
3863.37
3884.75
3909.31
3936.98
3964.95
3990.43
4014.49
4039.92
4069.59
4106.93
4141.69
4155.39
4156.91
4113.35
4011.02
3960.58
3950.33
3942.63
3941.4
3943.1
3937.02
3916.38
3886.81
3854.1
3820.42
3787.61
3756.41
3725.55
3692.92
3658.68
3626.33
3601.64
3588.09
3564.04
3521.14
3452.22
3353.15
3279.18
3249.28
3230.44
3225.28
3225.2
3212.96
3183.62
3151.13
3118.6
3086.59
3054.97
3021.32
2983.07
2941.09
2899.2
2857.07
2796.48
2718
2609.52
2493.84
2411.17
2351.59
2304.76
2263.58
2211.64
2147.61
2082.69
2021.72
1966.68
1917.76
1875.31
1840.33
1806.31
1756.9
1699.28
1628.36
1561.55
1506.77
1443.98
1364.55
1249.48
1092.43
911.902
741.541
606.699
502.698
438.904
406.658
394.235
392.461
392.733
388.772
382.19
374.433
369.381
366.921
366.679
367.424
365.977
363.045
359.538
357.464
356.783
357.01
357.655
357.352
356.465
355.222
354.522
354.361
354.437
354.543
354.379
354.026
353.671
353.542
353.538
353.703
353.78
353.684
353.463
353.176
352.988
352.912
352.857
352.794
352.712
352.603
352.513
352.456
352.429
352.432
352.405
352.331
352.239
352.153
352.099
352.063
352.054
352.043
352.005
351.953
351.879
351.795
351.708
351.632
351.57
351.52
351.478
351.436
351.391
351.339
351.28
351.208
351.138
351.095
351.071
351.055
351.06
351.086
351.112
351.108
351.082
351.046
350.995
350.924
350.834
350.758
350.723
350.712
350.705
350.71
350.783
3616.25
2803.8
2086.43
2143.79
2224.98
2366.13
2508.62
2661.54
2786.16
2841.39
2860.38
2880.62
2900.65
2919.75
2910.9
2754.67
2457.1
2408.14
2433.61
2482.82
2540.23
2595.7
2648.31
2699.99
2752.25
2805.89
2861.66
2920.61
2984.66
3057.3
3140.34
3210.06
3237.55
3245
3157.7
2878.79
2770.79
2785.71
2822.63
2868.74
2908.88
2941.91
2972.41
3003.43
3035.93
3069.68
3104.02
3138.03
3171.49
3205.63
3245.39
3301.97
3378.68
3419.91
3426.83
3381.57
3191.21
3069.55
3073.21
3094.03
3127.81
3160.02
3183.66
3203.05
3222.81
3244.97
3269.46
3294.8
3319.07
3341.35
3363.09
3388.7
3427.17
3485.65
3526.8
3537.32
3522.94
3413.78
3284.76
3272.5
3283.74
3307.07
3336.73
3361.73
3380.31
3397.13
3415.44
3436.53
3459.97
3483.64
3505.24
3524.71
3544.58
3569.64
3608.15
3655.47
3678.34
3686.51
3666.6
3568.04
3482.49
3480.14
3492.24
3513.79
3542.07
3568.12
3587.29
3603.28
3619.69
3638.37
3659.85
3682.39
3703.01
3721.05
3738.99
3760.86
3793.55
3834.56
3857.81
3867.58
3859.87
3792.74
3712.21
3704.35
3717.07
3739.98
3771.06
3803.19
3826.65
3845.04
3863.59
3884.23
3907.74
3934.45
3962.07
3987.73
4012.02
4037.64
4067.78
4105.57
4140.16
4153.91
4155.54
4112.37
4011.15
3961.66
3951.83
3944.47
3943.73
3945.89
3940.14
3920.01
3890.93
3858.66
3825.38
3792.82
3761.72
3730.84
3698.09
3663.74
3631.43
3606.93
3593.54
3569.15
3525.76
3456.08
3355.56
3280.69
3250.23
3230.4
3223.89
3222.25
3208.47
3178.41
3145.78
3113.44
3081.92
3050.93
3018.03
2980.88
2940.51
2900.77
2861.31
2802.84
2725.62
2617.82
2501.66
2418.35
2358.64
2311.26
2269.52
2216.59
2150
2081.64
2015.74
1954.95
1899.92
1851.46
1811.19
1773.47
1721.76
1663.17
1593.14
1530.21
1479.45
1421.32
1346.53
1235.81
1083.73
908.713
743.493
611.732
509.549
447.178
415.253
402.129
399.282
398.691
393.612
385.84
376.699
370.017
366.745
365.914
366.729
365.706
363.085
359.735
357.498
356.737
356.804
357.419
357.219
356.45
355.297
354.55
354.354
354.383
354.496
354.357
354.051
353.721
353.589
353.565
353.687
353.75
353.652
353.441
353.165
352.975
352.897
352.838
352.774
352.694
352.589
352.503
352.446
352.42
352.425
352.406
352.337
352.252
352.17
352.117
352.08
352.065
352.04
351.996
351.936
351.855
351.764
351.679
351.61
351.559
351.518
351.481
351.444
351.402
351.35
351.288
351.213
351.139
351.094
351.07
351.053
351.055
351.078
351.105
351.106
351.081
351.046
350.998
350.931
350.844
350.768
350.729
350.717
350.708
350.709
350.773
3612.88
2491.97
2121.68
2143.45
2219.47
2361.01
2503.41
2655.08
2781.95
2840.88
2860.82
2881.15
2901.85
2921.71
2914.6
2762.89
2462.92
2410.05
2435.09
2484.12
2541.62
2597.42
2650.53
2702.75
2755.51
2809.66
2865.89
2924.91
2988.36
3059.47
3140.73
3209.9
3237.53
3246.34
3166.79
2894.04
2775.93
2789.25
2825.05
2870.96
2911.33
2944.39
2974.61
3005.08
3036.86
3069.98
3103.89
3137.7
3170.76
3204.19
3243.08
3298.83
3372.49
3409.93
3416.42
3369.04
3178.95
3063.43
3068.21
3089.44
3123.62
3156.56
3181.14
3201.45
3222.11
3245.2
3270.83
3297.54
3323.35
3347.24
3370.6
3397.77
3437.65
3495.54
3532.93
3541.94
3525.25
3410.88
3284.34
3273.89
3284.94
3307.91
3337
3361.68
3380.21
3397.06
3415.37
3436.45
3459.9
3483.58
3505.21
3524.85
3544.95
3570.25
3609.06
3656.28
3678.76
3686.42
3665.54
3565.11
3479.36
3476.96
3489.01
3510.53
3538.74
3564.65
3583.64
3599.52
3615.96
3634.89
3656.93
3680.38
3701.99
3720.91
3739.53
3762.18
3795.86
3837.68
3861.16
3870.91
3862.8
3794.37
3713.64
3706.12
3718.79
3741.78
3772.68
3803.82
3826.16
3843.93
3861.99
3881.93
3904.71
3930.7
3958.11
3984.03
4008.69
4034.73
4065.44
4103.65
4137.92
4151.67
4153.59
4111
4011.31
3963.37
3954.2
3947.29
3947.21
3950.05
3944.8
3925.28
3896.81
3865.14
3832.38
3800.22
3769.43
3738.8
3706.18
3671.82
3639.44
3614.82
3601.1
3575.48
3530.95
3459.91
3357.45
3281.6
3250.42
3229.6
3221.77
3218.6
3203.22
3172.31
3139.19
3106.49
3075.11
3044.93
3013.53
2978.53
2940.65
2903.86
2867.49
2812.19
2737.39
2631.67
2515.75
2431.83
2372.15
2323.96
2281.08
2226.23
2155.74
2081.69
2007.59
1936.41
1869.66
1808.92
1756.88
1709.85
1651.92
1590.41
1521.31
1465.06
1421.34
1372.25
1306.6
1205.43
1064.67
902.357
749.259
625.307
528.005
467.72
435.362
419.909
413.873
410.391
402.223
391.337
379.822
370.806
366.474
365.087
365.914
365.252
362.952
359.777
357.426
356.623
356.575
357.163
357.08
356.42
355.347
354.545
354.323
354.313
354.441
354.347
354.084
353.771
353.627
353.578
353.655
353.711
353.615
353.418
353.156
352.958
352.872
352.81
352.747
352.67
352.574
352.491
352.433
352.409
352.417
352.408
352.347
352.27
352.192
352.139
352.1
352.074
352.035
351.985
351.915
351.826
351.728
351.644
351.586
351.548
351.517
351.486
351.453
351.415
351.365
351.302
351.222
351.144
351.095
351.069
351.051
351.051
351.071
351.099
351.104
351.083
351.051
351.006
350.943
350.861
350.785
350.742
350.727
350.716
350.711
350.762
3612.99
2913.02
2120.59
2143.96
2218.59
2358.93
2499.07
2648.57
2777.62
2841.33
2862.71
2883.01
2903.86
2923.81
2918.15
2772.06
2469.9
2411.62
2436.04
2484.76
2542.34
2598.4
2651.95
2704.78
2758.26
2813.09
2869.77
2928.78
2991.39
3060.82
3140.01
3208.42
3236.48
3246.59
3176.07
2911.8
2781.7
2793.01
2827.42
2873.05
2913.86
2947.09
2977.1
3007.05
3038.23
3070.79
3104.32
3137.88
3170.54
3203.39
3241.69
3296.78
3367.32
3400.88
3406.97
3357.29
3167.72
3058.52
3064.49
3086.24
3120.76
3154.29
3179.59
3200.52
3221.79
3245.72
3272.52
3300.74
3328.22
3353.71
3378.26
3406.34
3446.96
3503.85
3538.24
3546.03
3526.62
3407.25
3283.81
3275.07
3286.03
3308.87
3337.73
3362.2
3380.53
3397.12
3415.15
3436.01
3459.41
3483.22
3504.98
3524.62
3544.82
3570.45
3609.68
3656.69
3678.7
3685.95
3664.56
3563.54
3478.03
3475.59
3487.57
3508.91
3536.83
3562.46
3581.36
3597.15
3613.43
3632.22
3654.19
3677.7
3699.78
3719.53
3738.96
3762.43
3796.98
3839.5
3863.04
3872.8
3864.22
3794.4
3714.04
3707.17
3719.86
3742.89
3773.59
3803.67
3824.92
3841.88
3859.05
3878.12
3900.44
3926.23
3953.82
3980.07
4004.92
4031.09
4062.18
4100.85
4134.83
4148.55
4150.7
4108.25
4009.76
3963.84
3955.65
3949.52
3950.48
3954.36
3949.78
3931.19
3903.58
3872.66
3840.54
3808.84
3778.35
3748.05
3715.82
3681.63
3649.22
3624.42
3610.33
3583.61
3537.91
3465.63
3361.29
3284.25
3252.34
3230.47
3221.11
3215.86
3198.2
3166.18
3132.48
3099.35
3068.1
3038.77
3008.71
2975.42
2939.76
2905.71
2873.44
2822.33
2750.93
2648.66
2533.92
2449.79
2390.66
2341.71
2297.55
2240.44
2165.58
2084.83
2002.07
1918.41
1836.38
1758.36
1688.44
1625.49
1555.49
1487.68
1417.84
1368.95
1333.5
1296.39
1243.5
1157.09
1035.42
895.367
763.132
652.287
562.874
504.12
469.684
449.439
437.234
427.576
413.856
397.369
382.71
371.406
366.14
364.376
365.148
364.689
362.636
359.645
357.271
356.461
356.369
356.961
356.964
356.375
355.348
354.504
354.257
354.231
354.389
354.346
354.123
353.814
353.639
353.569
353.608
353.663
353.577
353.4
353.154
352.941
352.841
352.773
352.714
352.641
352.557
352.48
352.422
352.396
352.404
352.405
352.357
352.289
352.218
352.164
352.122
352.082
352.035
351.974
351.893
351.794
351.692
351.614
351.568
351.538
351.512
351.489
351.46
351.426
351.38
351.318
351.237
351.152
351.098
351.072
351.052
351.049
351.065
351.095
351.106
351.089
351.059
351.017
350.96
350.885
350.808
350.761
350.742
350.727
350.716
350.755
3613.61
2489.47
2124.26
2143.88
2218.44
2356.33
2494.18
2642.64
2774.08
2841.98
2864.85
2885.25
2906.18
2925.95
2921.57
2781.58
2477.35
2412.36
2436.26
2484.93
2542.82
2599.27
2653.18
2706.4
2760.23
2815.33
2872.04
2930.71
2992.33
3060.04
3137.53
3205.92
3235.1
3246.56
3184.69
2929.49
2786.4
2795.43
2828.48
2873.85
2915.13
2948.74
2978.76
3008.44
3039.27
3071.59
3104.99
3138.44
3170.99
3203.74
3241.85
3296.43
3364.04
3394.43
3400.06
3348.26
3159.5
3055.93
3062.77
3084.85
3119.62
3153.66
3179.54
3200.92
3222.51
3246.89
3274.59
3304.16
3332.79
3358.87
3383.85
3412.33
3453.41
3509.22
3540.85
3547.81
3526.1
3402.79
3282.97
3275.9
3287.14
3310.01
3338.92
3363.37
3381.6
3397.97
3415.74
3436.4
3459.77
3483.65
3505.48
3525.17
3545.36
3570.9
3609.91
3656.77
3678.4
3685.15
3663.57
3562.82
3478.46
3476.28
3488.43
3509.81
3537.49
3562.65
3581.06
3596.45
3612.34
3630.67
3652.22
3675.51
3697.55
3717.41
3737.25
3761.4
3796.85
3839.81
3862.99
3872.67
3863.43
3792
3712.46
3706.57
3719.45
3742.55
3772.99
3801.89
3822.2
3838.68
3855.41
3874.02
3896.03
3921.76
3949.64
3975.97
4000.73
4026.95
4058.41
4097.61
4131.5
4145.31
4147.73
4104.99
4007.49
3964.06
3957.07
3951.97
3954.15
3958.91
3954.75
3936.99
3910.37
3880.27
3848.74
3817.4
3787.12
3756.97
3725.01
3691.23
3659.07
3634.38
3620.19
3592.92
3546.34
3472.92
3366.51
3287.63
3254.51
3231.21
3220.19
3213.07
3193.88
3161.09
3126.78
3093.31
3062.01
3033.03
3003.82
2971.69
2937.52
2905.55
2876.52
2830.14
2762.5
2664.47
2551.83
2467.95
2409.99
2360.75
2315.93
2257.4
2178.79
2091.97
2001.67
1908.17
1812.29
1716.71
1626.55
1543.03
1455.2
1376.34
1302.03
1257.93
1229.69
1204.22
1164.7
1096.54
1000.34
890.101
786.141
692.294
612.57
553.794
514.93
487.13
465.853
446.922
425.603
402.612
384.485
371.533
365.661
363.698
364.424
364.103
362.221
359.399
357.088
356.311
356.224
356.823
356.865
356.307
355.297
354.425
354.169
354.152
354.354
354.357
354.16
353.839
353.625
353.537
353.549
353.611
353.545
353.386
353.154
352.93
352.81
352.739
352.681
352.616
352.542
352.473
352.416
352.39
352.395
352.402
352.368
352.307
352.245
352.191
352.142
352.092
352.037
351.966
351.875
351.766
351.664
351.596
351.56
351.531
351.512
351.495
351.47
351.439
351.396
351.336
351.255
351.166
351.105
351.076
351.055
351.049
351.062
351.093
351.112
351.101
351.073
351.035
350.983
350.914
350.838
350.785
350.761
350.743
350.726
350.754
3616.41
2899.88
2095.12
2139.27
2216.77
2353.43
2489.42
2637.81
2771.28
2841.83
2866.08
2886.97
2908.38
2928.09
2924.96
2790.65
2484.46
2412.81
2436.11
2484.55
2542.61
2599.22
2653.19
2706.46
2760.36
2815.43
2871.85
2929.88
2990.59
3057.05
3133.64
3202.77
3233.13
3245.86
3191.47
2945.39
2790.64
2797.59
2829.2
2874.1
2915.76
2949.64
2979.65
3009.2
3039.94
3072.31
3105.86
3139.46
3172.05
3204.63
3242.41
3296.45
3361.91
3390.36
3395.66
3342.69
3155.43
3055.76
3063.1
3085.48
3120.51
3154.93
3181.23
3202.98
3224.94
3249.54
3276.97
3305.92
3334.38
3360.82
3386.17
3414.88
3456.17
3511.46
3541.24
3547.66
3523.88
3397.65
3281.76
3276.17
3287.9
3311.17
3340.42
3365.05
3383.32
3399.61
3417.24
3437.75
3460.91
3484.53
3506.15
3525.73
3545.83
3571.22
3610.08
3656.68
3677.87
3684.2
3662.15
3561.48
3479.04
3477.79
3490.69
3512.71
3540.67
3565.21
3582.78
3597.39
3612.55
3630.26
3651.34
3674.11
3695.59
3715
3734.7
3759.19
3795.48
3838.51
3860.75
3869.84
3859.02
3785.26
3707.56
3702.91
3716.09
3739.26
3769.57
3798.14
3818.29
3834.79
3851.65
3870.38
3892.43
3918.13
3945.6
3971.64
3996.32
4022.54
4054.27
4093.95
4127.83
4141.76
4144.47
4101.25
4004.53
3963.85
3957.89
3953.81
3957.21
3962.79
3958.87
3941.56
3915.87
3887.02
3856.67
3826.27
3796.67
3767.05
3735.46
3701.97
3670.11
3645.53
3631.26
3604.04
3556.98
3482.73
3374.57
3293.09
3258.11
3233.25
3221.12
3213.39
3193.11
3158.53
3122.57
3087.92
3056.06
3027.05
2998.13
2966.65
2933.53
2903.05
2876.27
2833.65
2769.43
2675.6
2565.22
2481.71
2425.31
2376.48
2332.1
2273.58
2193.25
2102.13
2005.84
1905.8
1801.14
1693.04
1587.2
1483.94
1375.91
1281.18
1198.18
1153.1
1127.78
1109.71
1081.29
1032.51
964.37
886.418
811.996
736.163
665.907
606.202
561.462
524.575
492.898
463.77
434.77
406.149
385.219
371.227
365.02
363.035
363.806
363.625
361.886
359.172
356.921
356.179
356.108
356.71
356.764
356.212
355.204
354.336
354.091
354.094
354.338
354.369
354.182
353.846
353.593
353.493
353.492
353.564
353.521
353.378
353.157
352.924
352.791
352.719
352.661
352.604
352.534
352.469
352.416
352.389
352.393
352.403
352.38
352.324
352.268
352.215
352.163
352.107
352.043
351.965
351.863
351.746
351.648
351.591
351.558
351.532
351.516
351.505
351.484
351.453
351.413
351.355
351.275
351.183
351.116
351.084
351.062
351.053
351.063
351.094
351.12
351.118
351.093
351.059
351.012
350.95
350.876
350.816
350.785
350.764
350.741
350.759
3617.7
2891.16
2069.33
2129.47
2213.61
2352.15
2488.03
2635.64
2768.93
2840.66
2865.85
2887.33
2909.5
2929.62
2927.71
2798.05
2489.96
2412.48
2435.37
2483.55
2541.63
2598.17
2651.83
2704.64
2758.06
2812.64
2868.54
2926.01
2986.26
3052.63
3129.36
3199.41
3231
3244.74
3196.4
2958.78
2794.28
2799.46
2829.94
2874.51
2916.4
2950.5
2980.56
3010.08
3040.81
3073.21
3106.82
3140.36
3172.92
3205.49
3243.18
3296.83
3361.4
3389.31
3394.46
3341.15
3155.42
3058.19
3065.55
3087.92
3122.87
3157.4
3183.99
3206.03
3228.05
3252.4
3279.29
3307.42
3334.83
3360.46
3385.4
3414.19
3456.13
3511.64
3540.45
3546.22
3520.46
3392.42
3280.24
3275.96
3288.38
3312.48
3342.51
3367.52
3385.89
3402.1
3419.52
3439.72
3462.46
3485.6
3506.84
3526.18
3546.13
3571.48
3610.52
3657.06
3677.62
3683.41
3660.67
3559.9
3479.68
3479.26
3492.85
3515.99
3545.08
3569.71
3586.65
3600.44
3614.7
3631.57
3651.8
3673.64
3694.02
3712.52
3731.62
3755.82
3792.26
3834.64
3855.46
3863.83
3851
3774.18
3698.76
3695.61
3709.13
3732.45
3763.19
3792.59
3813.2
3829.95
3847.18
3866.32
3888.55
3914.31
3941.55
3967.25
3991.75
4018
4050.09
4090.12
4123.8
4137.8
4140.55
4096.15
4000.08
3962.78
3957.82
3955.01
3959.71
3966.35
3963.11
3946.91
3922.55
3895.2
3866.49
3837.66
3809.39
3780.8
3750.02
3717.05
3685.31
3660.57
3645.79
3618.74
3571.24
3496.33
3387.01
3302.48
3265.33
3238.92
3225.65
3217.02
3194.96
3157.88
3119.44
3082.89
3049.51
3019.7
2990.48
2959.07
2926.53
2897.29
2872.78
2833.55
2771.63
2681.36
2572.64
2488.92
2433.9
2385.85
2342.95
2286.19
2206.34
2113.46
2013.43
1908.66
1799.14
1684.83
1569.78
1455.12
1332.17
1220.76
1125.24
1071.15
1041.65
1024.59
1003.7
972.253
929.826
880.46
829.003
768.363
706.674
647.118
597.88
553.315
512.72
475.115
440.351
408.077
385.375
370.721
364.407
362.512
363.377
363.302
361.664
359.013
356.782
356.06
356.001
356.609
356.671
356.124
355.122
354.273
354.043
354.059
354.328
354.365
354.177
353.831
353.55
353.446
353.442
353.524
353.5
353.369
353.156
352.924
352.789
352.716
352.659
352.603
352.536
352.473
352.421
352.393
352.393
352.402
352.384
352.333
352.281
352.233
352.183
352.126
352.056
351.968
351.858
351.736
351.645
351.596
351.564
351.541
351.529
351.521
351.501
351.469
351.429
351.374
351.296
351.203
351.13
351.094
351.072
351.06
351.068
351.099
351.132
351.138
351.119
351.087
351.045
350.989
350.919
350.853
350.815
350.789
350.763
350.772
3615.14
2451.1
2082.53
2124.41
2213.95
2353.99
2489.11
2635.15
2767.82
2839.51
2865.11
2886.99
2909.73
2930.12
2928.69
2802.91
2493.98
2411.67
2434.32
2482.22
2540.17
2596.45
2649.54
2701.48
2753.95
2807.72
2863.07
2920.38
2980.87
3047.92
3125.35
3195.86
3228.26
3242.5
3198.86
2968.8
2796.55
2800.48
2830.06
2874.35
2916.43
2950.69
2980.79
3010.31
3041.01
3073.36
3106.94
3140.59
3173.14
3205.79
3243.61
3297.36
3362.29
3390.65
3395.91
3342.52
3157.72
3062.01
3069.11
3091.6
3126.6
3161.18
3187.74
3209.72
3231.66
3255.69
3281.88
3308.99
3335.23
3359.57
3383.56
3412.08
3454.51
3510.48
3538.8
3544.35
3517.55
3388.87
3279.24
3275.8
3288.81
3313.87
3344.89
3370.37
3388.81
3404.86
3421.97
3441.82
3464.21
3487.04
3507.93
3526.86
3546.53
3571.89
3611.38
3658.12
3678.04
3683.39
3659.31
3557.69
3480.41
3481.04
3495.01
3518.76
3548.84
3573.97
3590.89
3604.51
3618.47
3634.73
3653.85
3674.28
3693.19
3710.29
3728.33
3751.91
3788.06
3829.06
3848.24
3855.93
3840.39
3760.02
3687.79
3686.31
3700.25
3723.82
3755.28
3785.85
3807.32
3824.51
3842.09
3861.59
3884
3909.84
3936.92
3962.44
3986.86
4013.21
4045.8
4086.07
4119.13
4133.06
4135.49
4088.95
3993.34
3960.42
3957.21
3956.11
3962.69
3970.62
3968.1
3953.01
3930.17
3904.68
3878.09
3851.52
3825.37
3798.53
3769.08
3737.03
3705.77
3681.02
3665.71
3638.9
3590.77
3515.42
3405.36
3317.15
3277.11
3248.72
3234.06
3223.93
3199.26
3159.11
3117.77
3078.47
3042.26
3010.1
2979.7
2948.21
2916.49
2888.52
2865.74
2829.93
2770.14
2682.88
2575.47
2491.05
2436.69
2389.09
2347.57
2293.18
2215.72
2123.8
2022.89
1915.13
1801.83
1684.04
1565.37
1446.62
1317.53
1196.05
1088.6
1020.62
979.573
956.656
937.916
917.964
894.888
867.551
831.225
780.336
725.326
668.853
618.572
569.86
523.86
481.094
443.108
408.979
385.312
370.265
363.958
362.169
363.132
363.111
361.514
358.857
356.621
355.915
355.878
356.516
356.601
356.077
355.099
354.253
354.018
354.034
354.3
354.334
354.144
353.787
353.501
353.399
353.399
353.49
353.475
353.351
353.148
352.929
352.799
352.727
352.673
352.617
352.547
352.481
352.424
352.389
352.386
352.396
352.383
352.339
352.291
352.248
352.201
352.148
352.078
351.987
351.869
351.743
351.654
351.61
351.58
351.558
351.549
351.542
351.521
351.487
351.446
351.392
351.317
351.224
351.148
351.109
351.086
351.073
351.078
351.107
351.146
351.16
351.146
351.117
351.079
351.029
350.964
350.896
350.849
350.819
350.792
350.793
3614.4
2838.88
2076.04
2125.23
2215.95
2356.65
2491.15
2636.44
2768.65
2839.47
2864.8
2886.82
2909.5
2929.38
2927.93
2804.85
2497.28
2411.18
2433.4
2480.86
2538.59
2594.65
2647.23
2698.36
2749.87
2802.81
2857.62
2914.79
2975.64
3043.48
3121.67
3192.11
3224.7
3239.08
3198.75
2974.31
2797.24
2800.49
2829.37
2873.36
2915.56
2949.99
2980.17
3009.78
3040.63
3073.15
3106.84
3140.46
3173
3205.67
3243.71
3297.94
3363.8
3392.73
3398.04
3344.65
3160.72
3065.99
3072.59
3095.07
3130.09
3164.64
3191.05
3212.74
3234.18
3257.54
3283.07
3309.42
3334.61
3357.75
3380.84
3408.99
3451.66
3508.52
3537.52
3543.37
3516.4
3387.93
3279.56
3276.53
3290.03
3315.7
3347.28
3373.03
3391.49
3407.47
3424.48
3444.19
3466.33
3488.67
3508.97
3527.45
3546.85
3572.33
3612.49
3659.38
3678.52
3683.48
3657.61
3554.93
3480.53
3481.68
3495.72
3519.97
3550.64
3575.94
3592.88
3606.56
3620.72
3637.21
3656.32
3676.11
3693.98
3709.81
3726.48
3748.85
3784.27
3823.54
3840.61
3847.31
3828.37
3744.77
3676.96
3677.32
3691.89
3715.99
3748.31
3779.46
3801.24
3818.54
3836.13
3855.71
3878.28
3904.16
3931.07
3956.46
3980.9
4007.47
4040.73
4081.27
4113.35
4126.95
4128.5
4078.99
3984.25
3955.57
3954.51
3956.14
3965.45
3974.7
3973.14
3959.77
3939.03
3915.89
3891.89
3868.1
3844.74
3820.36
3792.87
3762.32
3732.02
3707.57
3692.01
3666.08
3617.31
3541.76
3430.81
3338.12
3294.1
3262.61
3244.95
3232.7
3205.66
3162.08
3117.33
3074.48
3034.51
2998.75
2965.8
2933.35
2901.77
2874.55
2853.44
2820.81
2763.99
2680.34
2575.23
2490.71
2436.56
2389.25
2348.47
2295.6
2220.56
2131.17
2032.2
1924.6
1809.59
1689.02
1567.95
1447.78
1317.27
1192.78
1079.39
1001
945.944
910.529
885.513
868.051
855.777
843.488
819.197
777.685
728.296
675.836
626.25
576.584
528.494
483.66
444.35
409.337
385.154
369.923
363.677
362.005
363.058
363.007
361.373
358.641
356.404
355.728
355.735
356.453
356.561
356.052
355.084
354.252
354.016
354.023
354.26
354.271
354.07
353.713
353.444
353.353
353.362
353.461
353.446
353.325
353.13
352.933
352.822
352.756
352.706
352.642
352.565
352.485
352.423
352.381
352.375
352.385
352.377
352.339
352.298
352.262
352.224
352.175
352.112
352.024
351.902
351.767
351.676
351.635
351.605
351.584
351.575
351.568
351.545
351.508
351.466
351.412
351.338
351.248
351.17
351.127
351.104
351.089
351.092
351.117
351.157
351.181
351.174
351.146
351.111
351.067
351.009
350.942
350.886
350.851
350.823
350.816
3614.94
2752.21
2075.2
2129.24
2217.5
2356.97
2492.29
2638.42
2770.52
2840.33
2865.18
2886.91
2908.64
2927.35
2925.17
2804.07
2500.15
2411.32
2432.91
2479.65
2537.09
2593
2645.26
2695.8
2746.53
2798.72
2852.98
2909.91
2970.85
3039.17
3117.75
3187.79
3220.17
3234.4
3196.17
2975.84
2796.41
2799.33
2827.55
2871.29
2913.56
2948.13
2978.52
3008.47
3039.77
3072.71
3106.7
3140.38
3172.97
3205.66
3243.87
3298.43
3364.98
3394.35
3399.61
3346.11
3162.77
3068.72
3074.78
3097.15
3131.94
3166.26
3192.45
3213.91
3235.06
3257.95
3282.8
3308.38
3332.79
3355.44
3378.21
3406.25
3449.13
3507.07
3537.14
3543.27
3516.43
3388.84
3281.19
3278.33
3291.99
3317.9
3349.6
3375.36
3393.78
3409.66
3426.53
3446.08
3468
3490.02
3509.89
3527.94
3547.06
3572.68
3613.57
3660.38
3678.57
3683.03
3654.88
3550.65
3480.3
3482.13
3496.12
3520.36
3550.99
3576.14
3592.93
3606.55
3620.79
3637.56
3657.15
3677.27
3694.86
3710.12
3726.04
3747.48
3781.74
3818.7
3833.67
3839.44
3817.3
3731.49
3668.35
3670.09
3684.87
3709.05
3741.72
3773.14
3794.98
3812.14
3829.47
3848.86
3871.39
3897.1
3923.64
3948.7
3972.98
3999.66
4033.59
4074.5
4105.76
4119.31
4120.07
4067.8
3974.95
3949.81
3950.85
3955.91
3967.91
3979.05
3978.86
3967.73
3949.59
3929.33
3908.49
3888
3867.93
3846.62
3821.76
3793.3
3764.45
3740.66
3725.09
3700.84
3651.66
3575.77
3463.41
3365.08
3315.78
3280.22
3258.5
3242.58
3212.81
3166.12
3117.34
3070.34
3025.99
2985.85
2949.13
2913.96
2880.78
2853.27
2833.3
2803.36
2749.77
2670.48
2568.89
2485.96
2433.2
2386.67
2346.54
2295
2221.72
2134.75
2039.13
1934.96
1822.12
1702.12
1580.11
1458.31
1326.17
1199.71
1083.37
999.573
936.167
887.705
847.899
821.582
809.591
803.867
788.917
760.446
720.901
675.141
627.861
578.766
530.077
484.599
444.762
409.356
384.949
369.728
363.538
361.988
363.092
362.93
361.198
358.378
356.19
355.561
355.658
356.442
356.531
356.015
355.037
354.237
354.017
354.031
354.239
354.207
353.984
353.62
353.375
353.298
353.326
353.437
353.419
353.301
353.118
352.945
352.857
352.8
352.749
352.679
352.587
352.49
352.422
352.375
352.363
352.372
352.368
352.34
352.306
352.279
352.254
352.212
352.155
352.073
351.954
351.812
351.712
351.668
351.638
351.616
351.604
351.595
351.571
351.532
351.487
351.434
351.363
351.276
351.196
351.148
351.125
351.108
351.108
351.127
351.164
351.194
351.196
351.173
351.14
351.101
351.05
350.988
350.926
350.883
350.853
350.839
3612.4
2880.82
2102.62
2136.41
2216.53
2355.73
2493
2641.53
2774.26
2842.77
2866.61
2887.16
2907.32
2924.45
2921.38
2802.36
2502.6
2411.33
2432.34
2478.17
2535.14
2590.95
2643.15
2693.43
2743.74
2795.37
2849.08
2905.65
2966.53
3034.97
3113.38
3182.64
3214.67
3228.71
3191.16
2973.47
2794.17
2797.34
2825.33
2869.04
2911.54
2946.45
2977.25
3007.7
3039.53
3072.93
3107.16
3140.96
3173.47
3206.12
3244.36
3299.08
3365.89
3395.36
3400.36
3346.53
3163.34
3069.68
3075.14
3097.26
3131.73
3165.74
3191.81
3213.28
3234.42
3257.21
3281.76
3307.01
3331.35
3354.09
3377.02
3405.1
3447.94
3506.4
3537.39
3544.04
3518.03
3391.59
3283.58
3280.5
3294.06
3319.89
3351.47
3377.16
3395.63
3411.62
3428.62
3448.13
3469.74
3491.31
3510.7
3528.3
3547.15
3573.09
3614.63
3661.08
3678.25
3681.95
3650.71
3544.06
3478.06
3480.69
3494.9
3519.52
3550.23
3575.2
3591.92
3605.61
3620.04
3637.09
3656.99
3677.3
3694.93
3710.19
3726.1
3747.36
3780.72
3815.17
3828.4
3833.5
3808.6
3721.02
3661.71
3664.48
3679.38
3703.74
3736.68
3767.8
3789.16
3805.81
3822.62
3841.59
3863.74
3888.94
3914.79
3939.16
3962.95
3989.43
4023.76
4064.99
4095.45
4108.88
4108.8
4054.03
3963.65
3942.62
3946.12
3955.07
3970
3983.28
3985.1
3977.23
3962.29
3945.08
3927.51
3910.66
3894.28
3876.5
3854.9
3829.21
3802.4
3779.65
3764.19
3741.38
3691.59
3615.81
3501.86
3397.49
3342.11
3301.68
3274.51
3253.64
3220.29
3170.21
3117.34
3065.87
3016.88
2972.21
2931.35
2892.52
2856.17
2826.13
2804.82
2775.58
2724.21
2648.61
2550.78
2470.79
2420.7
2376.52
2338.76
2289.67
2218.52
2133.92
2042.26
1943.99
1837.58
1723.34
1605.28
1485.53
1352.56
1222.24
1100.05
1010.21
940.523
882.764
828.523
783.013
758.489
749.82
739.346
722.295
695.192
661.716
622.006
577.047
530.025
484.885
444.845
409.257
384.788
369.677
363.543
362.123
363.201
362.824
360.946
358.042
356.017
355.469
355.66
356.484
356.496
355.928
354.921
354.181
353.995
354.044
354.246
354.174
353.914
353.525
353.297
353.233
353.283
353.413
353.398
353.287
353.118
352.973
352.9
352.852
352.799
352.724
352.617
352.503
352.427
352.375
352.353
352.355
352.355
352.34
352.318
352.303
352.293
352.259
352.206
352.128
352.016
351.872
351.757
351.705
351.673
351.646
351.63
351.619
351.598
351.558
351.513
351.461
351.395
351.312
351.228
351.173
351.147
351.129
351.124
351.136
351.166
351.197
351.209
351.196
351.165
351.13
351.086
351.03
350.968
350.916
350.88
350.86
3613.36
2856.64
2101.94
2141.62
2217.94
2354.93
2492.81
2643.47
2777.34
2844.73
2867.35
2886.44
2905.37
2921.69
2918.91
2802.42
2504.48
2410.51
2430.8
2475.88
2532.43
2588.17
2640.4
2690.69
2740.89
2792.25
2845.58
2901.75
2962.55
3031.02
3109.07
3177.35
3208.8
3222.63
3184.7
2968.14
2790.86
2794.49
2822.61
2866.42
2909.15
2944.37
2975.59
3006.63
3039.16
3073.24
3107.97
3142.03
3174.55
3206.94
3245.05
3300.08
3366.94
3395.93
3400.51
3345.45
3161.66
3069.14
3074.11
3096.17
3130.69
3164.81
3191.01
3212.66
3233.9
3256.66
3281.29
3306.74
3331.28
3354.16
3377.12
3405.13
3447.84
3506.57
3538.63
3546.03
3520.94
3395.8
3287.03
3283.51
3296.75
3322.28
3353.55
3379.09
3397.53
3413.55
3430.47
3449.75
3471.03
3492.24
3511.35
3528.72
3547.46
3573.54
3615.73
3661.43
3677.47
3680.25
3645.14
3535.55
3473.91
3477.34
3491.75
3516.63
3547.44
3572.37
3589.15
3603.05
3617.8
3635.21
3655.35
3675.91
3693.96
3709.55
3725.72
3747.35
3780.69
3813.7
3825.66
3830.04
3802.54
3713.12
3656.91
3660.44
3675.28
3699.64
3732.54
3763.14
3783.85
3799.85
3815.98
3834.27
3855.7
3880.04
3904.83
3928.09
3950.99
3977.02
4011.59
4053.11
4082.63
4095.72
4094.54
4037.58
3950.13
3932.82
3939.29
3952.88
3971.64
3987.86
3991.65
3987.23
3976.46
3962.81
3948.58
3935
3922.2
3908.08
3889.84
3867.29
3843.19
3822.17
3807.2
3785.57
3734.98
3658.83
3543.01
3432.61
3370.82
3325.21
3291.96
3265.38
3228.23
3174.4
3117.03
3061.1
3007.63
2958.85
2914.08
2871.02
2830.09
2795.55
2770.35
2739.43
2688.11
2614.21
2519.13
2442
2394.85
2354
2319.92
2274.76
2207.81
2127.82
2041.28
1950.41
1853.66
1750.36
1642.67
1531.03
1403.03
1272.38
1144.28
1044.42
963.892
894.364
826.122
760.869
712.909
690.805
676.83
663.835
646.48
625.777
599.411
564.925
524.973
483.513
444.321
408.935
384.62
369.792
363.717
362.478
363.407
362.678
360.582
357.619
355.861
355.422
355.765
356.589
356.467
355.793
354.721
354.071
353.935
354.05
354.261
354.165
353.867
353.441
353.223
353.171
353.242
353.389
353.377
353.277
353.126
353.01
352.948
352.906
352.851
352.772
352.657
352.527
352.439
352.383
352.351
352.343
352.342
352.337
352.333
352.336
352.339
352.315
352.263
352.188
352.082
351.939
351.807
351.738
351.703
351.672
351.65
351.637
351.622
351.588
351.544
351.495
351.434
351.356
351.268
351.201
351.169
351.149
351.139
351.143
351.163
351.191
351.211
351.21
351.185
351.154
351.115
351.065
351.006
350.949
350.903
350.88
3612.67
2466.49
2118.22
2147.82
2221.85
2355.95
2492.05
2642.67
2777.03
2844.39
2866.21
2884.1
2903
2920.38
2918.83
2803.7
2504.29
2408.4
2428.41
2472.98
2529.03
2584.56
2636.85
2687.39
2737.81
2789.2
2842.35
2898.44
2959.41
3028.02
3105.64
3172.73
3203.3
3216.86
3177.56
2960.22
2786.53
2791.01
2819.64
2863.77
2906.74
2942.24
2973.86
3005.5
3038.75
3073.46
3108.69
3143.14
3175.99
3208.58
3246.49
3301.17
3367.78
3396.24
3400.46
3343.12
3157.36
3066.86
3071.9
3094.03
3128.61
3162.75
3189.1
3211.05
3232.64
3255.72
3280.64
3306.44
3331.46
3354.88
3378.28
3406.46
3448.97
3507.76
3540.53
3548.18
3523.61
3399.81
3290.69
3286.84
3299.79
3324.97
3355.85
3381.13
3399.47
3415.5
3432.38
3451.49
3472.46
3493.3
3512.1
3529.28
3548.07
3574.46
3617.11
3661.22
3675.86
3677.94
3638.43
3526.24
3469.18
3473.16
3487.58
3512.48
3543.27
3568.13
3584.92
3598.95
3613.88
3631.49
3651.91
3672.88
3691.36
3707.42
3724.18
3746.61
3780.84
3813.64
3825.07
3828.75
3798.69
3707.14
3653.54
3657.59
3672.48
3696.77
3729.38
3759.26
3779.16
3794.36
3809.61
3826.96
3847.45
3870.74
3894.29
3916.29
3938.12
3963.62
3998.43
4040.27
4068.7
4081.39
4079.11
4020.35
3935.69
3921.61
3930.96
3948.75
3971.84
3992
3998.51
3996.86
3990.6
3981.03
3970.41
3960.17
3950.34
3939.14
3924.02
3904.5
3883.27
3864.45
3850.45
3829.49
3777.79
3701.09
3583.19
3466.93
3398.62
3348.04
3308.85
3276.32
3235.2
3178.54
3116.81
3056.51
2999.21
2947
2898.63
2851.25
2805.22
2765.06
2734.21
2699.66
2646.01
2571.42
2477
2401.24
2356.07
2318.28
2288.01
2247.36
2186.11
2113.33
2034.73
1952.36
1867.87
1779.13
1687.28
1590.52
1474.83
1350.64
1221.02
1111.44
1018.31
932.715
845.051
758.069
684.156
639.206
612.355
596.38
581.859
569.602
555.882
535.648
508.785
476.656
441.327
407.791
384.135
369.98
364.051
363.129
363.758
362.588
360.163
357.14
355.708
355.396
355.952
356.713
356.456
355.645
354.496
353.955
353.875
354.062
354.265
354.152
353.821
353.371
353.17
353.13
353.212
353.356
353.347
353.259
353.133
353.047
352.995
352.961
352.906
352.823
352.7
352.559
352.46
352.401
352.359
352.341
352.335
352.337
352.348
352.373
352.393
352.375
352.324
352.25
352.147
352.004
351.856
351.765
351.723
351.689
351.663
351.648
351.639
351.62
351.581
351.534
351.477
351.404
351.316
351.235
351.189
351.167
351.149
351.145
351.155
351.179
351.204
351.214
351.2
351.172
351.137
351.093
351.037
350.977
350.924
350.896
3613.02
2464.55
2116.72
2148.76
2225.34
2357.97
2491.43
2640.41
2775.38
2843.27
2864.55
2881.15
2900.16
2918.66
2919.01
2805.18
2502.5
2405.27
2425.02
2469.31
2524.95
2580.31
2632.83
2683.91
2734.88
2786.63
2840.13
2896.67
2957.95
3026.76
3103.97
3169.36
3198.8
3212.17
3170.87
2951.9
2783.64
2789.23
2817.99
2862.1
2905.13
2940.75
2972.56
3004.53
3038.16
3073.22
3108.69
3143.43
3176.67
3209.81
3248.55
3304.01
3369.92
3397.37
3401.36
3341.63
3153.17
3064.99
3070.46
3092.81
3127.43
3161.48
3187.89
3210.12
3232.13
3255.74
3281.17
3307.46
3332.95
3356.74
3380.39
3408.65
3450.83
3509.19
3541.88
3549.53
3525.3
3402.31
3293.28
3289.24
3301.97
3327.05
3357.92
3383.26
3401.67
3417.8
3434.74
3453.83
3474.73
3495.39
3513.82
3530.65
3549.25
3575.88
3618.8
3660.94
3674.04
3675.21
3631.12
3516.73
3464.37
3468.65
3483.26
3508.15
3538.65
3563.19
3579.93
3594.06
3609.14
3626.89
3647.35
3668.31
3687.06
3703.73
3721.32
3745.1
3780.95
3814.03
3825.13
3828.4
3796.1
3702.41
3651.15
3655.42
3670.07
3694.21
3726.5
3755.67
3774.75
3789.16
3803.52
3819.9
3839.32
3861.43
3883.79
3904.77
3925.74
3950.52
3985.37
4027.55
4054.97
4067.26
4064.03
4004.17
3921.87
3910.45
3921.89
3942.85
3969.79
3993.59
4003.91
4005.22
4002.92
3997.54
3990.56
3983.74
3976.94
3968.12
3954.89
3937.64
3918.94
3902.32
3889.4
3868.59
3815.87
3738.39
3618.39
3496.81
3422.16
3367.11
3322.59
3284.84
3240.3
3181.7
3116.9
3053.3
2992.94
2937.53
2885.75
2834.55
2783.96
2738.37
2701.48
2662.38
2604.77
2527.5
2431.51
2354.94
2309.96
2273.79
2246.24
2209.46
2154.3
2089.85
2021.13
1949.85
1878.17
1805.35
1731.83
1653.88
1555.76
1444.94
1320.68
1205.66
1102.55
1000.26
890.825
776.503
675.867
603.689
558.248
533.425
516.671
507.795
501.539
493.342
480.792
461.115
432.926
404.319
382.535
369.88
364.486
364.089
364.267
362.635
359.76
356.706
355.555
355.381
356.17
356.784
356.426
355.478
354.316
353.891
353.85
354.094
354.252
354.118
353.758
353.326
353.156
353.122
353.209
353.328
353.306
353.225
353.123
353.069
353.035
353.018
352.964
352.875
352.742
352.59
352.487
352.427
352.378
352.348
352.335
352.338
352.362
352.411
352.448
352.436
352.385
352.311
352.207
352.061
351.899
351.786
351.733
351.697
351.668
351.652
351.65
351.648
351.622
351.578
351.524
351.456
351.369
351.275
351.208
351.176
351.154
351.142
351.144
351.16
351.19
351.211
351.208
351.184
351.153
351.111
351.06
350.999
350.941
350.91
3613.49
2824.14
2112.72
2151.48
2227.58
2358.94
2490.76
2638.7
2773.9
2842.55
2863.68
2879.2
2898.22
2917.73
2919.41
2805.83
2500.11
2402.62
2422.43
2466.51
2521.67
2576.65
2629.25
2680.84
2732.55
2785.12
2839.33
2896.38
2958.23
3027.44
3104.04
3167.43
3195.75
3209.02
3165.31
2944.21
2782.03
2788.28
2817.3
2861.26
2904.03
2939.57
2971.45
3003.51
3037.21
3072.26
3107.67
3142.45
3176.1
3209.98
3249.72
3306.91
3373.7
3400.56
3404.07
3341.73
3150.22
3064.09
3070.1
3092.84
3127.7
3161.74
3188.16
3210.57
3232.94
3257.02
3283.01
3309.75
3335.47
3359.29
3382.86
3410.86
3452.71
3510.38
3542.48
3550.16
3526.03
3403.53
3294.96
3290.79
3303.27
3328.26
3359.2
3384.77
3403.43
3419.75
3436.79
3455.93
3476.91
3497.63
3516.05
3532.81
3551.38
3578.24
3621.12
3660.76
3672.26
3672.4
3623.57
3507.66
3459.95
3464.54
3479.3
3504.18
3534.4
3558.54
3575.1
3589.17
3604.18
3621.76
3642.03
3662.94
3681.94
3699.19
3717.77
3743.06
3780.76
3814.43
3825.35
3828.21
3793.76
3697.85
3648.25
3652.79
3667.27
3691.2
3723.06
3751.43
3769.74
3783.54
3797.25
3812.77
3831.2
3852.35
3873.84
3894.05
3914.43
3938.96
3974.24
4016.84
4043.52
4055.54
4051.68
3991.01
3910.75
3901.15
3913.89
3936.86
3966.39
3993.2
4007.05
4012.07
4012.85
4010.89
4006.93
4002.75
3998.79
3992.62
3981.31
3965.46
3948.29
3933.1
3920.83
3899.51
3845.82
3767.31
3645.23
3518.87
3439.36
3380.78
3331.96
3290.37
3243.61
3183.91
3117.26
3051.27
2988.39
2930.35
2875.94
2821.84
2767.8
2718.01
2676.15
2632.86
2570.82
2489.99
2390.72
2311.55
2265.25
2229.16
2202.75
2168.44
2118.41
2061.57
2002.67
1943.33
1884.03
1826.07
1769.67
1709.83
1629.62
1534.48
1420.78
1306.04
1197.8
1082.51
953.052
812.055
682.47
585.508
521.816
485.173
464.255
455.315
452.031
450.591
447.889
437.973
418.008
396.939
379.303
369.293
365.036
365.233
364.843
362.68
359.369
356.423
355.483
355.43
356.375
356.781
356.329
355.278
354.209
353.888
353.881
354.146
354.212
354.043
353.656
353.276
353.161
353.148
353.246
353.308
353.259
353.169
353.102
353.066
353.067
353.073
353.025
352.929
352.786
352.625
352.518
352.457
352.404
352.364
352.342
352.341
352.373
352.443
352.5
352.493
352.443
352.367
352.258
352.103
351.927
351.797
351.734
351.696
351.666
351.652
351.655
351.667
351.66
351.624
351.573
351.508
351.422
351.319
351.229
351.18
351.155
351.135
351.129
351.14
351.171
351.203
351.209
351.191
351.163
351.124
351.075
351.015
350.955
350.922
3613.39
2836.01
2113.5
2148.4
2225.64
2358.52
2491.3
2639.05
2774.12
2843.44
2864.74
2879.31
2897.89
2917.81
2919.93
2805.77
2498.34
2401.22
2420.91
2464.73
2519.47
2574.13
2626.82
2678.93
2731.5
2785.01
2840.03
2897.74
2960.3
3029.87
3105.51
3166.85
3194
3207.24
3161.01
2937.66
2780.91
2787.43
2816.71
2860.47
2903.02
2938.47
2970.31
3002.28
3035.75
3070.53
3105.75
3140.43
3174.14
3208.47
3249.31
3308.48
3377.41
3405.12
3408.77
3344.1
3149.32
3064.85
3071.49
3094.65
3129.87
3163.91
3190.21
3212.61
3235.13
3259.51
3285.8
3312.74
3338.4
3362.02
3385.28
3412.97
3454.62
3511.45
3542.51
3550.08
3525.76
3403.49
3295.96
3291.79
3304.07
3328.95
3359.91
3385.59
3404.33
3420.74
3437.92
3457.24
3478.43
3499.44
3518.31
3535.57
3554.62
3581.98
3624.57
3661.38
3671.33
3670.16
3616.69
3499.77
3456.27
3461.16
3476.3
3501.3
3531.24
3555.03
3571.41
3585.34
3600.02
3617.14
3636.95
3657.62
3676.72
3694.39
3713.76
3740.54
3780.11
3814.58
3825.48
3827.84
3791.4
3693.51
3645.05
3649.78
3664.14
3687.99
3719.59
3747.31
3764.97
3778.33
3791.66
3806.69
3824.47
3844.86
3865.7
3885.48
3905.62
3930.09
3965.49
4008.01
4033.79
4045.43
4041.06
3980.07
3901.44
3893.28
3907.05
3931.37
3962.69
3991.69
4007.78
4015.82
4019.61
4020.19
4019
4017.46
4016.08
4012.14
4002.21
3987.16
3970.61
3955.77
3943.24
3920.87
3866.23
3786.18
3661.72
3532.47
3449.88
3389.04
3337.61
3293.89
3245.88
3185.48
3117.74
3050.28
2985.79
2925.81
2869.32
2813.33
2757.21
2704.79
2659.72
2613.62
2547.95
2463.8
2360.59
2278.12
2230.03
2192.99
2166.33
2132.98
2086.53
2035.47
1984.33
1934.43
1886.01
1840.03
1797.05
1751.41
1685.16
1602.55
1498.97
1387.89
1278.27
1154.49
1010.99
849.945
696.46
580.245
502.656
455.206
430.055
419.62
416.945
417.911
418.864
413.523
401.279
387.131
375.039
368.236
365.721
366.271
365.19
362.549
358.96
356.314
355.516
355.615
356.56
356.659
356.092
354.993
354.127
353.93
353.988
354.233
354.19
353.946
353.52
353.234
353.169
353.2
353.305
353.294
353.211
353.105
353.058
353.047
353.09
353.121
353.079
352.982
352.832
352.667
352.555
352.488
352.433
352.383
352.35
352.344
352.379
352.468
352.545
352.543
352.492
352.412
352.296
352.128
351.938
351.796
351.726
351.687
351.658
351.645
351.654
351.68
351.69
351.666
351.621
351.558
351.472
351.361
351.25
351.182
351.151
351.125
351.112
351.119
351.151
351.193
351.207
351.193
351.167
351.13
351.082
351.023
350.962
350.93
3614.91
2406.81
2103.96
2144.27
2224.85
2358.94
2492.73
2641.06
2776.63
2846.4
2867.33
2880.87
2898.79
2918.59
2920.43
2805.57
2498.03
2401.43
2420.99
2464.49
2518.81
2573.16
2625.88
2678.46
2731.77
2786.09
2842.03
2900.62
2963.54
3032.64
3107
3166.85
3193.1
3206.3
3157.98
2932.81
2780.37
2786.85
2816.04
2859.41
2901.71
2937.09
2968.99
3000.94
3034.25
3068.74
3103.65
3138.11
3171.84
3206.56
3248.42
3309.31
3380.49
3409.48
3413.63
3347.95
3150.21
3066.53
3073.91
3097.7
3133.33
3167.26
3193.3
3215.47
3237.82
3262.05
3288.2
3315.02
3340.65
3364.23
3387.36
3414.9
3456.54
3512.57
3542.32
3549.64
3524.97
3402.54
3296.19
3292.3
3304.67
3329.64
3360.84
3386.88
3405.83
3422.27
3439.47
3458.92
3480.34
3501.65
3520.86
3538.57
3558.26
3586.32
3628.64
3662.98
3671.54
3668.96
3611.03
3493.37
3453.44
3458.59
3473.94
3499.06
3528.92
3552.54
3568.79
3582.54
3596.91
3613.59
3632.97
3653.34
3672.36
3690.14
3709.85
3737.53
3778.62
3813.98
3825.1
3827.11
3789.14
3689.82
3642.23
3647
3661.3
3685.26
3716.82
3744.08
3761.31
3774.44
3787.6
3802.4
3819.82
3839.76
3860.23
3879.8
3899.79
3924.21
3959.88
4002.2
4026.93
4038.12
4032.87
3971.08
3893.81
3886.58
3900.99
3926.05
3958.68
3989.22
4007.06
4017.07
4023.28
4026.3
4027.22
4027.72
4028.27
4026.09
4017.46
4002.85
3986.07
3970.42
3956.49
3932.07
3876.49
3794.78
3668.78
3538.07
3454.52
3392.95
3340.83
3296.32
3247.45
3186.41
3118.06
3049.83
2984.49
2923.55
2865.96
2808.8
2751.46
2697.65
2651.08
2603.89
2536.01
2449.47
2342.82
2257.44
2207.71
2169.48
2141.94
2108.93
2065.04
2017.77
1971.56
1927.78
1886.57
1847.91
1812.98
1775.7
1717.9
1643.13
1546.02
1438.11
1328.24
1199.25
1047.71
875.805
709.369
580.832
495.008
440.481
412.01
399.796
396.649
397.991
399.621
395.988
388.233
378.705
371.558
367.473
366.469
366.859
365.171
362.137
358.526
356.407
355.735
356.002
356.782
356.566
355.782
354.654
354.071
353.973
354.145
354.331
354.213
353.86
353.389
353.202
353.18
353.269
353.351
353.295
353.167
353.046
353.004
353.017
353.109
353.161
353.123
353.026
352.871
352.707
352.594
352.517
352.454
352.399
352.357
352.344
352.38
352.483
352.577
352.58
352.529
352.445
352.32
352.138
351.935
351.785
351.711
351.673
351.645
351.636
351.653
351.693
351.716
351.701
351.66
351.6
351.515
351.396
351.269
351.183
351.142
351.113
351.095
351.099
351.133
351.182
351.203
351.192
351.167
351.132
351.085
351.027
350.968
350.937
3616.8
2740.57
2088.37
2146.22
2225.61
2359.15
2493.37
2642.95
2778.9
2849.21
2869.71
2882.69
2900.11
2919.5
2920.69
2805.58
2498.51
2401.64
2421.04
2464.33
2518.52
2572.9
2625.85
2678.86
2732.75
2787.77
2844.34
2903.49
2966.55
3035.15
3108.41
3167.23
3192.92
3205.95
3156.13
2929.75
2779.94
2786.11
2815.1
2858.14
2900.23
2935.59
2967.53
2999.42
3032.47
3066.57
3101.06
3135.22
3168.84
3203.98
3247.06
3309.62
3382.8
3412.88
3417.52
3351.63
3152.42
3069.13
3077.13
3101.37
3137.24
3170.99
3196.67
3218.5
3240.53
3264.45
3290.27
3316.71
3342.14
3365.69
3388.87
3416.48
3458.14
3513.45
3542.11
3549.08
3523.98
3401.21
3295.76
3292.03
3304.26
3329.1
3360.31
3386.46
3405.54
3422.13
3439.57
3459.44
3481.41
3503.22
3522.78
3540.83
3561.03
3589.98
3632.4
3664.93
3672.54
3668.84
3607.17
3488.99
3451.55
3456.81
3472.3
3497.52
3527.34
3550.88
3567.12
3580.86
3595.13
3611.64
3630.75
3650.77
3669.45
3687.07
3706.89
3735.04
3777
3813.11
3824.51
3826.45
3787.5
3687.12
3640.14
3645.03
3659.4
3683.48
3715
3741.88
3758.77
3771.76
3784.91
3799.66
3817
3836.91
3857.38
3876.88
3896.81
3921.22
3957.04
3999.09
4023.26
4034.23
4028.19
3965.08
3888.43
3881.81
3896.51
3921.86
3955.06
3986.46
4005.53
4016.91
4024.56
4029.12
4031.48
4033.3
4034.88
4033.59
4025.99
4011.99
3995.14
3978.79
3963.63
3936.93
3880.59
3797.22
3669.75
3538.96
3456.1
3394.47
3342.42
3297.71
3248.34
3186.8
3118.07
3049.44
2983.8
2922.67
2864.84
2807.18
2749.19
2694.85
2648.08
2600.93
2531.9
2443.72
2334.66
2247.2
2196.55
2157.51
2129.57
2097.33
2055.17
2009.85
1965.99
1924.93
1886.67
1851.46
1819.9
1785.86
1731.54
1660.38
1566.7
1460.2
1349.78
1217.9
1062.38
886.16
715.175
581.971
493.146
435.408
405.028
391.441
387.707
388.863
390.447
387.571
381.695
374.75
370.165
367.417
366.999
366.953
364.721
361.44
358.145
356.577
356.063
356.497
356.951
356.483
355.472
354.369
354.003
353.997
354.307
354.427
354.248
353.788
353.303
353.178
353.188
353.332
353.38
353.302
353.132
352.993
352.955
352.988
353.119
353.185
353.15
353.053
352.897
352.735
352.623
352.541
352.467
352.407
352.36
352.341
352.375
352.49
352.599
352.605
352.552
352.465
352.333
352.14
351.923
351.769
351.696
351.659
351.631
351.625
351.649
351.701
351.734
351.724
351.687
351.63
351.545
351.422
351.282
351.182
351.134
351.103
351.082
351.084
351.118
351.173
351.2
351.191
351.167
351.131
351.084
351.027
350.968
350.938
3616.8
2336.84
2091.18
2144.33
2225.04
2359.57
2494.57
2644.62
2780.53
2850.75
2870.16
2882.81
2899.93
2919.11
2920.36
2805.65
2499.72
2402.91
2422.27
2465.59
2519.78
2574.14
2627.12
2680.31
2734.53
2789.92
2846.76
2905.9
2968.68
3036.64
3109.2
3167.39
3192.59
3205.7
3155.42
2928.36
2779.58
2785.54
2814.23
2857.05
2899.09
2934.5
2966.51
2998.4
3031.34
3065.21
3099.43
3133.43
3167.25
3202.95
3246.7
3310.46
3385.22
3415.57
3420.02
3353.36
3153.41
3070.87
3079.36
3103.96
3140.06
3173.78
3199.28
3220.86
3242.55
3266.04
3291.34
3317.46
3342.8
3366.58
3390.12
3417.82
3459.36
3514.08
3542.2
3548.99
3523.41
3400.21
3295.4
3291.86
3304.09
3328.88
3360.14
3386.43
3405.66
3422.4
3440.03
3460.14
3482.37
3504.49
3524.39
3542.64
3563
3592.38
3634.98
3666.19
3673.05
3668.71
3605.25
3486.69
3450.24
3455.47
3470.96
3496.17
3525.98
3549.55
3565.82
3579.59
3593.84
3610.24
3629.17
3648.95
3667.51
3685.15
3705.09
3733.54
3776.1
3812.32
3823.76
3825.53
3786.16
3685.36
3638.74
3643.69
3658.14
3682.2
3713.6
3740.22
3756.91
3769.85
3783.06
3797.96
3815.48
3835.49
3855.88
3875.23
3894.99
3919.33
3955.22
3997.23
4021.13
4032.16
4025.67
3961.45
3885.2
3879.13
3894.05
3919.55
3953.07
3984.87
4004.44
4016.35
4024.63
4030.08
4033.46
4036.24
4038.39
4037.3
4029.87
4015.82
3998.82
3982.15
3966.19
3937.54
3880.52
3796.3
3668.26
3537.89
3455.67
3394.29
3342.48
3297.7
3248.05
3186.39
3117.66
3049.02
2983.45
2922.47
2864.75
2807.12
2749.11
2694.86
2648.3
2601.01
2531.34
2442.08
2331.52
2242.97
2192.33
2153.65
2126.34
2094.86
2053.51
2008.82
1965.5
1925.03
1887.4
1852.87
1821.71
1787.98
1734.63
1664.63
1571.99
1465.46
1354.46
1221.46
1064.62
887.657
716.3
582.71
493.323
434.519
403.389
389.192
385.331
386.469
388.143
385.587
380.297
374.128
370.191
367.753
367.346
366.708
364.131
360.936
358.038
356.772
356.325
356.804
357.003
356.394
355.264
354.247
353.994
354.046
354.426
354.481
354.258
353.738
353.268
353.173
353.203
353.363
353.386
353.29
353.096
352.958
352.931
352.978
353.133
353.206
353.17
353.071
352.911
352.75
352.638
352.552
352.472
352.406
352.357
352.337
352.375
352.497
352.611
352.616
352.561
352.471
352.333
352.131
351.906
351.752
351.683
351.649
351.624
351.62
351.649
351.709
351.751
351.745
351.707
351.647
351.56
351.433
351.286
351.179
351.128
351.096
351.072
351.073
351.108
351.167
351.197
351.19
351.167
351.133
351.087
351.03
350.972
350.942
)
;

boundaryField
{
    sides
    {
        type            zeroGradient;
    }
    inlet
    {
        type            zeroGradient;
    }
    outlet
    {
        type            zeroGradient;
    }
    empty
    {
        type            empty;
    }
}


// ************************************************************************* //
