/*--------------------------------*- C++ -*----------------------------------*\
| =========                 |                                                 |
| \\      /  F ield         | OpenFOAM: The Open Source CFD Toolbox           |
|  \\    /   O peration     | Version:  2306                                  |
|   \\  /    A nd           | Website:  www.openfoam.com                      |
|    \\/     M anipulation  |                                                 |
\*---------------------------------------------------------------------------*/
FoamFile
{
    version     2.0;
    format      ascii;
    arch        "LSB;label=32;scalar=64";
    class       volScalarField;
    location    "0.02";
    object      p;
}
// * * * * * * * * * * * * * * * * * * * * * * * * * * * * * * * * * * * * * //

dimensions      [1 -1 -2 0 0 0 0];

internalField   nonuniform List<scalar> 
6000
(
556770
556770
556770
556770
556770
556771
556780
556823
557004
557558
558568
559151
559119
558721
557668
556020
554159
552505
551268
550430
549864
549456
549140
548887
548681
548514
548377
548264
548170
548089
548018
547953
547897
547863
547857
547857
547863
547877
547903
547937
547975
548010
548040
548064
548086
548106
548125
548142
548157
548168
548178
548186
548193
548198
548202
548205
548208
548211
548215
548220
548221
548221
548218
548212
548202
548190
548175
548160
548145
548130
548116
548104
548093
548084
548076
548069
548061
548055
548054
548055
548057
548064
548075
548087
548100
548110
548117
548123
548130
548136
548142
548146
548150
548154
548157
548161
548164
548167
548171
548175
548181
548189
548202
548220
548230
548230
548223
548207
548183
548161
548144
548134
548127
548122
548117
548110
548100
548090
548081
548075
548070
548066
548062
548061
548060
548061
548065
548073
548084
548096
548106
548113
548120
548128
548135
548140
548143
548148
548152
548155
548157
548158
548159
548164
548168
548169
548170
548174
548182
548193
548207
548226
548253
548163
548350
548870
548170
547935
547889
547849
547820
547815
547763
547647
548113
548637
548733
548746
548704
548528
548202
547901
547736
547570
547500
547501
547510
547541
547630
547949
548698
549157
549096
549003
548815
548416
547934
547626
547476
547396
547462
547508
547551
547652
547971
548719
549367
549414
549278
549114
548658
547861
547514
547454
547447
547388
547449
547524
547606
547921
548713
549368
549503
549400
549248
548804
547765
547128
547047
547038
547042
547075
547216
547664
548178
547613
526560
328022
114093
100016
100000
100000
100000
100000
100000
100000
100000
100000
100000
100000
100000
100000
100000
100000
100000
100000
100000
100000
100000
100000
100000
100000
100000
100000
100000
100000
100000
100000
100000
100000
100000
100000
100000
100000
100000
100000
100000
100000
100000
100000
100000
100000
100000
100000
100000
100000
100000
100000
100000
100000
100000
100000
100000
100000
100000
100000
100000
100000
100000
100000
100000
100000
100000
100000
100000
100000
100000
100000
100000
100000
556770
556770
556770
556770
556770
556771
556780
556823
557004
557558
558568
559151
559119
558721
557668
556020
554159
552505
551268
550430
549864
549456
549140
548887
548681
548514
548377
548264
548170
548089
548018
547953
547897
547863
547857
547857
547863
547877
547903
547937
547975
548010
548040
548064
548086
548106
548125
548142
548157
548168
548178
548186
548193
548198
548202
548205
548208
548211
548215
548220
548221
548221
548218
548212
548202
548190
548175
548160
548145
548130
548116
548104
548093
548084
548076
548069
548061
548055
548054
548055
548057
548064
548075
548087
548100
548110
548117
548123
548130
548136
548142
548146
548150
548154
548157
548161
548164
548167
548171
548175
548181
548189
548202
548220
548230
548230
548223
548207
548183
548161
548144
548134
548127
548122
548117
548110
548100
548090
548081
548075
548070
548066
548062
548061
548060
548061
548065
548073
548084
548096
548106
548113
548120
548128
548135
548140
548143
548148
548152
548155
548157
548158
548159
548164
548168
548169
548170
548174
548182
548193
548207
548226
548253
548163
548350
548870
548170
547935
547889
547849
547820
547815
547763
547647
548113
548637
548733
548746
548704
548528
548202
547901
547736
547570
547500
547501
547510
547541
547630
547949
548698
549157
549096
549003
548815
548416
547934
547626
547476
547396
547462
547508
547551
547652
547971
548719
549367
549414
549278
549114
548658
547861
547514
547454
547447
547388
547449
547524
547606
547921
548713
549368
549503
549400
549248
548804
547765
547128
547047
547038
547042
547075
547216
547664
548178
547613
526560
328022
114093
100016
100000
100000
100000
100000
100000
100000
100000
100000
100000
100000
100000
100000
100000
100000
100000
100000
100000
100000
100000
100000
100000
100000
100000
100000
100000
100000
100000
100000
100000
100000
100000
100000
100000
100000
100000
100000
100000
100000
100000
100000
100000
100000
100000
100000
100000
100000
100000
100000
100000
100000
100000
100000
100000
100000
100000
100000
100000
100000
100000
100000
100000
100000
100000
100000
100000
100000
100000
100000
100000
100000
556770
556770
556770
556770
556770
556771
556780
556823
557004
557558
558568
559151
559119
558721
557668
556020
554159
552505
551268
550430
549864
549456
549140
548887
548681
548514
548377
548264
548170
548089
548018
547953
547897
547863
547857
547857
547863
547877
547903
547937
547975
548010
548040
548064
548086
548106
548125
548142
548157
548168
548178
548186
548193
548198
548202
548205
548208
548211
548215
548220
548221
548221
548218
548212
548202
548190
548175
548160
548145
548130
548116
548104
548093
548084
548076
548069
548061
548055
548054
548055
548057
548064
548075
548087
548100
548110
548117
548123
548130
548136
548142
548146
548150
548154
548157
548161
548164
548167
548171
548175
548181
548189
548202
548220
548230
548230
548223
548207
548183
548161
548144
548134
548127
548122
548117
548110
548100
548090
548081
548075
548070
548066
548062
548061
548060
548061
548065
548073
548084
548096
548106
548113
548120
548128
548135
548140
548143
548148
548152
548155
548157
548158
548159
548164
548168
548169
548170
548174
548182
548193
548207
548226
548253
548163
548350
548870
548170
547935
547889
547849
547820
547815
547763
547647
548113
548637
548733
548746
548704
548528
548202
547901
547736
547570
547500
547501
547510
547541
547630
547949
548698
549157
549096
549003
548815
548416
547934
547626
547476
547396
547462
547508
547551
547652
547971
548719
549367
549414
549278
549114
548658
547861
547514
547454
547447
547388
547449
547524
547606
547921
548713
549368
549503
549400
549248
548804
547765
547128
547047
547038
547042
547075
547216
547664
548178
547613
526560
328022
114093
100016
100000
100000
100000
100000
100000
100000
100000
100000
100000
100000
100000
100000
100000
100000
100000
100000
100000
100000
100000
100000
100000
100000
100000
100000
100000
100000
100000
100000
100000
100000
100000
100000
100000
100000
100000
100000
100000
100000
100000
100000
100000
100000
100000
100000
100000
100000
100000
100000
100000
100000
100000
100000
100000
100000
100000
100000
100000
100000
100000
100000
100000
100000
100000
100000
100000
100000
100000
100000
100000
100000
556770
556770
556770
556770
556770
556771
556780
556823
557004
557558
558568
559151
559119
558721
557668
556020
554159
552505
551268
550430
549864
549456
549140
548887
548681
548514
548377
548264
548170
548089
548018
547953
547897
547863
547857
547857
547863
547877
547903
547937
547975
548010
548040
548064
548086
548106
548125
548142
548157
548168
548178
548186
548193
548198
548202
548205
548208
548211
548215
548220
548221
548221
548218
548212
548202
548190
548175
548160
548145
548130
548116
548104
548093
548084
548076
548069
548061
548055
548054
548055
548057
548064
548075
548087
548100
548110
548117
548123
548130
548136
548142
548146
548150
548154
548157
548161
548164
548167
548171
548175
548181
548189
548202
548220
548230
548230
548223
548207
548183
548161
548144
548134
548127
548122
548117
548110
548100
548090
548081
548075
548070
548066
548062
548061
548060
548061
548065
548073
548084
548096
548106
548113
548120
548128
548135
548140
548143
548148
548152
548155
548157
548158
548159
548164
548168
548169
548170
548174
548182
548193
548207
548226
548253
548163
548350
548870
548170
547935
547889
547849
547820
547815
547763
547647
548113
548637
548733
548746
548704
548528
548202
547901
547736
547570
547500
547501
547510
547541
547630
547949
548698
549157
549096
549003
548815
548416
547934
547626
547476
547396
547462
547508
547551
547652
547971
548719
549367
549414
549278
549114
548658
547861
547514
547454
547447
547388
547449
547524
547606
547921
548713
549368
549503
549400
549248
548804
547765
547128
547047
547038
547042
547075
547216
547664
548178
547613
526560
328022
114093
100016
100000
100000
100000
100000
100000
100000
100000
100000
100000
100000
100000
100000
100000
100000
100000
100000
100000
100000
100000
100000
100000
100000
100000
100000
100000
100000
100000
100000
100000
100000
100000
100000
100000
100000
100000
100000
100000
100000
100000
100000
100000
100000
100000
100000
100000
100000
100000
100000
100000
100000
100000
100000
100000
100000
100000
100000
100000
100000
100000
100000
100000
100000
100000
100000
100000
100000
100000
100000
100000
100000
556770
556770
556770
556770
556770
556771
556780
556823
557004
557558
558568
559151
559119
558721
557668
556020
554159
552505
551268
550430
549864
549456
549140
548887
548681
548514
548377
548264
548170
548089
548018
547953
547897
547863
547857
547857
547863
547877
547903
547937
547975
548010
548040
548064
548086
548106
548125
548142
548157
548168
548178
548186
548193
548198
548202
548205
548208
548211
548215
548220
548221
548221
548218
548212
548202
548190
548175
548160
548145
548130
548116
548104
548093
548084
548076
548069
548061
548055
548054
548055
548057
548064
548075
548087
548100
548110
548117
548123
548130
548136
548142
548146
548150
548154
548157
548161
548164
548167
548171
548175
548181
548189
548202
548220
548230
548230
548223
548207
548183
548161
548144
548134
548127
548122
548117
548110
548100
548090
548081
548075
548070
548066
548062
548061
548060
548061
548065
548073
548084
548096
548106
548113
548120
548128
548135
548140
548143
548148
548152
548155
548157
548158
548159
548164
548168
548169
548170
548174
548182
548193
548207
548226
548253
548163
548350
548870
548170
547935
547889
547849
547820
547815
547763
547647
548113
548637
548733
548746
548704
548528
548202
547901
547736
547570
547500
547501
547510
547541
547630
547949
548698
549157
549096
549003
548815
548416
547934
547626
547476
547396
547462
547508
547551
547652
547971
548719
549367
549414
549278
549114
548658
547861
547514
547454
547447
547388
547449
547524
547606
547921
548713
549368
549503
549400
549248
548804
547765
547128
547047
547038
547042
547075
547216
547664
548178
547613
526560
328022
114093
100016
100000
100000
100000
100000
100000
100000
100000
100000
100000
100000
100000
100000
100000
100000
100000
100000
100000
100000
100000
100000
100000
100000
100000
100000
100000
100000
100000
100000
100000
100000
100000
100000
100000
100000
100000
100000
100000
100000
100000
100000
100000
100000
100000
100000
100000
100000
100000
100000
100000
100000
100000
100000
100000
100000
100000
100000
100000
100000
100000
100000
100000
100000
100000
100000
100000
100000
100000
100000
100000
100000
556770
556770
556770
556770
556770
556771
556780
556823
557004
557558
558568
559151
559119
558721
557668
556020
554159
552505
551268
550430
549864
549456
549140
548887
548681
548514
548377
548264
548170
548089
548018
547953
547897
547863
547857
547857
547863
547877
547903
547937
547975
548010
548040
548064
548086
548106
548125
548142
548157
548168
548178
548186
548193
548198
548202
548205
548208
548211
548215
548220
548221
548221
548218
548212
548202
548190
548175
548160
548145
548130
548116
548104
548093
548084
548076
548069
548061
548055
548054
548055
548057
548064
548075
548087
548100
548110
548117
548123
548130
548136
548142
548146
548150
548154
548157
548161
548164
548167
548171
548175
548181
548189
548202
548220
548230
548230
548223
548207
548183
548161
548144
548134
548127
548122
548117
548110
548100
548090
548081
548075
548070
548066
548062
548061
548060
548061
548065
548073
548084
548096
548106
548113
548120
548128
548135
548140
548143
548148
548152
548155
548157
548158
548159
548164
548168
548169
548170
548174
548182
548193
548207
548226
548253
548163
548350
548870
548170
547935
547889
547849
547820
547815
547763
547647
548113
548637
548733
548746
548704
548528
548202
547901
547736
547570
547500
547501
547510
547541
547630
547949
548698
549157
549096
549003
548815
548416
547934
547626
547476
547396
547462
547508
547551
547652
547971
548719
549367
549414
549278
549114
548658
547861
547514
547454
547447
547388
547449
547524
547606
547921
548713
549368
549503
549400
549248
548804
547765
547128
547047
547038
547042
547075
547216
547664
548178
547613
526560
328022
114093
100016
100000
100000
100000
100000
100000
100000
100000
100000
100000
100000
100000
100000
100000
100000
100000
100000
100000
100000
100000
100000
100000
100000
100000
100000
100000
100000
100000
100000
100000
100000
100000
100000
100000
100000
100000
100000
100000
100000
100000
100000
100000
100000
100000
100000
100000
100000
100000
100000
100000
100000
100000
100000
100000
100000
100000
100000
100000
100000
100000
100000
100000
100000
100000
100000
100000
100000
100000
100000
100000
100000
556770
556770
556770
556770
556770
556771
556780
556823
557004
557558
558568
559151
559119
558721
557668
556020
554159
552505
551268
550430
549864
549456
549140
548887
548681
548514
548377
548264
548170
548089
548018
547953
547897
547863
547857
547857
547863
547877
547903
547937
547975
548010
548040
548064
548086
548106
548125
548142
548157
548168
548178
548186
548193
548198
548202
548205
548208
548211
548215
548220
548221
548221
548218
548212
548202
548190
548175
548160
548145
548130
548116
548104
548093
548084
548076
548069
548061
548055
548054
548055
548057
548064
548075
548087
548100
548110
548117
548123
548130
548136
548142
548146
548150
548154
548157
548161
548164
548167
548171
548175
548181
548189
548202
548220
548230
548230
548223
548207
548183
548161
548144
548134
548127
548122
548117
548110
548100
548090
548081
548075
548070
548066
548062
548061
548060
548061
548065
548073
548084
548096
548106
548113
548120
548128
548135
548140
548143
548148
548152
548155
548157
548158
548159
548164
548168
548169
548170
548174
548182
548193
548207
548226
548253
548163
548350
548870
548170
547935
547889
547849
547820
547815
547763
547647
548113
548637
548733
548746
548704
548528
548202
547901
547736
547570
547500
547501
547510
547541
547630
547949
548698
549157
549096
549003
548815
548416
547934
547626
547476
547396
547462
547508
547551
547652
547971
548719
549367
549414
549278
549114
548658
547861
547514
547454
547447
547388
547449
547524
547606
547921
548713
549368
549503
549400
549248
548804
547765
547128
547047
547038
547042
547075
547216
547664
548178
547613
526560
328022
114093
100016
100000
100000
100000
100000
100000
100000
100000
100000
100000
100000
100000
100000
100000
100000
100000
100000
100000
100000
100000
100000
100000
100000
100000
100000
100000
100000
100000
100000
100000
100000
100000
100000
100000
100000
100000
100000
100000
100000
100000
100000
100000
100000
100000
100000
100000
100000
100000
100000
100000
100000
100000
100000
100000
100000
100000
100000
100000
100000
100000
100000
100000
100000
100000
100000
100000
100000
100000
100000
100000
100000
556770
556770
556770
556770
556770
556771
556780
556823
557004
557558
558568
559151
559119
558721
557668
556020
554159
552505
551268
550430
549864
549456
549140
548887
548681
548514
548377
548264
548170
548089
548018
547953
547897
547863
547857
547857
547863
547877
547903
547937
547975
548010
548040
548064
548086
548106
548125
548142
548157
548168
548178
548186
548193
548198
548202
548205
548208
548211
548215
548220
548221
548221
548218
548212
548202
548190
548175
548160
548145
548130
548116
548104
548093
548084
548076
548069
548061
548055
548054
548055
548057
548064
548075
548087
548100
548110
548117
548123
548130
548136
548142
548146
548150
548154
548157
548161
548164
548167
548171
548175
548181
548189
548202
548220
548230
548230
548223
548207
548183
548161
548144
548134
548127
548122
548117
548110
548100
548090
548081
548075
548070
548066
548062
548061
548060
548061
548065
548073
548084
548096
548106
548113
548120
548128
548135
548140
548143
548148
548152
548155
548157
548158
548159
548164
548168
548169
548170
548174
548182
548193
548207
548226
548253
548163
548350
548870
548170
547935
547889
547849
547820
547815
547763
547647
548113
548637
548733
548746
548704
548528
548202
547901
547736
547570
547500
547501
547510
547541
547630
547949
548698
549157
549096
549003
548815
548416
547934
547626
547476
547396
547462
547508
547551
547652
547971
548719
549367
549414
549278
549114
548658
547861
547514
547454
547447
547388
547449
547524
547606
547921
548713
549368
549503
549400
549248
548804
547765
547128
547047
547038
547042
547075
547216
547664
548178
547613
526560
328022
114093
100016
100000
100000
100000
100000
100000
100000
100000
100000
100000
100000
100000
100000
100000
100000
100000
100000
100000
100000
100000
100000
100000
100000
100000
100000
100000
100000
100000
100000
100000
100000
100000
100000
100000
100000
100000
100000
100000
100000
100000
100000
100000
100000
100000
100000
100000
100000
100000
100000
100000
100000
100000
100000
100000
100000
100000
100000
100000
100000
100000
100000
100000
100000
100000
100000
100000
100000
100000
100000
100000
100000
556770
556770
556770
556770
556770
556771
556780
556823
557004
557558
558568
559151
559119
558721
557668
556020
554159
552505
551268
550430
549864
549456
549140
548887
548681
548514
548377
548264
548170
548089
548018
547953
547897
547863
547857
547857
547863
547877
547903
547937
547975
548010
548040
548064
548086
548106
548125
548142
548157
548168
548178
548186
548193
548198
548202
548205
548208
548211
548215
548220
548221
548221
548218
548212
548202
548190
548175
548160
548145
548130
548116
548104
548093
548084
548076
548069
548061
548055
548054
548055
548057
548064
548075
548087
548100
548110
548117
548123
548130
548136
548142
548146
548150
548154
548157
548161
548164
548167
548171
548175
548181
548189
548202
548220
548230
548230
548223
548207
548183
548161
548144
548134
548127
548122
548117
548110
548100
548090
548081
548075
548070
548066
548062
548061
548060
548061
548065
548073
548084
548096
548106
548113
548120
548128
548135
548140
548143
548148
548152
548155
548157
548158
548159
548164
548168
548169
548170
548174
548182
548193
548207
548226
548253
548163
548350
548870
548170
547935
547889
547849
547820
547815
547763
547647
548113
548637
548733
548746
548704
548528
548202
547901
547736
547570
547500
547501
547510
547541
547630
547949
548698
549157
549096
549003
548815
548416
547934
547626
547476
547396
547462
547508
547551
547652
547971
548719
549367
549414
549278
549114
548658
547861
547514
547454
547447
547388
547449
547524
547606
547921
548713
549368
549503
549400
549248
548804
547765
547128
547047
547038
547042
547075
547216
547664
548178
547613
526560
328022
114093
100016
100000
100000
100000
100000
100000
100000
100000
100000
100000
100000
100000
100000
100000
100000
100000
100000
100000
100000
100000
100000
100000
100000
100000
100000
100000
100000
100000
100000
100000
100000
100000
100000
100000
100000
100000
100000
100000
100000
100000
100000
100000
100000
100000
100000
100000
100000
100000
100000
100000
100000
100000
100000
100000
100000
100000
100000
100000
100000
100000
100000
100000
100000
100000
100000
100000
100000
100000
100000
100000
100000
556770
556770
556770
556770
556770
556771
556780
556823
557004
557558
558568
559151
559119
558721
557668
556020
554159
552505
551268
550430
549864
549456
549140
548887
548681
548514
548377
548264
548170
548089
548018
547953
547897
547863
547857
547857
547863
547877
547903
547937
547975
548010
548040
548064
548086
548106
548125
548142
548157
548168
548178
548186
548193
548198
548202
548205
548208
548211
548215
548220
548221
548221
548218
548212
548202
548190
548175
548160
548145
548130
548116
548104
548093
548084
548076
548069
548061
548055
548054
548055
548057
548064
548075
548087
548100
548110
548117
548123
548130
548136
548142
548146
548150
548154
548157
548161
548164
548167
548171
548175
548181
548189
548202
548220
548230
548230
548223
548207
548183
548161
548144
548134
548127
548122
548117
548110
548100
548090
548081
548075
548070
548066
548062
548061
548060
548061
548065
548073
548084
548096
548106
548113
548120
548128
548135
548140
548143
548148
548152
548155
548157
548158
548159
548164
548168
548169
548170
548174
548182
548193
548207
548226
548253
548163
548350
548870
548170
547935
547889
547849
547820
547815
547763
547647
548113
548637
548733
548746
548704
548528
548202
547901
547736
547570
547500
547501
547510
547541
547630
547949
548698
549157
549096
549003
548815
548416
547934
547626
547476
547396
547462
547508
547551
547652
547971
548719
549367
549414
549278
549114
548658
547861
547514
547454
547447
547388
547449
547524
547606
547921
548713
549368
549503
549400
549248
548804
547765
547128
547047
547038
547042
547075
547216
547664
548178
547613
526560
328022
114093
100016
100000
100000
100000
100000
100000
100000
100000
100000
100000
100000
100000
100000
100000
100000
100000
100000
100000
100000
100000
100000
100000
100000
100000
100000
100000
100000
100000
100000
100000
100000
100000
100000
100000
100000
100000
100000
100000
100000
100000
100000
100000
100000
100000
100000
100000
100000
100000
100000
100000
100000
100000
100000
100000
100000
100000
100000
100000
100000
100000
100000
100000
100000
100000
100000
100000
100000
100000
100000
100000
100000
556770
556770
556770
556770
556770
556771
556780
556823
557004
557558
558568
559151
559119
558721
557668
556020
554159
552505
551268
550430
549864
549456
549140
548887
548681
548514
548377
548264
548170
548089
548018
547953
547897
547863
547857
547857
547863
547877
547903
547937
547975
548010
548040
548064
548086
548106
548125
548142
548157
548168
548178
548186
548193
548198
548202
548205
548208
548211
548215
548220
548221
548221
548218
548212
548202
548190
548175
548160
548145
548130
548116
548104
548093
548084
548076
548069
548061
548055
548054
548055
548057
548064
548075
548087
548100
548110
548117
548123
548130
548136
548142
548146
548150
548154
548157
548161
548164
548167
548171
548175
548181
548189
548202
548220
548230
548230
548223
548207
548183
548161
548144
548134
548127
548122
548117
548110
548100
548090
548081
548075
548070
548066
548062
548061
548060
548061
548065
548073
548084
548096
548106
548113
548120
548128
548135
548140
548143
548148
548152
548155
548157
548158
548159
548164
548168
548169
548170
548174
548182
548193
548207
548226
548253
548163
548350
548870
548170
547935
547889
547849
547820
547815
547763
547647
548113
548637
548733
548746
548704
548528
548202
547901
547736
547570
547500
547501
547510
547541
547630
547949
548698
549157
549096
549003
548815
548416
547934
547626
547476
547396
547462
547508
547551
547652
547971
548719
549367
549414
549278
549114
548658
547861
547514
547454
547447
547388
547449
547524
547606
547921
548713
549368
549503
549400
549248
548804
547765
547128
547047
547038
547042
547075
547216
547664
548178
547613
526560
328022
114093
100016
100000
100000
100000
100000
100000
100000
100000
100000
100000
100000
100000
100000
100000
100000
100000
100000
100000
100000
100000
100000
100000
100000
100000
100000
100000
100000
100000
100000
100000
100000
100000
100000
100000
100000
100000
100000
100000
100000
100000
100000
100000
100000
100000
100000
100000
100000
100000
100000
100000
100000
100000
100000
100000
100000
100000
100000
100000
100000
100000
100000
100000
100000
100000
100000
100000
100000
100000
100000
100000
100000
556770
556770
556770
556770
556770
556771
556780
556823
557004
557558
558568
559151
559119
558721
557668
556020
554159
552505
551268
550430
549864
549456
549140
548887
548681
548514
548377
548264
548170
548089
548018
547953
547897
547863
547857
547857
547863
547877
547903
547937
547975
548010
548040
548064
548086
548106
548125
548142
548157
548168
548178
548186
548193
548198
548202
548205
548208
548211
548215
548220
548221
548221
548218
548212
548202
548190
548175
548160
548145
548130
548116
548104
548093
548084
548076
548069
548061
548055
548054
548055
548057
548064
548075
548087
548100
548110
548117
548123
548130
548136
548142
548146
548150
548154
548157
548161
548164
548167
548171
548175
548181
548189
548202
548220
548230
548230
548223
548207
548183
548161
548144
548134
548127
548122
548117
548110
548100
548090
548081
548075
548070
548066
548062
548061
548060
548061
548065
548073
548084
548096
548106
548113
548120
548128
548135
548140
548143
548148
548152
548155
548157
548158
548159
548164
548168
548169
548170
548174
548182
548193
548207
548226
548253
548163
548350
548870
548170
547935
547889
547849
547820
547815
547763
547647
548113
548637
548733
548746
548704
548528
548202
547901
547736
547570
547500
547501
547510
547541
547630
547949
548698
549157
549096
549003
548815
548416
547934
547626
547476
547396
547462
547508
547551
547652
547971
548719
549367
549414
549278
549114
548658
547861
547514
547454
547447
547388
547449
547524
547606
547921
548713
549368
549503
549400
549248
548804
547765
547128
547047
547038
547042
547075
547216
547664
548178
547613
526560
328022
114093
100016
100000
100000
100000
100000
100000
100000
100000
100000
100000
100000
100000
100000
100000
100000
100000
100000
100000
100000
100000
100000
100000
100000
100000
100000
100000
100000
100000
100000
100000
100000
100000
100000
100000
100000
100000
100000
100000
100000
100000
100000
100000
100000
100000
100000
100000
100000
100000
100000
100000
100000
100000
100000
100000
100000
100000
100000
100000
100000
100000
100000
100000
100000
100000
100000
100000
100000
100000
100000
100000
100000
556770
556770
556770
556770
556770
556771
556780
556823
557004
557558
558568
559151
559119
558721
557668
556020
554159
552505
551268
550430
549864
549456
549140
548887
548681
548514
548377
548264
548170
548089
548018
547953
547897
547863
547857
547857
547863
547877
547903
547937
547975
548010
548040
548064
548086
548106
548125
548142
548157
548168
548178
548186
548193
548198
548202
548205
548208
548211
548215
548220
548221
548221
548218
548212
548202
548190
548175
548160
548145
548130
548116
548104
548093
548084
548076
548069
548061
548055
548054
548055
548057
548064
548075
548087
548100
548110
548117
548123
548130
548136
548142
548146
548150
548154
548157
548161
548164
548167
548171
548175
548181
548189
548202
548220
548230
548230
548223
548207
548183
548161
548144
548134
548127
548122
548117
548110
548100
548090
548081
548075
548070
548066
548062
548061
548060
548061
548065
548073
548084
548096
548106
548113
548120
548128
548135
548140
548143
548148
548152
548155
548157
548158
548159
548164
548168
548169
548170
548174
548182
548193
548207
548226
548253
548163
548350
548870
548170
547935
547889
547849
547820
547815
547763
547647
548113
548637
548733
548746
548704
548528
548202
547901
547736
547570
547500
547501
547510
547541
547630
547949
548698
549157
549096
549003
548815
548416
547934
547626
547476
547396
547462
547508
547551
547652
547971
548719
549367
549414
549278
549114
548658
547861
547514
547454
547447
547388
547449
547524
547606
547921
548713
549368
549503
549400
549248
548804
547765
547128
547047
547038
547042
547075
547216
547664
548178
547613
526560
328022
114093
100016
100000
100000
100000
100000
100000
100000
100000
100000
100000
100000
100000
100000
100000
100000
100000
100000
100000
100000
100000
100000
100000
100000
100000
100000
100000
100000
100000
100000
100000
100000
100000
100000
100000
100000
100000
100000
100000
100000
100000
100000
100000
100000
100000
100000
100000
100000
100000
100000
100000
100000
100000
100000
100000
100000
100000
100000
100000
100000
100000
100000
100000
100000
100000
100000
100000
100000
100000
100000
100000
100000
556770
556770
556770
556770
556770
556771
556780
556823
557004
557558
558568
559151
559119
558721
557668
556020
554159
552505
551268
550430
549864
549456
549140
548887
548681
548514
548377
548264
548170
548089
548018
547953
547897
547863
547857
547857
547863
547877
547903
547937
547975
548010
548040
548064
548086
548106
548125
548142
548157
548168
548178
548186
548193
548198
548202
548205
548208
548211
548215
548220
548221
548221
548218
548212
548202
548190
548175
548160
548145
548130
548116
548104
548093
548084
548076
548069
548061
548055
548054
548055
548057
548064
548075
548087
548100
548110
548117
548123
548130
548136
548142
548146
548150
548154
548157
548161
548164
548167
548171
548175
548181
548189
548202
548220
548230
548230
548223
548207
548183
548161
548144
548134
548127
548122
548117
548110
548100
548090
548081
548075
548070
548066
548062
548061
548060
548061
548065
548073
548084
548096
548106
548113
548120
548128
548135
548140
548143
548148
548152
548155
548157
548158
548159
548164
548168
548169
548170
548174
548182
548193
548207
548226
548253
548163
548350
548870
548170
547935
547889
547849
547820
547815
547763
547647
548113
548637
548733
548746
548704
548528
548202
547901
547736
547570
547500
547501
547510
547541
547630
547949
548698
549157
549096
549003
548815
548416
547934
547626
547476
547396
547462
547508
547551
547652
547971
548719
549367
549414
549278
549114
548658
547861
547514
547454
547447
547388
547449
547524
547606
547921
548713
549368
549503
549400
549248
548804
547765
547128
547047
547038
547042
547075
547216
547664
548178
547613
526560
328022
114093
100016
100000
100000
100000
100000
100000
100000
100000
100000
100000
100000
100000
100000
100000
100000
100000
100000
100000
100000
100000
100000
100000
100000
100000
100000
100000
100000
100000
100000
100000
100000
100000
100000
100000
100000
100000
100000
100000
100000
100000
100000
100000
100000
100000
100000
100000
100000
100000
100000
100000
100000
100000
100000
100000
100000
100000
100000
100000
100000
100000
100000
100000
100000
100000
100000
100000
100000
100000
100000
100000
100000
556770
556770
556770
556770
556770
556771
556780
556823
557004
557558
558568
559151
559119
558721
557668
556020
554159
552505
551268
550430
549864
549456
549140
548887
548681
548514
548377
548264
548170
548089
548018
547953
547897
547863
547857
547857
547863
547877
547903
547937
547975
548010
548040
548064
548086
548106
548125
548142
548157
548168
548178
548186
548193
548198
548202
548205
548208
548211
548215
548220
548221
548221
548218
548212
548202
548190
548175
548160
548145
548130
548116
548104
548093
548084
548076
548069
548061
548055
548054
548055
548057
548064
548075
548087
548100
548110
548117
548123
548130
548136
548142
548146
548150
548154
548157
548161
548164
548167
548171
548175
548181
548189
548202
548220
548230
548230
548223
548207
548183
548161
548144
548134
548127
548122
548117
548110
548100
548090
548081
548075
548070
548066
548062
548061
548060
548061
548065
548073
548084
548096
548106
548113
548120
548128
548135
548140
548143
548148
548152
548155
548157
548158
548159
548164
548168
548169
548170
548174
548182
548193
548207
548226
548253
548163
548350
548870
548170
547935
547889
547849
547820
547815
547763
547647
548113
548637
548733
548746
548704
548528
548202
547901
547736
547570
547500
547501
547510
547541
547630
547949
548698
549157
549096
549003
548815
548416
547934
547626
547476
547396
547462
547508
547551
547652
547971
548719
549367
549414
549278
549114
548658
547861
547514
547454
547447
547388
547449
547524
547606
547921
548713
549368
549503
549400
549248
548804
547765
547128
547047
547038
547042
547075
547216
547664
548178
547613
526560
328022
114093
100016
100000
100000
100000
100000
100000
100000
100000
100000
100000
100000
100000
100000
100000
100000
100000
100000
100000
100000
100000
100000
100000
100000
100000
100000
100000
100000
100000
100000
100000
100000
100000
100000
100000
100000
100000
100000
100000
100000
100000
100000
100000
100000
100000
100000
100000
100000
100000
100000
100000
100000
100000
100000
100000
100000
100000
100000
100000
100000
100000
100000
100000
100000
100000
100000
100000
100000
100000
100000
100000
100000
556770
556770
556770
556770
556770
556771
556780
556823
557004
557558
558568
559151
559119
558721
557668
556020
554159
552505
551268
550430
549864
549456
549140
548887
548681
548514
548377
548264
548170
548089
548018
547953
547897
547863
547857
547857
547863
547877
547903
547937
547975
548010
548040
548064
548086
548106
548125
548142
548157
548168
548178
548186
548193
548198
548202
548205
548208
548211
548215
548220
548221
548221
548218
548212
548202
548190
548175
548160
548145
548130
548116
548104
548093
548084
548076
548069
548061
548055
548054
548055
548057
548064
548075
548087
548100
548110
548117
548123
548130
548136
548142
548146
548150
548154
548157
548161
548164
548167
548171
548175
548181
548189
548202
548220
548230
548230
548223
548207
548183
548161
548144
548134
548127
548122
548117
548110
548100
548090
548081
548075
548070
548066
548062
548061
548060
548061
548065
548073
548084
548096
548106
548113
548120
548128
548135
548140
548143
548148
548152
548155
548157
548158
548159
548164
548168
548169
548170
548174
548182
548193
548207
548226
548253
548163
548350
548870
548170
547935
547889
547849
547820
547815
547763
547647
548113
548637
548733
548746
548704
548528
548202
547901
547736
547570
547500
547501
547510
547541
547630
547949
548698
549157
549096
549003
548815
548416
547934
547626
547476
547396
547462
547508
547551
547652
547971
548719
549367
549414
549278
549114
548658
547861
547514
547454
547447
547388
547449
547524
547606
547921
548713
549368
549503
549400
549248
548804
547765
547128
547047
547038
547042
547075
547216
547664
548178
547613
526560
328022
114093
100016
100000
100000
100000
100000
100000
100000
100000
100000
100000
100000
100000
100000
100000
100000
100000
100000
100000
100000
100000
100000
100000
100000
100000
100000
100000
100000
100000
100000
100000
100000
100000
100000
100000
100000
100000
100000
100000
100000
100000
100000
100000
100000
100000
100000
100000
100000
100000
100000
100000
100000
100000
100000
100000
100000
100000
100000
100000
100000
100000
100000
100000
100000
100000
100000
100000
100000
100000
100000
100000
100000
556770
556770
556770
556770
556770
556771
556780
556823
557004
557558
558568
559151
559119
558721
557668
556020
554159
552505
551268
550430
549864
549456
549140
548887
548681
548514
548377
548264
548170
548089
548018
547953
547897
547863
547857
547857
547863
547877
547903
547937
547975
548010
548040
548064
548086
548106
548125
548142
548157
548168
548178
548186
548193
548198
548202
548205
548208
548211
548215
548220
548221
548221
548218
548212
548202
548190
548175
548160
548145
548130
548116
548104
548093
548084
548076
548069
548061
548055
548054
548055
548057
548064
548075
548087
548100
548110
548117
548123
548130
548136
548142
548146
548150
548154
548157
548161
548164
548167
548171
548175
548181
548189
548202
548220
548230
548230
548223
548207
548183
548161
548144
548134
548127
548122
548117
548110
548100
548090
548081
548075
548070
548066
548062
548061
548060
548061
548065
548073
548084
548096
548106
548113
548120
548128
548135
548140
548143
548148
548152
548155
548157
548158
548159
548164
548168
548169
548170
548174
548182
548193
548207
548226
548253
548163
548350
548870
548170
547935
547889
547849
547820
547815
547763
547647
548113
548637
548733
548746
548704
548528
548202
547901
547736
547570
547500
547501
547510
547541
547630
547949
548698
549157
549096
549003
548815
548416
547934
547626
547476
547396
547462
547508
547551
547652
547971
548719
549367
549414
549278
549114
548658
547861
547514
547454
547447
547388
547449
547524
547606
547921
548713
549368
549503
549400
549248
548804
547765
547128
547047
547038
547042
547075
547216
547664
548178
547613
526560
328022
114093
100016
100000
100000
100000
100000
100000
100000
100000
100000
100000
100000
100000
100000
100000
100000
100000
100000
100000
100000
100000
100000
100000
100000
100000
100000
100000
100000
100000
100000
100000
100000
100000
100000
100000
100000
100000
100000
100000
100000
100000
100000
100000
100000
100000
100000
100000
100000
100000
100000
100000
100000
100000
100000
100000
100000
100000
100000
100000
100000
100000
100000
100000
100000
100000
100000
100000
100000
100000
100000
100000
100000
556770
556770
556770
556770
556770
556771
556780
556823
557004
557558
558568
559151
559119
558721
557668
556020
554159
552505
551269
550430
549864
549456
549140
548887
548681
548514
548377
548264
548170
548089
548018
547953
547897
547863
547857
547857
547863
547877
547903
547937
547975
548010
548040
548064
548086
548106
548125
548142
548157
548168
548178
548186
548193
548198
548202
548205
548208
548211
548215
548220
548221
548221
548218
548212
548202
548190
548175
548160
548145
548130
548116
548104
548093
548084
548076
548069
548061
548055
548054
548055
548057
548064
548075
548087
548100
548110
548117
548123
548130
548136
548142
548146
548150
548154
548157
548161
548164
548167
548171
548175
548181
548189
548202
548220
548230
548230
548223
548207
548183
548161
548144
548134
548127
548122
548117
548110
548100
548090
548081
548075
548070
548066
548062
548061
548060
548061
548065
548073
548084
548096
548106
548113
548120
548128
548135
548140
548143
548148
548152
548155
548157
548158
548159
548164
548168
548169
548170
548174
548182
548193
548207
548226
548253
548163
548350
548870
548170
547935
547889
547849
547820
547815
547763
547647
548113
548637
548733
548746
548704
548528
548202
547901
547736
547570
547500
547501
547510
547541
547630
547949
548698
549157
549096
549003
548815
548416
547934
547626
547476
547396
547462
547508
547551
547652
547971
548719
549367
549414
549278
549114
548658
547861
547514
547454
547447
547388
547449
547524
547606
547921
548713
549368
549503
549400
549248
548804
547765
547128
547047
547038
547042
547075
547216
547664
548178
547613
526560
328022
114093
100016
100000
100000
100000
100000
100000
100000
100000
100000
100000
100000
100000
100000
100000
100000
100000
100000
100000
100000
100000
100000
100000
100000
100000
100000
100000
100000
100000
100000
100000
100000
100000
100000
100000
100000
100000
100000
100000
100000
100000
100000
100000
100000
100000
100000
100000
100000
100000
100000
100000
100000
100000
100000
100000
100000
100000
100000
100000
100000
100000
100000
100000
100000
100000
100000
100000
100000
100000
100000
100000
100000
556770
556770
556770
556770
556770
556771
556780
556823
557004
557558
558568
559151
559119
558721
557668
556020
554159
552505
551269
550430
549864
549456
549140
548887
548681
548514
548377
548264
548170
548089
548018
547953
547897
547863
547857
547857
547863
547877
547903
547937
547975
548010
548040
548064
548086
548106
548125
548142
548157
548168
548178
548186
548193
548198
548202
548205
548208
548211
548215
548220
548221
548221
548218
548212
548202
548190
548175
548160
548145
548130
548116
548104
548093
548084
548076
548069
548061
548055
548054
548055
548057
548064
548075
548087
548100
548110
548117
548123
548130
548136
548142
548146
548150
548154
548157
548161
548164
548167
548171
548175
548181
548189
548202
548220
548230
548230
548223
548207
548183
548161
548144
548134
548127
548122
548117
548110
548100
548090
548081
548075
548070
548066
548062
548061
548060
548061
548065
548073
548084
548096
548106
548113
548120
548128
548135
548140
548143
548148
548152
548155
548157
548158
548159
548164
548168
548169
548170
548174
548182
548193
548207
548226
548253
548163
548350
548870
548170
547935
547889
547849
547820
547815
547763
547647
548113
548637
548733
548746
548704
548528
548202
547901
547736
547570
547500
547501
547510
547541
547630
547949
548698
549157
549096
549003
548815
548416
547934
547626
547476
547396
547462
547508
547551
547652
547971
548719
549367
549414
549278
549114
548658
547861
547514
547454
547447
547388
547449
547524
547606
547921
548713
549368
549503
549400
549248
548804
547765
547128
547047
547038
547042
547075
547216
547664
548178
547613
526560
328022
114093
100016
100000
100000
100000
100000
100000
100000
100000
100000
100000
100000
100000
100000
100000
100000
100000
100000
100000
100000
100000
100000
100000
100000
100000
100000
100000
100000
100000
100000
100000
100000
100000
100000
100000
100000
100000
100000
100000
100000
100000
100000
100000
100000
100000
100000
100000
100000
100000
100000
100000
100000
100000
100000
100000
100000
100000
100000
100000
100000
100000
100000
100000
100000
100000
100000
100000
100000
100000
100000
100000
100000
556770
556770
556770
556770
556770
556771
556780
556823
557004
557558
558568
559151
559119
558721
557668
556020
554159
552505
551269
550430
549864
549456
549140
548887
548681
548514
548377
548264
548170
548089
548018
547953
547897
547863
547857
547857
547863
547877
547903
547937
547975
548010
548040
548064
548086
548106
548125
548142
548157
548168
548178
548186
548193
548198
548202
548205
548208
548211
548215
548220
548221
548221
548218
548212
548202
548190
548175
548160
548145
548130
548116
548104
548093
548084
548076
548069
548061
548055
548054
548055
548057
548064
548075
548087
548100
548110
548117
548123
548130
548136
548142
548146
548150
548154
548157
548161
548164
548167
548171
548175
548181
548189
548202
548220
548230
548230
548223
548207
548183
548161
548144
548134
548127
548122
548117
548110
548100
548090
548081
548075
548070
548066
548062
548061
548060
548061
548065
548073
548084
548096
548106
548113
548120
548128
548135
548140
548143
548148
548152
548155
548157
548158
548159
548164
548168
548169
548170
548174
548182
548193
548207
548226
548253
548163
548350
548870
548170
547935
547889
547849
547820
547815
547763
547647
548113
548637
548733
548746
548704
548528
548202
547901
547736
547570
547500
547501
547510
547541
547630
547949
548698
549157
549096
549003
548815
548416
547934
547626
547476
547396
547462
547508
547551
547652
547971
548719
549367
549414
549278
549114
548658
547861
547514
547454
547447
547388
547449
547524
547606
547921
548713
549368
549503
549400
549248
548804
547765
547128
547047
547038
547042
547075
547216
547664
548178
547613
526560
328022
114093
100016
100000
100000
100000
100000
100000
100000
100000
100000
100000
100000
100000
100000
100000
100000
100000
100000
100000
100000
100000
100000
100000
100000
100000
100000
100000
100000
100000
100000
100000
100000
100000
100000
100000
100000
100000
100000
100000
100000
100000
100000
100000
100000
100000
100000
100000
100000
100000
100000
100000
100000
100000
100000
100000
100000
100000
100000
100000
100000
100000
100000
100000
100000
100000
100000
100000
100000
100000
100000
100000
100000
)
;

boundaryField
{
    sides
    {
        type            zeroGradient;
    }
    inlet
    {
        type            zeroGradient;
    }
    outlet
    {
        type            zeroGradient;
    }
    empty
    {
        type            empty;
    }
}


// ************************************************************************* //
