/*--------------------------------*- C++ -*----------------------------------*\
| =========                 |                                                 |
| \\      /  F ield         | OpenFOAM: The Open Source CFD Toolbox           |
|  \\    /   O peration     | Version:  2306                                  |
|   \\  /    A nd           | Website:  www.openfoam.com                      |
|    \\/     M anipulation  |                                                 |
\*---------------------------------------------------------------------------*/
FoamFile
{
    version     2.0;
    format      ascii;
    arch        "LSB;label=32;scalar=64";
    class       volScalarField;
    location    "0.02";
    object      rho;
}
// * * * * * * * * * * * * * * * * * * * * * * * * * * * * * * * * * * * * * //

dimensions      [1 -3 0 0 0 0 0];

internalField   nonuniform List<scalar> 
6000
(
3.64274
3.64274
3.64274
3.64274
3.64274
3.64274
3.64278
3.64299
3.64383
3.64642
3.65114
3.65386
3.65371
3.65185
3.64694
3.63923
3.63053
3.62279
3.617
3.61307
3.61041
3.6085
3.60702
3.60583
3.60486
3.60408
3.60344
3.60291
3.60246
3.60208
3.60175
3.60144
3.60118
3.60102
3.60099
3.601
3.60102
3.60109
3.60121
3.60137
3.60155
3.60171
3.60185
3.60197
3.60207
3.60216
3.60225
3.60233
3.6024
3.60246
3.6025
3.60254
3.60257
3.6026
3.60262
3.60263
3.60264
3.60266
3.60268
3.6027
3.6027
3.6027
3.60269
3.60266
3.60262
3.60256
3.60249
3.60242
3.60235
3.60228
3.60221
3.60215
3.6021
3.60206
3.60202
3.60199
3.60195
3.60192
3.60192
3.60192
3.60194
3.60197
3.60202
3.60208
3.60213
3.60218
3.60222
3.60225
3.60227
3.6023
3.60233
3.60235
3.60237
3.60239
3.6024
3.60242
3.60244
3.60245
3.60247
3.60249
3.60251
3.60255
3.60262
3.6027
3.60275
3.60274
3.60271
3.60264
3.60253
3.60242
3.60234
3.60229
3.60226
3.60224
3.60221
3.60218
3.60214
3.60209
3.60205
3.60202
3.602
3.60198
3.60196
3.60195
3.60195
3.60195
3.60197
3.60201
3.60206
3.60212
3.60216
3.60219
3.60223
3.60227
3.60231
3.60232
3.60233
3.60234
3.60237
3.60239
3.60242
3.60249
3.60264
3.60281
3.60288
3.60288
3.60285
3.60271
3.60225
3.60089
3.59717
3.58756
3.56443
3.51648
3.45347
3.4206
3.41274
3.4115
3.41155
3.41203
3.41351
3.41687
3.42218
3.42753
3.43185
3.43471
3.43493
3.43464
3.43382
3.43198
3.42882
3.42511
3.42201
3.42015
3.41972
3.4198
3.42016
3.42103
3.42247
3.42504
3.42966
3.43267
3.43317
3.4331
3.43218
3.42998
3.42715
3.42491
3.42284
3.42111
3.42065
3.42059
3.42084
3.42162
3.42368
3.4279
3.4317
3.43282
3.43327
3.4332
3.43137
3.42759
3.42574
3.42505
3.42404
3.4224
3.42145
3.42108
3.42113
3.42256
3.42649
3.42996
3.4311
3.43156
3.43183
3.43069
3.42659
3.42419
3.424
3.42394
3.42374
3.42313
3.42242
3.42297
3.42455
3.42146
3.32555
2.36453
1.24319
1.16113
1.16103
1.16103
1.16103
1.16103
1.16103
1.16103
1.16103
1.16103
1.16103
1.16103
1.16103
1.16103
1.16103
1.16103
1.16103
1.16103
1.16103
1.16103
1.16103
1.16103
1.16103
1.16103
1.16103
1.16103
1.16103
1.16103
1.16103
1.16103
1.16103
1.16103
1.16103
1.16103
1.16103
1.16103
1.16103
1.16103
1.16103
1.16103
1.16103
1.16103
1.16103
1.16103
1.16103
1.16103
1.16103
1.16103
1.16103
1.16103
1.16103
1.16103
1.16103
1.16103
1.16103
1.16103
1.16103
1.16103
1.16103
1.16103
1.16103
1.16103
1.16103
1.16103
1.16103
1.16103
1.16103
1.16103
1.16103
1.16103
1.16103
1.16103
3.64274
3.64274
3.64274
3.64274
3.64274
3.64274
3.64278
3.64299
3.64383
3.64642
3.65114
3.65386
3.65371
3.65185
3.64694
3.63923
3.63053
3.62279
3.617
3.61307
3.61041
3.6085
3.60702
3.60583
3.60486
3.60408
3.60344
3.60291
3.60246
3.60208
3.60175
3.60144
3.60118
3.60102
3.60099
3.601
3.60102
3.60109
3.60121
3.60137
3.60155
3.60171
3.60185
3.60197
3.60207
3.60216
3.60225
3.60233
3.6024
3.60246
3.6025
3.60254
3.60257
3.6026
3.60262
3.60263
3.60264
3.60266
3.60268
3.6027
3.6027
3.6027
3.60269
3.60266
3.60262
3.60256
3.60249
3.60242
3.60235
3.60228
3.60221
3.60215
3.6021
3.60206
3.60202
3.60199
3.60195
3.60192
3.60192
3.60192
3.60194
3.60197
3.60202
3.60208
3.60213
3.60218
3.60222
3.60225
3.60227
3.6023
3.60233
3.60235
3.60237
3.60239
3.6024
3.60242
3.60244
3.60245
3.60247
3.60249
3.60251
3.60255
3.60262
3.6027
3.60275
3.60274
3.60271
3.60264
3.60253
3.60242
3.60234
3.60229
3.60226
3.60224
3.60221
3.60218
3.60214
3.60209
3.60205
3.60202
3.602
3.60198
3.60196
3.60195
3.60195
3.60195
3.60197
3.60201
3.60206
3.60212
3.60216
3.60219
3.60223
3.60227
3.60231
3.60232
3.60233
3.60234
3.60237
3.60239
3.60242
3.60249
3.60264
3.60281
3.60288
3.60288
3.60285
3.60271
3.60225
3.60089
3.59717
3.58756
3.56443
3.51648
3.45347
3.4206
3.41274
3.4115
3.41155
3.41203
3.41351
3.41687
3.42218
3.42753
3.43185
3.43471
3.43493
3.43464
3.43382
3.43198
3.42882
3.42511
3.42201
3.42015
3.41972
3.4198
3.42016
3.42103
3.42247
3.42504
3.42966
3.43267
3.43317
3.4331
3.43218
3.42998
3.42715
3.42491
3.42284
3.42111
3.42065
3.42059
3.42084
3.42162
3.42368
3.4279
3.4317
3.43282
3.43327
3.4332
3.43137
3.42759
3.42574
3.42505
3.42404
3.4224
3.42145
3.42108
3.42113
3.42256
3.42649
3.42996
3.4311
3.43156
3.43183
3.43069
3.42659
3.42419
3.424
3.42394
3.42374
3.42313
3.42242
3.42297
3.42455
3.42146
3.32555
2.36453
1.24319
1.16113
1.16103
1.16103
1.16103
1.16103
1.16103
1.16103
1.16103
1.16103
1.16103
1.16103
1.16103
1.16103
1.16103
1.16103
1.16103
1.16103
1.16103
1.16103
1.16103
1.16103
1.16103
1.16103
1.16103
1.16103
1.16103
1.16103
1.16103
1.16103
1.16103
1.16103
1.16103
1.16103
1.16103
1.16103
1.16103
1.16103
1.16103
1.16103
1.16103
1.16103
1.16103
1.16103
1.16103
1.16103
1.16103
1.16103
1.16103
1.16103
1.16103
1.16103
1.16103
1.16103
1.16103
1.16103
1.16103
1.16103
1.16103
1.16103
1.16103
1.16103
1.16103
1.16103
1.16103
1.16103
1.16103
1.16103
1.16103
1.16103
1.16103
1.16103
3.64274
3.64274
3.64274
3.64274
3.64274
3.64274
3.64278
3.64299
3.64383
3.64642
3.65114
3.65386
3.65371
3.65185
3.64694
3.63923
3.63053
3.62279
3.61699
3.61307
3.61041
3.6085
3.60702
3.60583
3.60486
3.60408
3.60344
3.60291
3.60246
3.60208
3.60175
3.60144
3.60118
3.60102
3.60099
3.601
3.60102
3.60109
3.60121
3.60137
3.60155
3.60171
3.60185
3.60197
3.60207
3.60216
3.60225
3.60233
3.6024
3.60246
3.6025
3.60254
3.60257
3.6026
3.60262
3.60263
3.60264
3.60266
3.60268
3.6027
3.6027
3.6027
3.60269
3.60266
3.60262
3.60256
3.60249
3.60242
3.60235
3.60228
3.60221
3.60215
3.6021
3.60206
3.60202
3.60199
3.60195
3.60192
3.60192
3.60192
3.60194
3.60197
3.60202
3.60208
3.60213
3.60218
3.60222
3.60225
3.60227
3.6023
3.60233
3.60235
3.60237
3.60239
3.6024
3.60242
3.60244
3.60245
3.60247
3.60249
3.60251
3.60255
3.60262
3.6027
3.60275
3.60274
3.60271
3.60264
3.60253
3.60242
3.60234
3.60229
3.60226
3.60224
3.60221
3.60218
3.60214
3.60209
3.60205
3.60202
3.602
3.60198
3.60196
3.60195
3.60195
3.60195
3.60197
3.60201
3.60206
3.60212
3.60216
3.60219
3.60223
3.60227
3.60231
3.60232
3.60233
3.60234
3.60237
3.60239
3.60242
3.60249
3.60264
3.60281
3.60288
3.60288
3.60285
3.60271
3.60225
3.60089
3.59717
3.58756
3.56443
3.51648
3.45347
3.4206
3.41274
3.4115
3.41155
3.41203
3.41351
3.41687
3.42218
3.42753
3.43185
3.43471
3.43493
3.43464
3.43382
3.43198
3.42882
3.42511
3.42201
3.42015
3.41972
3.4198
3.42016
3.42103
3.42247
3.42504
3.42966
3.43267
3.43317
3.4331
3.43218
3.42998
3.42715
3.42491
3.42284
3.42111
3.42065
3.42059
3.42084
3.42162
3.42368
3.4279
3.4317
3.43282
3.43327
3.4332
3.43137
3.42759
3.42574
3.42505
3.42404
3.4224
3.42145
3.42108
3.42113
3.42256
3.42649
3.42996
3.4311
3.43156
3.43183
3.43069
3.42659
3.42419
3.424
3.42394
3.42374
3.42313
3.42242
3.42297
3.42455
3.42146
3.32555
2.36453
1.24319
1.16113
1.16103
1.16103
1.16103
1.16103
1.16103
1.16103
1.16103
1.16103
1.16103
1.16103
1.16103
1.16103
1.16103
1.16103
1.16103
1.16103
1.16103
1.16103
1.16103
1.16103
1.16103
1.16103
1.16103
1.16103
1.16103
1.16103
1.16103
1.16103
1.16103
1.16103
1.16103
1.16103
1.16103
1.16103
1.16103
1.16103
1.16103
1.16103
1.16103
1.16103
1.16103
1.16103
1.16103
1.16103
1.16103
1.16103
1.16103
1.16103
1.16103
1.16103
1.16103
1.16103
1.16103
1.16103
1.16103
1.16103
1.16103
1.16103
1.16103
1.16103
1.16103
1.16103
1.16103
1.16103
1.16103
1.16103
1.16103
1.16103
1.16103
1.16103
3.64274
3.64274
3.64274
3.64274
3.64274
3.64274
3.64278
3.64299
3.64383
3.64642
3.65114
3.65386
3.65371
3.65185
3.64694
3.63923
3.63053
3.62279
3.617
3.61307
3.61041
3.6085
3.60702
3.60583
3.60486
3.60408
3.60344
3.60291
3.60246
3.60208
3.60175
3.60144
3.60118
3.60102
3.60099
3.601
3.60102
3.60109
3.60121
3.60137
3.60155
3.60171
3.60185
3.60197
3.60207
3.60216
3.60225
3.60233
3.6024
3.60246
3.6025
3.60254
3.60257
3.6026
3.60262
3.60263
3.60264
3.60266
3.60268
3.6027
3.6027
3.6027
3.60269
3.60266
3.60262
3.60256
3.60249
3.60242
3.60235
3.60228
3.60221
3.60215
3.6021
3.60206
3.60202
3.60199
3.60195
3.60192
3.60192
3.60192
3.60194
3.60197
3.60202
3.60208
3.60213
3.60218
3.60222
3.60225
3.60227
3.6023
3.60233
3.60235
3.60237
3.60239
3.6024
3.60242
3.60244
3.60245
3.60247
3.60249
3.60251
3.60255
3.60262
3.6027
3.60275
3.60274
3.60271
3.60264
3.60253
3.60242
3.60234
3.60229
3.60226
3.60224
3.60221
3.60218
3.60214
3.60209
3.60205
3.60202
3.602
3.60198
3.60196
3.60195
3.60195
3.60195
3.60197
3.60201
3.60206
3.60212
3.60216
3.60219
3.60223
3.60227
3.60231
3.60232
3.60233
3.60234
3.60237
3.60239
3.60242
3.60249
3.60264
3.60281
3.60288
3.60288
3.60285
3.60271
3.60225
3.60089
3.59717
3.58756
3.56443
3.51648
3.45347
3.4206
3.41274
3.4115
3.41155
3.41203
3.41351
3.41687
3.42218
3.42753
3.43185
3.43471
3.43493
3.43464
3.43382
3.43198
3.42882
3.42511
3.42201
3.42015
3.41972
3.4198
3.42016
3.42103
3.42247
3.42504
3.42966
3.43267
3.43317
3.4331
3.43218
3.42998
3.42715
3.42491
3.42284
3.42111
3.42065
3.42059
3.42084
3.42162
3.42368
3.4279
3.4317
3.43282
3.43327
3.4332
3.43137
3.42759
3.42574
3.42505
3.42404
3.4224
3.42145
3.42108
3.42113
3.42256
3.42649
3.42996
3.4311
3.43156
3.43183
3.43069
3.42659
3.42419
3.424
3.42394
3.42374
3.42313
3.42242
3.42297
3.42455
3.42146
3.32555
2.36453
1.24319
1.16113
1.16103
1.16103
1.16103
1.16103
1.16103
1.16103
1.16103
1.16103
1.16103
1.16103
1.16103
1.16103
1.16103
1.16103
1.16103
1.16103
1.16103
1.16103
1.16103
1.16103
1.16103
1.16103
1.16103
1.16103
1.16103
1.16103
1.16103
1.16103
1.16103
1.16103
1.16103
1.16103
1.16103
1.16103
1.16103
1.16103
1.16103
1.16103
1.16103
1.16103
1.16103
1.16103
1.16103
1.16103
1.16103
1.16103
1.16103
1.16103
1.16103
1.16103
1.16103
1.16103
1.16103
1.16103
1.16103
1.16103
1.16103
1.16103
1.16103
1.16103
1.16103
1.16103
1.16103
1.16103
1.16103
1.16103
1.16103
1.16103
1.16103
1.16103
3.64274
3.64274
3.64274
3.64274
3.64274
3.64274
3.64278
3.64299
3.64383
3.64642
3.65114
3.65386
3.65371
3.65185
3.64694
3.63923
3.63053
3.62279
3.617
3.61307
3.61041
3.6085
3.60702
3.60583
3.60486
3.60408
3.60344
3.60291
3.60246
3.60208
3.60175
3.60144
3.60118
3.60102
3.60099
3.601
3.60102
3.60109
3.60121
3.60137
3.60155
3.60171
3.60185
3.60197
3.60207
3.60216
3.60225
3.60233
3.6024
3.60246
3.6025
3.60254
3.60257
3.6026
3.60262
3.60263
3.60264
3.60266
3.60268
3.6027
3.6027
3.6027
3.60269
3.60266
3.60262
3.60256
3.60249
3.60242
3.60235
3.60228
3.60221
3.60215
3.6021
3.60206
3.60202
3.60199
3.60195
3.60192
3.60192
3.60192
3.60194
3.60197
3.60202
3.60208
3.60213
3.60218
3.60222
3.60225
3.60227
3.6023
3.60233
3.60235
3.60237
3.60239
3.6024
3.60242
3.60244
3.60245
3.60247
3.60249
3.60251
3.60255
3.60262
3.6027
3.60275
3.60274
3.60271
3.60264
3.60253
3.60242
3.60234
3.60229
3.60226
3.60224
3.60221
3.60218
3.60214
3.60209
3.60205
3.60202
3.602
3.60198
3.60196
3.60195
3.60195
3.60195
3.60197
3.60201
3.60206
3.60212
3.60216
3.60219
3.60223
3.60227
3.60231
3.60232
3.60233
3.60234
3.60237
3.60239
3.60242
3.60249
3.60264
3.60281
3.60288
3.60288
3.60285
3.60271
3.60225
3.60089
3.59717
3.58756
3.56443
3.51648
3.45347
3.4206
3.41274
3.4115
3.41155
3.41203
3.41351
3.41687
3.42218
3.42753
3.43185
3.43471
3.43493
3.43464
3.43382
3.43198
3.42882
3.42511
3.42201
3.42015
3.41972
3.4198
3.42016
3.42103
3.42247
3.42504
3.42966
3.43267
3.43317
3.4331
3.43218
3.42998
3.42715
3.42491
3.42284
3.42111
3.42065
3.42059
3.42084
3.42162
3.42368
3.4279
3.4317
3.43282
3.43327
3.4332
3.43137
3.42759
3.42574
3.42505
3.42404
3.4224
3.42145
3.42108
3.42113
3.42256
3.42649
3.42996
3.4311
3.43156
3.43183
3.43069
3.42659
3.42419
3.424
3.42394
3.42374
3.42313
3.42242
3.42297
3.42455
3.42146
3.32555
2.36453
1.24319
1.16113
1.16103
1.16103
1.16103
1.16103
1.16103
1.16103
1.16103
1.16103
1.16103
1.16103
1.16103
1.16103
1.16103
1.16103
1.16103
1.16103
1.16103
1.16103
1.16103
1.16103
1.16103
1.16103
1.16103
1.16103
1.16103
1.16103
1.16103
1.16103
1.16103
1.16103
1.16103
1.16103
1.16103
1.16103
1.16103
1.16103
1.16103
1.16103
1.16103
1.16103
1.16103
1.16103
1.16103
1.16103
1.16103
1.16103
1.16103
1.16103
1.16103
1.16103
1.16103
1.16103
1.16103
1.16103
1.16103
1.16103
1.16103
1.16103
1.16103
1.16103
1.16103
1.16103
1.16103
1.16103
1.16103
1.16103
1.16103
1.16103
1.16103
1.16103
3.64274
3.64274
3.64274
3.64274
3.64274
3.64274
3.64278
3.64299
3.64383
3.64642
3.65114
3.65386
3.65371
3.65185
3.64694
3.63923
3.63053
3.62279
3.617
3.61307
3.61041
3.6085
3.60702
3.60583
3.60486
3.60408
3.60344
3.60291
3.60246
3.60208
3.60175
3.60144
3.60118
3.60102
3.60099
3.601
3.60102
3.60109
3.60121
3.60137
3.60155
3.60171
3.60185
3.60197
3.60207
3.60216
3.60225
3.60233
3.6024
3.60246
3.6025
3.60254
3.60257
3.6026
3.60262
3.60263
3.60264
3.60266
3.60268
3.6027
3.6027
3.6027
3.60269
3.60266
3.60262
3.60256
3.60249
3.60242
3.60235
3.60228
3.60221
3.60215
3.6021
3.60206
3.60202
3.60199
3.60195
3.60192
3.60192
3.60192
3.60194
3.60197
3.60202
3.60208
3.60213
3.60218
3.60222
3.60225
3.60227
3.6023
3.60233
3.60235
3.60237
3.60239
3.6024
3.60242
3.60244
3.60245
3.60247
3.60249
3.60251
3.60255
3.60262
3.6027
3.60275
3.60274
3.60271
3.60264
3.60253
3.60242
3.60234
3.60229
3.60226
3.60224
3.60221
3.60218
3.60214
3.60209
3.60205
3.60202
3.602
3.60198
3.60196
3.60195
3.60195
3.60195
3.60197
3.60201
3.60206
3.60212
3.60216
3.60219
3.60223
3.60227
3.60231
3.60232
3.60233
3.60234
3.60237
3.60239
3.60242
3.60249
3.60264
3.60281
3.60288
3.60288
3.60285
3.60271
3.60225
3.60089
3.59717
3.58756
3.56443
3.51648
3.45347
3.4206
3.41274
3.4115
3.41155
3.41203
3.41351
3.41687
3.42218
3.42753
3.43185
3.43471
3.43493
3.43464
3.43382
3.43198
3.42882
3.42511
3.42201
3.42015
3.41972
3.4198
3.42016
3.42103
3.42247
3.42504
3.42966
3.43267
3.43317
3.4331
3.43218
3.42998
3.42715
3.42491
3.42284
3.42111
3.42065
3.42059
3.42084
3.42162
3.42368
3.4279
3.4317
3.43282
3.43327
3.4332
3.43137
3.42759
3.42574
3.42505
3.42404
3.4224
3.42145
3.42108
3.42113
3.42256
3.42649
3.42996
3.4311
3.43156
3.43183
3.43069
3.42659
3.42419
3.424
3.42394
3.42374
3.42313
3.42242
3.42297
3.42455
3.42146
3.32555
2.36453
1.24319
1.16113
1.16103
1.16103
1.16103
1.16103
1.16103
1.16103
1.16103
1.16103
1.16103
1.16103
1.16103
1.16103
1.16103
1.16103
1.16103
1.16103
1.16103
1.16103
1.16103
1.16103
1.16103
1.16103
1.16103
1.16103
1.16103
1.16103
1.16103
1.16103
1.16103
1.16103
1.16103
1.16103
1.16103
1.16103
1.16103
1.16103
1.16103
1.16103
1.16103
1.16103
1.16103
1.16103
1.16103
1.16103
1.16103
1.16103
1.16103
1.16103
1.16103
1.16103
1.16103
1.16103
1.16103
1.16103
1.16103
1.16103
1.16103
1.16103
1.16103
1.16103
1.16103
1.16103
1.16103
1.16103
1.16103
1.16103
1.16103
1.16103
1.16103
1.16103
3.64274
3.64274
3.64274
3.64274
3.64274
3.64274
3.64278
3.64299
3.64383
3.64642
3.65114
3.65386
3.65371
3.65185
3.64694
3.63923
3.63053
3.62279
3.617
3.61307
3.61041
3.6085
3.60702
3.60583
3.60486
3.60408
3.60344
3.60291
3.60246
3.60208
3.60175
3.60144
3.60118
3.60102
3.60099
3.601
3.60102
3.60109
3.60121
3.60137
3.60155
3.60171
3.60185
3.60197
3.60207
3.60216
3.60225
3.60233
3.6024
3.60246
3.6025
3.60254
3.60257
3.6026
3.60262
3.60263
3.60264
3.60266
3.60268
3.6027
3.6027
3.6027
3.60269
3.60266
3.60262
3.60256
3.60249
3.60242
3.60235
3.60228
3.60221
3.60215
3.6021
3.60206
3.60202
3.60199
3.60195
3.60192
3.60192
3.60192
3.60194
3.60197
3.60202
3.60208
3.60213
3.60218
3.60222
3.60225
3.60227
3.6023
3.60233
3.60235
3.60237
3.60239
3.6024
3.60242
3.60244
3.60245
3.60247
3.60249
3.60251
3.60255
3.60262
3.6027
3.60275
3.60274
3.60271
3.60264
3.60253
3.60242
3.60234
3.60229
3.60226
3.60224
3.60221
3.60218
3.60214
3.60209
3.60205
3.60202
3.602
3.60198
3.60196
3.60195
3.60195
3.60195
3.60197
3.60201
3.60206
3.60212
3.60216
3.60219
3.60223
3.60227
3.60231
3.60232
3.60233
3.60234
3.60237
3.60239
3.60242
3.60249
3.60264
3.60281
3.60288
3.60288
3.60285
3.60271
3.60225
3.60089
3.59717
3.58756
3.56443
3.51648
3.45347
3.4206
3.41274
3.4115
3.41155
3.41203
3.41351
3.41687
3.42218
3.42753
3.43185
3.43471
3.43493
3.43464
3.43382
3.43198
3.42882
3.42511
3.42201
3.42015
3.41972
3.4198
3.42016
3.42103
3.42247
3.42504
3.42966
3.43267
3.43317
3.4331
3.43218
3.42998
3.42715
3.42491
3.42284
3.42111
3.42065
3.42059
3.42084
3.42162
3.42368
3.4279
3.4317
3.43282
3.43327
3.4332
3.43137
3.42759
3.42574
3.42505
3.42404
3.4224
3.42145
3.42108
3.42113
3.42256
3.42649
3.42996
3.4311
3.43156
3.43183
3.43069
3.42659
3.42419
3.424
3.42394
3.42374
3.42313
3.42242
3.42297
3.42455
3.42146
3.32555
2.36453
1.24319
1.16113
1.16103
1.16103
1.16103
1.16103
1.16103
1.16103
1.16103
1.16103
1.16103
1.16103
1.16103
1.16103
1.16103
1.16103
1.16103
1.16103
1.16103
1.16103
1.16103
1.16103
1.16103
1.16103
1.16103
1.16103
1.16103
1.16103
1.16103
1.16103
1.16103
1.16103
1.16103
1.16103
1.16103
1.16103
1.16103
1.16103
1.16103
1.16103
1.16103
1.16103
1.16103
1.16103
1.16103
1.16103
1.16103
1.16103
1.16103
1.16103
1.16103
1.16103
1.16103
1.16103
1.16103
1.16103
1.16103
1.16103
1.16103
1.16103
1.16103
1.16103
1.16103
1.16103
1.16103
1.16103
1.16103
1.16103
1.16103
1.16103
1.16103
1.16103
3.64274
3.64274
3.64274
3.64274
3.64274
3.64274
3.64278
3.64299
3.64383
3.64642
3.65114
3.65386
3.65371
3.65185
3.64694
3.63923
3.63053
3.62279
3.61699
3.61307
3.61041
3.6085
3.60702
3.60583
3.60486
3.60408
3.60344
3.60291
3.60246
3.60208
3.60175
3.60144
3.60118
3.60102
3.60099
3.601
3.60102
3.60109
3.60121
3.60137
3.60155
3.60171
3.60185
3.60197
3.60207
3.60216
3.60225
3.60233
3.6024
3.60246
3.6025
3.60254
3.60257
3.6026
3.60262
3.60263
3.60264
3.60266
3.60268
3.6027
3.6027
3.6027
3.60269
3.60266
3.60262
3.60256
3.60249
3.60242
3.60235
3.60228
3.60221
3.60215
3.6021
3.60206
3.60202
3.60199
3.60195
3.60192
3.60192
3.60192
3.60194
3.60197
3.60202
3.60208
3.60213
3.60218
3.60222
3.60225
3.60227
3.6023
3.60233
3.60235
3.60237
3.60239
3.6024
3.60242
3.60244
3.60245
3.60247
3.60249
3.60251
3.60255
3.60262
3.6027
3.60275
3.60274
3.60271
3.60264
3.60253
3.60242
3.60234
3.60229
3.60226
3.60224
3.60221
3.60218
3.60214
3.60209
3.60205
3.60202
3.602
3.60198
3.60196
3.60195
3.60195
3.60195
3.60197
3.60201
3.60206
3.60212
3.60216
3.60219
3.60223
3.60227
3.60231
3.60232
3.60233
3.60234
3.60237
3.60239
3.60242
3.60249
3.60264
3.60281
3.60288
3.60288
3.60285
3.60271
3.60225
3.60089
3.59717
3.58756
3.56443
3.51648
3.45347
3.4206
3.41274
3.4115
3.41155
3.41203
3.41351
3.41687
3.42218
3.42753
3.43185
3.43471
3.43493
3.43464
3.43382
3.43198
3.42882
3.42511
3.42201
3.42015
3.41972
3.4198
3.42016
3.42103
3.42247
3.42504
3.42966
3.43267
3.43317
3.4331
3.43218
3.42998
3.42715
3.42491
3.42284
3.42111
3.42065
3.42059
3.42084
3.42162
3.42368
3.4279
3.4317
3.43282
3.43327
3.4332
3.43137
3.42759
3.42574
3.42505
3.42404
3.4224
3.42145
3.42108
3.42113
3.42256
3.42649
3.42996
3.4311
3.43156
3.43183
3.43069
3.42659
3.42419
3.424
3.42394
3.42374
3.42313
3.42242
3.42297
3.42455
3.42146
3.32555
2.36453
1.24319
1.16113
1.16103
1.16103
1.16103
1.16103
1.16103
1.16103
1.16103
1.16103
1.16103
1.16103
1.16103
1.16103
1.16103
1.16103
1.16103
1.16103
1.16103
1.16103
1.16103
1.16103
1.16103
1.16103
1.16103
1.16103
1.16103
1.16103
1.16103
1.16103
1.16103
1.16103
1.16103
1.16103
1.16103
1.16103
1.16103
1.16103
1.16103
1.16103
1.16103
1.16103
1.16103
1.16103
1.16103
1.16103
1.16103
1.16103
1.16103
1.16103
1.16103
1.16103
1.16103
1.16103
1.16103
1.16103
1.16103
1.16103
1.16103
1.16103
1.16103
1.16103
1.16103
1.16103
1.16103
1.16103
1.16103
1.16103
1.16103
1.16103
1.16103
1.16103
3.64274
3.64274
3.64274
3.64274
3.64274
3.64274
3.64278
3.64299
3.64383
3.64642
3.65114
3.65386
3.65371
3.65185
3.64694
3.63923
3.63053
3.62279
3.61699
3.61307
3.61041
3.6085
3.60702
3.60583
3.60486
3.60408
3.60344
3.60291
3.60246
3.60208
3.60175
3.60144
3.60118
3.60102
3.60099
3.601
3.60102
3.60109
3.60121
3.60137
3.60155
3.60171
3.60185
3.60197
3.60207
3.60216
3.60225
3.60233
3.6024
3.60246
3.6025
3.60254
3.60257
3.6026
3.60262
3.60263
3.60264
3.60266
3.60268
3.6027
3.6027
3.6027
3.60269
3.60266
3.60262
3.60256
3.60249
3.60242
3.60235
3.60228
3.60221
3.60215
3.6021
3.60206
3.60202
3.60199
3.60195
3.60192
3.60192
3.60192
3.60194
3.60197
3.60202
3.60208
3.60213
3.60218
3.60222
3.60225
3.60227
3.6023
3.60233
3.60235
3.60237
3.60239
3.6024
3.60242
3.60244
3.60245
3.60247
3.60249
3.60251
3.60255
3.60262
3.6027
3.60275
3.60274
3.60271
3.60264
3.60253
3.60242
3.60234
3.60229
3.60226
3.60224
3.60221
3.60218
3.60214
3.60209
3.60205
3.60202
3.602
3.60198
3.60196
3.60195
3.60195
3.60195
3.60197
3.60201
3.60206
3.60212
3.60216
3.60219
3.60223
3.60227
3.60231
3.60232
3.60233
3.60234
3.60237
3.60239
3.60242
3.60249
3.60264
3.60281
3.60288
3.60288
3.60285
3.60271
3.60225
3.60089
3.59717
3.58756
3.56443
3.51648
3.45347
3.4206
3.41274
3.4115
3.41155
3.41203
3.41351
3.41687
3.42218
3.42753
3.43185
3.43471
3.43493
3.43464
3.43382
3.43198
3.42882
3.42511
3.42201
3.42015
3.41972
3.4198
3.42016
3.42103
3.42247
3.42504
3.42966
3.43267
3.43317
3.4331
3.43218
3.42998
3.42715
3.42491
3.42284
3.42111
3.42065
3.42059
3.42084
3.42162
3.42368
3.4279
3.4317
3.43282
3.43327
3.4332
3.43137
3.42759
3.42574
3.42505
3.42404
3.4224
3.42145
3.42108
3.42113
3.42256
3.42649
3.42996
3.4311
3.43156
3.43183
3.43069
3.42659
3.42419
3.424
3.42394
3.42374
3.42313
3.42242
3.42297
3.42455
3.42146
3.32555
2.36453
1.24319
1.16113
1.16103
1.16103
1.16103
1.16103
1.16103
1.16103
1.16103
1.16103
1.16103
1.16103
1.16103
1.16103
1.16103
1.16103
1.16103
1.16103
1.16103
1.16103
1.16103
1.16103
1.16103
1.16103
1.16103
1.16103
1.16103
1.16103
1.16103
1.16103
1.16103
1.16103
1.16103
1.16103
1.16103
1.16103
1.16103
1.16103
1.16103
1.16103
1.16103
1.16103
1.16103
1.16103
1.16103
1.16103
1.16103
1.16103
1.16103
1.16103
1.16103
1.16103
1.16103
1.16103
1.16103
1.16103
1.16103
1.16103
1.16103
1.16103
1.16103
1.16103
1.16103
1.16103
1.16103
1.16103
1.16103
1.16103
1.16103
1.16103
1.16103
1.16103
3.64274
3.64274
3.64274
3.64274
3.64274
3.64274
3.64278
3.64299
3.64383
3.64642
3.65114
3.65386
3.65371
3.65185
3.64694
3.63923
3.63053
3.62279
3.61699
3.61307
3.61041
3.6085
3.60702
3.60583
3.60486
3.60408
3.60344
3.60291
3.60246
3.60208
3.60175
3.60144
3.60118
3.60102
3.60099
3.601
3.60102
3.60109
3.60121
3.60137
3.60155
3.60171
3.60185
3.60197
3.60207
3.60216
3.60225
3.60233
3.6024
3.60246
3.6025
3.60254
3.60257
3.6026
3.60262
3.60263
3.60264
3.60266
3.60268
3.6027
3.6027
3.6027
3.60269
3.60266
3.60262
3.60256
3.60249
3.60242
3.60235
3.60228
3.60221
3.60215
3.6021
3.60206
3.60202
3.60199
3.60195
3.60192
3.60192
3.60192
3.60194
3.60197
3.60202
3.60208
3.60213
3.60218
3.60222
3.60225
3.60227
3.6023
3.60233
3.60235
3.60237
3.60239
3.6024
3.60242
3.60244
3.60245
3.60247
3.60249
3.60251
3.60255
3.60262
3.6027
3.60275
3.60274
3.60271
3.60264
3.60253
3.60242
3.60234
3.60229
3.60226
3.60224
3.60221
3.60218
3.60214
3.60209
3.60205
3.60202
3.602
3.60198
3.60196
3.60195
3.60195
3.60195
3.60197
3.60201
3.60206
3.60212
3.60216
3.60219
3.60223
3.60227
3.60231
3.60232
3.60233
3.60234
3.60237
3.60239
3.60242
3.60249
3.60264
3.60281
3.60288
3.60288
3.60285
3.60271
3.60225
3.60089
3.59717
3.58756
3.56443
3.51648
3.45347
3.4206
3.41274
3.4115
3.41155
3.41203
3.41351
3.41687
3.42218
3.42753
3.43185
3.43471
3.43493
3.43464
3.43382
3.43198
3.42882
3.42511
3.42201
3.42015
3.41972
3.4198
3.42016
3.42103
3.42247
3.42504
3.42966
3.43267
3.43317
3.4331
3.43218
3.42998
3.42715
3.42491
3.42284
3.42111
3.42065
3.42059
3.42084
3.42162
3.42368
3.4279
3.4317
3.43282
3.43327
3.4332
3.43137
3.42759
3.42574
3.42505
3.42404
3.4224
3.42145
3.42108
3.42113
3.42256
3.42649
3.42996
3.4311
3.43156
3.43183
3.43069
3.42659
3.42419
3.424
3.42394
3.42374
3.42313
3.42242
3.42297
3.42455
3.42146
3.32555
2.36453
1.24319
1.16113
1.16103
1.16103
1.16103
1.16103
1.16103
1.16103
1.16103
1.16103
1.16103
1.16103
1.16103
1.16103
1.16103
1.16103
1.16103
1.16103
1.16103
1.16103
1.16103
1.16103
1.16103
1.16103
1.16103
1.16103
1.16103
1.16103
1.16103
1.16103
1.16103
1.16103
1.16103
1.16103
1.16103
1.16103
1.16103
1.16103
1.16103
1.16103
1.16103
1.16103
1.16103
1.16103
1.16103
1.16103
1.16103
1.16103
1.16103
1.16103
1.16103
1.16103
1.16103
1.16103
1.16103
1.16103
1.16103
1.16103
1.16103
1.16103
1.16103
1.16103
1.16103
1.16103
1.16103
1.16103
1.16103
1.16103
1.16103
1.16103
1.16103
1.16103
3.64274
3.64274
3.64274
3.64274
3.64274
3.64274
3.64278
3.64299
3.64383
3.64642
3.65114
3.65386
3.65371
3.65185
3.64694
3.63923
3.63053
3.62279
3.61699
3.61307
3.61041
3.6085
3.60702
3.60583
3.60486
3.60408
3.60344
3.60291
3.60246
3.60208
3.60175
3.60144
3.60118
3.60102
3.60099
3.601
3.60102
3.60109
3.60121
3.60137
3.60155
3.60171
3.60185
3.60197
3.60207
3.60216
3.60225
3.60233
3.6024
3.60246
3.6025
3.60254
3.60257
3.6026
3.60262
3.60263
3.60264
3.60266
3.60268
3.6027
3.6027
3.6027
3.60269
3.60266
3.60262
3.60256
3.60249
3.60242
3.60235
3.60228
3.60221
3.60215
3.6021
3.60206
3.60202
3.60199
3.60195
3.60192
3.60192
3.60192
3.60194
3.60197
3.60202
3.60208
3.60213
3.60218
3.60222
3.60225
3.60227
3.6023
3.60233
3.60235
3.60237
3.60239
3.6024
3.60242
3.60244
3.60245
3.60247
3.60249
3.60251
3.60255
3.60262
3.6027
3.60275
3.60274
3.60271
3.60264
3.60253
3.60242
3.60234
3.60229
3.60226
3.60224
3.60221
3.60218
3.60214
3.60209
3.60205
3.60202
3.602
3.60198
3.60196
3.60195
3.60195
3.60195
3.60197
3.60201
3.60206
3.60212
3.60216
3.60219
3.60223
3.60227
3.60231
3.60232
3.60233
3.60234
3.60237
3.60239
3.60242
3.60249
3.60264
3.60281
3.60288
3.60288
3.60285
3.60271
3.60225
3.60089
3.59717
3.58756
3.56443
3.51648
3.45347
3.4206
3.41274
3.4115
3.41155
3.41203
3.41351
3.41687
3.42218
3.42753
3.43185
3.43471
3.43493
3.43464
3.43382
3.43198
3.42882
3.42511
3.42201
3.42015
3.41972
3.4198
3.42016
3.42103
3.42247
3.42504
3.42966
3.43267
3.43317
3.4331
3.43218
3.42998
3.42715
3.42491
3.42284
3.42111
3.42065
3.42059
3.42084
3.42162
3.42368
3.4279
3.4317
3.43282
3.43327
3.4332
3.43137
3.42759
3.42574
3.42505
3.42404
3.4224
3.42145
3.42108
3.42113
3.42256
3.42649
3.42996
3.4311
3.43156
3.43183
3.43069
3.42659
3.42419
3.424
3.42394
3.42374
3.42313
3.42242
3.42297
3.42455
3.42146
3.32555
2.36453
1.24319
1.16113
1.16103
1.16103
1.16103
1.16103
1.16103
1.16103
1.16103
1.16103
1.16103
1.16103
1.16103
1.16103
1.16103
1.16103
1.16103
1.16103
1.16103
1.16103
1.16103
1.16103
1.16103
1.16103
1.16103
1.16103
1.16103
1.16103
1.16103
1.16103
1.16103
1.16103
1.16103
1.16103
1.16103
1.16103
1.16103
1.16103
1.16103
1.16103
1.16103
1.16103
1.16103
1.16103
1.16103
1.16103
1.16103
1.16103
1.16103
1.16103
1.16103
1.16103
1.16103
1.16103
1.16103
1.16103
1.16103
1.16103
1.16103
1.16103
1.16103
1.16103
1.16103
1.16103
1.16103
1.16103
1.16103
1.16103
1.16103
1.16103
1.16103
1.16103
3.64274
3.64274
3.64274
3.64274
3.64274
3.64274
3.64278
3.64299
3.64383
3.64642
3.65114
3.65386
3.65371
3.65185
3.64694
3.63923
3.63053
3.62279
3.61699
3.61307
3.61041
3.6085
3.60702
3.60583
3.60486
3.60408
3.60344
3.60291
3.60246
3.60208
3.60175
3.60144
3.60118
3.60102
3.60099
3.601
3.60102
3.60109
3.60121
3.60137
3.60155
3.60171
3.60185
3.60197
3.60207
3.60216
3.60225
3.60233
3.6024
3.60246
3.6025
3.60254
3.60257
3.6026
3.60262
3.60263
3.60264
3.60266
3.60268
3.6027
3.6027
3.6027
3.60269
3.60266
3.60262
3.60256
3.60249
3.60242
3.60235
3.60228
3.60221
3.60215
3.6021
3.60206
3.60202
3.60199
3.60195
3.60192
3.60192
3.60192
3.60194
3.60197
3.60202
3.60208
3.60213
3.60218
3.60222
3.60225
3.60227
3.6023
3.60233
3.60235
3.60237
3.60239
3.6024
3.60242
3.60244
3.60245
3.60247
3.60249
3.60251
3.60255
3.60262
3.6027
3.60275
3.60274
3.60271
3.60264
3.60253
3.60242
3.60234
3.60229
3.60226
3.60224
3.60221
3.60218
3.60214
3.60209
3.60205
3.60202
3.602
3.60198
3.60196
3.60195
3.60195
3.60195
3.60197
3.60201
3.60206
3.60212
3.60216
3.60219
3.60223
3.60227
3.60231
3.60232
3.60233
3.60234
3.60237
3.60239
3.60242
3.60249
3.60264
3.60281
3.60288
3.60288
3.60285
3.60271
3.60225
3.60089
3.59717
3.58756
3.56443
3.51648
3.45347
3.4206
3.41274
3.4115
3.41155
3.41203
3.41351
3.41687
3.42218
3.42753
3.43185
3.43471
3.43493
3.43464
3.43382
3.43198
3.42882
3.42511
3.42201
3.42015
3.41972
3.4198
3.42016
3.42103
3.42247
3.42504
3.42966
3.43267
3.43317
3.4331
3.43218
3.42998
3.42715
3.42491
3.42284
3.42111
3.42065
3.42059
3.42084
3.42162
3.42368
3.4279
3.4317
3.43282
3.43327
3.4332
3.43137
3.42759
3.42574
3.42505
3.42404
3.4224
3.42145
3.42108
3.42113
3.42256
3.42649
3.42996
3.4311
3.43156
3.43183
3.43069
3.42659
3.42419
3.424
3.42394
3.42374
3.42313
3.42242
3.42297
3.42455
3.42146
3.32555
2.36453
1.24319
1.16113
1.16103
1.16103
1.16103
1.16103
1.16103
1.16103
1.16103
1.16103
1.16103
1.16103
1.16103
1.16103
1.16103
1.16103
1.16103
1.16103
1.16103
1.16103
1.16103
1.16103
1.16103
1.16103
1.16103
1.16103
1.16103
1.16103
1.16103
1.16103
1.16103
1.16103
1.16103
1.16103
1.16103
1.16103
1.16103
1.16103
1.16103
1.16103
1.16103
1.16103
1.16103
1.16103
1.16103
1.16103
1.16103
1.16103
1.16103
1.16103
1.16103
1.16103
1.16103
1.16103
1.16103
1.16103
1.16103
1.16103
1.16103
1.16103
1.16103
1.16103
1.16103
1.16103
1.16103
1.16103
1.16103
1.16103
1.16103
1.16103
1.16103
1.16103
3.64274
3.64274
3.64274
3.64274
3.64274
3.64274
3.64278
3.64299
3.64383
3.64642
3.65114
3.65386
3.65371
3.65185
3.64694
3.63923
3.63053
3.62279
3.61699
3.61307
3.61041
3.6085
3.60702
3.60583
3.60486
3.60408
3.60344
3.60291
3.60246
3.60208
3.60175
3.60144
3.60118
3.60102
3.60099
3.601
3.60102
3.60109
3.60121
3.60137
3.60155
3.60171
3.60185
3.60197
3.60207
3.60216
3.60225
3.60233
3.6024
3.60246
3.6025
3.60254
3.60257
3.6026
3.60262
3.60263
3.60264
3.60266
3.60268
3.6027
3.6027
3.6027
3.60269
3.60266
3.60262
3.60256
3.60249
3.60242
3.60235
3.60228
3.60221
3.60215
3.6021
3.60206
3.60202
3.60199
3.60195
3.60192
3.60192
3.60192
3.60194
3.60197
3.60202
3.60208
3.60213
3.60218
3.60222
3.60225
3.60227
3.6023
3.60233
3.60235
3.60237
3.60239
3.6024
3.60242
3.60244
3.60245
3.60247
3.60249
3.60251
3.60255
3.60262
3.6027
3.60275
3.60274
3.60271
3.60264
3.60253
3.60242
3.60234
3.60229
3.60226
3.60224
3.60221
3.60218
3.60214
3.60209
3.60205
3.60202
3.602
3.60198
3.60196
3.60195
3.60195
3.60195
3.60197
3.60201
3.60206
3.60212
3.60216
3.60219
3.60223
3.60227
3.60231
3.60232
3.60233
3.60234
3.60237
3.60239
3.60242
3.60249
3.60264
3.60281
3.60288
3.60288
3.60285
3.60271
3.60225
3.60089
3.59717
3.58756
3.56443
3.51648
3.45347
3.4206
3.41274
3.4115
3.41155
3.41203
3.41351
3.41687
3.42218
3.42753
3.43185
3.43471
3.43493
3.43464
3.43382
3.43198
3.42882
3.42511
3.42201
3.42015
3.41972
3.4198
3.42016
3.42103
3.42247
3.42504
3.42966
3.43267
3.43317
3.4331
3.43218
3.42998
3.42715
3.42491
3.42284
3.42111
3.42065
3.42059
3.42084
3.42162
3.42368
3.4279
3.4317
3.43282
3.43327
3.4332
3.43137
3.42759
3.42574
3.42505
3.42404
3.4224
3.42145
3.42108
3.42113
3.42256
3.42649
3.42996
3.4311
3.43156
3.43183
3.43069
3.42659
3.42419
3.424
3.42394
3.42374
3.42313
3.42242
3.42297
3.42455
3.42146
3.32555
2.36453
1.24319
1.16113
1.16103
1.16103
1.16103
1.16103
1.16103
1.16103
1.16103
1.16103
1.16103
1.16103
1.16103
1.16103
1.16103
1.16103
1.16103
1.16103
1.16103
1.16103
1.16103
1.16103
1.16103
1.16103
1.16103
1.16103
1.16103
1.16103
1.16103
1.16103
1.16103
1.16103
1.16103
1.16103
1.16103
1.16103
1.16103
1.16103
1.16103
1.16103
1.16103
1.16103
1.16103
1.16103
1.16103
1.16103
1.16103
1.16103
1.16103
1.16103
1.16103
1.16103
1.16103
1.16103
1.16103
1.16103
1.16103
1.16103
1.16103
1.16103
1.16103
1.16103
1.16103
1.16103
1.16103
1.16103
1.16103
1.16103
1.16103
1.16103
1.16103
1.16103
3.64274
3.64274
3.64274
3.64274
3.64274
3.64274
3.64278
3.64299
3.64383
3.64642
3.65114
3.65386
3.65371
3.65185
3.64694
3.63923
3.63053
3.62279
3.61699
3.61307
3.61041
3.6085
3.60702
3.60583
3.60486
3.60408
3.60344
3.60291
3.60246
3.60208
3.60175
3.60144
3.60118
3.60102
3.60099
3.601
3.60102
3.60109
3.60121
3.60137
3.60155
3.60171
3.60185
3.60197
3.60207
3.60216
3.60225
3.60233
3.6024
3.60246
3.6025
3.60254
3.60257
3.6026
3.60262
3.60263
3.60264
3.60266
3.60268
3.6027
3.6027
3.6027
3.60269
3.60266
3.60262
3.60256
3.60249
3.60242
3.60235
3.60228
3.60221
3.60215
3.6021
3.60206
3.60202
3.60199
3.60195
3.60192
3.60192
3.60192
3.60194
3.60197
3.60202
3.60208
3.60213
3.60218
3.60222
3.60225
3.60227
3.6023
3.60233
3.60235
3.60237
3.60239
3.6024
3.60242
3.60244
3.60245
3.60247
3.60249
3.60251
3.60255
3.60262
3.6027
3.60275
3.60274
3.60271
3.60264
3.60253
3.60242
3.60234
3.60229
3.60226
3.60224
3.60221
3.60218
3.60214
3.60209
3.60205
3.60202
3.602
3.60198
3.60196
3.60195
3.60195
3.60195
3.60197
3.60201
3.60206
3.60212
3.60216
3.60219
3.60223
3.60227
3.60231
3.60232
3.60233
3.60234
3.60237
3.60239
3.60242
3.60249
3.60264
3.60281
3.60288
3.60288
3.60285
3.60271
3.60225
3.60089
3.59717
3.58756
3.56443
3.51648
3.45347
3.4206
3.41274
3.4115
3.41155
3.41203
3.41351
3.41687
3.42218
3.42753
3.43185
3.43471
3.43493
3.43464
3.43382
3.43198
3.42882
3.42511
3.42201
3.42015
3.41972
3.4198
3.42016
3.42103
3.42247
3.42504
3.42966
3.43267
3.43317
3.4331
3.43218
3.42998
3.42715
3.42491
3.42284
3.42111
3.42065
3.42059
3.42084
3.42162
3.42368
3.4279
3.4317
3.43282
3.43327
3.4332
3.43137
3.42759
3.42574
3.42505
3.42404
3.4224
3.42145
3.42108
3.42113
3.42256
3.42649
3.42996
3.4311
3.43156
3.43183
3.43069
3.42659
3.42419
3.424
3.42394
3.42374
3.42313
3.42242
3.42297
3.42455
3.42146
3.32555
2.36453
1.24319
1.16113
1.16103
1.16103
1.16103
1.16103
1.16103
1.16103
1.16103
1.16103
1.16103
1.16103
1.16103
1.16103
1.16103
1.16103
1.16103
1.16103
1.16103
1.16103
1.16103
1.16103
1.16103
1.16103
1.16103
1.16103
1.16103
1.16103
1.16103
1.16103
1.16103
1.16103
1.16103
1.16103
1.16103
1.16103
1.16103
1.16103
1.16103
1.16103
1.16103
1.16103
1.16103
1.16103
1.16103
1.16103
1.16103
1.16103
1.16103
1.16103
1.16103
1.16103
1.16103
1.16103
1.16103
1.16103
1.16103
1.16103
1.16103
1.16103
1.16103
1.16103
1.16103
1.16103
1.16103
1.16103
1.16103
1.16103
1.16103
1.16103
1.16103
1.16103
3.64274
3.64274
3.64274
3.64274
3.64274
3.64274
3.64278
3.64299
3.64383
3.64642
3.65114
3.65386
3.65371
3.65185
3.64694
3.63923
3.63053
3.62279
3.61699
3.61307
3.61041
3.6085
3.60702
3.60583
3.60486
3.60408
3.60344
3.60291
3.60246
3.60208
3.60175
3.60144
3.60118
3.60102
3.60099
3.601
3.60102
3.60109
3.60121
3.60137
3.60155
3.60171
3.60185
3.60197
3.60207
3.60216
3.60225
3.60233
3.6024
3.60246
3.6025
3.60254
3.60257
3.6026
3.60262
3.60263
3.60264
3.60266
3.60268
3.6027
3.6027
3.6027
3.60269
3.60266
3.60262
3.60256
3.60249
3.60242
3.60235
3.60228
3.60221
3.60215
3.6021
3.60206
3.60202
3.60199
3.60195
3.60192
3.60192
3.60192
3.60194
3.60197
3.60202
3.60208
3.60213
3.60218
3.60222
3.60225
3.60227
3.6023
3.60233
3.60235
3.60237
3.60239
3.6024
3.60242
3.60244
3.60245
3.60247
3.60249
3.60251
3.60255
3.60262
3.6027
3.60275
3.60274
3.60271
3.60264
3.60253
3.60242
3.60234
3.60229
3.60226
3.60224
3.60221
3.60218
3.60214
3.60209
3.60205
3.60202
3.602
3.60198
3.60196
3.60195
3.60195
3.60195
3.60197
3.60201
3.60206
3.60212
3.60216
3.60219
3.60223
3.60227
3.60231
3.60232
3.60233
3.60234
3.60237
3.60239
3.60242
3.60249
3.60264
3.60281
3.60288
3.60288
3.60285
3.60271
3.60225
3.60089
3.59717
3.58756
3.56443
3.51648
3.45347
3.4206
3.41274
3.4115
3.41155
3.41203
3.41351
3.41687
3.42218
3.42753
3.43185
3.43471
3.43493
3.43464
3.43382
3.43198
3.42882
3.42511
3.42201
3.42015
3.41972
3.4198
3.42016
3.42103
3.42247
3.42504
3.42966
3.43267
3.43317
3.4331
3.43218
3.42998
3.42715
3.42491
3.42284
3.42111
3.42065
3.42059
3.42084
3.42162
3.42368
3.4279
3.4317
3.43282
3.43327
3.4332
3.43137
3.42759
3.42574
3.42505
3.42404
3.4224
3.42145
3.42108
3.42113
3.42256
3.42649
3.42996
3.4311
3.43156
3.43183
3.43069
3.42659
3.42419
3.424
3.42394
3.42374
3.42313
3.42242
3.42297
3.42455
3.42146
3.32555
2.36453
1.24319
1.16113
1.16103
1.16103
1.16103
1.16103
1.16103
1.16103
1.16103
1.16103
1.16103
1.16103
1.16103
1.16103
1.16103
1.16103
1.16103
1.16103
1.16103
1.16103
1.16103
1.16103
1.16103
1.16103
1.16103
1.16103
1.16103
1.16103
1.16103
1.16103
1.16103
1.16103
1.16103
1.16103
1.16103
1.16103
1.16103
1.16103
1.16103
1.16103
1.16103
1.16103
1.16103
1.16103
1.16103
1.16103
1.16103
1.16103
1.16103
1.16103
1.16103
1.16103
1.16103
1.16103
1.16103
1.16103
1.16103
1.16103
1.16103
1.16103
1.16103
1.16103
1.16103
1.16103
1.16103
1.16103
1.16103
1.16103
1.16103
1.16103
1.16103
1.16103
3.64274
3.64274
3.64274
3.64274
3.64274
3.64274
3.64278
3.64299
3.64383
3.64642
3.65114
3.65386
3.65371
3.65185
3.64694
3.63923
3.63053
3.62279
3.61699
3.61307
3.61041
3.6085
3.60702
3.60583
3.60486
3.60408
3.60344
3.60291
3.60246
3.60208
3.60175
3.60144
3.60118
3.60102
3.60099
3.601
3.60102
3.60109
3.60121
3.60137
3.60155
3.60171
3.60185
3.60197
3.60207
3.60216
3.60225
3.60233
3.6024
3.60246
3.6025
3.60254
3.60257
3.6026
3.60262
3.60263
3.60264
3.60266
3.60268
3.6027
3.6027
3.6027
3.60269
3.60266
3.60262
3.60256
3.60249
3.60242
3.60235
3.60228
3.60221
3.60215
3.6021
3.60206
3.60202
3.60199
3.60195
3.60192
3.60192
3.60192
3.60194
3.60197
3.60202
3.60208
3.60213
3.60218
3.60222
3.60225
3.60227
3.6023
3.60233
3.60235
3.60237
3.60239
3.6024
3.60242
3.60244
3.60245
3.60247
3.60249
3.60251
3.60255
3.60262
3.6027
3.60275
3.60274
3.60271
3.60264
3.60253
3.60242
3.60234
3.60229
3.60226
3.60224
3.60221
3.60218
3.60214
3.60209
3.60205
3.60202
3.602
3.60198
3.60196
3.60195
3.60195
3.60195
3.60197
3.60201
3.60206
3.60212
3.60216
3.60219
3.60223
3.60227
3.60231
3.60232
3.60233
3.60234
3.60237
3.60239
3.60242
3.60249
3.60264
3.60281
3.60288
3.60288
3.60285
3.60271
3.60225
3.60089
3.59717
3.58756
3.56443
3.51648
3.45347
3.4206
3.41274
3.4115
3.41155
3.41203
3.41351
3.41687
3.42218
3.42753
3.43185
3.43471
3.43493
3.43464
3.43382
3.43198
3.42882
3.42511
3.42201
3.42015
3.41972
3.4198
3.42016
3.42103
3.42247
3.42504
3.42966
3.43267
3.43317
3.4331
3.43218
3.42998
3.42715
3.42491
3.42284
3.42111
3.42065
3.42059
3.42084
3.42162
3.42368
3.4279
3.4317
3.43282
3.43327
3.4332
3.43137
3.42759
3.42574
3.42505
3.42404
3.4224
3.42145
3.42108
3.42113
3.42256
3.42649
3.42996
3.4311
3.43156
3.43183
3.43069
3.42659
3.42419
3.424
3.42394
3.42374
3.42313
3.42242
3.42297
3.42455
3.42146
3.32555
2.36453
1.24319
1.16113
1.16103
1.16103
1.16103
1.16103
1.16103
1.16103
1.16103
1.16103
1.16103
1.16103
1.16103
1.16103
1.16103
1.16103
1.16103
1.16103
1.16103
1.16103
1.16103
1.16103
1.16103
1.16103
1.16103
1.16103
1.16103
1.16103
1.16103
1.16103
1.16103
1.16103
1.16103
1.16103
1.16103
1.16103
1.16103
1.16103
1.16103
1.16103
1.16103
1.16103
1.16103
1.16103
1.16103
1.16103
1.16103
1.16103
1.16103
1.16103
1.16103
1.16103
1.16103
1.16103
1.16103
1.16103
1.16103
1.16103
1.16103
1.16103
1.16103
1.16103
1.16103
1.16103
1.16103
1.16103
1.16103
1.16103
1.16103
1.16103
1.16103
1.16103
3.64274
3.64274
3.64274
3.64274
3.64274
3.64274
3.64278
3.64299
3.64383
3.64642
3.65114
3.65386
3.65371
3.65185
3.64694
3.63923
3.63053
3.62279
3.617
3.61307
3.61041
3.6085
3.60702
3.60583
3.60486
3.60408
3.60344
3.60291
3.60246
3.60208
3.60175
3.60144
3.60118
3.60102
3.60099
3.601
3.60102
3.60109
3.60121
3.60137
3.60155
3.60171
3.60185
3.60197
3.60207
3.60216
3.60225
3.60233
3.6024
3.60246
3.6025
3.60254
3.60257
3.6026
3.60262
3.60263
3.60264
3.60266
3.60268
3.6027
3.6027
3.6027
3.60269
3.60266
3.60262
3.60256
3.60249
3.60242
3.60235
3.60228
3.60221
3.60215
3.6021
3.60206
3.60202
3.60199
3.60195
3.60192
3.60192
3.60192
3.60194
3.60197
3.60202
3.60208
3.60213
3.60218
3.60222
3.60225
3.60227
3.6023
3.60233
3.60235
3.60237
3.60239
3.6024
3.60242
3.60244
3.60245
3.60247
3.60249
3.60251
3.60255
3.60262
3.6027
3.60275
3.60274
3.60271
3.60264
3.60253
3.60242
3.60234
3.60229
3.60226
3.60224
3.60221
3.60218
3.60214
3.60209
3.60205
3.60202
3.602
3.60198
3.60196
3.60195
3.60195
3.60195
3.60197
3.60201
3.60206
3.60212
3.60216
3.60219
3.60223
3.60227
3.60231
3.60232
3.60233
3.60234
3.60237
3.60239
3.60242
3.60249
3.60264
3.60281
3.60288
3.60288
3.60285
3.60271
3.60225
3.60089
3.59717
3.58756
3.56443
3.51648
3.45347
3.4206
3.41274
3.4115
3.41155
3.41203
3.41351
3.41687
3.42218
3.42753
3.43185
3.43471
3.43493
3.43464
3.43382
3.43198
3.42882
3.42511
3.42201
3.42015
3.41972
3.4198
3.42016
3.42103
3.42247
3.42504
3.42966
3.43267
3.43317
3.4331
3.43218
3.42998
3.42715
3.42491
3.42284
3.42111
3.42065
3.42059
3.42084
3.42162
3.42368
3.4279
3.4317
3.43282
3.43327
3.4332
3.43137
3.42759
3.42574
3.42505
3.42404
3.4224
3.42145
3.42108
3.42113
3.42256
3.42649
3.42996
3.4311
3.43156
3.43183
3.43069
3.42659
3.42419
3.424
3.42394
3.42374
3.42313
3.42242
3.42297
3.42455
3.42146
3.32555
2.36453
1.24319
1.16113
1.16103
1.16103
1.16103
1.16103
1.16103
1.16103
1.16103
1.16103
1.16103
1.16103
1.16103
1.16103
1.16103
1.16103
1.16103
1.16103
1.16103
1.16103
1.16103
1.16103
1.16103
1.16103
1.16103
1.16103
1.16103
1.16103
1.16103
1.16103
1.16103
1.16103
1.16103
1.16103
1.16103
1.16103
1.16103
1.16103
1.16103
1.16103
1.16103
1.16103
1.16103
1.16103
1.16103
1.16103
1.16103
1.16103
1.16103
1.16103
1.16103
1.16103
1.16103
1.16103
1.16103
1.16103
1.16103
1.16103
1.16103
1.16103
1.16103
1.16103
1.16103
1.16103
1.16103
1.16103
1.16103
1.16103
1.16103
1.16103
1.16103
1.16103
3.64274
3.64274
3.64274
3.64274
3.64274
3.64274
3.64278
3.64299
3.64383
3.64642
3.65114
3.65386
3.65371
3.65185
3.64694
3.63923
3.63053
3.62279
3.617
3.61307
3.61041
3.6085
3.60702
3.60583
3.60486
3.60408
3.60344
3.60291
3.60246
3.60208
3.60175
3.60144
3.60118
3.60102
3.60099
3.601
3.60102
3.60109
3.60121
3.60137
3.60155
3.60171
3.60185
3.60197
3.60207
3.60216
3.60225
3.60233
3.6024
3.60246
3.6025
3.60254
3.60257
3.6026
3.60262
3.60263
3.60264
3.60266
3.60268
3.6027
3.6027
3.6027
3.60269
3.60266
3.60262
3.60256
3.60249
3.60242
3.60235
3.60228
3.60221
3.60215
3.6021
3.60206
3.60202
3.60199
3.60195
3.60192
3.60192
3.60192
3.60194
3.60197
3.60202
3.60208
3.60213
3.60218
3.60222
3.60225
3.60227
3.6023
3.60233
3.60235
3.60237
3.60239
3.6024
3.60242
3.60244
3.60245
3.60247
3.60249
3.60251
3.60255
3.60262
3.6027
3.60275
3.60274
3.60271
3.60264
3.60253
3.60242
3.60234
3.60229
3.60226
3.60224
3.60221
3.60218
3.60214
3.60209
3.60205
3.60202
3.602
3.60198
3.60196
3.60195
3.60195
3.60195
3.60197
3.60201
3.60206
3.60212
3.60216
3.60219
3.60223
3.60227
3.60231
3.60232
3.60233
3.60234
3.60237
3.60239
3.60242
3.60249
3.60264
3.60281
3.60288
3.60288
3.60285
3.60271
3.60225
3.60089
3.59717
3.58756
3.56443
3.51648
3.45347
3.4206
3.41274
3.4115
3.41155
3.41203
3.41351
3.41687
3.42218
3.42753
3.43185
3.43471
3.43493
3.43464
3.43382
3.43198
3.42882
3.42511
3.42201
3.42015
3.41972
3.4198
3.42016
3.42103
3.42247
3.42504
3.42966
3.43267
3.43317
3.4331
3.43218
3.42998
3.42715
3.42491
3.42284
3.42111
3.42065
3.42059
3.42084
3.42162
3.42368
3.4279
3.4317
3.43282
3.43327
3.4332
3.43137
3.42759
3.42574
3.42505
3.42404
3.4224
3.42145
3.42108
3.42113
3.42256
3.42649
3.42996
3.4311
3.43156
3.43183
3.43069
3.42659
3.42419
3.424
3.42394
3.42374
3.42313
3.42242
3.42297
3.42455
3.42146
3.32555
2.36453
1.24319
1.16113
1.16103
1.16103
1.16103
1.16103
1.16103
1.16103
1.16103
1.16103
1.16103
1.16103
1.16103
1.16103
1.16103
1.16103
1.16103
1.16103
1.16103
1.16103
1.16103
1.16103
1.16103
1.16103
1.16103
1.16103
1.16103
1.16103
1.16103
1.16103
1.16103
1.16103
1.16103
1.16103
1.16103
1.16103
1.16103
1.16103
1.16103
1.16103
1.16103
1.16103
1.16103
1.16103
1.16103
1.16103
1.16103
1.16103
1.16103
1.16103
1.16103
1.16103
1.16103
1.16103
1.16103
1.16103
1.16103
1.16103
1.16103
1.16103
1.16103
1.16103
1.16103
1.16103
1.16103
1.16103
1.16103
1.16103
1.16103
1.16103
1.16103
1.16103
3.64274
3.64274
3.64274
3.64274
3.64274
3.64274
3.64278
3.64299
3.64383
3.64642
3.65114
3.65386
3.65371
3.65185
3.64694
3.63923
3.63053
3.62279
3.617
3.61307
3.61041
3.6085
3.60702
3.60583
3.60486
3.60408
3.60344
3.60291
3.60246
3.60208
3.60175
3.60144
3.60118
3.60102
3.60099
3.601
3.60102
3.60109
3.60121
3.60137
3.60155
3.60171
3.60185
3.60197
3.60207
3.60216
3.60225
3.60233
3.6024
3.60246
3.6025
3.60254
3.60257
3.6026
3.60262
3.60263
3.60264
3.60266
3.60268
3.6027
3.6027
3.6027
3.60269
3.60266
3.60262
3.60256
3.60249
3.60242
3.60235
3.60228
3.60221
3.60215
3.6021
3.60206
3.60202
3.60199
3.60195
3.60192
3.60192
3.60192
3.60194
3.60197
3.60202
3.60208
3.60213
3.60218
3.60222
3.60225
3.60227
3.6023
3.60233
3.60235
3.60237
3.60239
3.6024
3.60242
3.60244
3.60245
3.60247
3.60249
3.60251
3.60255
3.60262
3.6027
3.60275
3.60274
3.60271
3.60264
3.60253
3.60242
3.60234
3.60229
3.60226
3.60224
3.60221
3.60218
3.60214
3.60209
3.60205
3.60202
3.602
3.60198
3.60196
3.60195
3.60195
3.60195
3.60197
3.60201
3.60206
3.60212
3.60216
3.60219
3.60223
3.60227
3.60231
3.60232
3.60233
3.60234
3.60237
3.60239
3.60242
3.60249
3.60264
3.60281
3.60288
3.60288
3.60285
3.60271
3.60225
3.60089
3.59717
3.58756
3.56443
3.51648
3.45347
3.4206
3.41274
3.4115
3.41155
3.41203
3.41351
3.41687
3.42218
3.42753
3.43185
3.43471
3.43493
3.43464
3.43382
3.43198
3.42882
3.42511
3.42201
3.42015
3.41972
3.4198
3.42016
3.42103
3.42247
3.42504
3.42966
3.43267
3.43317
3.4331
3.43218
3.42998
3.42715
3.42491
3.42284
3.42111
3.42065
3.42059
3.42084
3.42162
3.42368
3.4279
3.4317
3.43282
3.43327
3.4332
3.43137
3.42759
3.42574
3.42505
3.42404
3.4224
3.42145
3.42108
3.42113
3.42256
3.42649
3.42996
3.4311
3.43156
3.43183
3.43069
3.42659
3.42419
3.424
3.42394
3.42374
3.42313
3.42242
3.42297
3.42455
3.42146
3.32555
2.36453
1.24319
1.16113
1.16103
1.16103
1.16103
1.16103
1.16103
1.16103
1.16103
1.16103
1.16103
1.16103
1.16103
1.16103
1.16103
1.16103
1.16103
1.16103
1.16103
1.16103
1.16103
1.16103
1.16103
1.16103
1.16103
1.16103
1.16103
1.16103
1.16103
1.16103
1.16103
1.16103
1.16103
1.16103
1.16103
1.16103
1.16103
1.16103
1.16103
1.16103
1.16103
1.16103
1.16103
1.16103
1.16103
1.16103
1.16103
1.16103
1.16103
1.16103
1.16103
1.16103
1.16103
1.16103
1.16103
1.16103
1.16103
1.16103
1.16103
1.16103
1.16103
1.16103
1.16103
1.16103
1.16103
1.16103
1.16103
1.16103
1.16103
1.16103
1.16103
1.16103
3.64274
3.64274
3.64274
3.64274
3.64274
3.64274
3.64278
3.64299
3.64383
3.64642
3.65114
3.65386
3.65371
3.65185
3.64694
3.63923
3.63053
3.62279
3.617
3.61307
3.61041
3.6085
3.60702
3.60583
3.60486
3.60408
3.60344
3.60291
3.60246
3.60208
3.60175
3.60144
3.60118
3.60102
3.60099
3.601
3.60102
3.60109
3.60121
3.60137
3.60155
3.60171
3.60185
3.60197
3.60207
3.60216
3.60225
3.60233
3.6024
3.60246
3.6025
3.60254
3.60257
3.6026
3.60262
3.60263
3.60264
3.60266
3.60268
3.6027
3.6027
3.6027
3.60269
3.60266
3.60262
3.60256
3.60249
3.60242
3.60235
3.60228
3.60221
3.60215
3.6021
3.60206
3.60202
3.60199
3.60195
3.60192
3.60192
3.60192
3.60194
3.60197
3.60202
3.60208
3.60213
3.60218
3.60222
3.60225
3.60227
3.6023
3.60233
3.60235
3.60237
3.60239
3.6024
3.60242
3.60244
3.60245
3.60247
3.60249
3.60251
3.60255
3.60262
3.6027
3.60275
3.60274
3.60271
3.60264
3.60253
3.60242
3.60234
3.60229
3.60226
3.60224
3.60221
3.60218
3.60214
3.60209
3.60205
3.60202
3.602
3.60198
3.60196
3.60195
3.60195
3.60195
3.60197
3.60201
3.60206
3.60212
3.60216
3.60219
3.60223
3.60227
3.60231
3.60232
3.60233
3.60234
3.60237
3.60239
3.60242
3.60249
3.60264
3.60281
3.60288
3.60288
3.60285
3.60271
3.60225
3.60089
3.59717
3.58756
3.56443
3.51648
3.45347
3.4206
3.41274
3.4115
3.41155
3.41203
3.41351
3.41687
3.42218
3.42753
3.43185
3.43471
3.43493
3.43464
3.43382
3.43198
3.42882
3.42511
3.42201
3.42015
3.41972
3.4198
3.42016
3.42103
3.42247
3.42504
3.42966
3.43267
3.43317
3.4331
3.43218
3.42998
3.42715
3.42491
3.42284
3.42111
3.42065
3.42059
3.42084
3.42162
3.42368
3.4279
3.4317
3.43282
3.43327
3.4332
3.43137
3.42759
3.42574
3.42505
3.42404
3.4224
3.42145
3.42108
3.42113
3.42256
3.42649
3.42996
3.4311
3.43156
3.43183
3.43069
3.42659
3.42419
3.424
3.42394
3.42374
3.42313
3.42242
3.42297
3.42455
3.42146
3.32555
2.36453
1.24319
1.16113
1.16103
1.16103
1.16103
1.16103
1.16103
1.16103
1.16103
1.16103
1.16103
1.16103
1.16103
1.16103
1.16103
1.16103
1.16103
1.16103
1.16103
1.16103
1.16103
1.16103
1.16103
1.16103
1.16103
1.16103
1.16103
1.16103
1.16103
1.16103
1.16103
1.16103
1.16103
1.16103
1.16103
1.16103
1.16103
1.16103
1.16103
1.16103
1.16103
1.16103
1.16103
1.16103
1.16103
1.16103
1.16103
1.16103
1.16103
1.16103
1.16103
1.16103
1.16103
1.16103
1.16103
1.16103
1.16103
1.16103
1.16103
1.16103
1.16103
1.16103
1.16103
1.16103
1.16103
1.16103
1.16103
1.16103
1.16103
1.16103
1.16103
1.16103
)
;

boundaryField
{
    sides
    {
        type            calculated;
        value           nonuniform List<scalar> 
600
(
3.64274
3.64274
3.64274
3.64274
3.64274
3.64274
3.64278
3.64299
3.64383
3.64642
3.65114
3.65386
3.65371
3.65185
3.64694
3.63923
3.63053
3.62279
3.617
3.61307
3.61041
3.6085
3.60702
3.60583
3.60486
3.60408
3.60344
3.60291
3.60246
3.60208
3.60175
3.60144
3.60118
3.60102
3.60099
3.601
3.60102
3.60109
3.60121
3.60137
3.60155
3.60171
3.60185
3.60197
3.60207
3.60216
3.60225
3.60233
3.6024
3.60246
3.6025
3.60254
3.60257
3.6026
3.60262
3.60263
3.60264
3.60266
3.60268
3.6027
3.6027
3.6027
3.60269
3.60266
3.60262
3.60256
3.60249
3.60242
3.60235
3.60228
3.60221
3.60215
3.6021
3.60206
3.60202
3.60199
3.60195
3.60192
3.60192
3.60192
3.60194
3.60197
3.60202
3.60208
3.60213
3.60218
3.60222
3.60225
3.60227
3.6023
3.60233
3.60235
3.60237
3.60239
3.6024
3.60242
3.60244
3.60245
3.60247
3.60249
3.60251
3.60255
3.60262
3.6027
3.60275
3.60274
3.60271
3.60264
3.60253
3.60242
3.60234
3.60229
3.60226
3.60224
3.60221
3.60218
3.60214
3.60209
3.60205
3.60202
3.602
3.60198
3.60196
3.60195
3.60195
3.60195
3.60197
3.60201
3.60206
3.60212
3.60216
3.60219
3.60223
3.60227
3.60231
3.60232
3.60233
3.60234
3.60237
3.60239
3.60242
3.60249
3.60264
3.60281
3.60288
3.60288
3.60285
3.60271
3.60225
3.60089
3.59717
3.58756
3.56443
3.51648
3.45347
3.4206
3.41274
3.4115
3.41155
3.41203
3.41351
3.41687
3.42218
3.42753
3.43185
3.43471
3.43493
3.43464
3.43382
3.43198
3.42882
3.42511
3.42201
3.42015
3.41972
3.4198
3.42016
3.42103
3.42247
3.42504
3.42966
3.43267
3.43317
3.4331
3.43218
3.42998
3.42715
3.42491
3.42284
3.42111
3.42065
3.42059
3.42084
3.42162
3.42368
3.4279
3.4317
3.43282
3.43327
3.4332
3.43137
3.42759
3.42574
3.42505
3.42404
3.4224
3.42145
3.42108
3.42113
3.42256
3.42649
3.42996
3.4311
3.43156
3.43183
3.43069
3.42659
3.42419
3.424
3.42394
3.42374
3.42313
3.42242
3.42297
3.42455
3.42146
3.32555
2.36453
1.24319
1.16113
1.16103
1.16103
1.16103
1.16103
1.16103
1.16103
1.16103
1.16103
1.16103
1.16103
1.16103
1.16103
1.16103
1.16103
1.16103
1.16103
1.16103
1.16103
1.16103
1.16103
1.16103
1.16103
1.16103
1.16103
1.16103
1.16103
1.16103
1.16103
1.16103
1.16103
1.16103
1.16103
1.16103
1.16103
1.16103
1.16103
1.16103
1.16103
1.16103
1.16103
1.16103
1.16103
1.16103
1.16103
1.16103
1.16103
1.16103
1.16103
1.16103
1.16103
1.16103
1.16103
1.16103
1.16103
1.16103
1.16103
1.16103
1.16103
1.16103
1.16103
1.16103
1.16103
1.16103
1.16103
1.16103
1.16103
1.16103
1.16103
1.16103
1.16103
3.64274
3.64274
3.64274
3.64274
3.64274
3.64274
3.64278
3.64299
3.64383
3.64642
3.65114
3.65386
3.65371
3.65185
3.64694
3.63923
3.63053
3.62279
3.617
3.61307
3.61041
3.6085
3.60702
3.60583
3.60486
3.60408
3.60344
3.60291
3.60246
3.60208
3.60175
3.60144
3.60118
3.60102
3.60099
3.601
3.60102
3.60109
3.60121
3.60137
3.60155
3.60171
3.60185
3.60197
3.60207
3.60216
3.60225
3.60233
3.6024
3.60246
3.6025
3.60254
3.60257
3.6026
3.60262
3.60263
3.60264
3.60266
3.60268
3.6027
3.6027
3.6027
3.60269
3.60266
3.60262
3.60256
3.60249
3.60242
3.60235
3.60228
3.60221
3.60215
3.6021
3.60206
3.60202
3.60199
3.60195
3.60192
3.60192
3.60192
3.60194
3.60197
3.60202
3.60208
3.60213
3.60218
3.60222
3.60225
3.60227
3.6023
3.60233
3.60235
3.60237
3.60239
3.6024
3.60242
3.60244
3.60245
3.60247
3.60249
3.60251
3.60255
3.60262
3.6027
3.60275
3.60274
3.60271
3.60264
3.60253
3.60242
3.60234
3.60229
3.60226
3.60224
3.60221
3.60218
3.60214
3.60209
3.60205
3.60202
3.602
3.60198
3.60196
3.60195
3.60195
3.60195
3.60197
3.60201
3.60206
3.60212
3.60216
3.60219
3.60223
3.60227
3.60231
3.60232
3.60233
3.60234
3.60237
3.60239
3.60242
3.60249
3.60264
3.60281
3.60288
3.60288
3.60285
3.60271
3.60225
3.60089
3.59717
3.58756
3.56443
3.51648
3.45347
3.4206
3.41274
3.4115
3.41155
3.41203
3.41351
3.41687
3.42218
3.42753
3.43185
3.43471
3.43493
3.43464
3.43382
3.43198
3.42882
3.42511
3.42201
3.42015
3.41972
3.4198
3.42016
3.42103
3.42247
3.42504
3.42966
3.43267
3.43317
3.4331
3.43218
3.42998
3.42715
3.42491
3.42284
3.42111
3.42065
3.42059
3.42084
3.42162
3.42368
3.4279
3.4317
3.43282
3.43327
3.4332
3.43137
3.42759
3.42574
3.42505
3.42404
3.4224
3.42145
3.42108
3.42113
3.42256
3.42649
3.42996
3.4311
3.43156
3.43183
3.43069
3.42659
3.42419
3.424
3.42394
3.42374
3.42313
3.42242
3.42297
3.42455
3.42146
3.32555
2.36453
1.24319
1.16113
1.16103
1.16103
1.16103
1.16103
1.16103
1.16103
1.16103
1.16103
1.16103
1.16103
1.16103
1.16103
1.16103
1.16103
1.16103
1.16103
1.16103
1.16103
1.16103
1.16103
1.16103
1.16103
1.16103
1.16103
1.16103
1.16103
1.16103
1.16103
1.16103
1.16103
1.16103
1.16103
1.16103
1.16103
1.16103
1.16103
1.16103
1.16103
1.16103
1.16103
1.16103
1.16103
1.16103
1.16103
1.16103
1.16103
1.16103
1.16103
1.16103
1.16103
1.16103
1.16103
1.16103
1.16103
1.16103
1.16103
1.16103
1.16103
1.16103
1.16103
1.16103
1.16103
1.16103
1.16103
1.16103
1.16103
1.16103
1.16103
1.16103
1.16103
)
;
    }
    inlet
    {
        type            calculated;
        value           nonuniform List<scalar> 
20
(
3.64274
3.64274
3.64274
3.64274
3.64274
3.64274
3.64274
3.64274
3.64274
3.64274
3.64274
3.64274
3.64274
3.64274
3.64274
3.64274
3.64274
3.64274
3.64274
3.64274
)
;
    }
    outlet
    {
        type            calculated;
        value           nonuniform List<scalar> 
20
(
1.16103
1.16103
1.16103
1.16103
1.16103
1.16103
1.16103
1.16103
1.16103
1.16103
1.16103
1.16103
1.16103
1.16103
1.16103
1.16103
1.16103
1.16103
1.16103
1.16103
)
;
    }
    empty
    {
        type            empty;
    }
}


// ************************************************************************* //
