/*--------------------------------*- C++ -*----------------------------------*\
| =========                 |                                                 |
| \\      /  F ield         | OpenFOAM: The Open Source CFD Toolbox           |
|  \\    /   O peration     | Version:  2306                                  |
|   \\  /    A nd           | Website:  www.openfoam.com                      |
|    \\/     M anipulation  |                                                 |
\*---------------------------------------------------------------------------*/
FoamFile
{
    version     2.0;
    format      ascii;
    arch        "LSB;label=32;scalar=64";
    class       volScalarField;
    location    "0.02";
    object      T;
}
// * * * * * * * * * * * * * * * * * * * * * * * * * * * * * * * * * * * * * //

dimensions      [0 0 0 1 0 0 0];

internalField   nonuniform List<scalar> 
6000
(
532.368
532.368
532.368
532.368
532.368
532.368
532.371
532.382
532.432
532.583
532.859
533.018
533.009
532.9
532.613
532.163
531.653
531.199
530.859
530.628
530.472
530.36
530.273
530.203
530.146
530.099
530.062
530.031
530.004
529.982
529.962
529.945
529.929
529.92
529.918
529.918
529.92
529.924
529.931
529.94
529.951
529.96
529.969
529.975
529.981
529.987
529.992
529.997
530.001
530.004
530.007
530.009
530.011
530.012
530.014
530.014
530.015
530.016
530.017
530.018
530.019
530.019
530.018
530.016
530.013
530.01
530.006
530.002
529.998
529.994
529.99
529.986
529.983
529.981
529.979
529.977
529.974
529.973
529.973
529.973
529.973
529.975
529.978
529.982
529.985
529.988
529.99
529.992
529.993
529.995
529.997
529.998
529.999
530
530.001
530.002
530.003
530.004
530.005
530.006
530.008
530.01
530.014
530.019
530.021
530.021
530.019
530.015
530.008
530.002
529.998
529.995
529.993
529.991
529.99
529.988
529.985
529.982
529.98
529.978
529.977
529.976
529.975
529.975
529.974
529.975
529.976
529.978
529.981
529.984
529.987
529.989
529.991
529.993
529.994
529.996
529.999
530.001
530.002
530.001
529.998
529.988
529.969
529.947
529.942
529.942
529.948
529.972
530.048
530.259
530.82
532.26
535.741
542.957
553.052
558.897
559.47
559.433
559.377
559.258
558.986
558.431
557.511
556.523
556.296
556.365
556.426
556.485
556.577
556.697
556.879
557.175
557.511
557.646
557.644
557.633
557.583
557.473
557.329
557.236
557.246
557.222
557.08
556.996
556.955
556.907
556.878
556.927
557.112
557.313
557.454
557.512
557.514
557.49
557.479
557.553
557.593
557.459
557.248
557.093
556.927
556.732
556.679
556.729
556.887
557.095
557.311
557.448
557.522
557.611
557.776
557.876
557.828
557.65
557.452
557.186
556.795
556.538
556.486
556.487
556.524
556.657
556.916
557.283
557.548
557.476
551.503
483.195
319.657
300.021
300
300
300
300
300
300
300
300
300
300
300
300
300
300
300
300
300
300
300
300
300
300
300
300
300
300
300
300
300
300
300
300
300
300
300
300
300
300
300
300
300
300
300
300
300
300
300
300
300
300
300
300
300
300
300
300
300
300
300
300
300
300
300
300
300
300
300
300
300
300
532.368
532.368
532.368
532.368
532.368
532.368
532.371
532.382
532.432
532.583
532.859
533.018
533.009
532.9
532.613
532.163
531.653
531.199
530.859
530.628
530.472
530.36
530.273
530.203
530.146
530.099
530.062
530.031
530.004
529.982
529.962
529.945
529.929
529.92
529.918
529.918
529.92
529.924
529.931
529.94
529.951
529.96
529.969
529.975
529.981
529.987
529.992
529.997
530.001
530.004
530.007
530.009
530.011
530.012
530.014
530.014
530.015
530.016
530.017
530.018
530.019
530.019
530.018
530.016
530.013
530.01
530.006
530.002
529.998
529.994
529.99
529.986
529.983
529.981
529.979
529.977
529.974
529.973
529.973
529.973
529.973
529.975
529.978
529.982
529.985
529.988
529.99
529.992
529.993
529.995
529.997
529.998
529.999
530
530.001
530.002
530.003
530.004
530.005
530.006
530.008
530.01
530.014
530.019
530.021
530.021
530.019
530.015
530.008
530.002
529.998
529.995
529.993
529.991
529.99
529.988
529.985
529.982
529.98
529.978
529.977
529.976
529.975
529.975
529.974
529.975
529.976
529.978
529.981
529.984
529.987
529.989
529.991
529.993
529.994
529.996
529.999
530.001
530.002
530.001
529.998
529.988
529.969
529.947
529.942
529.942
529.948
529.972
530.048
530.259
530.82
532.26
535.741
542.957
553.052
558.897
559.47
559.433
559.377
559.258
558.986
558.431
557.511
556.523
556.296
556.365
556.426
556.485
556.577
556.697
556.879
557.175
557.511
557.646
557.644
557.633
557.583
557.473
557.329
557.236
557.246
557.222
557.08
556.996
556.955
556.907
556.878
556.927
557.112
557.313
557.454
557.512
557.514
557.49
557.479
557.553
557.593
557.459
557.248
557.093
556.927
556.732
556.679
556.729
556.887
557.095
557.311
557.448
557.522
557.611
557.776
557.876
557.828
557.65
557.452
557.186
556.795
556.538
556.486
556.487
556.524
556.657
556.916
557.283
557.548
557.476
551.503
483.195
319.657
300.021
300
300
300
300
300
300
300
300
300
300
300
300
300
300
300
300
300
300
300
300
300
300
300
300
300
300
300
300
300
300
300
300
300
300
300
300
300
300
300
300
300
300
300
300
300
300
300
300
300
300
300
300
300
300
300
300
300
300
300
300
300
300
300
300
300
300
300
300
300
300
532.368
532.368
532.368
532.368
532.368
532.368
532.371
532.382
532.432
532.583
532.859
533.018
533.009
532.9
532.613
532.163
531.653
531.199
530.859
530.628
530.472
530.36
530.273
530.203
530.146
530.099
530.062
530.031
530.004
529.982
529.962
529.945
529.929
529.92
529.918
529.918
529.92
529.924
529.931
529.94
529.951
529.96
529.969
529.975
529.981
529.987
529.992
529.997
530.001
530.004
530.007
530.009
530.011
530.012
530.014
530.014
530.015
530.016
530.017
530.018
530.019
530.019
530.018
530.016
530.013
530.01
530.006
530.002
529.998
529.994
529.99
529.986
529.983
529.981
529.979
529.977
529.974
529.973
529.973
529.973
529.973
529.975
529.978
529.982
529.985
529.988
529.99
529.992
529.993
529.995
529.997
529.998
529.999
530
530.001
530.002
530.003
530.004
530.005
530.006
530.008
530.01
530.014
530.019
530.021
530.021
530.019
530.015
530.008
530.002
529.998
529.995
529.993
529.991
529.99
529.988
529.985
529.982
529.98
529.978
529.977
529.976
529.975
529.975
529.974
529.975
529.976
529.978
529.981
529.984
529.987
529.989
529.991
529.993
529.994
529.996
529.999
530.001
530.002
530.001
529.998
529.988
529.969
529.947
529.942
529.942
529.948
529.972
530.048
530.259
530.82
532.26
535.741
542.957
553.052
558.897
559.47
559.433
559.377
559.258
558.986
558.431
557.511
556.523
556.296
556.365
556.426
556.485
556.577
556.697
556.879
557.175
557.511
557.646
557.644
557.633
557.583
557.473
557.329
557.236
557.246
557.222
557.08
556.996
556.955
556.907
556.878
556.927
557.112
557.313
557.454
557.512
557.514
557.49
557.479
557.553
557.593
557.459
557.248
557.093
556.927
556.732
556.679
556.729
556.887
557.095
557.311
557.448
557.522
557.611
557.776
557.876
557.828
557.65
557.452
557.186
556.795
556.538
556.486
556.487
556.524
556.657
556.916
557.283
557.548
557.476
551.503
483.195
319.657
300.021
300
300
300
300
300
300
300
300
300
300
300
300
300
300
300
300
300
300
300
300
300
300
300
300
300
300
300
300
300
300
300
300
300
300
300
300
300
300
300
300
300
300
300
300
300
300
300
300
300
300
300
300
300
300
300
300
300
300
300
300
300
300
300
300
300
300
300
300
300
300
532.368
532.368
532.368
532.368
532.368
532.368
532.371
532.382
532.432
532.583
532.859
533.018
533.009
532.9
532.613
532.163
531.653
531.199
530.859
530.628
530.472
530.36
530.273
530.203
530.146
530.099
530.062
530.031
530.004
529.982
529.962
529.945
529.929
529.92
529.918
529.918
529.92
529.924
529.931
529.94
529.951
529.96
529.969
529.975
529.981
529.987
529.992
529.997
530.001
530.004
530.007
530.009
530.011
530.012
530.014
530.014
530.015
530.016
530.017
530.018
530.019
530.019
530.018
530.016
530.013
530.01
530.006
530.002
529.998
529.994
529.99
529.986
529.983
529.981
529.979
529.977
529.974
529.973
529.973
529.973
529.973
529.975
529.978
529.982
529.985
529.988
529.99
529.992
529.993
529.995
529.997
529.998
529.999
530
530.001
530.002
530.003
530.004
530.005
530.006
530.008
530.01
530.014
530.019
530.021
530.021
530.019
530.015
530.008
530.002
529.998
529.995
529.993
529.991
529.99
529.988
529.985
529.982
529.98
529.978
529.977
529.976
529.975
529.975
529.974
529.975
529.976
529.978
529.981
529.984
529.987
529.989
529.991
529.993
529.994
529.996
529.999
530.001
530.002
530.001
529.998
529.988
529.969
529.947
529.942
529.942
529.948
529.972
530.048
530.259
530.82
532.26
535.741
542.957
553.052
558.897
559.47
559.433
559.377
559.258
558.986
558.431
557.511
556.523
556.296
556.365
556.426
556.485
556.577
556.697
556.879
557.175
557.511
557.646
557.644
557.633
557.583
557.473
557.329
557.236
557.246
557.222
557.08
556.996
556.955
556.907
556.878
556.927
557.112
557.313
557.454
557.512
557.514
557.49
557.479
557.553
557.593
557.459
557.248
557.093
556.927
556.732
556.679
556.729
556.887
557.095
557.311
557.448
557.522
557.611
557.776
557.876
557.828
557.65
557.452
557.186
556.795
556.538
556.486
556.487
556.524
556.657
556.916
557.283
557.548
557.476
551.503
483.195
319.657
300.021
300
300
300
300
300
300
300
300
300
300
300
300
300
300
300
300
300
300
300
300
300
300
300
300
300
300
300
300
300
300
300
300
300
300
300
300
300
300
300
300
300
300
300
300
300
300
300
300
300
300
300
300
300
300
300
300
300
300
300
300
300
300
300
300
300
300
300
300
300
300
532.368
532.368
532.368
532.368
532.368
532.368
532.371
532.382
532.432
532.583
532.859
533.018
533.009
532.9
532.613
532.163
531.653
531.199
530.859
530.628
530.472
530.36
530.273
530.203
530.146
530.099
530.062
530.031
530.004
529.982
529.962
529.945
529.929
529.92
529.918
529.918
529.92
529.924
529.931
529.94
529.951
529.96
529.969
529.975
529.981
529.987
529.992
529.997
530.001
530.004
530.007
530.009
530.011
530.012
530.014
530.014
530.015
530.016
530.017
530.018
530.019
530.019
530.018
530.016
530.013
530.01
530.006
530.002
529.998
529.994
529.99
529.986
529.983
529.981
529.979
529.977
529.974
529.973
529.973
529.973
529.973
529.975
529.978
529.982
529.985
529.988
529.99
529.992
529.993
529.995
529.997
529.998
529.999
530
530.001
530.002
530.003
530.004
530.005
530.006
530.008
530.01
530.014
530.019
530.021
530.021
530.019
530.015
530.008
530.002
529.998
529.995
529.993
529.991
529.99
529.988
529.985
529.982
529.98
529.978
529.977
529.976
529.975
529.975
529.974
529.975
529.976
529.978
529.981
529.984
529.987
529.989
529.991
529.993
529.994
529.996
529.999
530.001
530.002
530.001
529.998
529.988
529.969
529.947
529.942
529.942
529.948
529.972
530.048
530.259
530.82
532.26
535.741
542.957
553.052
558.897
559.47
559.433
559.377
559.258
558.986
558.431
557.511
556.523
556.296
556.365
556.426
556.485
556.577
556.697
556.879
557.175
557.511
557.646
557.644
557.633
557.583
557.473
557.329
557.236
557.246
557.222
557.08
556.996
556.955
556.907
556.878
556.927
557.112
557.313
557.454
557.512
557.514
557.49
557.479
557.553
557.593
557.459
557.248
557.093
556.927
556.732
556.679
556.729
556.887
557.095
557.311
557.448
557.522
557.611
557.776
557.876
557.828
557.65
557.452
557.186
556.795
556.538
556.486
556.487
556.524
556.657
556.916
557.283
557.548
557.476
551.503
483.195
319.657
300.021
300
300
300
300
300
300
300
300
300
300
300
300
300
300
300
300
300
300
300
300
300
300
300
300
300
300
300
300
300
300
300
300
300
300
300
300
300
300
300
300
300
300
300
300
300
300
300
300
300
300
300
300
300
300
300
300
300
300
300
300
300
300
300
300
300
300
300
300
300
300
532.368
532.368
532.368
532.368
532.368
532.368
532.371
532.382
532.432
532.583
532.859
533.018
533.009
532.9
532.613
532.163
531.653
531.199
530.859
530.628
530.472
530.36
530.273
530.203
530.146
530.099
530.062
530.031
530.004
529.982
529.962
529.945
529.929
529.92
529.918
529.918
529.92
529.924
529.931
529.94
529.951
529.96
529.969
529.975
529.981
529.987
529.992
529.997
530.001
530.004
530.007
530.009
530.011
530.012
530.014
530.014
530.015
530.016
530.017
530.018
530.019
530.019
530.018
530.016
530.013
530.01
530.006
530.002
529.998
529.994
529.99
529.986
529.983
529.981
529.979
529.977
529.974
529.973
529.973
529.973
529.973
529.975
529.978
529.982
529.985
529.988
529.99
529.992
529.993
529.995
529.997
529.998
529.999
530
530.001
530.002
530.003
530.004
530.005
530.006
530.008
530.01
530.014
530.019
530.021
530.021
530.019
530.015
530.008
530.002
529.998
529.995
529.993
529.991
529.99
529.988
529.985
529.982
529.98
529.978
529.977
529.976
529.975
529.975
529.974
529.975
529.976
529.978
529.981
529.984
529.987
529.989
529.991
529.993
529.994
529.996
529.999
530.001
530.002
530.001
529.998
529.988
529.969
529.947
529.942
529.942
529.948
529.972
530.048
530.259
530.82
532.26
535.741
542.957
553.052
558.897
559.47
559.433
559.377
559.258
558.986
558.431
557.511
556.523
556.296
556.365
556.426
556.485
556.577
556.697
556.879
557.175
557.511
557.646
557.644
557.633
557.583
557.473
557.329
557.236
557.246
557.222
557.08
556.996
556.955
556.907
556.878
556.927
557.112
557.313
557.454
557.512
557.514
557.49
557.479
557.553
557.593
557.459
557.248
557.093
556.927
556.732
556.679
556.729
556.887
557.095
557.311
557.448
557.522
557.611
557.776
557.876
557.828
557.65
557.452
557.186
556.795
556.538
556.486
556.487
556.524
556.657
556.916
557.283
557.548
557.476
551.503
483.195
319.657
300.021
300
300
300
300
300
300
300
300
300
300
300
300
300
300
300
300
300
300
300
300
300
300
300
300
300
300
300
300
300
300
300
300
300
300
300
300
300
300
300
300
300
300
300
300
300
300
300
300
300
300
300
300
300
300
300
300
300
300
300
300
300
300
300
300
300
300
300
300
300
300
532.368
532.368
532.368
532.368
532.368
532.368
532.371
532.382
532.432
532.583
532.859
533.018
533.009
532.9
532.613
532.163
531.653
531.199
530.859
530.628
530.472
530.36
530.273
530.203
530.146
530.099
530.062
530.031
530.004
529.982
529.962
529.945
529.929
529.92
529.918
529.918
529.92
529.924
529.931
529.94
529.951
529.96
529.969
529.975
529.981
529.987
529.992
529.997
530.001
530.004
530.007
530.009
530.011
530.012
530.014
530.014
530.015
530.016
530.017
530.018
530.019
530.019
530.018
530.016
530.013
530.01
530.006
530.002
529.998
529.994
529.99
529.986
529.983
529.981
529.979
529.977
529.974
529.973
529.973
529.973
529.973
529.975
529.978
529.982
529.985
529.988
529.99
529.992
529.993
529.995
529.997
529.998
529.999
530
530.001
530.002
530.003
530.004
530.005
530.006
530.008
530.01
530.014
530.019
530.021
530.021
530.019
530.015
530.008
530.002
529.998
529.995
529.993
529.991
529.99
529.988
529.985
529.982
529.98
529.978
529.977
529.976
529.975
529.975
529.974
529.975
529.976
529.978
529.981
529.984
529.987
529.989
529.991
529.993
529.994
529.996
529.999
530.001
530.002
530.001
529.998
529.988
529.969
529.947
529.942
529.942
529.948
529.972
530.048
530.259
530.82
532.26
535.741
542.957
553.052
558.897
559.47
559.433
559.377
559.258
558.986
558.431
557.511
556.523
556.296
556.365
556.426
556.485
556.577
556.697
556.879
557.175
557.511
557.646
557.644
557.633
557.583
557.473
557.329
557.236
557.246
557.222
557.08
556.996
556.955
556.907
556.878
556.927
557.112
557.313
557.454
557.512
557.514
557.49
557.479
557.553
557.593
557.459
557.248
557.093
556.927
556.732
556.679
556.729
556.887
557.095
557.311
557.448
557.522
557.611
557.776
557.876
557.828
557.65
557.452
557.186
556.795
556.538
556.486
556.487
556.524
556.657
556.916
557.283
557.548
557.476
551.503
483.195
319.657
300.021
300
300
300
300
300
300
300
300
300
300
300
300
300
300
300
300
300
300
300
300
300
300
300
300
300
300
300
300
300
300
300
300
300
300
300
300
300
300
300
300
300
300
300
300
300
300
300
300
300
300
300
300
300
300
300
300
300
300
300
300
300
300
300
300
300
300
300
300
300
300
532.368
532.368
532.368
532.368
532.368
532.368
532.371
532.382
532.432
532.583
532.859
533.018
533.009
532.9
532.613
532.163
531.653
531.199
530.859
530.628
530.472
530.36
530.273
530.203
530.146
530.099
530.062
530.031
530.004
529.982
529.962
529.945
529.929
529.92
529.918
529.918
529.92
529.924
529.931
529.94
529.951
529.96
529.969
529.975
529.981
529.987
529.992
529.997
530.001
530.004
530.007
530.009
530.011
530.012
530.014
530.014
530.015
530.016
530.017
530.018
530.019
530.019
530.018
530.016
530.013
530.01
530.006
530.002
529.998
529.994
529.99
529.986
529.983
529.981
529.979
529.977
529.974
529.973
529.973
529.973
529.973
529.975
529.978
529.982
529.985
529.988
529.99
529.992
529.993
529.995
529.997
529.998
529.999
530
530.001
530.002
530.003
530.004
530.005
530.006
530.008
530.01
530.014
530.019
530.021
530.021
530.019
530.015
530.008
530.002
529.998
529.995
529.993
529.991
529.99
529.988
529.985
529.982
529.98
529.978
529.977
529.976
529.975
529.975
529.974
529.975
529.976
529.978
529.981
529.984
529.987
529.989
529.991
529.993
529.994
529.996
529.999
530.001
530.002
530.001
529.998
529.988
529.969
529.947
529.942
529.942
529.948
529.972
530.048
530.259
530.82
532.26
535.741
542.957
553.052
558.897
559.47
559.433
559.377
559.258
558.986
558.431
557.511
556.523
556.296
556.365
556.426
556.485
556.577
556.697
556.879
557.175
557.511
557.646
557.644
557.633
557.583
557.473
557.329
557.236
557.246
557.222
557.08
556.996
556.955
556.907
556.878
556.927
557.112
557.313
557.454
557.512
557.514
557.49
557.479
557.553
557.593
557.459
557.248
557.093
556.927
556.732
556.679
556.729
556.887
557.095
557.311
557.448
557.522
557.611
557.776
557.876
557.828
557.65
557.452
557.186
556.795
556.538
556.486
556.487
556.524
556.657
556.916
557.283
557.548
557.476
551.503
483.195
319.657
300.021
300
300
300
300
300
300
300
300
300
300
300
300
300
300
300
300
300
300
300
300
300
300
300
300
300
300
300
300
300
300
300
300
300
300
300
300
300
300
300
300
300
300
300
300
300
300
300
300
300
300
300
300
300
300
300
300
300
300
300
300
300
300
300
300
300
300
300
300
300
300
532.368
532.368
532.368
532.368
532.368
532.368
532.371
532.382
532.432
532.583
532.859
533.018
533.009
532.9
532.613
532.163
531.653
531.199
530.859
530.628
530.472
530.36
530.273
530.203
530.146
530.099
530.062
530.031
530.004
529.982
529.962
529.945
529.929
529.92
529.918
529.918
529.92
529.924
529.931
529.94
529.951
529.96
529.969
529.975
529.981
529.987
529.992
529.997
530.001
530.004
530.007
530.009
530.011
530.012
530.014
530.014
530.015
530.016
530.017
530.018
530.019
530.019
530.018
530.016
530.013
530.01
530.006
530.002
529.998
529.994
529.99
529.986
529.983
529.981
529.979
529.977
529.974
529.973
529.973
529.973
529.973
529.975
529.978
529.982
529.985
529.988
529.99
529.992
529.993
529.995
529.997
529.998
529.999
530
530.001
530.002
530.003
530.004
530.005
530.006
530.008
530.01
530.014
530.019
530.021
530.021
530.019
530.015
530.008
530.002
529.998
529.995
529.993
529.991
529.99
529.988
529.985
529.982
529.98
529.978
529.977
529.976
529.975
529.975
529.974
529.975
529.976
529.978
529.981
529.984
529.987
529.989
529.991
529.993
529.994
529.996
529.999
530.001
530.002
530.001
529.998
529.988
529.969
529.947
529.942
529.942
529.948
529.972
530.048
530.259
530.82
532.26
535.741
542.957
553.052
558.897
559.47
559.433
559.377
559.258
558.986
558.431
557.511
556.523
556.296
556.365
556.426
556.485
556.577
556.697
556.879
557.175
557.511
557.646
557.644
557.633
557.583
557.473
557.329
557.236
557.246
557.222
557.08
556.996
556.955
556.907
556.878
556.927
557.112
557.313
557.454
557.512
557.514
557.49
557.479
557.553
557.593
557.459
557.248
557.093
556.927
556.732
556.679
556.729
556.887
557.095
557.311
557.448
557.522
557.611
557.776
557.876
557.828
557.65
557.452
557.186
556.795
556.538
556.486
556.487
556.524
556.657
556.916
557.283
557.548
557.476
551.503
483.195
319.657
300.021
300
300
300
300
300
300
300
300
300
300
300
300
300
300
300
300
300
300
300
300
300
300
300
300
300
300
300
300
300
300
300
300
300
300
300
300
300
300
300
300
300
300
300
300
300
300
300
300
300
300
300
300
300
300
300
300
300
300
300
300
300
300
300
300
300
300
300
300
300
300
532.368
532.368
532.368
532.368
532.368
532.368
532.371
532.382
532.432
532.583
532.859
533.018
533.009
532.9
532.613
532.163
531.653
531.199
530.859
530.628
530.472
530.36
530.273
530.203
530.146
530.099
530.062
530.031
530.004
529.982
529.962
529.945
529.929
529.92
529.918
529.918
529.92
529.924
529.931
529.94
529.951
529.96
529.969
529.975
529.981
529.987
529.992
529.997
530.001
530.004
530.007
530.009
530.011
530.012
530.014
530.014
530.015
530.016
530.017
530.018
530.019
530.019
530.018
530.016
530.013
530.01
530.006
530.002
529.998
529.994
529.99
529.986
529.983
529.981
529.979
529.977
529.974
529.973
529.973
529.973
529.973
529.975
529.978
529.982
529.985
529.988
529.99
529.992
529.993
529.995
529.997
529.998
529.999
530
530.001
530.002
530.003
530.004
530.005
530.006
530.008
530.01
530.014
530.019
530.021
530.021
530.019
530.015
530.008
530.002
529.998
529.995
529.993
529.991
529.99
529.988
529.985
529.982
529.98
529.978
529.977
529.976
529.975
529.975
529.974
529.975
529.976
529.978
529.981
529.984
529.987
529.989
529.991
529.993
529.994
529.996
529.999
530.001
530.002
530.001
529.998
529.988
529.969
529.947
529.942
529.942
529.948
529.972
530.048
530.259
530.82
532.26
535.741
542.957
553.052
558.897
559.47
559.433
559.377
559.258
558.986
558.431
557.511
556.523
556.296
556.365
556.426
556.485
556.577
556.697
556.879
557.175
557.511
557.646
557.644
557.633
557.583
557.473
557.329
557.236
557.246
557.222
557.08
556.996
556.955
556.907
556.878
556.927
557.112
557.313
557.454
557.512
557.514
557.49
557.479
557.553
557.593
557.459
557.248
557.093
556.927
556.732
556.679
556.729
556.887
557.095
557.311
557.448
557.522
557.611
557.776
557.876
557.828
557.65
557.452
557.186
556.795
556.538
556.486
556.487
556.524
556.657
556.916
557.283
557.548
557.476
551.503
483.195
319.657
300.021
300
300
300
300
300
300
300
300
300
300
300
300
300
300
300
300
300
300
300
300
300
300
300
300
300
300
300
300
300
300
300
300
300
300
300
300
300
300
300
300
300
300
300
300
300
300
300
300
300
300
300
300
300
300
300
300
300
300
300
300
300
300
300
300
300
300
300
300
300
300
532.368
532.368
532.368
532.368
532.368
532.368
532.371
532.382
532.432
532.583
532.859
533.018
533.009
532.9
532.613
532.163
531.653
531.199
530.859
530.628
530.472
530.36
530.273
530.203
530.146
530.099
530.062
530.031
530.004
529.982
529.962
529.945
529.929
529.92
529.918
529.918
529.92
529.924
529.931
529.94
529.951
529.96
529.969
529.975
529.981
529.987
529.992
529.997
530.001
530.004
530.007
530.009
530.011
530.012
530.014
530.014
530.015
530.016
530.017
530.018
530.019
530.019
530.018
530.016
530.013
530.01
530.006
530.002
529.998
529.994
529.99
529.986
529.983
529.981
529.979
529.977
529.974
529.973
529.973
529.973
529.973
529.975
529.978
529.982
529.985
529.988
529.99
529.992
529.993
529.995
529.997
529.998
529.999
530
530.001
530.002
530.003
530.004
530.005
530.006
530.008
530.01
530.014
530.019
530.021
530.021
530.019
530.015
530.008
530.002
529.998
529.995
529.993
529.991
529.99
529.988
529.985
529.982
529.98
529.978
529.977
529.976
529.975
529.975
529.974
529.975
529.976
529.978
529.981
529.984
529.987
529.989
529.991
529.993
529.994
529.996
529.999
530.001
530.002
530.001
529.998
529.988
529.969
529.947
529.942
529.942
529.948
529.972
530.048
530.259
530.82
532.26
535.741
542.957
553.052
558.897
559.47
559.433
559.377
559.258
558.986
558.431
557.511
556.523
556.296
556.365
556.426
556.485
556.577
556.697
556.879
557.175
557.511
557.646
557.644
557.633
557.583
557.473
557.329
557.236
557.246
557.222
557.08
556.996
556.955
556.907
556.878
556.927
557.112
557.313
557.454
557.512
557.514
557.49
557.479
557.553
557.593
557.459
557.248
557.093
556.927
556.732
556.679
556.729
556.887
557.095
557.311
557.448
557.522
557.611
557.776
557.876
557.828
557.65
557.452
557.186
556.795
556.538
556.486
556.487
556.524
556.657
556.916
557.283
557.548
557.476
551.503
483.195
319.657
300.021
300
300
300
300
300
300
300
300
300
300
300
300
300
300
300
300
300
300
300
300
300
300
300
300
300
300
300
300
300
300
300
300
300
300
300
300
300
300
300
300
300
300
300
300
300
300
300
300
300
300
300
300
300
300
300
300
300
300
300
300
300
300
300
300
300
300
300
300
300
300
532.368
532.368
532.368
532.368
532.368
532.368
532.371
532.382
532.432
532.583
532.859
533.018
533.009
532.9
532.613
532.163
531.653
531.199
530.859
530.628
530.472
530.36
530.273
530.203
530.146
530.099
530.062
530.031
530.004
529.982
529.962
529.945
529.929
529.92
529.918
529.918
529.92
529.924
529.931
529.94
529.951
529.96
529.969
529.975
529.981
529.987
529.992
529.997
530.001
530.004
530.007
530.009
530.011
530.012
530.014
530.014
530.015
530.016
530.017
530.018
530.019
530.019
530.018
530.016
530.013
530.01
530.006
530.002
529.998
529.994
529.99
529.986
529.983
529.981
529.979
529.977
529.974
529.973
529.973
529.973
529.973
529.975
529.978
529.982
529.985
529.988
529.99
529.992
529.993
529.995
529.997
529.998
529.999
530
530.001
530.002
530.003
530.004
530.005
530.006
530.008
530.01
530.014
530.019
530.021
530.021
530.019
530.015
530.008
530.002
529.998
529.995
529.993
529.991
529.99
529.988
529.985
529.982
529.98
529.978
529.977
529.976
529.975
529.975
529.974
529.975
529.976
529.978
529.981
529.984
529.987
529.989
529.991
529.993
529.994
529.996
529.999
530.001
530.002
530.001
529.998
529.988
529.969
529.947
529.942
529.942
529.948
529.972
530.048
530.259
530.82
532.26
535.741
542.957
553.052
558.897
559.47
559.433
559.377
559.258
558.986
558.431
557.511
556.523
556.296
556.365
556.426
556.485
556.577
556.697
556.879
557.175
557.511
557.646
557.644
557.633
557.583
557.473
557.329
557.236
557.246
557.222
557.08
556.996
556.955
556.907
556.878
556.927
557.112
557.313
557.454
557.512
557.514
557.49
557.479
557.553
557.593
557.459
557.248
557.093
556.927
556.732
556.679
556.729
556.887
557.095
557.311
557.448
557.522
557.611
557.776
557.876
557.828
557.65
557.452
557.186
556.795
556.538
556.486
556.487
556.524
556.657
556.916
557.283
557.548
557.476
551.503
483.195
319.657
300.021
300
300
300
300
300
300
300
300
300
300
300
300
300
300
300
300
300
300
300
300
300
300
300
300
300
300
300
300
300
300
300
300
300
300
300
300
300
300
300
300
300
300
300
300
300
300
300
300
300
300
300
300
300
300
300
300
300
300
300
300
300
300
300
300
300
300
300
300
300
300
532.368
532.368
532.368
532.368
532.368
532.368
532.371
532.382
532.432
532.583
532.859
533.018
533.009
532.9
532.613
532.163
531.653
531.199
530.859
530.628
530.472
530.36
530.273
530.203
530.146
530.099
530.062
530.031
530.004
529.982
529.962
529.945
529.929
529.92
529.918
529.918
529.92
529.924
529.931
529.94
529.951
529.96
529.969
529.975
529.981
529.987
529.992
529.997
530.001
530.004
530.007
530.009
530.011
530.012
530.014
530.014
530.015
530.016
530.017
530.018
530.019
530.019
530.018
530.016
530.013
530.01
530.006
530.002
529.998
529.994
529.99
529.986
529.983
529.981
529.979
529.977
529.974
529.973
529.973
529.973
529.973
529.975
529.978
529.982
529.985
529.988
529.99
529.992
529.993
529.995
529.997
529.998
529.999
530
530.001
530.002
530.003
530.004
530.005
530.006
530.008
530.01
530.014
530.019
530.021
530.021
530.019
530.015
530.008
530.002
529.998
529.995
529.993
529.991
529.99
529.988
529.985
529.982
529.98
529.978
529.977
529.976
529.975
529.975
529.974
529.975
529.976
529.978
529.981
529.984
529.987
529.989
529.991
529.993
529.994
529.996
529.999
530.001
530.002
530.001
529.998
529.988
529.969
529.947
529.942
529.942
529.948
529.972
530.048
530.259
530.82
532.26
535.741
542.957
553.052
558.897
559.47
559.433
559.377
559.258
558.986
558.431
557.511
556.523
556.296
556.365
556.426
556.485
556.577
556.697
556.879
557.175
557.511
557.646
557.644
557.633
557.583
557.473
557.329
557.236
557.246
557.222
557.08
556.996
556.955
556.907
556.878
556.927
557.112
557.313
557.454
557.512
557.514
557.49
557.479
557.553
557.593
557.459
557.248
557.093
556.927
556.732
556.679
556.729
556.887
557.095
557.311
557.448
557.522
557.611
557.776
557.876
557.828
557.65
557.452
557.186
556.795
556.538
556.486
556.487
556.524
556.657
556.916
557.283
557.548
557.476
551.503
483.195
319.657
300.021
300
300
300
300
300
300
300
300
300
300
300
300
300
300
300
300
300
300
300
300
300
300
300
300
300
300
300
300
300
300
300
300
300
300
300
300
300
300
300
300
300
300
300
300
300
300
300
300
300
300
300
300
300
300
300
300
300
300
300
300
300
300
300
300
300
300
300
300
300
300
532.368
532.368
532.368
532.368
532.368
532.368
532.371
532.382
532.432
532.583
532.859
533.018
533.009
532.9
532.613
532.163
531.653
531.199
530.859
530.628
530.472
530.36
530.273
530.203
530.146
530.099
530.062
530.031
530.004
529.982
529.962
529.945
529.929
529.92
529.918
529.918
529.92
529.924
529.931
529.94
529.951
529.96
529.969
529.975
529.981
529.987
529.992
529.997
530.001
530.004
530.007
530.009
530.011
530.012
530.014
530.014
530.015
530.016
530.017
530.018
530.019
530.019
530.018
530.016
530.013
530.01
530.006
530.002
529.998
529.994
529.99
529.986
529.983
529.981
529.979
529.977
529.974
529.973
529.973
529.973
529.973
529.975
529.978
529.982
529.985
529.988
529.99
529.992
529.993
529.995
529.997
529.998
529.999
530
530.001
530.002
530.003
530.004
530.005
530.006
530.008
530.01
530.014
530.019
530.021
530.021
530.019
530.015
530.008
530.002
529.998
529.995
529.993
529.991
529.99
529.988
529.985
529.982
529.98
529.978
529.977
529.976
529.975
529.975
529.974
529.975
529.976
529.978
529.981
529.984
529.987
529.989
529.991
529.993
529.994
529.996
529.999
530.001
530.002
530.001
529.998
529.988
529.969
529.947
529.942
529.942
529.948
529.972
530.048
530.259
530.82
532.26
535.741
542.957
553.052
558.897
559.47
559.433
559.377
559.258
558.986
558.431
557.511
556.523
556.296
556.365
556.426
556.485
556.577
556.697
556.879
557.175
557.511
557.646
557.644
557.633
557.583
557.473
557.329
557.236
557.246
557.222
557.08
556.996
556.955
556.907
556.878
556.927
557.112
557.313
557.454
557.512
557.514
557.49
557.479
557.553
557.593
557.459
557.248
557.093
556.927
556.732
556.679
556.729
556.887
557.095
557.311
557.448
557.522
557.611
557.776
557.876
557.828
557.65
557.452
557.186
556.795
556.538
556.486
556.487
556.524
556.657
556.916
557.283
557.548
557.476
551.503
483.195
319.657
300.021
300
300
300
300
300
300
300
300
300
300
300
300
300
300
300
300
300
300
300
300
300
300
300
300
300
300
300
300
300
300
300
300
300
300
300
300
300
300
300
300
300
300
300
300
300
300
300
300
300
300
300
300
300
300
300
300
300
300
300
300
300
300
300
300
300
300
300
300
300
300
532.368
532.368
532.368
532.368
532.368
532.368
532.371
532.382
532.432
532.583
532.859
533.018
533.009
532.9
532.613
532.163
531.653
531.199
530.859
530.628
530.472
530.36
530.273
530.203
530.146
530.099
530.062
530.031
530.004
529.982
529.962
529.945
529.929
529.92
529.918
529.918
529.92
529.924
529.931
529.94
529.951
529.96
529.969
529.975
529.981
529.987
529.992
529.997
530.001
530.004
530.007
530.009
530.011
530.012
530.014
530.014
530.015
530.016
530.017
530.018
530.019
530.019
530.018
530.016
530.013
530.01
530.006
530.002
529.998
529.994
529.99
529.986
529.983
529.981
529.979
529.977
529.974
529.973
529.973
529.973
529.973
529.975
529.978
529.982
529.985
529.988
529.99
529.992
529.993
529.995
529.997
529.998
529.999
530
530.001
530.002
530.003
530.004
530.005
530.006
530.008
530.01
530.014
530.019
530.021
530.021
530.019
530.015
530.008
530.002
529.998
529.995
529.993
529.991
529.99
529.988
529.985
529.982
529.98
529.978
529.977
529.976
529.975
529.975
529.974
529.975
529.976
529.978
529.981
529.984
529.987
529.989
529.991
529.993
529.994
529.996
529.999
530.001
530.002
530.001
529.998
529.988
529.969
529.947
529.942
529.942
529.948
529.972
530.048
530.259
530.82
532.26
535.741
542.957
553.052
558.897
559.47
559.433
559.377
559.258
558.986
558.431
557.511
556.523
556.296
556.365
556.426
556.485
556.577
556.697
556.879
557.175
557.511
557.646
557.644
557.633
557.583
557.473
557.329
557.236
557.246
557.222
557.08
556.996
556.955
556.907
556.878
556.927
557.112
557.313
557.454
557.512
557.514
557.49
557.479
557.553
557.593
557.459
557.248
557.093
556.927
556.732
556.679
556.729
556.887
557.095
557.311
557.448
557.522
557.611
557.776
557.876
557.828
557.65
557.452
557.186
556.795
556.538
556.486
556.487
556.524
556.657
556.916
557.283
557.548
557.476
551.503
483.195
319.657
300.021
300
300
300
300
300
300
300
300
300
300
300
300
300
300
300
300
300
300
300
300
300
300
300
300
300
300
300
300
300
300
300
300
300
300
300
300
300
300
300
300
300
300
300
300
300
300
300
300
300
300
300
300
300
300
300
300
300
300
300
300
300
300
300
300
300
300
300
300
300
300
532.368
532.368
532.368
532.368
532.368
532.368
532.371
532.382
532.432
532.583
532.859
533.018
533.009
532.9
532.613
532.163
531.653
531.199
530.859
530.628
530.472
530.36
530.273
530.203
530.146
530.099
530.062
530.031
530.004
529.982
529.962
529.945
529.929
529.92
529.918
529.918
529.92
529.924
529.931
529.94
529.951
529.96
529.969
529.975
529.981
529.987
529.992
529.997
530.001
530.004
530.007
530.009
530.011
530.012
530.014
530.014
530.015
530.016
530.017
530.018
530.019
530.019
530.018
530.016
530.013
530.01
530.006
530.002
529.998
529.994
529.99
529.986
529.983
529.981
529.979
529.977
529.974
529.973
529.973
529.973
529.973
529.975
529.978
529.982
529.985
529.988
529.99
529.992
529.993
529.995
529.997
529.998
529.999
530
530.001
530.002
530.003
530.004
530.005
530.006
530.008
530.01
530.014
530.019
530.021
530.021
530.019
530.015
530.008
530.002
529.998
529.995
529.993
529.991
529.99
529.988
529.985
529.982
529.98
529.978
529.977
529.976
529.975
529.975
529.974
529.975
529.976
529.978
529.981
529.984
529.987
529.989
529.991
529.993
529.994
529.996
529.999
530.001
530.002
530.001
529.998
529.988
529.969
529.947
529.942
529.942
529.948
529.972
530.048
530.259
530.82
532.26
535.741
542.957
553.052
558.897
559.47
559.433
559.377
559.258
558.986
558.431
557.511
556.523
556.296
556.365
556.426
556.485
556.577
556.697
556.879
557.175
557.511
557.646
557.644
557.633
557.583
557.473
557.329
557.236
557.246
557.222
557.08
556.996
556.955
556.907
556.878
556.927
557.112
557.313
557.454
557.512
557.514
557.49
557.479
557.553
557.593
557.459
557.248
557.093
556.927
556.732
556.679
556.729
556.887
557.095
557.311
557.448
557.522
557.611
557.776
557.876
557.828
557.65
557.452
557.186
556.795
556.538
556.486
556.487
556.524
556.657
556.916
557.283
557.548
557.476
551.503
483.195
319.657
300.021
300
300
300
300
300
300
300
300
300
300
300
300
300
300
300
300
300
300
300
300
300
300
300
300
300
300
300
300
300
300
300
300
300
300
300
300
300
300
300
300
300
300
300
300
300
300
300
300
300
300
300
300
300
300
300
300
300
300
300
300
300
300
300
300
300
300
300
300
300
300
532.368
532.368
532.368
532.368
532.368
532.368
532.371
532.382
532.432
532.583
532.859
533.018
533.009
532.9
532.613
532.163
531.653
531.199
530.859
530.628
530.472
530.36
530.273
530.203
530.146
530.099
530.062
530.031
530.004
529.982
529.962
529.945
529.929
529.92
529.918
529.918
529.92
529.924
529.931
529.94
529.951
529.96
529.969
529.975
529.981
529.987
529.992
529.997
530.001
530.004
530.007
530.009
530.011
530.012
530.014
530.014
530.015
530.016
530.017
530.018
530.019
530.019
530.018
530.016
530.013
530.01
530.006
530.002
529.998
529.994
529.99
529.986
529.983
529.981
529.979
529.977
529.974
529.973
529.973
529.973
529.973
529.975
529.978
529.982
529.985
529.988
529.99
529.992
529.993
529.995
529.997
529.998
529.999
530
530.001
530.002
530.003
530.004
530.005
530.006
530.008
530.01
530.014
530.019
530.021
530.021
530.019
530.015
530.008
530.002
529.998
529.995
529.993
529.991
529.99
529.988
529.985
529.982
529.98
529.978
529.977
529.976
529.975
529.975
529.974
529.975
529.976
529.978
529.981
529.984
529.987
529.989
529.991
529.993
529.994
529.996
529.999
530.001
530.002
530.001
529.998
529.988
529.969
529.947
529.942
529.942
529.948
529.972
530.048
530.259
530.82
532.26
535.741
542.957
553.052
558.897
559.47
559.433
559.377
559.258
558.986
558.431
557.511
556.523
556.296
556.365
556.426
556.485
556.577
556.697
556.879
557.175
557.511
557.646
557.644
557.633
557.583
557.473
557.329
557.236
557.246
557.222
557.08
556.996
556.955
556.907
556.878
556.927
557.112
557.313
557.454
557.512
557.514
557.49
557.479
557.553
557.593
557.459
557.248
557.093
556.927
556.732
556.679
556.729
556.887
557.095
557.311
557.448
557.522
557.611
557.776
557.876
557.828
557.65
557.452
557.186
556.795
556.538
556.486
556.487
556.524
556.657
556.916
557.283
557.548
557.476
551.503
483.195
319.657
300.021
300
300
300
300
300
300
300
300
300
300
300
300
300
300
300
300
300
300
300
300
300
300
300
300
300
300
300
300
300
300
300
300
300
300
300
300
300
300
300
300
300
300
300
300
300
300
300
300
300
300
300
300
300
300
300
300
300
300
300
300
300
300
300
300
300
300
300
300
300
300
532.368
532.368
532.368
532.368
532.368
532.368
532.371
532.382
532.432
532.583
532.859
533.018
533.009
532.9
532.613
532.163
531.653
531.199
530.859
530.628
530.472
530.36
530.273
530.203
530.146
530.099
530.062
530.031
530.004
529.982
529.962
529.945
529.929
529.92
529.918
529.918
529.92
529.924
529.931
529.94
529.951
529.96
529.969
529.975
529.981
529.987
529.992
529.997
530.001
530.004
530.007
530.009
530.011
530.012
530.014
530.014
530.015
530.016
530.017
530.018
530.019
530.019
530.018
530.016
530.013
530.01
530.006
530.002
529.998
529.994
529.99
529.986
529.983
529.981
529.979
529.977
529.974
529.973
529.973
529.973
529.973
529.975
529.978
529.982
529.985
529.988
529.99
529.992
529.993
529.995
529.997
529.998
529.999
530
530.001
530.002
530.003
530.004
530.005
530.006
530.008
530.01
530.014
530.019
530.021
530.021
530.019
530.015
530.008
530.002
529.998
529.995
529.993
529.991
529.99
529.988
529.985
529.982
529.98
529.978
529.977
529.976
529.975
529.975
529.974
529.975
529.976
529.978
529.981
529.984
529.987
529.989
529.991
529.993
529.994
529.996
529.999
530.001
530.002
530.001
529.998
529.988
529.969
529.947
529.942
529.942
529.948
529.972
530.048
530.259
530.82
532.26
535.741
542.957
553.052
558.897
559.47
559.433
559.377
559.258
558.986
558.431
557.511
556.523
556.296
556.365
556.426
556.485
556.577
556.697
556.879
557.175
557.511
557.646
557.644
557.633
557.583
557.473
557.329
557.236
557.246
557.222
557.08
556.996
556.955
556.907
556.878
556.927
557.112
557.313
557.454
557.512
557.514
557.49
557.479
557.553
557.593
557.459
557.248
557.093
556.927
556.732
556.679
556.729
556.887
557.095
557.311
557.448
557.522
557.611
557.776
557.876
557.828
557.65
557.452
557.186
556.795
556.538
556.486
556.487
556.524
556.657
556.916
557.283
557.548
557.476
551.503
483.195
319.657
300.021
300
300
300
300
300
300
300
300
300
300
300
300
300
300
300
300
300
300
300
300
300
300
300
300
300
300
300
300
300
300
300
300
300
300
300
300
300
300
300
300
300
300
300
300
300
300
300
300
300
300
300
300
300
300
300
300
300
300
300
300
300
300
300
300
300
300
300
300
300
300
532.368
532.368
532.368
532.368
532.368
532.368
532.371
532.382
532.432
532.583
532.859
533.018
533.009
532.9
532.613
532.163
531.653
531.199
530.859
530.628
530.472
530.36
530.273
530.203
530.146
530.099
530.062
530.031
530.004
529.982
529.962
529.945
529.929
529.92
529.918
529.918
529.92
529.924
529.931
529.94
529.951
529.96
529.969
529.975
529.981
529.987
529.992
529.997
530.001
530.004
530.007
530.009
530.011
530.012
530.014
530.014
530.015
530.016
530.017
530.018
530.019
530.019
530.018
530.016
530.013
530.01
530.006
530.002
529.998
529.994
529.99
529.986
529.983
529.981
529.979
529.977
529.974
529.973
529.973
529.973
529.973
529.975
529.978
529.982
529.985
529.988
529.99
529.992
529.993
529.995
529.997
529.998
529.999
530
530.001
530.002
530.003
530.004
530.005
530.006
530.008
530.01
530.014
530.019
530.021
530.021
530.019
530.015
530.008
530.002
529.998
529.995
529.993
529.991
529.99
529.988
529.985
529.982
529.98
529.978
529.977
529.976
529.975
529.975
529.974
529.975
529.976
529.978
529.981
529.984
529.987
529.989
529.991
529.993
529.994
529.996
529.999
530.001
530.002
530.001
529.998
529.988
529.969
529.947
529.942
529.942
529.948
529.972
530.048
530.259
530.82
532.26
535.741
542.957
553.052
558.897
559.47
559.433
559.377
559.258
558.986
558.431
557.511
556.523
556.296
556.365
556.426
556.485
556.577
556.697
556.879
557.175
557.511
557.646
557.644
557.633
557.583
557.473
557.329
557.236
557.246
557.222
557.08
556.996
556.955
556.907
556.878
556.927
557.112
557.313
557.454
557.512
557.514
557.49
557.479
557.553
557.593
557.459
557.248
557.093
556.927
556.732
556.679
556.729
556.887
557.095
557.311
557.448
557.522
557.611
557.776
557.876
557.828
557.65
557.452
557.186
556.795
556.538
556.486
556.487
556.524
556.657
556.916
557.283
557.548
557.476
551.503
483.195
319.657
300.021
300
300
300
300
300
300
300
300
300
300
300
300
300
300
300
300
300
300
300
300
300
300
300
300
300
300
300
300
300
300
300
300
300
300
300
300
300
300
300
300
300
300
300
300
300
300
300
300
300
300
300
300
300
300
300
300
300
300
300
300
300
300
300
300
300
300
300
300
300
300
532.368
532.368
532.368
532.368
532.368
532.368
532.371
532.382
532.432
532.583
532.859
533.018
533.009
532.9
532.613
532.163
531.653
531.199
530.859
530.628
530.472
530.36
530.273
530.203
530.146
530.099
530.062
530.031
530.004
529.982
529.962
529.945
529.929
529.92
529.918
529.918
529.92
529.924
529.931
529.94
529.951
529.96
529.969
529.975
529.981
529.987
529.992
529.997
530.001
530.004
530.007
530.009
530.011
530.012
530.014
530.014
530.015
530.016
530.017
530.018
530.019
530.019
530.018
530.016
530.013
530.01
530.006
530.002
529.998
529.994
529.99
529.986
529.983
529.981
529.979
529.977
529.974
529.973
529.973
529.973
529.973
529.975
529.978
529.982
529.985
529.988
529.99
529.992
529.993
529.995
529.997
529.998
529.999
530
530.001
530.002
530.003
530.004
530.005
530.006
530.008
530.01
530.014
530.019
530.021
530.021
530.019
530.015
530.008
530.002
529.998
529.995
529.993
529.991
529.99
529.988
529.985
529.982
529.98
529.978
529.977
529.976
529.975
529.975
529.974
529.975
529.976
529.978
529.981
529.984
529.987
529.989
529.991
529.993
529.994
529.996
529.999
530.001
530.002
530.001
529.998
529.988
529.969
529.947
529.942
529.942
529.948
529.972
530.048
530.259
530.82
532.26
535.741
542.957
553.052
558.897
559.47
559.433
559.377
559.258
558.986
558.431
557.511
556.523
556.296
556.365
556.426
556.485
556.577
556.697
556.879
557.175
557.511
557.646
557.644
557.633
557.583
557.473
557.329
557.236
557.246
557.222
557.08
556.996
556.955
556.907
556.878
556.927
557.112
557.313
557.454
557.512
557.514
557.49
557.479
557.553
557.593
557.459
557.248
557.093
556.927
556.732
556.679
556.729
556.887
557.095
557.311
557.448
557.522
557.611
557.776
557.876
557.828
557.65
557.452
557.186
556.795
556.538
556.486
556.487
556.524
556.657
556.916
557.283
557.548
557.476
551.503
483.195
319.657
300.021
300
300
300
300
300
300
300
300
300
300
300
300
300
300
300
300
300
300
300
300
300
300
300
300
300
300
300
300
300
300
300
300
300
300
300
300
300
300
300
300
300
300
300
300
300
300
300
300
300
300
300
300
300
300
300
300
300
300
300
300
300
300
300
300
300
300
300
300
300
300
)
;

boundaryField
{
    sides
    {
        type            zeroGradient;
    }
    inlet
    {
        type            zeroGradient;
    }
    outlet
    {
        type            zeroGradient;
    }
    empty
    {
        type            empty;
    }
}


// ************************************************************************* //
