/*--------------------------------*- C++ -*----------------------------------*\
| =========                 |                                                 |
| \\      /  F ield         | OpenFOAM: The Open Source CFD Toolbox           |
|  \\    /   O peration     | Version:  2306                                  |
|   \\  /    A nd           | Website:  www.openfoam.com                      |
|    \\/     M anipulation  |                                                 |
\*---------------------------------------------------------------------------*/
FoamFile
{
    version     2.0;
    format      ascii;
    arch        "LSB;label=32;scalar=64";
    class       volScalarField;
    location    "0.01";
    object      rho;
}
// * * * * * * * * * * * * * * * * * * * * * * * * * * * * * * * * * * * * * //

dimensions      [1 -3 0 0 0 0 0];

internalField   nonuniform List<scalar> 
6000
(
3.65327
0.267116
0.273736
0.286055
0.29601
0.3068
0.318313
0.33105
0.345268
0.361282
0.37943
0.400118
0.423849
0.451279
0.483298
0.52115
0.566579
0.622003
0.690602
0.776162
0.882256
1.01021
1.15566
1.30527
1.43811
1.53493
1.59054
1.61473
1.62297
1.62646
1.62829
1.62821
1.62691
1.62523
1.62423
1.62512
1.62781
1.63152
1.63568
1.64002
1.64432
1.64859
1.65273
1.65668
1.66058
1.66458
1.66874
1.67309
1.6776
1.68229
1.68714
1.69218
1.69741
1.70287
1.70858
1.71455
1.72081
1.72735
1.73415
1.74121
1.74852
1.7561
1.76398
1.77225
1.78095
1.78988
1.79865
1.80767
1.81969
1.83758
1.84814
1.84666
1.82064
1.67462
1.34919
1.17519
1.16114
1.16103
1.16103
1.16103
1.16103
1.16103
1.16103
1.16103
1.16103
1.16103
1.16103
1.16103
1.16103
1.16103
1.16103
1.16103
1.16103
1.16103
1.16103
1.16103
1.16103
1.16103
1.16103
1.16103
1.16103
1.16103
1.16103
1.16103
1.16103
1.16103
1.16103
1.16103
1.16103
1.16103
1.16103
1.16103
1.16103
1.16103
1.16103
1.16103
1.16103
1.16103
1.16103
1.16103
1.16103
1.16103
1.16103
1.16103
1.16103
1.16103
1.16103
1.16103
1.16103
1.16103
1.16103
1.16103
1.16103
1.16103
1.16103
1.16103
1.16103
1.16103
1.16103
1.16103
1.16103
1.16103
1.16103
1.16103
1.16103
1.16103
1.16103
1.16103
1.16103
1.16103
1.16103
1.16103
1.16103
1.16103
1.16103
1.16103
1.16103
1.16103
1.16103
1.16103
1.16103
1.16103
1.16103
1.16103
1.16103
1.16103
1.16103
1.16103
1.16103
1.16103
1.16103
1.16103
1.16103
1.16103
1.16103
1.16103
1.16103
1.16103
1.16103
1.16103
1.16103
1.16103
1.16103
1.16103
1.16103
1.16103
1.16103
1.16103
1.16103
1.16103
1.16103
1.16103
1.16103
1.16103
1.16103
1.16103
1.16103
1.16103
1.16103
1.16103
1.16103
1.16103
1.16103
1.16103
1.16103
1.16103
1.16103
1.16103
1.16103
1.16103
1.16103
1.16103
1.16103
1.16103
1.16103
1.16103
1.16103
1.16103
1.16103
1.16103
1.16103
1.16103
1.16103
1.16103
1.16103
1.16103
1.16103
1.16103
1.16103
1.16103
1.16103
1.16103
1.16103
1.16103
1.16103
1.16103
1.16103
1.16103
1.16103
1.16103
1.16103
1.16103
1.16103
1.16103
1.16103
1.16103
1.16103
1.16103
1.16103
1.16103
1.16103
1.16103
1.16103
1.16103
1.16103
1.16103
1.16103
1.16103
1.16103
1.16103
1.16103
1.16103
1.16103
1.16103
1.16103
1.16103
1.16103
1.16103
1.16103
1.16103
1.16103
1.16103
1.16103
1.16103
1.16103
1.16103
1.16103
1.16103
1.16103
1.16103
1.16103
1.16103
1.16103
1.16103
1.16103
1.16103
1.16103
1.16103
1.16103
1.16103
1.16103
1.16103
1.16103
1.16103
1.16103
1.16103
1.16103
1.16103
1.16103
1.16103
3.65327
0.267117
0.273736
0.286055
0.29601
0.3068
0.318313
0.33105
0.345268
0.361282
0.379431
0.400119
0.423851
0.451281
0.4833
0.521151
0.566581
0.622004
0.690603
0.776164
0.882258
1.01022
1.15567
1.30529
1.43813
1.53494
1.59053
1.61471
1.62296
1.62646
1.6283
1.62822
1.62692
1.62523
1.62423
1.62511
1.6278
1.63151
1.63568
1.64002
1.64432
1.64859
1.65273
1.65668
1.66058
1.66458
1.66874
1.67309
1.6776
1.68229
1.68714
1.69218
1.69741
1.70287
1.70858
1.71455
1.72081
1.72735
1.73415
1.74121
1.74852
1.7561
1.76398
1.77225
1.78095
1.78988
1.79865
1.80767
1.81969
1.83758
1.84814
1.84666
1.82064
1.67462
1.34919
1.17519
1.16114
1.16103
1.16103
1.16103
1.16103
1.16103
1.16103
1.16103
1.16103
1.16103
1.16103
1.16103
1.16103
1.16103
1.16103
1.16103
1.16103
1.16103
1.16103
1.16103
1.16103
1.16103
1.16103
1.16103
1.16103
1.16103
1.16103
1.16103
1.16103
1.16103
1.16103
1.16103
1.16103
1.16103
1.16103
1.16103
1.16103
1.16103
1.16103
1.16103
1.16103
1.16103
1.16103
1.16103
1.16103
1.16103
1.16103
1.16103
1.16103
1.16103
1.16103
1.16103
1.16103
1.16103
1.16103
1.16103
1.16103
1.16103
1.16103
1.16103
1.16103
1.16103
1.16103
1.16103
1.16103
1.16103
1.16103
1.16103
1.16103
1.16103
1.16103
1.16103
1.16103
1.16103
1.16103
1.16103
1.16103
1.16103
1.16103
1.16103
1.16103
1.16103
1.16103
1.16103
1.16103
1.16103
1.16103
1.16103
1.16103
1.16103
1.16103
1.16103
1.16103
1.16103
1.16103
1.16103
1.16103
1.16103
1.16103
1.16103
1.16103
1.16103
1.16103
1.16103
1.16103
1.16103
1.16103
1.16103
1.16103
1.16103
1.16103
1.16103
1.16103
1.16103
1.16103
1.16103
1.16103
1.16103
1.16103
1.16103
1.16103
1.16103
1.16103
1.16103
1.16103
1.16103
1.16103
1.16103
1.16103
1.16103
1.16103
1.16103
1.16103
1.16103
1.16103
1.16103
1.16103
1.16103
1.16103
1.16103
1.16103
1.16103
1.16103
1.16103
1.16103
1.16103
1.16103
1.16103
1.16103
1.16103
1.16103
1.16103
1.16103
1.16103
1.16103
1.16103
1.16103
1.16103
1.16103
1.16103
1.16103
1.16103
1.16103
1.16103
1.16103
1.16103
1.16103
1.16103
1.16103
1.16103
1.16103
1.16103
1.16103
1.16103
1.16103
1.16103
1.16103
1.16103
1.16103
1.16103
1.16103
1.16103
1.16103
1.16103
1.16103
1.16103
1.16103
1.16103
1.16103
1.16103
1.16103
1.16103
1.16103
1.16103
1.16103
1.16103
1.16103
1.16103
1.16103
1.16103
1.16103
1.16103
1.16103
1.16103
1.16103
1.16103
1.16103
1.16103
1.16103
1.16103
1.16103
1.16103
1.16103
1.16103
1.16103
1.16103
1.16103
1.16103
1.16103
1.16103
1.16103
1.16103
1.16103
1.16103
3.65327
0.267117
0.273736
0.286055
0.296011
0.3068
0.318314
0.331051
0.345268
0.361283
0.379432
0.40012
0.423851
0.451281
0.4833
0.521151
0.56658
0.622004
0.690604
0.776166
0.882263
1.01022
1.15568
1.3053
1.43813
1.53494
1.59051
1.61469
1.62295
1.62647
1.62832
1.62823
1.62693
1.62523
1.62422
1.62509
1.62779
1.63151
1.63568
1.64003
1.64433
1.6486
1.65273
1.65668
1.66058
1.66458
1.66874
1.67309
1.6776
1.68229
1.68714
1.69218
1.69741
1.70287
1.70858
1.71455
1.72081
1.72735
1.73415
1.74121
1.74852
1.7561
1.76398
1.77225
1.78095
1.78988
1.79865
1.80767
1.81969
1.83758
1.84814
1.84666
1.82064
1.67462
1.34919
1.17519
1.16114
1.16103
1.16103
1.16103
1.16103
1.16103
1.16103
1.16103
1.16103
1.16103
1.16103
1.16103
1.16103
1.16103
1.16103
1.16103
1.16103
1.16103
1.16103
1.16103
1.16103
1.16103
1.16103
1.16103
1.16103
1.16103
1.16103
1.16103
1.16103
1.16103
1.16103
1.16103
1.16103
1.16103
1.16103
1.16103
1.16103
1.16103
1.16103
1.16103
1.16103
1.16103
1.16103
1.16103
1.16103
1.16103
1.16103
1.16103
1.16103
1.16103
1.16103
1.16103
1.16103
1.16103
1.16103
1.16103
1.16103
1.16103
1.16103
1.16103
1.16103
1.16103
1.16103
1.16103
1.16103
1.16103
1.16103
1.16103
1.16103
1.16103
1.16103
1.16103
1.16103
1.16103
1.16103
1.16103
1.16103
1.16103
1.16103
1.16103
1.16103
1.16103
1.16103
1.16103
1.16103
1.16103
1.16103
1.16103
1.16103
1.16103
1.16103
1.16103
1.16103
1.16103
1.16103
1.16103
1.16103
1.16103
1.16103
1.16103
1.16103
1.16103
1.16103
1.16103
1.16103
1.16103
1.16103
1.16103
1.16103
1.16103
1.16103
1.16103
1.16103
1.16103
1.16103
1.16103
1.16103
1.16103
1.16103
1.16103
1.16103
1.16103
1.16103
1.16103
1.16103
1.16103
1.16103
1.16103
1.16103
1.16103
1.16103
1.16103
1.16103
1.16103
1.16103
1.16103
1.16103
1.16103
1.16103
1.16103
1.16103
1.16103
1.16103
1.16103
1.16103
1.16103
1.16103
1.16103
1.16103
1.16103
1.16103
1.16103
1.16103
1.16103
1.16103
1.16103
1.16103
1.16103
1.16103
1.16103
1.16103
1.16103
1.16103
1.16103
1.16103
1.16103
1.16103
1.16103
1.16103
1.16103
1.16103
1.16103
1.16103
1.16103
1.16103
1.16103
1.16103
1.16103
1.16103
1.16103
1.16103
1.16103
1.16103
1.16103
1.16103
1.16103
1.16103
1.16103
1.16103
1.16103
1.16103
1.16103
1.16103
1.16103
1.16103
1.16103
1.16103
1.16103
1.16103
1.16103
1.16103
1.16103
1.16103
1.16103
1.16103
1.16103
1.16103
1.16103
1.16103
1.16103
1.16103
1.16103
1.16103
1.16103
1.16103
1.16103
1.16103
1.16103
1.16103
1.16103
1.16103
1.16103
1.16103
1.16103
3.65327
0.267117
0.273737
0.286055
0.296011
0.3068
0.318313
0.33105
0.345267
0.361282
0.37943
0.400118
0.423849
0.451279
0.483298
0.521148
0.566578
0.622001
0.690602
0.776165
0.882263
1.01023
1.15569
1.3053
1.43813
1.53493
1.59049
1.61467
1.62295
1.62649
1.62834
1.62825
1.62694
1.62523
1.62421
1.62508
1.62777
1.6315
1.63568
1.64003
1.64434
1.6486
1.65274
1.65668
1.66058
1.66458
1.66874
1.67308
1.6776
1.68229
1.68714
1.69218
1.69741
1.70287
1.70858
1.71455
1.72081
1.72735
1.73415
1.74121
1.74852
1.7561
1.76398
1.77225
1.78095
1.78988
1.79865
1.80767
1.81969
1.83758
1.84814
1.84666
1.82064
1.67462
1.34919
1.17519
1.16114
1.16103
1.16103
1.16103
1.16103
1.16103
1.16103
1.16103
1.16103
1.16103
1.16103
1.16103
1.16103
1.16103
1.16103
1.16103
1.16103
1.16103
1.16103
1.16103
1.16103
1.16103
1.16103
1.16103
1.16103
1.16103
1.16103
1.16103
1.16103
1.16103
1.16103
1.16103
1.16103
1.16103
1.16103
1.16103
1.16103
1.16103
1.16103
1.16103
1.16103
1.16103
1.16103
1.16103
1.16103
1.16103
1.16103
1.16103
1.16103
1.16103
1.16103
1.16103
1.16103
1.16103
1.16103
1.16103
1.16103
1.16103
1.16103
1.16103
1.16103
1.16103
1.16103
1.16103
1.16103
1.16103
1.16103
1.16103
1.16103
1.16103
1.16103
1.16103
1.16103
1.16103
1.16103
1.16103
1.16103
1.16103
1.16103
1.16103
1.16103
1.16103
1.16103
1.16103
1.16103
1.16103
1.16103
1.16103
1.16103
1.16103
1.16103
1.16103
1.16103
1.16103
1.16103
1.16103
1.16103
1.16103
1.16103
1.16103
1.16103
1.16103
1.16103
1.16103
1.16103
1.16103
1.16103
1.16103
1.16103
1.16103
1.16103
1.16103
1.16103
1.16103
1.16103
1.16103
1.16103
1.16103
1.16103
1.16103
1.16103
1.16103
1.16103
1.16103
1.16103
1.16103
1.16103
1.16103
1.16103
1.16103
1.16103
1.16103
1.16103
1.16103
1.16103
1.16103
1.16103
1.16103
1.16103
1.16103
1.16103
1.16103
1.16103
1.16103
1.16103
1.16103
1.16103
1.16103
1.16103
1.16103
1.16103
1.16103
1.16103
1.16103
1.16103
1.16103
1.16103
1.16103
1.16103
1.16103
1.16103
1.16103
1.16103
1.16103
1.16103
1.16103
1.16103
1.16103
1.16103
1.16103
1.16103
1.16103
1.16103
1.16103
1.16103
1.16103
1.16103
1.16103
1.16103
1.16103
1.16103
1.16103
1.16103
1.16103
1.16103
1.16103
1.16103
1.16103
1.16103
1.16103
1.16103
1.16103
1.16103
1.16103
1.16103
1.16103
1.16103
1.16103
1.16103
1.16103
1.16103
1.16103
1.16103
1.16103
1.16103
1.16103
1.16103
1.16103
1.16103
1.16103
1.16103
1.16103
1.16103
1.16103
1.16103
1.16103
1.16103
1.16103
1.16103
1.16103
1.16103
1.16103
1.16103
1.16103
3.65328
0.267118
0.273737
0.286056
0.296011
0.3068
0.318313
0.331049
0.345265
0.361279
0.379426
0.400113
0.423844
0.451273
0.483292
0.521142
0.566572
0.621996
0.690597
0.77616
0.882259
1.01022
1.15569
1.3053
1.43813
1.53492
1.59048
1.61467
1.62295
1.6265
1.62835
1.62826
1.62695
1.62523
1.62421
1.62507
1.62776
1.63149
1.63568
1.64003
1.64434
1.64861
1.65274
1.65669
1.66058
1.66458
1.66874
1.67308
1.6776
1.68229
1.68714
1.69218
1.69741
1.70287
1.70858
1.71455
1.72081
1.72735
1.73415
1.74121
1.74852
1.7561
1.76398
1.77225
1.78095
1.78988
1.79865
1.80767
1.81969
1.83758
1.84814
1.84666
1.82064
1.67462
1.34919
1.17519
1.16114
1.16103
1.16103
1.16103
1.16103
1.16103
1.16103
1.16103
1.16103
1.16103
1.16103
1.16103
1.16103
1.16103
1.16103
1.16103
1.16103
1.16103
1.16103
1.16103
1.16103
1.16103
1.16103
1.16103
1.16103
1.16103
1.16103
1.16103
1.16103
1.16103
1.16103
1.16103
1.16103
1.16103
1.16103
1.16103
1.16103
1.16103
1.16103
1.16103
1.16103
1.16103
1.16103
1.16103
1.16103
1.16103
1.16103
1.16103
1.16103
1.16103
1.16103
1.16103
1.16103
1.16103
1.16103
1.16103
1.16103
1.16103
1.16103
1.16103
1.16103
1.16103
1.16103
1.16103
1.16103
1.16103
1.16103
1.16103
1.16103
1.16103
1.16103
1.16103
1.16103
1.16103
1.16103
1.16103
1.16103
1.16103
1.16103
1.16103
1.16103
1.16103
1.16103
1.16103
1.16103
1.16103
1.16103
1.16103
1.16103
1.16103
1.16103
1.16103
1.16103
1.16103
1.16103
1.16103
1.16103
1.16103
1.16103
1.16103
1.16103
1.16103
1.16103
1.16103
1.16103
1.16103
1.16103
1.16103
1.16103
1.16103
1.16103
1.16103
1.16103
1.16103
1.16103
1.16103
1.16103
1.16103
1.16103
1.16103
1.16103
1.16103
1.16103
1.16103
1.16103
1.16103
1.16103
1.16103
1.16103
1.16103
1.16103
1.16103
1.16103
1.16103
1.16103
1.16103
1.16103
1.16103
1.16103
1.16103
1.16103
1.16103
1.16103
1.16103
1.16103
1.16103
1.16103
1.16103
1.16103
1.16103
1.16103
1.16103
1.16103
1.16103
1.16103
1.16103
1.16103
1.16103
1.16103
1.16103
1.16103
1.16103
1.16103
1.16103
1.16103
1.16103
1.16103
1.16103
1.16103
1.16103
1.16103
1.16103
1.16103
1.16103
1.16103
1.16103
1.16103
1.16103
1.16103
1.16103
1.16103
1.16103
1.16103
1.16103
1.16103
1.16103
1.16103
1.16103
1.16103
1.16103
1.16103
1.16103
1.16103
1.16103
1.16103
1.16103
1.16103
1.16103
1.16103
1.16103
1.16103
1.16103
1.16103
1.16103
1.16103
1.16103
1.16103
1.16103
1.16103
1.16103
1.16103
1.16103
1.16103
1.16103
1.16103
1.16103
1.16103
1.16103
1.16103
1.16103
1.16103
1.16103
1.16103
1.16103
3.6533
0.267119
0.273738
0.286056
0.296011
0.3068
0.318311
0.331046
0.345261
0.361272
0.379418
0.400103
0.423832
0.451261
0.48328
0.521132
0.566563
0.621988
0.69059
0.776155
0.882256
1.01022
1.15569
1.3053
1.43813
1.53491
1.59048
1.61467
1.62295
1.62649
1.62835
1.62826
1.62695
1.62524
1.62421
1.62507
1.62776
1.63148
1.63567
1.64003
1.64435
1.64862
1.65275
1.65669
1.66058
1.66457
1.66874
1.67308
1.6776
1.68229
1.68715
1.69218
1.69741
1.70287
1.70858
1.71455
1.72081
1.72735
1.73415
1.74121
1.74852
1.7561
1.76398
1.77225
1.78095
1.78988
1.79865
1.80767
1.81969
1.83758
1.84814
1.84666
1.82064
1.67462
1.34919
1.17519
1.16114
1.16103
1.16103
1.16103
1.16103
1.16103
1.16103
1.16103
1.16103
1.16103
1.16103
1.16103
1.16103
1.16103
1.16103
1.16103
1.16103
1.16103
1.16103
1.16103
1.16103
1.16103
1.16103
1.16103
1.16103
1.16103
1.16103
1.16103
1.16103
1.16103
1.16103
1.16103
1.16103
1.16103
1.16103
1.16103
1.16103
1.16103
1.16103
1.16103
1.16103
1.16103
1.16103
1.16103
1.16103
1.16103
1.16103
1.16103
1.16103
1.16103
1.16103
1.16103
1.16103
1.16103
1.16103
1.16103
1.16103
1.16103
1.16103
1.16103
1.16103
1.16103
1.16103
1.16103
1.16103
1.16103
1.16103
1.16103
1.16103
1.16103
1.16103
1.16103
1.16103
1.16103
1.16103
1.16103
1.16103
1.16103
1.16103
1.16103
1.16103
1.16103
1.16103
1.16103
1.16103
1.16103
1.16103
1.16103
1.16103
1.16103
1.16103
1.16103
1.16103
1.16103
1.16103
1.16103
1.16103
1.16103
1.16103
1.16103
1.16103
1.16103
1.16103
1.16103
1.16103
1.16103
1.16103
1.16103
1.16103
1.16103
1.16103
1.16103
1.16103
1.16103
1.16103
1.16103
1.16103
1.16103
1.16103
1.16103
1.16103
1.16103
1.16103
1.16103
1.16103
1.16103
1.16103
1.16103
1.16103
1.16103
1.16103
1.16103
1.16103
1.16103
1.16103
1.16103
1.16103
1.16103
1.16103
1.16103
1.16103
1.16103
1.16103
1.16103
1.16103
1.16103
1.16103
1.16103
1.16103
1.16103
1.16103
1.16103
1.16103
1.16103
1.16103
1.16103
1.16103
1.16103
1.16103
1.16103
1.16103
1.16103
1.16103
1.16103
1.16103
1.16103
1.16103
1.16103
1.16103
1.16103
1.16103
1.16103
1.16103
1.16103
1.16103
1.16103
1.16103
1.16103
1.16103
1.16103
1.16103
1.16103
1.16103
1.16103
1.16103
1.16103
1.16103
1.16103
1.16103
1.16103
1.16103
1.16103
1.16103
1.16103
1.16103
1.16103
1.16103
1.16103
1.16103
1.16103
1.16103
1.16103
1.16103
1.16103
1.16103
1.16103
1.16103
1.16103
1.16103
1.16103
1.16103
1.16103
1.16103
1.16103
1.16103
1.16103
1.16103
1.16103
1.16103
1.16103
1.16103
1.16103
1.16103
1.16103
3.65332
0.267121
0.27374
0.286057
0.296012
0.3068
0.31831
0.331043
0.345255
0.361263
0.379406
0.400089
0.423817
0.451247
0.483267
0.521121
0.566554
0.621982
0.690586
0.776152
0.882253
1.01022
1.15568
1.30529
1.43812
1.53491
1.59049
1.61468
1.62295
1.62648
1.62834
1.62825
1.62695
1.62524
1.62421
1.62507
1.62776
1.63148
1.63567
1.64003
1.64435
1.64862
1.65275
1.65669
1.66058
1.66457
1.66874
1.67308
1.6776
1.68229
1.68715
1.69218
1.69741
1.70287
1.70858
1.71455
1.72081
1.72735
1.73415
1.74121
1.74852
1.7561
1.76398
1.77225
1.78095
1.78988
1.79865
1.80767
1.81969
1.83758
1.84814
1.84666
1.82064
1.67462
1.34919
1.17519
1.16114
1.16103
1.16103
1.16103
1.16103
1.16103
1.16103
1.16103
1.16103
1.16103
1.16103
1.16103
1.16103
1.16103
1.16103
1.16103
1.16103
1.16103
1.16103
1.16103
1.16103
1.16103
1.16103
1.16103
1.16103
1.16103
1.16103
1.16103
1.16103
1.16103
1.16103
1.16103
1.16103
1.16103
1.16103
1.16103
1.16103
1.16103
1.16103
1.16103
1.16103
1.16103
1.16103
1.16103
1.16103
1.16103
1.16103
1.16103
1.16103
1.16103
1.16103
1.16103
1.16103
1.16103
1.16103
1.16103
1.16103
1.16103
1.16103
1.16103
1.16103
1.16103
1.16103
1.16103
1.16103
1.16103
1.16103
1.16103
1.16103
1.16103
1.16103
1.16103
1.16103
1.16103
1.16103
1.16103
1.16103
1.16103
1.16103
1.16103
1.16103
1.16103
1.16103
1.16103
1.16103
1.16103
1.16103
1.16103
1.16103
1.16103
1.16103
1.16103
1.16103
1.16103
1.16103
1.16103
1.16103
1.16103
1.16103
1.16103
1.16103
1.16103
1.16103
1.16103
1.16103
1.16103
1.16103
1.16103
1.16103
1.16103
1.16103
1.16103
1.16103
1.16103
1.16103
1.16103
1.16103
1.16103
1.16103
1.16103
1.16103
1.16103
1.16103
1.16103
1.16103
1.16103
1.16103
1.16103
1.16103
1.16103
1.16103
1.16103
1.16103
1.16103
1.16103
1.16103
1.16103
1.16103
1.16103
1.16103
1.16103
1.16103
1.16103
1.16103
1.16103
1.16103
1.16103
1.16103
1.16103
1.16103
1.16103
1.16103
1.16103
1.16103
1.16103
1.16103
1.16103
1.16103
1.16103
1.16103
1.16103
1.16103
1.16103
1.16103
1.16103
1.16103
1.16103
1.16103
1.16103
1.16103
1.16103
1.16103
1.16103
1.16103
1.16103
1.16103
1.16103
1.16103
1.16103
1.16103
1.16103
1.16103
1.16103
1.16103
1.16103
1.16103
1.16103
1.16103
1.16103
1.16103
1.16103
1.16103
1.16103
1.16103
1.16103
1.16103
1.16103
1.16103
1.16103
1.16103
1.16103
1.16103
1.16103
1.16103
1.16103
1.16103
1.16103
1.16103
1.16103
1.16103
1.16103
1.16103
1.16103
1.16103
1.16103
1.16103
1.16103
1.16103
1.16103
1.16103
1.16103
1.16103
1.16103
1.16103
3.65333
0.267122
0.273741
0.286058
0.296012
0.306799
0.318309
0.33104
0.34525
0.361255
0.379395
0.400076
0.423803
0.451233
0.483256
0.521112
0.566548
0.621978
0.690583
0.77615
0.88225
1.01021
1.15567
1.30528
1.43811
1.53492
1.59051
1.6147
1.62295
1.62647
1.62832
1.62824
1.62694
1.62524
1.62422
1.62508
1.62776
1.63148
1.63567
1.64003
1.64434
1.64862
1.65275
1.65669
1.66058
1.66457
1.66874
1.67308
1.6776
1.68229
1.68715
1.69218
1.69741
1.70287
1.70858
1.71455
1.72081
1.72735
1.73415
1.74121
1.74852
1.7561
1.76398
1.77225
1.78095
1.78988
1.79865
1.80767
1.81969
1.83758
1.84814
1.84666
1.82064
1.67462
1.34919
1.17519
1.16114
1.16103
1.16103
1.16103
1.16103
1.16103
1.16103
1.16103
1.16103
1.16103
1.16103
1.16103
1.16103
1.16103
1.16103
1.16103
1.16103
1.16103
1.16103
1.16103
1.16103
1.16103
1.16103
1.16103
1.16103
1.16103
1.16103
1.16103
1.16103
1.16103
1.16103
1.16103
1.16103
1.16103
1.16103
1.16103
1.16103
1.16103
1.16103
1.16103
1.16103
1.16103
1.16103
1.16103
1.16103
1.16103
1.16103
1.16103
1.16103
1.16103
1.16103
1.16103
1.16103
1.16103
1.16103
1.16103
1.16103
1.16103
1.16103
1.16103
1.16103
1.16103
1.16103
1.16103
1.16103
1.16103
1.16103
1.16103
1.16103
1.16103
1.16103
1.16103
1.16103
1.16103
1.16103
1.16103
1.16103
1.16103
1.16103
1.16103
1.16103
1.16103
1.16103
1.16103
1.16103
1.16103
1.16103
1.16103
1.16103
1.16103
1.16103
1.16103
1.16103
1.16103
1.16103
1.16103
1.16103
1.16103
1.16103
1.16103
1.16103
1.16103
1.16103
1.16103
1.16103
1.16103
1.16103
1.16103
1.16103
1.16103
1.16103
1.16103
1.16103
1.16103
1.16103
1.16103
1.16103
1.16103
1.16103
1.16103
1.16103
1.16103
1.16103
1.16103
1.16103
1.16103
1.16103
1.16103
1.16103
1.16103
1.16103
1.16103
1.16103
1.16103
1.16103
1.16103
1.16103
1.16103
1.16103
1.16103
1.16103
1.16103
1.16103
1.16103
1.16103
1.16103
1.16103
1.16103
1.16103
1.16103
1.16103
1.16103
1.16103
1.16103
1.16103
1.16103
1.16103
1.16103
1.16103
1.16103
1.16103
1.16103
1.16103
1.16103
1.16103
1.16103
1.16103
1.16103
1.16103
1.16103
1.16103
1.16103
1.16103
1.16103
1.16103
1.16103
1.16103
1.16103
1.16103
1.16103
1.16103
1.16103
1.16103
1.16103
1.16103
1.16103
1.16103
1.16103
1.16103
1.16103
1.16103
1.16103
1.16103
1.16103
1.16103
1.16103
1.16103
1.16103
1.16103
1.16103
1.16103
1.16103
1.16103
1.16103
1.16103
1.16103
1.16103
1.16103
1.16103
1.16103
1.16103
1.16103
1.16103
1.16103
1.16103
1.16103
1.16103
1.16103
1.16103
1.16103
1.16103
1.16103
1.16103
1.16103
3.65334
0.267123
0.273742
0.286059
0.296013
0.306799
0.318308
0.331038
0.345246
0.36125
0.379388
0.400068
0.423795
0.451225
0.483249
0.521107
0.566545
0.621976
0.690582
0.776148
0.882248
1.01021
1.15567
1.30528
1.43812
1.53493
1.59052
1.61471
1.62296
1.62646
1.62831
1.62823
1.62693
1.62524
1.62422
1.62509
1.62777
1.63149
1.63567
1.64003
1.64434
1.64862
1.65275
1.65669
1.66058
1.66458
1.66874
1.67308
1.6776
1.68229
1.68715
1.69218
1.69741
1.70287
1.70858
1.71455
1.72081
1.72735
1.73415
1.74121
1.74852
1.7561
1.76398
1.77225
1.78095
1.78988
1.79865
1.80767
1.81969
1.83758
1.84814
1.84666
1.82064
1.67462
1.34919
1.17519
1.16114
1.16103
1.16103
1.16103
1.16103
1.16103
1.16103
1.16103
1.16103
1.16103
1.16103
1.16103
1.16103
1.16103
1.16103
1.16103
1.16103
1.16103
1.16103
1.16103
1.16103
1.16103
1.16103
1.16103
1.16103
1.16103
1.16103
1.16103
1.16103
1.16103
1.16103
1.16103
1.16103
1.16103
1.16103
1.16103
1.16103
1.16103
1.16103
1.16103
1.16103
1.16103
1.16103
1.16103
1.16103
1.16103
1.16103
1.16103
1.16103
1.16103
1.16103
1.16103
1.16103
1.16103
1.16103
1.16103
1.16103
1.16103
1.16103
1.16103
1.16103
1.16103
1.16103
1.16103
1.16103
1.16103
1.16103
1.16103
1.16103
1.16103
1.16103
1.16103
1.16103
1.16103
1.16103
1.16103
1.16103
1.16103
1.16103
1.16103
1.16103
1.16103
1.16103
1.16103
1.16103
1.16103
1.16103
1.16103
1.16103
1.16103
1.16103
1.16103
1.16103
1.16103
1.16103
1.16103
1.16103
1.16103
1.16103
1.16103
1.16103
1.16103
1.16103
1.16103
1.16103
1.16103
1.16103
1.16103
1.16103
1.16103
1.16103
1.16103
1.16103
1.16103
1.16103
1.16103
1.16103
1.16103
1.16103
1.16103
1.16103
1.16103
1.16103
1.16103
1.16103
1.16103
1.16103
1.16103
1.16103
1.16103
1.16103
1.16103
1.16103
1.16103
1.16103
1.16103
1.16103
1.16103
1.16103
1.16103
1.16103
1.16103
1.16103
1.16103
1.16103
1.16103
1.16103
1.16103
1.16103
1.16103
1.16103
1.16103
1.16103
1.16103
1.16103
1.16103
1.16103
1.16103
1.16103
1.16103
1.16103
1.16103
1.16103
1.16103
1.16103
1.16103
1.16103
1.16103
1.16103
1.16103
1.16103
1.16103
1.16103
1.16103
1.16103
1.16103
1.16103
1.16103
1.16103
1.16103
1.16103
1.16103
1.16103
1.16103
1.16103
1.16103
1.16103
1.16103
1.16103
1.16103
1.16103
1.16103
1.16103
1.16103
1.16103
1.16103
1.16103
1.16103
1.16103
1.16103
1.16103
1.16103
1.16103
1.16103
1.16103
1.16103
1.16103
1.16103
1.16103
1.16103
1.16103
1.16103
1.16103
1.16103
1.16103
1.16103
1.16103
1.16103
1.16103
1.16103
1.16103
1.16103
1.16103
1.16103
3.65335
0.267123
0.273742
0.28606
0.296013
0.3068
0.318308
0.331038
0.345246
0.361249
0.379386
0.400065
0.423792
0.451223
0.483247
0.521106
0.566544
0.621976
0.690581
0.776147
0.882245
1.0102
1.15566
1.30528
1.43812
1.53494
1.59053
1.61471
1.62295
1.62646
1.6283
1.62822
1.62692
1.62523
1.62422
1.62509
1.62778
1.6315
1.63567
1.64003
1.64434
1.64862
1.65275
1.65669
1.66059
1.66458
1.66874
1.67308
1.6776
1.68229
1.68715
1.69218
1.69741
1.70287
1.70858
1.71455
1.72081
1.72735
1.73415
1.74121
1.74852
1.7561
1.76398
1.77225
1.78095
1.78988
1.79865
1.80767
1.81969
1.83758
1.84814
1.84666
1.82064
1.67462
1.34919
1.17519
1.16114
1.16103
1.16103
1.16103
1.16103
1.16103
1.16103
1.16103
1.16103
1.16103
1.16103
1.16103
1.16103
1.16103
1.16103
1.16103
1.16103
1.16103
1.16103
1.16103
1.16103
1.16103
1.16103
1.16103
1.16103
1.16103
1.16103
1.16103
1.16103
1.16103
1.16103
1.16103
1.16103
1.16103
1.16103
1.16103
1.16103
1.16103
1.16103
1.16103
1.16103
1.16103
1.16103
1.16103
1.16103
1.16103
1.16103
1.16103
1.16103
1.16103
1.16103
1.16103
1.16103
1.16103
1.16103
1.16103
1.16103
1.16103
1.16103
1.16103
1.16103
1.16103
1.16103
1.16103
1.16103
1.16103
1.16103
1.16103
1.16103
1.16103
1.16103
1.16103
1.16103
1.16103
1.16103
1.16103
1.16103
1.16103
1.16103
1.16103
1.16103
1.16103
1.16103
1.16103
1.16103
1.16103
1.16103
1.16103
1.16103
1.16103
1.16103
1.16103
1.16103
1.16103
1.16103
1.16103
1.16103
1.16103
1.16103
1.16103
1.16103
1.16103
1.16103
1.16103
1.16103
1.16103
1.16103
1.16103
1.16103
1.16103
1.16103
1.16103
1.16103
1.16103
1.16103
1.16103
1.16103
1.16103
1.16103
1.16103
1.16103
1.16103
1.16103
1.16103
1.16103
1.16103
1.16103
1.16103
1.16103
1.16103
1.16103
1.16103
1.16103
1.16103
1.16103
1.16103
1.16103
1.16103
1.16103
1.16103
1.16103
1.16103
1.16103
1.16103
1.16103
1.16103
1.16103
1.16103
1.16103
1.16103
1.16103
1.16103
1.16103
1.16103
1.16103
1.16103
1.16103
1.16103
1.16103
1.16103
1.16103
1.16103
1.16103
1.16103
1.16103
1.16103
1.16103
1.16103
1.16103
1.16103
1.16103
1.16103
1.16103
1.16103
1.16103
1.16103
1.16103
1.16103
1.16103
1.16103
1.16103
1.16103
1.16103
1.16103
1.16103
1.16103
1.16103
1.16103
1.16103
1.16103
1.16103
1.16103
1.16103
1.16103
1.16103
1.16103
1.16103
1.16103
1.16103
1.16103
1.16103
1.16103
1.16103
1.16103
1.16103
1.16103
1.16103
1.16103
1.16103
1.16103
1.16103
1.16103
1.16103
1.16103
1.16103
1.16103
1.16103
1.16103
1.16103
1.16103
1.16103
1.16103
1.16103
1.16103
3.65334
0.267123
0.273742
0.28606
0.296013
0.3068
0.318308
0.331038
0.345247
0.36125
0.379388
0.400067
0.423794
0.451225
0.483249
0.521107
0.566545
0.621976
0.690581
0.776145
0.882242
1.0102
1.15566
1.30528
1.43813
1.53494
1.59053
1.61471
1.62295
1.62646
1.6283
1.62822
1.62692
1.62523
1.62422
1.62509
1.62778
1.6315
1.63568
1.64003
1.64434
1.64861
1.65275
1.65669
1.66058
1.66458
1.66874
1.67308
1.6776
1.68229
1.68715
1.69218
1.69741
1.70287
1.70858
1.71455
1.72081
1.72735
1.73415
1.74121
1.74852
1.7561
1.76398
1.77225
1.78095
1.78988
1.79865
1.80767
1.81969
1.83758
1.84814
1.84666
1.82064
1.67462
1.34919
1.17519
1.16114
1.16103
1.16103
1.16103
1.16103
1.16103
1.16103
1.16103
1.16103
1.16103
1.16103
1.16103
1.16103
1.16103
1.16103
1.16103
1.16103
1.16103
1.16103
1.16103
1.16103
1.16103
1.16103
1.16103
1.16103
1.16103
1.16103
1.16103
1.16103
1.16103
1.16103
1.16103
1.16103
1.16103
1.16103
1.16103
1.16103
1.16103
1.16103
1.16103
1.16103
1.16103
1.16103
1.16103
1.16103
1.16103
1.16103
1.16103
1.16103
1.16103
1.16103
1.16103
1.16103
1.16103
1.16103
1.16103
1.16103
1.16103
1.16103
1.16103
1.16103
1.16103
1.16103
1.16103
1.16103
1.16103
1.16103
1.16103
1.16103
1.16103
1.16103
1.16103
1.16103
1.16103
1.16103
1.16103
1.16103
1.16103
1.16103
1.16103
1.16103
1.16103
1.16103
1.16103
1.16103
1.16103
1.16103
1.16103
1.16103
1.16103
1.16103
1.16103
1.16103
1.16103
1.16103
1.16103
1.16103
1.16103
1.16103
1.16103
1.16103
1.16103
1.16103
1.16103
1.16103
1.16103
1.16103
1.16103
1.16103
1.16103
1.16103
1.16103
1.16103
1.16103
1.16103
1.16103
1.16103
1.16103
1.16103
1.16103
1.16103
1.16103
1.16103
1.16103
1.16103
1.16103
1.16103
1.16103
1.16103
1.16103
1.16103
1.16103
1.16103
1.16103
1.16103
1.16103
1.16103
1.16103
1.16103
1.16103
1.16103
1.16103
1.16103
1.16103
1.16103
1.16103
1.16103
1.16103
1.16103
1.16103
1.16103
1.16103
1.16103
1.16103
1.16103
1.16103
1.16103
1.16103
1.16103
1.16103
1.16103
1.16103
1.16103
1.16103
1.16103
1.16103
1.16103
1.16103
1.16103
1.16103
1.16103
1.16103
1.16103
1.16103
1.16103
1.16103
1.16103
1.16103
1.16103
1.16103
1.16103
1.16103
1.16103
1.16103
1.16103
1.16103
1.16103
1.16103
1.16103
1.16103
1.16103
1.16103
1.16103
1.16103
1.16103
1.16103
1.16103
1.16103
1.16103
1.16103
1.16103
1.16103
1.16103
1.16103
1.16103
1.16103
1.16103
1.16103
1.16103
1.16103
1.16103
1.16103
1.16103
1.16103
1.16103
1.16103
1.16103
1.16103
1.16103
1.16103
1.16103
1.16103
1.16103
1.16103
3.65334
0.267122
0.273742
0.286059
0.296013
0.306801
0.31831
0.331041
0.34525
0.361255
0.379395
0.400076
0.423803
0.451233
0.483256
0.521112
0.566548
0.621977
0.69058
0.776144
0.88224
1.0102
1.15566
1.30529
1.43813
1.53494
1.59052
1.6147
1.62295
1.62646
1.62831
1.62822
1.62692
1.62523
1.62422
1.62509
1.62778
1.6315
1.63568
1.64004
1.64434
1.64861
1.65275
1.65669
1.66058
1.66457
1.66874
1.67308
1.6776
1.68229
1.68715
1.69218
1.69741
1.70287
1.70858
1.71455
1.72081
1.72735
1.73415
1.74121
1.74852
1.7561
1.76398
1.77225
1.78095
1.78988
1.79865
1.80767
1.81969
1.83758
1.84814
1.84666
1.82064
1.67462
1.34919
1.17519
1.16114
1.16103
1.16103
1.16103
1.16103
1.16103
1.16103
1.16103
1.16103
1.16103
1.16103
1.16103
1.16103
1.16103
1.16103
1.16103
1.16103
1.16103
1.16103
1.16103
1.16103
1.16103
1.16103
1.16103
1.16103
1.16103
1.16103
1.16103
1.16103
1.16103
1.16103
1.16103
1.16103
1.16103
1.16103
1.16103
1.16103
1.16103
1.16103
1.16103
1.16103
1.16103
1.16103
1.16103
1.16103
1.16103
1.16103
1.16103
1.16103
1.16103
1.16103
1.16103
1.16103
1.16103
1.16103
1.16103
1.16103
1.16103
1.16103
1.16103
1.16103
1.16103
1.16103
1.16103
1.16103
1.16103
1.16103
1.16103
1.16103
1.16103
1.16103
1.16103
1.16103
1.16103
1.16103
1.16103
1.16103
1.16103
1.16103
1.16103
1.16103
1.16103
1.16103
1.16103
1.16103
1.16103
1.16103
1.16103
1.16103
1.16103
1.16103
1.16103
1.16103
1.16103
1.16103
1.16103
1.16103
1.16103
1.16103
1.16103
1.16103
1.16103
1.16103
1.16103
1.16103
1.16103
1.16103
1.16103
1.16103
1.16103
1.16103
1.16103
1.16103
1.16103
1.16103
1.16103
1.16103
1.16103
1.16103
1.16103
1.16103
1.16103
1.16103
1.16103
1.16103
1.16103
1.16103
1.16103
1.16103
1.16103
1.16103
1.16103
1.16103
1.16103
1.16103
1.16103
1.16103
1.16103
1.16103
1.16103
1.16103
1.16103
1.16103
1.16103
1.16103
1.16103
1.16103
1.16103
1.16103
1.16103
1.16103
1.16103
1.16103
1.16103
1.16103
1.16103
1.16103
1.16103
1.16103
1.16103
1.16103
1.16103
1.16103
1.16103
1.16103
1.16103
1.16103
1.16103
1.16103
1.16103
1.16103
1.16103
1.16103
1.16103
1.16103
1.16103
1.16103
1.16103
1.16103
1.16103
1.16103
1.16103
1.16103
1.16103
1.16103
1.16103
1.16103
1.16103
1.16103
1.16103
1.16103
1.16103
1.16103
1.16103
1.16103
1.16103
1.16103
1.16103
1.16103
1.16103
1.16103
1.16103
1.16103
1.16103
1.16103
1.16103
1.16103
1.16103
1.16103
1.16103
1.16103
1.16103
1.16103
1.16103
1.16103
1.16103
1.16103
1.16103
1.16103
1.16103
1.16103
1.16103
1.16103
1.16103
3.65333
0.267122
0.273741
0.286059
0.296013
0.306801
0.318312
0.331045
0.345257
0.361266
0.379408
0.400091
0.423819
0.451248
0.483268
0.521121
0.566553
0.621979
0.690579
0.776142
0.882239
1.0102
1.15567
1.30529
1.43813
1.53494
1.59052
1.61469
1.62295
1.62647
1.62832
1.62823
1.62693
1.62523
1.62421
1.62508
1.62778
1.6315
1.63568
1.64004
1.64435
1.64862
1.65275
1.65669
1.66058
1.66457
1.66874
1.67308
1.6776
1.68229
1.68715
1.69218
1.69741
1.70287
1.70858
1.71455
1.72081
1.72735
1.73415
1.74121
1.74852
1.7561
1.76398
1.77225
1.78095
1.78988
1.79865
1.80767
1.81969
1.83758
1.84814
1.84666
1.82064
1.67462
1.34919
1.17519
1.16114
1.16103
1.16103
1.16103
1.16103
1.16103
1.16103
1.16103
1.16103
1.16103
1.16103
1.16103
1.16103
1.16103
1.16103
1.16103
1.16103
1.16103
1.16103
1.16103
1.16103
1.16103
1.16103
1.16103
1.16103
1.16103
1.16103
1.16103
1.16103
1.16103
1.16103
1.16103
1.16103
1.16103
1.16103
1.16103
1.16103
1.16103
1.16103
1.16103
1.16103
1.16103
1.16103
1.16103
1.16103
1.16103
1.16103
1.16103
1.16103
1.16103
1.16103
1.16103
1.16103
1.16103
1.16103
1.16103
1.16103
1.16103
1.16103
1.16103
1.16103
1.16103
1.16103
1.16103
1.16103
1.16103
1.16103
1.16103
1.16103
1.16103
1.16103
1.16103
1.16103
1.16103
1.16103
1.16103
1.16103
1.16103
1.16103
1.16103
1.16103
1.16103
1.16103
1.16103
1.16103
1.16103
1.16103
1.16103
1.16103
1.16103
1.16103
1.16103
1.16103
1.16103
1.16103
1.16103
1.16103
1.16103
1.16103
1.16103
1.16103
1.16103
1.16103
1.16103
1.16103
1.16103
1.16103
1.16103
1.16103
1.16103
1.16103
1.16103
1.16103
1.16103
1.16103
1.16103
1.16103
1.16103
1.16103
1.16103
1.16103
1.16103
1.16103
1.16103
1.16103
1.16103
1.16103
1.16103
1.16103
1.16103
1.16103
1.16103
1.16103
1.16103
1.16103
1.16103
1.16103
1.16103
1.16103
1.16103
1.16103
1.16103
1.16103
1.16103
1.16103
1.16103
1.16103
1.16103
1.16103
1.16103
1.16103
1.16103
1.16103
1.16103
1.16103
1.16103
1.16103
1.16103
1.16103
1.16103
1.16103
1.16103
1.16103
1.16103
1.16103
1.16103
1.16103
1.16103
1.16103
1.16103
1.16103
1.16103
1.16103
1.16103
1.16103
1.16103
1.16103
1.16103
1.16103
1.16103
1.16103
1.16103
1.16103
1.16103
1.16103
1.16103
1.16103
1.16103
1.16103
1.16103
1.16103
1.16103
1.16103
1.16103
1.16103
1.16103
1.16103
1.16103
1.16103
1.16103
1.16103
1.16103
1.16103
1.16103
1.16103
1.16103
1.16103
1.16103
1.16103
1.16103
1.16103
1.16103
1.16103
1.16103
1.16103
1.16103
1.16103
1.16103
1.16103
1.16103
1.16103
1.16103
1.16103
1.16103
3.65332
0.267121
0.27374
0.286059
0.296013
0.306802
0.318314
0.33105
0.345265
0.361277
0.379423
0.400109
0.423837
0.451264
0.483281
0.52113
0.566558
0.62198
0.690578
0.77614
0.882238
1.0102
1.15567
1.30529
1.43813
1.53493
1.59051
1.61469
1.62295
1.62648
1.62832
1.62824
1.62693
1.62523
1.62421
1.62508
1.62777
1.6315
1.63568
1.64004
1.64435
1.64862
1.65275
1.65669
1.66058
1.66457
1.66874
1.67308
1.6776
1.68229
1.68715
1.69218
1.69741
1.70287
1.70858
1.71455
1.72081
1.72735
1.73415
1.74121
1.74852
1.7561
1.76398
1.77225
1.78095
1.78988
1.79865
1.80767
1.81969
1.83758
1.84814
1.84666
1.82064
1.67462
1.34919
1.17519
1.16114
1.16103
1.16103
1.16103
1.16103
1.16103
1.16103
1.16103
1.16103
1.16103
1.16103
1.16103
1.16103
1.16103
1.16103
1.16103
1.16103
1.16103
1.16103
1.16103
1.16103
1.16103
1.16103
1.16103
1.16103
1.16103
1.16103
1.16103
1.16103
1.16103
1.16103
1.16103
1.16103
1.16103
1.16103
1.16103
1.16103
1.16103
1.16103
1.16103
1.16103
1.16103
1.16103
1.16103
1.16103
1.16103
1.16103
1.16103
1.16103
1.16103
1.16103
1.16103
1.16103
1.16103
1.16103
1.16103
1.16103
1.16103
1.16103
1.16103
1.16103
1.16103
1.16103
1.16103
1.16103
1.16103
1.16103
1.16103
1.16103
1.16103
1.16103
1.16103
1.16103
1.16103
1.16103
1.16103
1.16103
1.16103
1.16103
1.16103
1.16103
1.16103
1.16103
1.16103
1.16103
1.16103
1.16103
1.16103
1.16103
1.16103
1.16103
1.16103
1.16103
1.16103
1.16103
1.16103
1.16103
1.16103
1.16103
1.16103
1.16103
1.16103
1.16103
1.16103
1.16103
1.16103
1.16103
1.16103
1.16103
1.16103
1.16103
1.16103
1.16103
1.16103
1.16103
1.16103
1.16103
1.16103
1.16103
1.16103
1.16103
1.16103
1.16103
1.16103
1.16103
1.16103
1.16103
1.16103
1.16103
1.16103
1.16103
1.16103
1.16103
1.16103
1.16103
1.16103
1.16103
1.16103
1.16103
1.16103
1.16103
1.16103
1.16103
1.16103
1.16103
1.16103
1.16103
1.16103
1.16103
1.16103
1.16103
1.16103
1.16103
1.16103
1.16103
1.16103
1.16103
1.16103
1.16103
1.16103
1.16103
1.16103
1.16103
1.16103
1.16103
1.16103
1.16103
1.16103
1.16103
1.16103
1.16103
1.16103
1.16103
1.16103
1.16103
1.16103
1.16103
1.16103
1.16103
1.16103
1.16103
1.16103
1.16103
1.16103
1.16103
1.16103
1.16103
1.16103
1.16103
1.16103
1.16103
1.16103
1.16103
1.16103
1.16103
1.16103
1.16103
1.16103
1.16103
1.16103
1.16103
1.16103
1.16103
1.16103
1.16103
1.16103
1.16103
1.16103
1.16103
1.16103
1.16103
1.16103
1.16103
1.16103
1.16103
1.16103
1.16103
1.16103
1.16103
1.16103
1.16103
1.16103
1.16103
1.16103
3.65331
0.267121
0.27374
0.286059
0.296014
0.306803
0.318316
0.331052
0.34527
0.361284
0.379432
0.40012
0.423849
0.451275
0.48329
0.521136
0.566561
0.621981
0.690578
0.776139
0.882239
1.01021
1.15567
1.30529
1.43813
1.53493
1.5905
1.61469
1.62295
1.62648
1.62833
1.62824
1.62694
1.62524
1.62421
1.62508
1.62777
1.6315
1.63568
1.64004
1.64435
1.64862
1.65275
1.65669
1.66058
1.66457
1.66874
1.67308
1.6776
1.68229
1.68715
1.69218
1.69741
1.70287
1.70858
1.71455
1.72081
1.72735
1.73415
1.74121
1.74852
1.7561
1.76398
1.77225
1.78095
1.78988
1.79865
1.80767
1.81969
1.83758
1.84814
1.84666
1.82064
1.67462
1.34919
1.17519
1.16114
1.16103
1.16103
1.16103
1.16103
1.16103
1.16103
1.16103
1.16103
1.16103
1.16103
1.16103
1.16103
1.16103
1.16103
1.16103
1.16103
1.16103
1.16103
1.16103
1.16103
1.16103
1.16103
1.16103
1.16103
1.16103
1.16103
1.16103
1.16103
1.16103
1.16103
1.16103
1.16103
1.16103
1.16103
1.16103
1.16103
1.16103
1.16103
1.16103
1.16103
1.16103
1.16103
1.16103
1.16103
1.16103
1.16103
1.16103
1.16103
1.16103
1.16103
1.16103
1.16103
1.16103
1.16103
1.16103
1.16103
1.16103
1.16103
1.16103
1.16103
1.16103
1.16103
1.16103
1.16103
1.16103
1.16103
1.16103
1.16103
1.16103
1.16103
1.16103
1.16103
1.16103
1.16103
1.16103
1.16103
1.16103
1.16103
1.16103
1.16103
1.16103
1.16103
1.16103
1.16103
1.16103
1.16103
1.16103
1.16103
1.16103
1.16103
1.16103
1.16103
1.16103
1.16103
1.16103
1.16103
1.16103
1.16103
1.16103
1.16103
1.16103
1.16103
1.16103
1.16103
1.16103
1.16103
1.16103
1.16103
1.16103
1.16103
1.16103
1.16103
1.16103
1.16103
1.16103
1.16103
1.16103
1.16103
1.16103
1.16103
1.16103
1.16103
1.16103
1.16103
1.16103
1.16103
1.16103
1.16103
1.16103
1.16103
1.16103
1.16103
1.16103
1.16103
1.16103
1.16103
1.16103
1.16103
1.16103
1.16103
1.16103
1.16103
1.16103
1.16103
1.16103
1.16103
1.16103
1.16103
1.16103
1.16103
1.16103
1.16103
1.16103
1.16103
1.16103
1.16103
1.16103
1.16103
1.16103
1.16103
1.16103
1.16103
1.16103
1.16103
1.16103
1.16103
1.16103
1.16103
1.16103
1.16103
1.16103
1.16103
1.16103
1.16103
1.16103
1.16103
1.16103
1.16103
1.16103
1.16103
1.16103
1.16103
1.16103
1.16103
1.16103
1.16103
1.16103
1.16103
1.16103
1.16103
1.16103
1.16103
1.16103
1.16103
1.16103
1.16103
1.16103
1.16103
1.16103
1.16103
1.16103
1.16103
1.16103
1.16103
1.16103
1.16103
1.16103
1.16103
1.16103
1.16103
1.16103
1.16103
1.16103
1.16103
1.16103
1.16103
1.16103
1.16103
1.16103
1.16103
1.16103
1.16103
1.16103
3.65332
0.267121
0.273741
0.286059
0.296014
0.306804
0.318316
0.331053
0.345271
0.361286
0.379435
0.400123
0.423852
0.451278
0.483292
0.521138
0.566562
0.621981
0.690579
0.77614
0.882239
1.0102
1.15567
1.30529
1.43812
1.53492
1.5905
1.61469
1.62296
1.62648
1.62833
1.62825
1.62694
1.62524
1.62422
1.62509
1.62778
1.6315
1.63568
1.64004
1.64434
1.64861
1.65275
1.65669
1.66058
1.66458
1.66874
1.67308
1.6776
1.68229
1.68715
1.69218
1.69741
1.70287
1.70858
1.71455
1.72081
1.72735
1.73415
1.74121
1.74852
1.7561
1.76398
1.77225
1.78095
1.78988
1.79865
1.80767
1.81969
1.83758
1.84814
1.84666
1.82064
1.67462
1.34919
1.17519
1.16114
1.16103
1.16103
1.16103
1.16103
1.16103
1.16103
1.16103
1.16103
1.16103
1.16103
1.16103
1.16103
1.16103
1.16103
1.16103
1.16103
1.16103
1.16103
1.16103
1.16103
1.16103
1.16103
1.16103
1.16103
1.16103
1.16103
1.16103
1.16103
1.16103
1.16103
1.16103
1.16103
1.16103
1.16103
1.16103
1.16103
1.16103
1.16103
1.16103
1.16103
1.16103
1.16103
1.16103
1.16103
1.16103
1.16103
1.16103
1.16103
1.16103
1.16103
1.16103
1.16103
1.16103
1.16103
1.16103
1.16103
1.16103
1.16103
1.16103
1.16103
1.16103
1.16103
1.16103
1.16103
1.16103
1.16103
1.16103
1.16103
1.16103
1.16103
1.16103
1.16103
1.16103
1.16103
1.16103
1.16103
1.16103
1.16103
1.16103
1.16103
1.16103
1.16103
1.16103
1.16103
1.16103
1.16103
1.16103
1.16103
1.16103
1.16103
1.16103
1.16103
1.16103
1.16103
1.16103
1.16103
1.16103
1.16103
1.16103
1.16103
1.16103
1.16103
1.16103
1.16103
1.16103
1.16103
1.16103
1.16103
1.16103
1.16103
1.16103
1.16103
1.16103
1.16103
1.16103
1.16103
1.16103
1.16103
1.16103
1.16103
1.16103
1.16103
1.16103
1.16103
1.16103
1.16103
1.16103
1.16103
1.16103
1.16103
1.16103
1.16103
1.16103
1.16103
1.16103
1.16103
1.16103
1.16103
1.16103
1.16103
1.16103
1.16103
1.16103
1.16103
1.16103
1.16103
1.16103
1.16103
1.16103
1.16103
1.16103
1.16103
1.16103
1.16103
1.16103
1.16103
1.16103
1.16103
1.16103
1.16103
1.16103
1.16103
1.16103
1.16103
1.16103
1.16103
1.16103
1.16103
1.16103
1.16103
1.16103
1.16103
1.16103
1.16103
1.16103
1.16103
1.16103
1.16103
1.16103
1.16103
1.16103
1.16103
1.16103
1.16103
1.16103
1.16103
1.16103
1.16103
1.16103
1.16103
1.16103
1.16103
1.16103
1.16103
1.16103
1.16103
1.16103
1.16103
1.16103
1.16103
1.16103
1.16103
1.16103
1.16103
1.16103
1.16103
1.16103
1.16103
1.16103
1.16103
1.16103
1.16103
1.16103
1.16103
1.16103
1.16103
1.16103
1.16103
1.16103
1.16103
1.16103
1.16103
1.16103
3.65333
0.267122
0.273741
0.28606
0.296015
0.306804
0.318316
0.331052
0.345269
0.361283
0.379431
0.400118
0.423847
0.451274
0.483289
0.521135
0.566561
0.621982
0.69058
0.776142
0.88224
1.0102
1.15567
1.30528
1.43812
1.53492
1.5905
1.61469
1.62296
1.62649
1.62833
1.62825
1.62694
1.62524
1.62423
1.62509
1.62778
1.6315
1.63568
1.64003
1.64434
1.64861
1.65274
1.65669
1.66059
1.66458
1.66874
1.67308
1.6776
1.68229
1.68714
1.69218
1.69741
1.70287
1.70858
1.71455
1.72081
1.72735
1.73415
1.74121
1.74852
1.7561
1.76398
1.77225
1.78095
1.78988
1.79865
1.80767
1.81969
1.83758
1.84814
1.84666
1.82064
1.67462
1.34919
1.17519
1.16114
1.16103
1.16103
1.16103
1.16103
1.16103
1.16103
1.16103
1.16103
1.16103
1.16103
1.16103
1.16103
1.16103
1.16103
1.16103
1.16103
1.16103
1.16103
1.16103
1.16103
1.16103
1.16103
1.16103
1.16103
1.16103
1.16103
1.16103
1.16103
1.16103
1.16103
1.16103
1.16103
1.16103
1.16103
1.16103
1.16103
1.16103
1.16103
1.16103
1.16103
1.16103
1.16103
1.16103
1.16103
1.16103
1.16103
1.16103
1.16103
1.16103
1.16103
1.16103
1.16103
1.16103
1.16103
1.16103
1.16103
1.16103
1.16103
1.16103
1.16103
1.16103
1.16103
1.16103
1.16103
1.16103
1.16103
1.16103
1.16103
1.16103
1.16103
1.16103
1.16103
1.16103
1.16103
1.16103
1.16103
1.16103
1.16103
1.16103
1.16103
1.16103
1.16103
1.16103
1.16103
1.16103
1.16103
1.16103
1.16103
1.16103
1.16103
1.16103
1.16103
1.16103
1.16103
1.16103
1.16103
1.16103
1.16103
1.16103
1.16103
1.16103
1.16103
1.16103
1.16103
1.16103
1.16103
1.16103
1.16103
1.16103
1.16103
1.16103
1.16103
1.16103
1.16103
1.16103
1.16103
1.16103
1.16103
1.16103
1.16103
1.16103
1.16103
1.16103
1.16103
1.16103
1.16103
1.16103
1.16103
1.16103
1.16103
1.16103
1.16103
1.16103
1.16103
1.16103
1.16103
1.16103
1.16103
1.16103
1.16103
1.16103
1.16103
1.16103
1.16103
1.16103
1.16103
1.16103
1.16103
1.16103
1.16103
1.16103
1.16103
1.16103
1.16103
1.16103
1.16103
1.16103
1.16103
1.16103
1.16103
1.16103
1.16103
1.16103
1.16103
1.16103
1.16103
1.16103
1.16103
1.16103
1.16103
1.16103
1.16103
1.16103
1.16103
1.16103
1.16103
1.16103
1.16103
1.16103
1.16103
1.16103
1.16103
1.16103
1.16103
1.16103
1.16103
1.16103
1.16103
1.16103
1.16103
1.16103
1.16103
1.16103
1.16103
1.16103
1.16103
1.16103
1.16103
1.16103
1.16103
1.16103
1.16103
1.16103
1.16103
1.16103
1.16103
1.16103
1.16103
1.16103
1.16103
1.16103
1.16103
1.16103
1.16103
1.16103
1.16103
1.16103
1.16103
1.16103
1.16103
1.16103
1.16103
1.16103
3.65334
0.267123
0.273743
0.286061
0.296016
0.306804
0.318315
0.33105
0.345263
0.361273
0.379417
0.400101
0.423829
0.451256
0.483274
0.521125
0.566556
0.62198
0.690581
0.776143
0.88224
1.0102
1.15566
1.30527
1.43811
1.53492
1.59051
1.6147
1.62297
1.62648
1.62833
1.62824
1.62694
1.62525
1.62423
1.6251
1.62779
1.63151
1.63568
1.64002
1.64433
1.6486
1.65274
1.65669
1.66059
1.66458
1.66874
1.67308
1.6776
1.68229
1.68714
1.69218
1.69741
1.70287
1.70858
1.71455
1.72081
1.72735
1.73415
1.74121
1.74852
1.7561
1.76398
1.77225
1.78095
1.78988
1.79865
1.80767
1.81969
1.83758
1.84814
1.84666
1.82064
1.67462
1.34919
1.17519
1.16114
1.16103
1.16103
1.16103
1.16103
1.16103
1.16103
1.16103
1.16103
1.16103
1.16103
1.16103
1.16103
1.16103
1.16103
1.16103
1.16103
1.16103
1.16103
1.16103
1.16103
1.16103
1.16103
1.16103
1.16103
1.16103
1.16103
1.16103
1.16103
1.16103
1.16103
1.16103
1.16103
1.16103
1.16103
1.16103
1.16103
1.16103
1.16103
1.16103
1.16103
1.16103
1.16103
1.16103
1.16103
1.16103
1.16103
1.16103
1.16103
1.16103
1.16103
1.16103
1.16103
1.16103
1.16103
1.16103
1.16103
1.16103
1.16103
1.16103
1.16103
1.16103
1.16103
1.16103
1.16103
1.16103
1.16103
1.16103
1.16103
1.16103
1.16103
1.16103
1.16103
1.16103
1.16103
1.16103
1.16103
1.16103
1.16103
1.16103
1.16103
1.16103
1.16103
1.16103
1.16103
1.16103
1.16103
1.16103
1.16103
1.16103
1.16103
1.16103
1.16103
1.16103
1.16103
1.16103
1.16103
1.16103
1.16103
1.16103
1.16103
1.16103
1.16103
1.16103
1.16103
1.16103
1.16103
1.16103
1.16103
1.16103
1.16103
1.16103
1.16103
1.16103
1.16103
1.16103
1.16103
1.16103
1.16103
1.16103
1.16103
1.16103
1.16103
1.16103
1.16103
1.16103
1.16103
1.16103
1.16103
1.16103
1.16103
1.16103
1.16103
1.16103
1.16103
1.16103
1.16103
1.16103
1.16103
1.16103
1.16103
1.16103
1.16103
1.16103
1.16103
1.16103
1.16103
1.16103
1.16103
1.16103
1.16103
1.16103
1.16103
1.16103
1.16103
1.16103
1.16103
1.16103
1.16103
1.16103
1.16103
1.16103
1.16103
1.16103
1.16103
1.16103
1.16103
1.16103
1.16103
1.16103
1.16103
1.16103
1.16103
1.16103
1.16103
1.16103
1.16103
1.16103
1.16103
1.16103
1.16103
1.16103
1.16103
1.16103
1.16103
1.16103
1.16103
1.16103
1.16103
1.16103
1.16103
1.16103
1.16103
1.16103
1.16103
1.16103
1.16103
1.16103
1.16103
1.16103
1.16103
1.16103
1.16103
1.16103
1.16103
1.16103
1.16103
1.16103
1.16103
1.16103
1.16103
1.16103
1.16103
1.16103
1.16103
1.16103
1.16103
1.16103
1.16103
1.16103
1.16103
1.16103
1.16103
1.16103
3.65335
0.267124
0.273743
0.286061
0.296016
0.306804
0.318313
0.331044
0.345254
0.361259
0.379398
0.400078
0.423805
0.451235
0.483257
0.521114
0.566549
0.621978
0.690581
0.776144
0.882238
1.01019
1.15565
1.30526
1.4381
1.53492
1.59051
1.6147
1.62297
1.62648
1.62833
1.62824
1.62694
1.62525
1.62424
1.62511
1.6278
1.63151
1.63567
1.64002
1.64432
1.6486
1.65274
1.65669
1.66059
1.66458
1.66874
1.67308
1.6776
1.68229
1.68714
1.69218
1.69741
1.70287
1.70858
1.71455
1.72081
1.72735
1.73415
1.74121
1.74852
1.7561
1.76398
1.77225
1.78095
1.78988
1.79865
1.80767
1.81969
1.83758
1.84814
1.84666
1.82064
1.67462
1.34919
1.17519
1.16114
1.16103
1.16103
1.16103
1.16103
1.16103
1.16103
1.16103
1.16103
1.16103
1.16103
1.16103
1.16103
1.16103
1.16103
1.16103
1.16103
1.16103
1.16103
1.16103
1.16103
1.16103
1.16103
1.16103
1.16103
1.16103
1.16103
1.16103
1.16103
1.16103
1.16103
1.16103
1.16103
1.16103
1.16103
1.16103
1.16103
1.16103
1.16103
1.16103
1.16103
1.16103
1.16103
1.16103
1.16103
1.16103
1.16103
1.16103
1.16103
1.16103
1.16103
1.16103
1.16103
1.16103
1.16103
1.16103
1.16103
1.16103
1.16103
1.16103
1.16103
1.16103
1.16103
1.16103
1.16103
1.16103
1.16103
1.16103
1.16103
1.16103
1.16103
1.16103
1.16103
1.16103
1.16103
1.16103
1.16103
1.16103
1.16103
1.16103
1.16103
1.16103
1.16103
1.16103
1.16103
1.16103
1.16103
1.16103
1.16103
1.16103
1.16103
1.16103
1.16103
1.16103
1.16103
1.16103
1.16103
1.16103
1.16103
1.16103
1.16103
1.16103
1.16103
1.16103
1.16103
1.16103
1.16103
1.16103
1.16103
1.16103
1.16103
1.16103
1.16103
1.16103
1.16103
1.16103
1.16103
1.16103
1.16103
1.16103
1.16103
1.16103
1.16103
1.16103
1.16103
1.16103
1.16103
1.16103
1.16103
1.16103
1.16103
1.16103
1.16103
1.16103
1.16103
1.16103
1.16103
1.16103
1.16103
1.16103
1.16103
1.16103
1.16103
1.16103
1.16103
1.16103
1.16103
1.16103
1.16103
1.16103
1.16103
1.16103
1.16103
1.16103
1.16103
1.16103
1.16103
1.16103
1.16103
1.16103
1.16103
1.16103
1.16103
1.16103
1.16103
1.16103
1.16103
1.16103
1.16103
1.16103
1.16103
1.16103
1.16103
1.16103
1.16103
1.16103
1.16103
1.16103
1.16103
1.16103
1.16103
1.16103
1.16103
1.16103
1.16103
1.16103
1.16103
1.16103
1.16103
1.16103
1.16103
1.16103
1.16103
1.16103
1.16103
1.16103
1.16103
1.16103
1.16103
1.16103
1.16103
1.16103
1.16103
1.16103
1.16103
1.16103
1.16103
1.16103
1.16103
1.16103
1.16103
1.16103
1.16103
1.16103
1.16103
1.16103
1.16103
1.16103
1.16103
1.16103
1.16103
1.16103
1.16103
1.16103
3.65335
0.267124
0.273744
0.286062
0.296016
0.306803
0.318312
0.331043
0.34525
0.361252
0.379387
0.400064
0.42379
0.451221
0.483247
0.521107
0.566546
0.621977
0.690581
0.776144
0.882237
1.01019
1.15564
1.30525
1.43809
1.53491
1.59051
1.61471
1.62297
1.62649
1.62833
1.62824
1.62694
1.62525
1.62424
1.62512
1.62781
1.63151
1.63567
1.64002
1.64432
1.6486
1.65274
1.65669
1.66059
1.66459
1.66874
1.67308
1.6776
1.68229
1.68714
1.69218
1.69741
1.70287
1.70858
1.71455
1.72081
1.72735
1.73415
1.74121
1.74852
1.7561
1.76398
1.77225
1.78095
1.78988
1.79865
1.80767
1.81969
1.83758
1.84814
1.84666
1.82064
1.67462
1.34919
1.17519
1.16114
1.16103
1.16103
1.16103
1.16103
1.16103
1.16103
1.16103
1.16103
1.16103
1.16103
1.16103
1.16103
1.16103
1.16103
1.16103
1.16103
1.16103
1.16103
1.16103
1.16103
1.16103
1.16103
1.16103
1.16103
1.16103
1.16103
1.16103
1.16103
1.16103
1.16103
1.16103
1.16103
1.16103
1.16103
1.16103
1.16103
1.16103
1.16103
1.16103
1.16103
1.16103
1.16103
1.16103
1.16103
1.16103
1.16103
1.16103
1.16103
1.16103
1.16103
1.16103
1.16103
1.16103
1.16103
1.16103
1.16103
1.16103
1.16103
1.16103
1.16103
1.16103
1.16103
1.16103
1.16103
1.16103
1.16103
1.16103
1.16103
1.16103
1.16103
1.16103
1.16103
1.16103
1.16103
1.16103
1.16103
1.16103
1.16103
1.16103
1.16103
1.16103
1.16103
1.16103
1.16103
1.16103
1.16103
1.16103
1.16103
1.16103
1.16103
1.16103
1.16103
1.16103
1.16103
1.16103
1.16103
1.16103
1.16103
1.16103
1.16103
1.16103
1.16103
1.16103
1.16103
1.16103
1.16103
1.16103
1.16103
1.16103
1.16103
1.16103
1.16103
1.16103
1.16103
1.16103
1.16103
1.16103
1.16103
1.16103
1.16103
1.16103
1.16103
1.16103
1.16103
1.16103
1.16103
1.16103
1.16103
1.16103
1.16103
1.16103
1.16103
1.16103
1.16103
1.16103
1.16103
1.16103
1.16103
1.16103
1.16103
1.16103
1.16103
1.16103
1.16103
1.16103
1.16103
1.16103
1.16103
1.16103
1.16103
1.16103
1.16103
1.16103
1.16103
1.16103
1.16103
1.16103
1.16103
1.16103
1.16103
1.16103
1.16103
1.16103
1.16103
1.16103
1.16103
1.16103
1.16103
1.16103
1.16103
1.16103
1.16103
1.16103
1.16103
1.16103
1.16103
1.16103
1.16103
1.16103
1.16103
1.16103
1.16103
1.16103
1.16103
1.16103
1.16103
1.16103
1.16103
1.16103
1.16103
1.16103
1.16103
1.16103
1.16103
1.16103
1.16103
1.16103
1.16103
1.16103
1.16103
1.16103
1.16103
1.16103
1.16103
1.16103
1.16103
1.16103
1.16103
1.16103
1.16103
1.16103
1.16103
1.16103
1.16103
1.16103
1.16103
1.16103
1.16103
1.16103
1.16103
1.16103
1.16103
1.16103
)
;

boundaryField
{
    sides
    {
        type            calculated;
        value           nonuniform List<scalar> 
600
(
3.65327
0.267116
0.273736
0.286055
0.29601
0.3068
0.318313
0.33105
0.345268
0.361282
0.37943
0.400118
0.423849
0.451279
0.483298
0.52115
0.566579
0.622003
0.690602
0.776162
0.882256
1.01021
1.15566
1.30527
1.43811
1.53493
1.59054
1.61473
1.62297
1.62646
1.62829
1.62821
1.62691
1.62523
1.62423
1.62512
1.62781
1.63152
1.63568
1.64002
1.64432
1.64859
1.65273
1.65668
1.66058
1.66458
1.66874
1.67309
1.6776
1.68229
1.68714
1.69218
1.69741
1.70287
1.70858
1.71455
1.72081
1.72735
1.73415
1.74121
1.74852
1.7561
1.76398
1.77225
1.78095
1.78988
1.79865
1.80767
1.81969
1.83758
1.84814
1.84666
1.82064
1.67462
1.34919
1.17519
1.16114
1.16103
1.16103
1.16103
1.16103
1.16103
1.16103
1.16103
1.16103
1.16103
1.16103
1.16103
1.16103
1.16103
1.16103
1.16103
1.16103
1.16103
1.16103
1.16103
1.16103
1.16103
1.16103
1.16103
1.16103
1.16103
1.16103
1.16103
1.16103
1.16103
1.16103
1.16103
1.16103
1.16103
1.16103
1.16103
1.16103
1.16103
1.16103
1.16103
1.16103
1.16103
1.16103
1.16103
1.16103
1.16103
1.16103
1.16103
1.16103
1.16103
1.16103
1.16103
1.16103
1.16103
1.16103
1.16103
1.16103
1.16103
1.16103
1.16103
1.16103
1.16103
1.16103
1.16103
1.16103
1.16103
1.16103
1.16103
1.16103
1.16103
1.16103
1.16103
1.16103
1.16103
1.16103
1.16103
1.16103
1.16103
1.16103
1.16103
1.16103
1.16103
1.16103
1.16103
1.16103
1.16103
1.16103
1.16103
1.16103
1.16103
1.16103
1.16103
1.16103
1.16103
1.16103
1.16103
1.16103
1.16103
1.16103
1.16103
1.16103
1.16103
1.16103
1.16103
1.16103
1.16103
1.16103
1.16103
1.16103
1.16103
1.16103
1.16103
1.16103
1.16103
1.16103
1.16103
1.16103
1.16103
1.16103
1.16103
1.16103
1.16103
1.16103
1.16103
1.16103
1.16103
1.16103
1.16103
1.16103
1.16103
1.16103
1.16103
1.16103
1.16103
1.16103
1.16103
1.16103
1.16103
1.16103
1.16103
1.16103
1.16103
1.16103
1.16103
1.16103
1.16103
1.16103
1.16103
1.16103
1.16103
1.16103
1.16103
1.16103
1.16103
1.16103
1.16103
1.16103
1.16103
1.16103
1.16103
1.16103
1.16103
1.16103
1.16103
1.16103
1.16103
1.16103
1.16103
1.16103
1.16103
1.16103
1.16103
1.16103
1.16103
1.16103
1.16103
1.16103
1.16103
1.16103
1.16103
1.16103
1.16103
1.16103
1.16103
1.16103
1.16103
1.16103
1.16103
1.16103
1.16103
1.16103
1.16103
1.16103
1.16103
1.16103
1.16103
1.16103
1.16103
1.16103
1.16103
1.16103
1.16103
1.16103
1.16103
1.16103
1.16103
1.16103
1.16103
1.16103
1.16103
1.16103
1.16103
1.16103
1.16103
1.16103
1.16103
1.16103
1.16103
1.16103
1.16103
1.16103
1.16103
1.16103
1.16103
3.65335
0.267124
0.273744
0.286062
0.296016
0.306803
0.318312
0.331043
0.34525
0.361252
0.379387
0.400064
0.42379
0.451221
0.483247
0.521107
0.566546
0.621977
0.690581
0.776144
0.882237
1.01019
1.15564
1.30525
1.43809
1.53491
1.59051
1.61471
1.62297
1.62649
1.62833
1.62824
1.62694
1.62525
1.62424
1.62512
1.62781
1.63151
1.63567
1.64002
1.64432
1.6486
1.65274
1.65669
1.66059
1.66459
1.66874
1.67308
1.6776
1.68229
1.68714
1.69218
1.69741
1.70287
1.70858
1.71455
1.72081
1.72735
1.73415
1.74121
1.74852
1.7561
1.76398
1.77225
1.78095
1.78988
1.79865
1.80767
1.81969
1.83758
1.84814
1.84666
1.82064
1.67462
1.34919
1.17519
1.16114
1.16103
1.16103
1.16103
1.16103
1.16103
1.16103
1.16103
1.16103
1.16103
1.16103
1.16103
1.16103
1.16103
1.16103
1.16103
1.16103
1.16103
1.16103
1.16103
1.16103
1.16103
1.16103
1.16103
1.16103
1.16103
1.16103
1.16103
1.16103
1.16103
1.16103
1.16103
1.16103
1.16103
1.16103
1.16103
1.16103
1.16103
1.16103
1.16103
1.16103
1.16103
1.16103
1.16103
1.16103
1.16103
1.16103
1.16103
1.16103
1.16103
1.16103
1.16103
1.16103
1.16103
1.16103
1.16103
1.16103
1.16103
1.16103
1.16103
1.16103
1.16103
1.16103
1.16103
1.16103
1.16103
1.16103
1.16103
1.16103
1.16103
1.16103
1.16103
1.16103
1.16103
1.16103
1.16103
1.16103
1.16103
1.16103
1.16103
1.16103
1.16103
1.16103
1.16103
1.16103
1.16103
1.16103
1.16103
1.16103
1.16103
1.16103
1.16103
1.16103
1.16103
1.16103
1.16103
1.16103
1.16103
1.16103
1.16103
1.16103
1.16103
1.16103
1.16103
1.16103
1.16103
1.16103
1.16103
1.16103
1.16103
1.16103
1.16103
1.16103
1.16103
1.16103
1.16103
1.16103
1.16103
1.16103
1.16103
1.16103
1.16103
1.16103
1.16103
1.16103
1.16103
1.16103
1.16103
1.16103
1.16103
1.16103
1.16103
1.16103
1.16103
1.16103
1.16103
1.16103
1.16103
1.16103
1.16103
1.16103
1.16103
1.16103
1.16103
1.16103
1.16103
1.16103
1.16103
1.16103
1.16103
1.16103
1.16103
1.16103
1.16103
1.16103
1.16103
1.16103
1.16103
1.16103
1.16103
1.16103
1.16103
1.16103
1.16103
1.16103
1.16103
1.16103
1.16103
1.16103
1.16103
1.16103
1.16103
1.16103
1.16103
1.16103
1.16103
1.16103
1.16103
1.16103
1.16103
1.16103
1.16103
1.16103
1.16103
1.16103
1.16103
1.16103
1.16103
1.16103
1.16103
1.16103
1.16103
1.16103
1.16103
1.16103
1.16103
1.16103
1.16103
1.16103
1.16103
1.16103
1.16103
1.16103
1.16103
1.16103
1.16103
1.16103
1.16103
1.16103
1.16103
1.16103
1.16103
1.16103
1.16103
1.16103
1.16103
1.16103
1.16103
1.16103
1.16103
1.16103
1.16103
1.16103
1.16103
)
;
    }
    inlet
    {
        type            calculated;
        value           nonuniform List<scalar> 
20
(
0.0926023
0.0926023
0.0926024
0.0926027
0.0926031
0.0926036
0.0926041
0.0926046
0.0926049
0.0926049
0.0926049
0.0926047
0.0926045
0.0926042
0.0926041
0.0926041
0.0926041
0.0926043
0.0926045
0.0926045
)
;
    }
    outlet
    {
        type            calculated;
        value           nonuniform List<scalar> 
20
(
1.16103
1.16103
1.16103
1.16103
1.16103
1.16103
1.16103
1.16103
1.16103
1.16103
1.16103
1.16103
1.16103
1.16103
1.16103
1.16103
1.16103
1.16103
1.16103
1.16103
)
;
    }
    empty
    {
        type            empty;
    }
}


// ************************************************************************* //
