/*--------------------------------*- C++ -*----------------------------------*\
| =========                 |                                                 |
| \\      /  F ield         | OpenFOAM: The Open Source CFD Toolbox           |
|  \\    /   O peration     | Version:  2306                                  |
|   \\  /    A nd           | Website:  www.openfoam.com                      |
|    \\/     M anipulation  |                                                 |
\*---------------------------------------------------------------------------*/
FoamFile
{
    version     2.0;
    format      ascii;
    arch        "LSB;label=32;scalar=64";
    class       volScalarField;
    location    "0.01";
    object      T;
}
// * * * * * * * * * * * * * * * * * * * * * * * * * * * * * * * * * * * * * //

dimensions      [0 0 0 1 0 0 0];

internalField   nonuniform List<scalar> 
6000
(
532.368
532.368
532.373
532.413
532.607
533.028
533.207
533.139
532.821
532.241
531.609
531.12
530.8
530.591
530.443
530.33
530.244
530.177
530.124
530.081
530.046
530.017
529.993
529.972
529.953
529.937
529.924
529.917
529.916
529.917
529.921
529.928
529.937
529.947
529.957
529.966
529.972
529.978
529.984
529.99
529.995
529.999
530.003
530.006
530.008
530.01
530.012
530.013
530.014
530.015
530.016
530.016
530.017
530.019
530.02
530.02
530.018
530.014
530.01
530.007
530.003
530
529.997
529.993
529.987
529.979
529.965
529.944
529.906
529.874
529.867
529.872
529.909
530.047
530.472
531.66
534.725
541.485
551.355
558.053
559.381
559.41
559.29
559.101
558.835
558.359
557.609
556.869
556.434
556.322
556.315
556.355
556.558
556.871
557.149
557.503
557.766
557.828
557.777
557.594
557.467
557.377
557.25
557.098
556.951
556.829
556.762
556.787
557.017
557.189
557.229
555.725
522.497
373.22
300.525
300
300
300
300
300
300
300
300
300
300
300
300
300
300
300
300
300
300
300
300
300
300
300
300
300
300
300
300
300
300
300
300
300
300
300
300
300
300
300
300
300
300
300
300
300
300
300
300
300
300
300
300
300
300
300
300
300
300
300
300
300
300
300
300
300
300
300
300
300
300
300
300
300
300
300
300
300
300
300
300
300
300
300
300
300
300
300
300
300
300
300
300
300
300
300
300
300
300
300
300
300
300
300
300
300
300
300
300
300
300
300
300
300
300
300
300
300
300
300
300
300
300
300
300
300
300
300
300
300
300
300
300
300
300
300
300
300
300
300
300
300
300
300
300
300
300
300
300
300
300
300
300
300
300
300
300
300
300
300
300
300
300
300
300
300
300
300
300
300
300
300
300
300
300
300
300
300
300
300
300
300
300
300
300
300
532.368
532.368
532.373
532.413
532.607
533.028
533.207
533.139
532.821
532.241
531.609
531.12
530.8
530.591
530.443
530.33
530.244
530.177
530.124
530.081
530.046
530.017
529.993
529.972
529.953
529.937
529.924
529.917
529.916
529.917
529.921
529.928
529.937
529.947
529.957
529.966
529.972
529.978
529.984
529.99
529.995
529.999
530.003
530.006
530.008
530.01
530.012
530.013
530.014
530.015
530.016
530.016
530.017
530.019
530.02
530.02
530.018
530.014
530.01
530.007
530.003
530
529.997
529.993
529.987
529.979
529.965
529.944
529.906
529.874
529.867
529.872
529.909
530.047
530.472
531.66
534.725
541.485
551.355
558.053
559.381
559.41
559.29
559.101
558.835
558.359
557.609
556.869
556.434
556.322
556.315
556.355
556.558
556.871
557.149
557.503
557.766
557.828
557.777
557.594
557.467
557.377
557.25
557.098
556.951
556.829
556.762
556.787
557.017
557.189
557.229
555.725
522.497
373.22
300.525
300
300
300
300
300
300
300
300
300
300
300
300
300
300
300
300
300
300
300
300
300
300
300
300
300
300
300
300
300
300
300
300
300
300
300
300
300
300
300
300
300
300
300
300
300
300
300
300
300
300
300
300
300
300
300
300
300
300
300
300
300
300
300
300
300
300
300
300
300
300
300
300
300
300
300
300
300
300
300
300
300
300
300
300
300
300
300
300
300
300
300
300
300
300
300
300
300
300
300
300
300
300
300
300
300
300
300
300
300
300
300
300
300
300
300
300
300
300
300
300
300
300
300
300
300
300
300
300
300
300
300
300
300
300
300
300
300
300
300
300
300
300
300
300
300
300
300
300
300
300
300
300
300
300
300
300
300
300
300
300
300
300
300
300
300
300
300
300
300
300
300
300
300
300
300
300
300
300
300
300
300
300
300
300
300
532.368
532.368
532.373
532.413
532.607
533.028
533.207
533.139
532.821
532.241
531.609
531.12
530.8
530.591
530.443
530.33
530.244
530.177
530.124
530.081
530.046
530.017
529.993
529.972
529.953
529.937
529.924
529.917
529.916
529.917
529.921
529.928
529.937
529.947
529.957
529.966
529.972
529.978
529.984
529.99
529.995
529.999
530.003
530.006
530.008
530.01
530.012
530.013
530.014
530.015
530.016
530.016
530.017
530.019
530.02
530.02
530.018
530.014
530.01
530.007
530.003
530
529.997
529.993
529.987
529.979
529.965
529.944
529.906
529.874
529.867
529.872
529.909
530.047
530.472
531.66
534.725
541.485
551.355
558.053
559.381
559.41
559.29
559.101
558.835
558.359
557.609
556.869
556.434
556.322
556.315
556.355
556.558
556.871
557.149
557.503
557.766
557.828
557.777
557.594
557.467
557.377
557.25
557.098
556.951
556.829
556.762
556.787
557.017
557.189
557.229
555.725
522.497
373.22
300.525
300
300
300
300
300
300
300
300
300
300
300
300
300
300
300
300
300
300
300
300
300
300
300
300
300
300
300
300
300
300
300
300
300
300
300
300
300
300
300
300
300
300
300
300
300
300
300
300
300
300
300
300
300
300
300
300
300
300
300
300
300
300
300
300
300
300
300
300
300
300
300
300
300
300
300
300
300
300
300
300
300
300
300
300
300
300
300
300
300
300
300
300
300
300
300
300
300
300
300
300
300
300
300
300
300
300
300
300
300
300
300
300
300
300
300
300
300
300
300
300
300
300
300
300
300
300
300
300
300
300
300
300
300
300
300
300
300
300
300
300
300
300
300
300
300
300
300
300
300
300
300
300
300
300
300
300
300
300
300
300
300
300
300
300
300
300
300
300
300
300
300
300
300
300
300
300
300
300
300
300
300
300
300
300
300
532.368
532.368
532.373
532.413
532.607
533.028
533.207
533.139
532.821
532.241
531.609
531.12
530.8
530.591
530.443
530.33
530.244
530.177
530.124
530.081
530.046
530.017
529.993
529.972
529.953
529.937
529.924
529.917
529.916
529.917
529.921
529.928
529.937
529.947
529.957
529.966
529.972
529.978
529.984
529.99
529.995
529.999
530.003
530.006
530.008
530.01
530.012
530.013
530.014
530.015
530.016
530.016
530.017
530.019
530.02
530.02
530.018
530.014
530.01
530.007
530.003
530
529.997
529.993
529.987
529.979
529.965
529.944
529.906
529.874
529.867
529.872
529.909
530.047
530.472
531.66
534.725
541.485
551.355
558.053
559.381
559.41
559.29
559.101
558.835
558.359
557.609
556.869
556.434
556.322
556.315
556.355
556.558
556.871
557.149
557.503
557.766
557.828
557.777
557.594
557.467
557.377
557.25
557.098
556.951
556.829
556.762
556.787
557.017
557.189
557.229
555.725
522.497
373.22
300.525
300
300
300
300
300
300
300
300
300
300
300
300
300
300
300
300
300
300
300
300
300
300
300
300
300
300
300
300
300
300
300
300
300
300
300
300
300
300
300
300
300
300
300
300
300
300
300
300
300
300
300
300
300
300
300
300
300
300
300
300
300
300
300
300
300
300
300
300
300
300
300
300
300
300
300
300
300
300
300
300
300
300
300
300
300
300
300
300
300
300
300
300
300
300
300
300
300
300
300
300
300
300
300
300
300
300
300
300
300
300
300
300
300
300
300
300
300
300
300
300
300
300
300
300
300
300
300
300
300
300
300
300
300
300
300
300
300
300
300
300
300
300
300
300
300
300
300
300
300
300
300
300
300
300
300
300
300
300
300
300
300
300
300
300
300
300
300
300
300
300
300
300
300
300
300
300
300
300
300
300
300
300
300
300
300
532.368
532.368
532.373
532.413
532.607
533.028
533.207
533.139
532.821
532.241
531.609
531.12
530.8
530.591
530.443
530.33
530.244
530.177
530.124
530.081
530.046
530.017
529.993
529.972
529.953
529.937
529.924
529.917
529.916
529.917
529.921
529.928
529.937
529.947
529.957
529.966
529.972
529.978
529.984
529.99
529.995
529.999
530.003
530.006
530.008
530.01
530.012
530.013
530.014
530.015
530.016
530.016
530.017
530.019
530.02
530.02
530.018
530.014
530.01
530.007
530.003
530
529.997
529.993
529.987
529.979
529.965
529.944
529.906
529.874
529.867
529.872
529.909
530.047
530.472
531.66
534.725
541.485
551.355
558.053
559.381
559.41
559.29
559.101
558.835
558.359
557.609
556.869
556.434
556.322
556.315
556.355
556.558
556.871
557.149
557.503
557.766
557.828
557.777
557.594
557.467
557.377
557.25
557.098
556.951
556.829
556.762
556.787
557.017
557.189
557.229
555.725
522.497
373.22
300.525
300
300
300
300
300
300
300
300
300
300
300
300
300
300
300
300
300
300
300
300
300
300
300
300
300
300
300
300
300
300
300
300
300
300
300
300
300
300
300
300
300
300
300
300
300
300
300
300
300
300
300
300
300
300
300
300
300
300
300
300
300
300
300
300
300
300
300
300
300
300
300
300
300
300
300
300
300
300
300
300
300
300
300
300
300
300
300
300
300
300
300
300
300
300
300
300
300
300
300
300
300
300
300
300
300
300
300
300
300
300
300
300
300
300
300
300
300
300
300
300
300
300
300
300
300
300
300
300
300
300
300
300
300
300
300
300
300
300
300
300
300
300
300
300
300
300
300
300
300
300
300
300
300
300
300
300
300
300
300
300
300
300
300
300
300
300
300
300
300
300
300
300
300
300
300
300
300
300
300
300
300
300
300
300
300
532.368
532.368
532.373
532.413
532.607
533.028
533.207
533.139
532.821
532.241
531.609
531.12
530.8
530.591
530.443
530.33
530.244
530.177
530.124
530.081
530.046
530.017
529.993
529.972
529.953
529.937
529.924
529.917
529.916
529.917
529.921
529.928
529.937
529.947
529.957
529.966
529.972
529.978
529.984
529.99
529.995
529.999
530.003
530.006
530.008
530.01
530.012
530.013
530.014
530.015
530.016
530.016
530.017
530.019
530.02
530.02
530.018
530.014
530.01
530.007
530.003
530
529.997
529.993
529.987
529.979
529.965
529.944
529.906
529.874
529.867
529.872
529.909
530.047
530.472
531.66
534.725
541.485
551.355
558.053
559.381
559.41
559.29
559.101
558.835
558.359
557.609
556.869
556.434
556.322
556.315
556.355
556.558
556.871
557.149
557.503
557.766
557.828
557.777
557.594
557.467
557.377
557.25
557.098
556.951
556.829
556.762
556.787
557.017
557.189
557.229
555.725
522.497
373.22
300.525
300
300
300
300
300
300
300
300
300
300
300
300
300
300
300
300
300
300
300
300
300
300
300
300
300
300
300
300
300
300
300
300
300
300
300
300
300
300
300
300
300
300
300
300
300
300
300
300
300
300
300
300
300
300
300
300
300
300
300
300
300
300
300
300
300
300
300
300
300
300
300
300
300
300
300
300
300
300
300
300
300
300
300
300
300
300
300
300
300
300
300
300
300
300
300
300
300
300
300
300
300
300
300
300
300
300
300
300
300
300
300
300
300
300
300
300
300
300
300
300
300
300
300
300
300
300
300
300
300
300
300
300
300
300
300
300
300
300
300
300
300
300
300
300
300
300
300
300
300
300
300
300
300
300
300
300
300
300
300
300
300
300
300
300
300
300
300
300
300
300
300
300
300
300
300
300
300
300
300
300
300
300
300
300
300
532.368
532.368
532.373
532.413
532.607
533.028
533.207
533.139
532.821
532.241
531.609
531.12
530.8
530.591
530.443
530.33
530.244
530.177
530.124
530.081
530.046
530.017
529.993
529.972
529.953
529.937
529.924
529.917
529.916
529.917
529.921
529.928
529.937
529.947
529.957
529.966
529.972
529.978
529.984
529.99
529.995
529.999
530.003
530.006
530.008
530.01
530.012
530.013
530.014
530.015
530.016
530.016
530.017
530.019
530.02
530.02
530.018
530.014
530.01
530.007
530.003
530
529.997
529.993
529.987
529.979
529.965
529.944
529.906
529.874
529.867
529.872
529.909
530.047
530.472
531.66
534.725
541.485
551.355
558.053
559.381
559.41
559.29
559.101
558.835
558.359
557.609
556.869
556.434
556.322
556.315
556.355
556.558
556.871
557.149
557.503
557.766
557.828
557.777
557.594
557.467
557.377
557.25
557.098
556.951
556.829
556.762
556.787
557.017
557.189
557.229
555.725
522.497
373.22
300.525
300
300
300
300
300
300
300
300
300
300
300
300
300
300
300
300
300
300
300
300
300
300
300
300
300
300
300
300
300
300
300
300
300
300
300
300
300
300
300
300
300
300
300
300
300
300
300
300
300
300
300
300
300
300
300
300
300
300
300
300
300
300
300
300
300
300
300
300
300
300
300
300
300
300
300
300
300
300
300
300
300
300
300
300
300
300
300
300
300
300
300
300
300
300
300
300
300
300
300
300
300
300
300
300
300
300
300
300
300
300
300
300
300
300
300
300
300
300
300
300
300
300
300
300
300
300
300
300
300
300
300
300
300
300
300
300
300
300
300
300
300
300
300
300
300
300
300
300
300
300
300
300
300
300
300
300
300
300
300
300
300
300
300
300
300
300
300
300
300
300
300
300
300
300
300
300
300
300
300
300
300
300
300
300
300
532.368
532.368
532.373
532.413
532.607
533.028
533.207
533.139
532.821
532.241
531.609
531.12
530.8
530.591
530.443
530.33
530.244
530.177
530.124
530.081
530.046
530.017
529.993
529.972
529.953
529.937
529.924
529.917
529.916
529.917
529.921
529.928
529.937
529.947
529.957
529.966
529.972
529.978
529.984
529.99
529.995
529.999
530.003
530.006
530.008
530.01
530.012
530.013
530.014
530.015
530.016
530.016
530.017
530.019
530.02
530.02
530.018
530.014
530.01
530.007
530.003
530
529.997
529.993
529.987
529.979
529.965
529.944
529.906
529.874
529.867
529.872
529.909
530.047
530.472
531.66
534.725
541.485
551.355
558.053
559.381
559.41
559.29
559.101
558.835
558.359
557.609
556.869
556.434
556.322
556.315
556.355
556.558
556.871
557.149
557.503
557.766
557.828
557.777
557.594
557.467
557.377
557.25
557.098
556.951
556.829
556.762
556.787
557.017
557.189
557.229
555.725
522.497
373.22
300.525
300
300
300
300
300
300
300
300
300
300
300
300
300
300
300
300
300
300
300
300
300
300
300
300
300
300
300
300
300
300
300
300
300
300
300
300
300
300
300
300
300
300
300
300
300
300
300
300
300
300
300
300
300
300
300
300
300
300
300
300
300
300
300
300
300
300
300
300
300
300
300
300
300
300
300
300
300
300
300
300
300
300
300
300
300
300
300
300
300
300
300
300
300
300
300
300
300
300
300
300
300
300
300
300
300
300
300
300
300
300
300
300
300
300
300
300
300
300
300
300
300
300
300
300
300
300
300
300
300
300
300
300
300
300
300
300
300
300
300
300
300
300
300
300
300
300
300
300
300
300
300
300
300
300
300
300
300
300
300
300
300
300
300
300
300
300
300
300
300
300
300
300
300
300
300
300
300
300
300
300
300
300
300
300
300
532.368
532.368
532.373
532.413
532.607
533.028
533.207
533.139
532.821
532.241
531.609
531.12
530.8
530.591
530.443
530.33
530.244
530.177
530.124
530.081
530.046
530.017
529.993
529.972
529.953
529.937
529.924
529.917
529.916
529.917
529.921
529.928
529.937
529.947
529.957
529.966
529.972
529.978
529.984
529.99
529.995
529.999
530.003
530.006
530.008
530.01
530.012
530.013
530.014
530.015
530.016
530.016
530.017
530.019
530.02
530.02
530.018
530.014
530.01
530.007
530.003
530
529.997
529.993
529.987
529.979
529.965
529.944
529.906
529.874
529.867
529.872
529.909
530.047
530.472
531.66
534.725
541.485
551.355
558.053
559.381
559.41
559.29
559.101
558.835
558.359
557.609
556.869
556.434
556.322
556.315
556.355
556.558
556.871
557.149
557.503
557.766
557.828
557.777
557.594
557.467
557.377
557.25
557.098
556.951
556.829
556.762
556.787
557.017
557.189
557.229
555.725
522.497
373.22
300.525
300
300
300
300
300
300
300
300
300
300
300
300
300
300
300
300
300
300
300
300
300
300
300
300
300
300
300
300
300
300
300
300
300
300
300
300
300
300
300
300
300
300
300
300
300
300
300
300
300
300
300
300
300
300
300
300
300
300
300
300
300
300
300
300
300
300
300
300
300
300
300
300
300
300
300
300
300
300
300
300
300
300
300
300
300
300
300
300
300
300
300
300
300
300
300
300
300
300
300
300
300
300
300
300
300
300
300
300
300
300
300
300
300
300
300
300
300
300
300
300
300
300
300
300
300
300
300
300
300
300
300
300
300
300
300
300
300
300
300
300
300
300
300
300
300
300
300
300
300
300
300
300
300
300
300
300
300
300
300
300
300
300
300
300
300
300
300
300
300
300
300
300
300
300
300
300
300
300
300
300
300
300
300
300
300
532.368
532.368
532.373
532.413
532.607
533.028
533.207
533.139
532.821
532.241
531.609
531.12
530.8
530.591
530.443
530.33
530.244
530.177
530.124
530.081
530.046
530.017
529.993
529.972
529.953
529.937
529.924
529.917
529.916
529.917
529.921
529.928
529.937
529.947
529.957
529.966
529.972
529.978
529.984
529.99
529.995
529.999
530.003
530.006
530.008
530.01
530.012
530.013
530.014
530.015
530.016
530.016
530.017
530.019
530.02
530.02
530.018
530.014
530.01
530.007
530.003
530
529.997
529.993
529.987
529.979
529.965
529.944
529.906
529.874
529.867
529.872
529.909
530.047
530.472
531.66
534.725
541.485
551.355
558.053
559.381
559.41
559.29
559.101
558.835
558.359
557.609
556.869
556.434
556.322
556.315
556.355
556.558
556.871
557.149
557.503
557.766
557.828
557.777
557.594
557.467
557.377
557.25
557.098
556.951
556.829
556.762
556.787
557.017
557.189
557.229
555.725
522.497
373.22
300.525
300
300
300
300
300
300
300
300
300
300
300
300
300
300
300
300
300
300
300
300
300
300
300
300
300
300
300
300
300
300
300
300
300
300
300
300
300
300
300
300
300
300
300
300
300
300
300
300
300
300
300
300
300
300
300
300
300
300
300
300
300
300
300
300
300
300
300
300
300
300
300
300
300
300
300
300
300
300
300
300
300
300
300
300
300
300
300
300
300
300
300
300
300
300
300
300
300
300
300
300
300
300
300
300
300
300
300
300
300
300
300
300
300
300
300
300
300
300
300
300
300
300
300
300
300
300
300
300
300
300
300
300
300
300
300
300
300
300
300
300
300
300
300
300
300
300
300
300
300
300
300
300
300
300
300
300
300
300
300
300
300
300
300
300
300
300
300
300
300
300
300
300
300
300
300
300
300
300
300
300
300
300
300
300
300
532.368
532.368
532.373
532.413
532.607
533.028
533.207
533.139
532.821
532.241
531.609
531.12
530.8
530.591
530.443
530.33
530.244
530.177
530.124
530.081
530.046
530.017
529.993
529.972
529.953
529.937
529.924
529.917
529.916
529.917
529.921
529.928
529.937
529.947
529.957
529.966
529.972
529.978
529.984
529.99
529.995
529.999
530.003
530.006
530.008
530.01
530.012
530.013
530.014
530.015
530.016
530.016
530.017
530.019
530.02
530.02
530.018
530.014
530.01
530.007
530.003
530
529.997
529.993
529.987
529.979
529.965
529.944
529.906
529.874
529.867
529.872
529.909
530.047
530.472
531.66
534.725
541.485
551.355
558.053
559.381
559.41
559.29
559.101
558.835
558.359
557.609
556.869
556.434
556.322
556.315
556.355
556.558
556.871
557.149
557.503
557.766
557.828
557.777
557.594
557.467
557.377
557.25
557.098
556.951
556.829
556.762
556.787
557.017
557.189
557.229
555.725
522.497
373.22
300.525
300
300
300
300
300
300
300
300
300
300
300
300
300
300
300
300
300
300
300
300
300
300
300
300
300
300
300
300
300
300
300
300
300
300
300
300
300
300
300
300
300
300
300
300
300
300
300
300
300
300
300
300
300
300
300
300
300
300
300
300
300
300
300
300
300
300
300
300
300
300
300
300
300
300
300
300
300
300
300
300
300
300
300
300
300
300
300
300
300
300
300
300
300
300
300
300
300
300
300
300
300
300
300
300
300
300
300
300
300
300
300
300
300
300
300
300
300
300
300
300
300
300
300
300
300
300
300
300
300
300
300
300
300
300
300
300
300
300
300
300
300
300
300
300
300
300
300
300
300
300
300
300
300
300
300
300
300
300
300
300
300
300
300
300
300
300
300
300
300
300
300
300
300
300
300
300
300
300
300
300
300
300
300
300
300
532.368
532.368
532.373
532.413
532.607
533.028
533.207
533.139
532.821
532.241
531.609
531.12
530.8
530.591
530.443
530.33
530.244
530.177
530.124
530.081
530.046
530.017
529.993
529.972
529.953
529.937
529.924
529.917
529.916
529.917
529.921
529.928
529.937
529.947
529.957
529.966
529.972
529.978
529.984
529.99
529.995
529.999
530.003
530.006
530.008
530.01
530.012
530.013
530.014
530.015
530.016
530.016
530.017
530.019
530.02
530.02
530.018
530.014
530.01
530.007
530.003
530
529.997
529.993
529.987
529.979
529.965
529.944
529.906
529.874
529.867
529.872
529.909
530.047
530.472
531.66
534.725
541.485
551.355
558.053
559.381
559.41
559.29
559.101
558.835
558.359
557.609
556.869
556.434
556.322
556.315
556.355
556.558
556.871
557.149
557.503
557.766
557.828
557.777
557.594
557.467
557.377
557.25
557.098
556.951
556.829
556.762
556.787
557.017
557.189
557.229
555.725
522.497
373.22
300.525
300
300
300
300
300
300
300
300
300
300
300
300
300
300
300
300
300
300
300
300
300
300
300
300
300
300
300
300
300
300
300
300
300
300
300
300
300
300
300
300
300
300
300
300
300
300
300
300
300
300
300
300
300
300
300
300
300
300
300
300
300
300
300
300
300
300
300
300
300
300
300
300
300
300
300
300
300
300
300
300
300
300
300
300
300
300
300
300
300
300
300
300
300
300
300
300
300
300
300
300
300
300
300
300
300
300
300
300
300
300
300
300
300
300
300
300
300
300
300
300
300
300
300
300
300
300
300
300
300
300
300
300
300
300
300
300
300
300
300
300
300
300
300
300
300
300
300
300
300
300
300
300
300
300
300
300
300
300
300
300
300
300
300
300
300
300
300
300
300
300
300
300
300
300
300
300
300
300
300
300
300
300
300
300
300
532.368
532.368
532.373
532.413
532.607
533.028
533.207
533.139
532.821
532.241
531.609
531.12
530.8
530.591
530.443
530.33
530.244
530.177
530.124
530.081
530.046
530.017
529.993
529.972
529.953
529.937
529.924
529.917
529.916
529.917
529.921
529.928
529.937
529.947
529.957
529.966
529.972
529.978
529.984
529.99
529.995
529.999
530.003
530.006
530.008
530.01
530.012
530.013
530.014
530.015
530.016
530.016
530.017
530.019
530.02
530.02
530.018
530.014
530.01
530.007
530.003
530
529.997
529.993
529.987
529.979
529.965
529.944
529.906
529.874
529.867
529.872
529.909
530.047
530.472
531.66
534.725
541.485
551.355
558.053
559.381
559.41
559.29
559.101
558.835
558.359
557.609
556.869
556.434
556.322
556.315
556.355
556.558
556.871
557.149
557.503
557.766
557.828
557.777
557.594
557.467
557.377
557.25
557.098
556.951
556.829
556.762
556.787
557.017
557.189
557.229
555.725
522.497
373.22
300.525
300
300
300
300
300
300
300
300
300
300
300
300
300
300
300
300
300
300
300
300
300
300
300
300
300
300
300
300
300
300
300
300
300
300
300
300
300
300
300
300
300
300
300
300
300
300
300
300
300
300
300
300
300
300
300
300
300
300
300
300
300
300
300
300
300
300
300
300
300
300
300
300
300
300
300
300
300
300
300
300
300
300
300
300
300
300
300
300
300
300
300
300
300
300
300
300
300
300
300
300
300
300
300
300
300
300
300
300
300
300
300
300
300
300
300
300
300
300
300
300
300
300
300
300
300
300
300
300
300
300
300
300
300
300
300
300
300
300
300
300
300
300
300
300
300
300
300
300
300
300
300
300
300
300
300
300
300
300
300
300
300
300
300
300
300
300
300
300
300
300
300
300
300
300
300
300
300
300
300
300
300
300
300
300
300
532.368
532.368
532.373
532.413
532.607
533.028
533.207
533.139
532.821
532.241
531.609
531.12
530.8
530.591
530.443
530.33
530.244
530.177
530.124
530.081
530.046
530.017
529.993
529.972
529.953
529.937
529.924
529.917
529.916
529.917
529.921
529.928
529.937
529.947
529.957
529.966
529.972
529.978
529.984
529.99
529.995
529.999
530.003
530.006
530.008
530.01
530.012
530.013
530.014
530.015
530.016
530.016
530.017
530.019
530.02
530.02
530.018
530.014
530.01
530.007
530.003
530
529.997
529.993
529.987
529.979
529.965
529.944
529.906
529.874
529.867
529.872
529.909
530.047
530.472
531.66
534.725
541.485
551.355
558.053
559.381
559.41
559.29
559.101
558.835
558.359
557.609
556.869
556.434
556.322
556.315
556.355
556.558
556.871
557.149
557.503
557.766
557.828
557.777
557.594
557.467
557.377
557.25
557.098
556.951
556.829
556.762
556.787
557.017
557.189
557.229
555.725
522.497
373.22
300.525
300
300
300
300
300
300
300
300
300
300
300
300
300
300
300
300
300
300
300
300
300
300
300
300
300
300
300
300
300
300
300
300
300
300
300
300
300
300
300
300
300
300
300
300
300
300
300
300
300
300
300
300
300
300
300
300
300
300
300
300
300
300
300
300
300
300
300
300
300
300
300
300
300
300
300
300
300
300
300
300
300
300
300
300
300
300
300
300
300
300
300
300
300
300
300
300
300
300
300
300
300
300
300
300
300
300
300
300
300
300
300
300
300
300
300
300
300
300
300
300
300
300
300
300
300
300
300
300
300
300
300
300
300
300
300
300
300
300
300
300
300
300
300
300
300
300
300
300
300
300
300
300
300
300
300
300
300
300
300
300
300
300
300
300
300
300
300
300
300
300
300
300
300
300
300
300
300
300
300
300
300
300
300
300
300
532.368
532.368
532.373
532.413
532.607
533.028
533.207
533.139
532.821
532.241
531.609
531.12
530.8
530.591
530.443
530.33
530.244
530.177
530.124
530.081
530.046
530.017
529.993
529.972
529.953
529.937
529.924
529.917
529.916
529.917
529.921
529.928
529.937
529.947
529.957
529.966
529.972
529.978
529.984
529.99
529.995
529.999
530.003
530.006
530.008
530.01
530.012
530.013
530.014
530.015
530.016
530.016
530.017
530.019
530.02
530.02
530.018
530.014
530.01
530.007
530.003
530
529.997
529.993
529.987
529.979
529.965
529.944
529.906
529.874
529.867
529.872
529.909
530.047
530.472
531.66
534.725
541.485
551.355
558.053
559.381
559.41
559.29
559.101
558.835
558.359
557.609
556.869
556.434
556.322
556.315
556.355
556.558
556.871
557.149
557.503
557.766
557.828
557.777
557.594
557.467
557.377
557.25
557.098
556.951
556.829
556.762
556.787
557.017
557.189
557.229
555.725
522.497
373.22
300.525
300
300
300
300
300
300
300
300
300
300
300
300
300
300
300
300
300
300
300
300
300
300
300
300
300
300
300
300
300
300
300
300
300
300
300
300
300
300
300
300
300
300
300
300
300
300
300
300
300
300
300
300
300
300
300
300
300
300
300
300
300
300
300
300
300
300
300
300
300
300
300
300
300
300
300
300
300
300
300
300
300
300
300
300
300
300
300
300
300
300
300
300
300
300
300
300
300
300
300
300
300
300
300
300
300
300
300
300
300
300
300
300
300
300
300
300
300
300
300
300
300
300
300
300
300
300
300
300
300
300
300
300
300
300
300
300
300
300
300
300
300
300
300
300
300
300
300
300
300
300
300
300
300
300
300
300
300
300
300
300
300
300
300
300
300
300
300
300
300
300
300
300
300
300
300
300
300
300
300
300
300
300
300
300
300
532.368
532.368
532.373
532.413
532.607
533.028
533.207
533.139
532.821
532.241
531.609
531.12
530.8
530.591
530.443
530.33
530.244
530.177
530.124
530.081
530.046
530.017
529.993
529.972
529.953
529.937
529.924
529.917
529.916
529.917
529.921
529.928
529.937
529.947
529.957
529.966
529.972
529.978
529.984
529.99
529.995
529.999
530.003
530.006
530.008
530.01
530.012
530.013
530.014
530.015
530.016
530.016
530.017
530.019
530.02
530.02
530.018
530.014
530.01
530.007
530.003
530
529.997
529.993
529.987
529.979
529.965
529.944
529.906
529.874
529.867
529.872
529.909
530.047
530.472
531.66
534.725
541.485
551.355
558.053
559.381
559.41
559.29
559.101
558.835
558.359
557.609
556.869
556.434
556.322
556.315
556.355
556.558
556.871
557.149
557.503
557.766
557.828
557.777
557.594
557.467
557.377
557.25
557.098
556.951
556.829
556.762
556.787
557.017
557.189
557.229
555.725
522.497
373.22
300.525
300
300
300
300
300
300
300
300
300
300
300
300
300
300
300
300
300
300
300
300
300
300
300
300
300
300
300
300
300
300
300
300
300
300
300
300
300
300
300
300
300
300
300
300
300
300
300
300
300
300
300
300
300
300
300
300
300
300
300
300
300
300
300
300
300
300
300
300
300
300
300
300
300
300
300
300
300
300
300
300
300
300
300
300
300
300
300
300
300
300
300
300
300
300
300
300
300
300
300
300
300
300
300
300
300
300
300
300
300
300
300
300
300
300
300
300
300
300
300
300
300
300
300
300
300
300
300
300
300
300
300
300
300
300
300
300
300
300
300
300
300
300
300
300
300
300
300
300
300
300
300
300
300
300
300
300
300
300
300
300
300
300
300
300
300
300
300
300
300
300
300
300
300
300
300
300
300
300
300
300
300
300
300
300
300
532.368
532.368
532.373
532.413
532.607
533.028
533.207
533.139
532.821
532.241
531.609
531.12
530.8
530.591
530.443
530.33
530.244
530.177
530.124
530.081
530.046
530.017
529.993
529.972
529.953
529.937
529.924
529.917
529.916
529.917
529.921
529.928
529.937
529.947
529.957
529.966
529.972
529.978
529.984
529.99
529.995
529.999
530.003
530.006
530.008
530.01
530.012
530.013
530.014
530.015
530.016
530.016
530.017
530.019
530.02
530.02
530.018
530.014
530.01
530.007
530.003
530
529.997
529.993
529.987
529.979
529.965
529.944
529.906
529.874
529.867
529.872
529.909
530.047
530.472
531.66
534.725
541.485
551.355
558.053
559.381
559.41
559.29
559.101
558.835
558.359
557.609
556.869
556.434
556.322
556.315
556.355
556.558
556.871
557.149
557.503
557.766
557.828
557.777
557.594
557.467
557.377
557.25
557.098
556.951
556.829
556.762
556.787
557.017
557.189
557.229
555.725
522.497
373.22
300.525
300
300
300
300
300
300
300
300
300
300
300
300
300
300
300
300
300
300
300
300
300
300
300
300
300
300
300
300
300
300
300
300
300
300
300
300
300
300
300
300
300
300
300
300
300
300
300
300
300
300
300
300
300
300
300
300
300
300
300
300
300
300
300
300
300
300
300
300
300
300
300
300
300
300
300
300
300
300
300
300
300
300
300
300
300
300
300
300
300
300
300
300
300
300
300
300
300
300
300
300
300
300
300
300
300
300
300
300
300
300
300
300
300
300
300
300
300
300
300
300
300
300
300
300
300
300
300
300
300
300
300
300
300
300
300
300
300
300
300
300
300
300
300
300
300
300
300
300
300
300
300
300
300
300
300
300
300
300
300
300
300
300
300
300
300
300
300
300
300
300
300
300
300
300
300
300
300
300
300
300
300
300
300
300
300
532.368
532.368
532.373
532.413
532.607
533.028
533.207
533.139
532.821
532.241
531.609
531.12
530.8
530.591
530.443
530.33
530.244
530.177
530.124
530.081
530.046
530.017
529.993
529.972
529.953
529.937
529.924
529.917
529.916
529.917
529.921
529.928
529.937
529.947
529.957
529.966
529.972
529.978
529.984
529.99
529.995
529.999
530.003
530.006
530.008
530.01
530.012
530.013
530.014
530.015
530.016
530.016
530.017
530.019
530.02
530.02
530.018
530.014
530.01
530.007
530.003
530
529.997
529.993
529.987
529.979
529.965
529.944
529.906
529.874
529.867
529.872
529.909
530.047
530.472
531.66
534.725
541.485
551.355
558.053
559.381
559.41
559.29
559.101
558.835
558.359
557.609
556.869
556.434
556.322
556.315
556.355
556.558
556.871
557.149
557.503
557.766
557.828
557.777
557.594
557.467
557.377
557.25
557.098
556.951
556.829
556.762
556.787
557.017
557.189
557.229
555.725
522.497
373.22
300.525
300
300
300
300
300
300
300
300
300
300
300
300
300
300
300
300
300
300
300
300
300
300
300
300
300
300
300
300
300
300
300
300
300
300
300
300
300
300
300
300
300
300
300
300
300
300
300
300
300
300
300
300
300
300
300
300
300
300
300
300
300
300
300
300
300
300
300
300
300
300
300
300
300
300
300
300
300
300
300
300
300
300
300
300
300
300
300
300
300
300
300
300
300
300
300
300
300
300
300
300
300
300
300
300
300
300
300
300
300
300
300
300
300
300
300
300
300
300
300
300
300
300
300
300
300
300
300
300
300
300
300
300
300
300
300
300
300
300
300
300
300
300
300
300
300
300
300
300
300
300
300
300
300
300
300
300
300
300
300
300
300
300
300
300
300
300
300
300
300
300
300
300
300
300
300
300
300
300
300
300
300
300
300
300
300
532.368
532.368
532.373
532.413
532.607
533.028
533.207
533.139
532.821
532.241
531.609
531.12
530.8
530.591
530.443
530.33
530.244
530.177
530.124
530.081
530.046
530.017
529.993
529.972
529.953
529.937
529.924
529.917
529.916
529.917
529.921
529.928
529.937
529.947
529.957
529.966
529.972
529.978
529.984
529.99
529.995
529.999
530.003
530.006
530.008
530.01
530.012
530.013
530.014
530.015
530.016
530.016
530.017
530.019
530.02
530.02
530.018
530.014
530.01
530.007
530.003
530
529.997
529.993
529.987
529.979
529.965
529.944
529.906
529.874
529.867
529.872
529.909
530.047
530.472
531.66
534.725
541.485
551.355
558.053
559.381
559.41
559.29
559.101
558.835
558.359
557.609
556.869
556.434
556.322
556.315
556.355
556.558
556.871
557.149
557.503
557.766
557.828
557.777
557.594
557.467
557.377
557.25
557.098
556.951
556.829
556.762
556.787
557.017
557.189
557.229
555.725
522.497
373.22
300.525
300
300
300
300
300
300
300
300
300
300
300
300
300
300
300
300
300
300
300
300
300
300
300
300
300
300
300
300
300
300
300
300
300
300
300
300
300
300
300
300
300
300
300
300
300
300
300
300
300
300
300
300
300
300
300
300
300
300
300
300
300
300
300
300
300
300
300
300
300
300
300
300
300
300
300
300
300
300
300
300
300
300
300
300
300
300
300
300
300
300
300
300
300
300
300
300
300
300
300
300
300
300
300
300
300
300
300
300
300
300
300
300
300
300
300
300
300
300
300
300
300
300
300
300
300
300
300
300
300
300
300
300
300
300
300
300
300
300
300
300
300
300
300
300
300
300
300
300
300
300
300
300
300
300
300
300
300
300
300
300
300
300
300
300
300
300
300
300
300
300
300
300
300
300
300
300
300
300
300
300
300
300
300
300
300
532.368
532.368
532.373
532.413
532.607
533.028
533.207
533.139
532.821
532.241
531.609
531.12
530.8
530.591
530.443
530.33
530.244
530.177
530.124
530.081
530.046
530.017
529.993
529.972
529.953
529.937
529.924
529.917
529.916
529.917
529.921
529.928
529.937
529.947
529.957
529.966
529.972
529.978
529.984
529.99
529.995
529.999
530.003
530.006
530.008
530.01
530.012
530.013
530.014
530.015
530.016
530.016
530.017
530.019
530.02
530.02
530.018
530.014
530.01
530.007
530.003
530
529.997
529.993
529.987
529.979
529.965
529.944
529.906
529.874
529.867
529.872
529.909
530.047
530.472
531.66
534.725
541.485
551.355
558.053
559.381
559.41
559.29
559.101
558.835
558.359
557.609
556.869
556.434
556.322
556.315
556.355
556.558
556.871
557.149
557.503
557.766
557.828
557.777
557.594
557.467
557.377
557.25
557.098
556.951
556.829
556.762
556.787
557.017
557.189
557.229
555.725
522.497
373.22
300.525
300
300
300
300
300
300
300
300
300
300
300
300
300
300
300
300
300
300
300
300
300
300
300
300
300
300
300
300
300
300
300
300
300
300
300
300
300
300
300
300
300
300
300
300
300
300
300
300
300
300
300
300
300
300
300
300
300
300
300
300
300
300
300
300
300
300
300
300
300
300
300
300
300
300
300
300
300
300
300
300
300
300
300
300
300
300
300
300
300
300
300
300
300
300
300
300
300
300
300
300
300
300
300
300
300
300
300
300
300
300
300
300
300
300
300
300
300
300
300
300
300
300
300
300
300
300
300
300
300
300
300
300
300
300
300
300
300
300
300
300
300
300
300
300
300
300
300
300
300
300
300
300
300
300
300
300
300
300
300
300
300
300
300
300
300
300
300
300
300
300
300
300
300
300
300
300
300
300
300
300
300
300
300
300
300
)
;

boundaryField
{
    sides
    {
        type            zeroGradient;
    }
    inlet
    {
        type            zeroGradient;
    }
    outlet
    {
        type            zeroGradient;
    }
    empty
    {
        type            empty;
    }
}


// ************************************************************************* //
