/*--------------------------------*- C++ -*----------------------------------*\
| =========                 |                                                 |
| \\      /  F ield         | OpenFOAM: The Open Source CFD Toolbox           |
|  \\    /   O peration     | Version:  2306                                  |
|   \\  /    A nd           | Website:  www.openfoam.com                      |
|    \\/     M anipulation  |                                                 |
\*---------------------------------------------------------------------------*/
FoamFile
{
    version     2.0;
    format      ascii;
    arch        "LSB;label=32;scalar=64";
    class       volScalarField;
    location    "0.07";
    object      p;
}
// * * * * * * * * * * * * * * * * * * * * * * * * * * * * * * * * * * * * * //

dimensions      [1 -1 -2 0 0 0 0];

internalField   nonuniform List<scalar> 
6000
(
2.12634e+07
661282
211145
207948
206367
206683
198013
178680
124980
100458
100429
104536
112228
121973
132538
143696
155786
169607
185608
200830
209145
211831
212219
207433
175122
125876
117394
119009
124233
131068
137218
142529
147563
152742
158235
163984
169898
176395
185179
197575
206301
206895
199688
165137
134031
131712
133467
138151
143628
147853
151052
153999
157150
160595
164152
167597
171011
175149
181997
192539
198886
198891
190947
162337
142518
141448
142742
146431
150911
154103
156151
157935
159932
162286
164843
167322
169772
172861
178039
186281
190766
189370
177684
154739
145103
144992
147259
152023
156502
159241
160837
162273
163955
165766
167580
169883
173987
180861
185045
183903
174181
157738
149988
149805
152567
157745
162340
164818
165893
166698
168045
171043
176621
182378
180750
172530
157913
149805
149523
153607
159949
164764
167607
170654
175992
181859
178349
168004
154597
150865
154060
165230
179417
178598
170375
159659
157674
162151
170395
171182
168400
164313
163643
164919
167316
167563
166740
165563
165456
165909
166576
166590
166223
165512
165224
165231
165358
165370
165277
165086
165002
165026
165173
165356
165474
165564
165698
165922
166149
166212
166185
166054
165751
165298
164917
164777
164767
164793
164902
165116
165392
165575
165612
165594
165529
165398
165198
164985
164847
164793
164773
164752
164700
164609
164478
164348
164271
164251
164290
164396
164585
164853
165140
165334
165412
165426
165402
165316
165126
164805
164389
164046
163912
163892
163897
163943
164066
164306
164657
165027
165278
165379
165401
165393
165362
165281
165097
164763
164283
163759
163351
163127
163030
162985
162957
162944
162972
163080
163320
163710
164160
164439
164491
164481
164439
164307
163990
163399
162584
161871
161534
161452
161455
161494
161604
161870
162369
163116
164035
164975
165777
166343
166665
166800
166845
166814
166609
166091
165277
164601
164391
164337
164357
164494
164799
165329
166127
167108
167736
167831
167688
167430
167090
166521
165545
164034
162214
160836
160357
160327
160358
160512
160885
161529
162258
162703
162766
162695
162466
161092
2.12596e+07
660650
211051
207913
205960
206233
197520
178071
124490
100160
100170
104309
112012
121745
132318
143525
155739
169789
186098
201626
210109
212777
213035
208204
175373
125784
117401
119036
124278
131114
137263
142565
147579
152727
158177
163878
169761
176281
185170
197776
206720
207272
200157
165606
134198
131818
133564
138241
143692
147885
151053
153968
157080
160478
163989
167412
170839
175000
181778
192164
198583
198649
190859
162467
142641
141567
142872
146594
151117
154298
156285
157996
159928
162240
164759
167199
169603
172665
177871
186200
190819
189477
177815
154892
145261
145165
147455
152235
156711
159433
161008
162427
164084
165896
167750
170084
174198
181097
185069
183752
173733
157285
149840
149728
152576
157759
162330
164777
165806
166573
167915
170972
176720
182685
181022
172745
158008
149789
149498
153578
159923
164686
167403
170262
175478
181619
178434
168387
154772
150917
153912
164997
179258
178829
170621
159624
157392
161668
170405
171602
168805
164321
163410
164556
167133
167659
166936
165640
165415
165774
166453
166523
166234
165590
165254
165241
165340
165354
165269
165091
165008
165032
165175
165359
165479
165568
165696
165911
166135
166202
166178
166053
165761
165318
164947
164814
164805
164831
164939
165149
165418
165596
165630
165611
165545
165413
165215
165006
164870
164816
164794
164770
164716
164625
164495
164367
164292
164269
164306
164409
164591
164851
165129
165314
165383
165397
165372
165293
165121
164824
164428
164085
163940
163916
163919
163961
164071
164286
164603
164942
165183
165286
165313
165313
165286
165204
165021
164699
164247
163748
163349
163128
163040
163007
162989
162996
163046
163174
163423
163808
164242
164504
164551
164541
164500
164370
164058
163480
162682
161972
161636
161559
161558
161601
161718
161980
162455
163164
164043
164951
165723
166247
166510
166599
166620
166566
166355
165855
165089
164461
164269
164218
164247
164390
164696
165221
166011
166988
167672
167820
167716
167496
167223
166757
165902
164463
162564
160998
160424
160380
160411
160550
160884
161454
162078
162469
162551
162507
162299
160992
2.12561e+07
659289
211066
207906
205706
206038
197239
177327
123694
99763.8
99793
103902
111570
121298
131911
143211
155564
169784
186258
202031
210863
213882
214318
209446
175777
125670
117471
119131
124400
131215
137330
142611
147608
152726
158130
163776
169603
176089
184965
197735
207130
207868
200887
166195
134401
131960
133703
138376
143801
147952
151081
153963
157040
160403
163878
167253
170625
174717
181379
191663
198051
198148
190527
162563
142758
141672
142983
146741
151331
154559
156564
158272
160161
162386
164801
167125
169431
172436
177640
186007
190797
189551
178001
155162
145502
145416
147727
152525
156982
159652
161171
162524
164128
165912
167822
170301
174615
181721
185291
183670
173083
156481
149551
149542
152553
157802
162352
164719
165652
166343
167665
170801
176770
183084
181485
173272
158350
149858
149541
153627
160052
164776
167219
169705
174654
181144
178470
168936
155193
151137
153743
164406
178709
179436
171493
160003
157012
160625
169925
172089
169595
164759
163207
164051
166749
167729
167230
165894
165401
165602
166220
166404
166225
165712
165315
165270
165315
165320
165250
165096
165019
165038
165173
165357
165484
165576
165699
165899
166112
166182
166161
166043
165765
165343
164986
164857
164849
164878
164990
165201
165463
165629
165659
165637
165568
165435
165240
165038
164906
164852
164828
164799
164742
164647
164515
164391
164321
164297
164335
164436
164611
164855
165112
165282
165343
165355
165325
165245
165087
164826
164481
164156
163992
163958
163961
163999
164095
164273
164541
164846
165078
165182
165211
165209
165171
165074
164884
164578
164169
163724
163357
163149
163074
163052
163047
163067
163131
163279
163546
163936
164345
164568
164602
164594
164552
164419
164114
163560
162803
162118
161786
161709
161707
161757
161889
162161
162624
163290
164097
164913
165588
166029
166248
166331
166345
166275
166032
165512
164767
164213
164066
164028
164070
164224
164540
165067
165840
166787
167532
167757
167709
167528
167324
166979
166296
165047
163215
161427
160589
160482
160520
160643
160922
161392
161911
162219
162278
162203
161964
160769
2.12534e+07
658251
211071
207947
205501
205905
197033
176580
122930
99466.2
99529
103570
111134
120771
131356
142736
155279
169722
186391
202315
211407
214768
215316
210499
176195
125565
117498
119185
124496
131312
137412
142690
147694
152805
158160
163739
169515
175981
184856
197799
207632
208525
201634
166712
134577
132091
133834
138512
143914
148019
151099
153931
156958
160273
163695
167002
170272
174221
180732
190921
197294
197447
190075
162645
142844
141729
143031
146788
151420
154703
156743
158470
160357
162549
164888
167121
169355
172306
177489
185917
190878
189710
178191
155408
145783
145726
148124
152987
157405
159954
161349
162610
164166
165949
167901
170536
175155
182522
185605
183578
172182
155417
149160
149274
152486
157824
162353
164608
165433
166064
167388
170585
176687
183449
182054
174082
158996
150021
149620
153678
160104
164727
166891
169055
173802
180643
178700
169677
155773
151418
153499
163336
177210
180233
172999
161647
157189
159309
168541
172155
170268
165481
163138
163661
166260
167754
167474
166197
165362
165422
165950
166295
166221
165844
165401
165288
165289
165285
165230
165104
165033
165048
165171
165357
165495
165592
165708
165887
166085
166156
166139
166031
165770
165368
165031
164914
164910
164944
165061
165270
165519
165670
165694
165671
165602
165472
165286
165097
164967
164906
164876
164841
164780
164682
164549
164430
164362
164336
164373
164471
164635
164857
165089
165237
165289
165297
165263
165182
165038
164820
164538
164251
164068
164015
164011
164038
164112
164256
164478
164738
164940
165030
165053
165045
164998
164893
164711
164437
164082
163700
163377
163186
163122
163108
163116
163151
163241
163419
163714
164110
164485
164656
164674
164664
164615
164480
164192
163695
163024
162393
162051
161954
161944
161992
162126
162387
162818
163423
164142
164848
165408
165756
165921
165981
165971
165859
165560
165003
164301
163860
163766
163748
163802
163969
164303
164844
165615
166546
167360
167691
167713
167604
167465
167231
166724
165735
164154
162297
161008
160650
160657
160738
160937
161295
161661
161848
161879
161781
161533
160499
2.12539e+07
659796
210935
207822
205202
205568
196730
176059
122631
99461.9
99504.3
103459
110911
120436
130929
142256
154842
169443
186306
202380
211713
215264
215741
210874
176358
125493
117470
119177
124514
131332
137435
142742
147782
152912
158248
163766
169480
175925
184865
197998
208109
209035
202096
166896
134624
132142
133896
138583
143978
148069
151126
153922
156899
160149
163496
166722
169882
173701
180060
190106
196434
196655
189528
162650
142882
141721
142991
146718
151364
154700
156788
158548
160459
162663
165000
167211
169418
172346
177534
185989
191044
189875
178262
155535
146039
146027
148546
153478
157825
160229
161507
162681
164179
165947
167941
170761
175752
183482
186127
183580
171138
154154
148680
148968
152427
157870
162299
164376
165118
165727
167071
170303
176537
183731
182679
175055
159894
150274
149744
153699
160090
164557
166504
168434
173075
180330
178965
170501
156495
151797
153329
162029
174691
180658
174468
164256
158086
158399
166471
171876
170707
166324
163265
163455
165759
167689
167595
166458
165326
165279
165708
166219
166225
165961
165505
165295
165268
165255
165212
165110
165045
165056
165170
165359
165510
165610
165716
165872
166052
166126
166113
166015
165773
165395
165079
164974
164975
165016
165136
165339
165570
165703
165724
165703
165638
165517
165350
165180
165057
164986
164943
164899
164833
164731
164597
164481
164414
164384
164417
164508
164661
164865
165067
165186
165226
165227
165187
165106
164979
164801
164581
164346
164164
164089
164072
164086
164141
164254
164432
164637
164795
164862
164877
164860
164806
164703
164540
164311
164025
163708
163425
163245
163179
163167
163182
163234
163350
163563
163887
164285
164606
164721
164733
164720
164668
164531
164260
163826
163270
162735
162398
162272
162247
162287
162409
162644
163021
163535
164139
164733
165190
165449
165558
165589
165543
165373
165009
164421
163792
163470
163406
163395
163453
163634
163991
164556
165337
166267
167141
167598
167697
167663
167573
167420
167068
166343
165115
163478
161912
161030
160842
160864
160977
161182
161356
161418
161396
161265
161020
160191
2.12389e+07
663849
210609
207481
204889
205138
196334
175778
122711
99629.2
99630.1
103535
110929
120397
130824
142066
154546
169073
185888
201878
211303
215024
215530
210706
176237
125480
117451
119154
124500
131330
137443
142764
147827
152978
158322
163839
169572
176090
185168
198407
208386
209233
202120
166693
134537
132092
133846
138523
143912
148009
151070
153860
156803
159978
163218
166332
169429
173221
179530
189455
195686
195942
188942
162431
142771
141598
142861
146577
151247
154611
156707
158480
160415
162659
165060
167360
169648
172632
177843
186375
191524
190321
178460
155609
146262
146282
148895
153837
158082
160386
161604
162736
164192
165933
167957
170946
176312
184451
186725
183633
169980
152832
148189
148676
152371
157847
162100
163991
164702
165355
166769
170042
176375
183991
183270
176069
160902
150599
149918
153657
159954
164293
166112
167952
172608
180113
179216
171258
157298
152256
153309
160875
172029
180240
175698
166888
159376
158048
164315
171302
170838
167160
163478
163368
165268
167528
167616
166666
165349
165195
165535
166145
166241
166053
165612
165314
165258
165240
165204
165121
165062
165070
165177
165366
165526
165625
165719
165855
166021
166100
166090
166002
165779
165428
165138
165045
165048
165093
165211
165398
165598
165715
165736
165716
165654
165547
165406
165267
165161
165089
165034
164976
164898
164788
164652
164540
164471
164436
164462
164544
164682
164866
165040
165131
165159
165149
165103
165024
164914
164772
164604
164421
164261
164171
164141
164144
164179
164261
164392
164545
164651
164694
164702
164682
164630
164536
164395
164204
163972
163720
163488
163333
163271
163260
163283
163349
163486
163720
164057
164437
164694
164770
164780
164764
164704
164568
164323
163957
163519
163108
162815
162658
162604
162622
162712
162897
163198
163623
164131
164612
164932
165081
165136
165131
165041
164814
164401
163828
163317
163098
163044
163029
163082
163264
163633
164214
165002
165927
166829
167430
167654
167691
167653
167556
167318
166813
165925
164658
163208
161947
161209
161011
160994
160999
161011
160977
160890
160731
160505
159895
2.1229e+07
669810
210756
207603
205191
205368
196357
175487
122460
99957.2
99953.4
103829
111173
120608
131014
142206
154559
168904
185528
201325
210506
214055
214524
209785
175828
125447
117372
119053
124386
131241
137388
142734
147818
153001
158398
163995
169828
176453
185608
198688
208212
208917
201660
166175
134310
131922
133670
138325
143702
147808
150887
153697
156658
159845
163083
166175
169230
172983
179265
189081
195165
195411
188407
162090
142595
141429
142683
146359
151006
154396
156547
158373
160368
162684
165158
167534
169910
173013
178391
187128
192299
191046
178775
155585
146397
146411
149060
153969
158123
160356
161557
162712
164218
166001
168056
171160
176810
185289
187401
183738
168861
151693
147810
148501
152394
157780
161749
163494
164192
164938
166466
169825
176272
184261
183828
176999
161818
150889
150064
153552
159677
163984
165808
167663
172353
179952
179433
171942
158160
152776
153443
160117
170011
178988
176694
168831
160643
158124
162710
170649
170896
167821
163727
163305
164832
167302
167617
166830
165432
165147
165422
166073
166265
166132
165718
165355
165262
165240
165208
165138
165085
165092
165190
165375
165535
165631
165715
165838
165996
166081
166074
165995
165791
165468
165203
165122
165127
165172
165278
165434
165598
165700
165721
165701
165644
165552
165439
165334
165254
165192
165132
165062
164973
164853
164714
164604
164532
164494
164513
164586
164711
164876
165014
165076
165095
165073
165021
164946
164852
164741
164613
164476
164351
164265
164224
164215
164234
164288
164380
164479
164533
164551
164550
164530
164483
164403
164283
164127
163940
163741
163566
163449
163396
163388
163418
163495
163643
163886
164213
164523
164688
164746
164764
164752
164697
164573
164359
164063
163734
163451
163240
163085
162994
162973
163019
163145
163371
163708
164113
164456
164625
164678
164683
164629
164484
164209
163785
163290
162930
162789
162745
162728
162772
162941
163298
163867
164631
165512
166378
167068
167492
167666
167687
167634
167468
167125
166517
165620
164502
163290
162161
161345
160939
160799
160680
160544
160389
160212
160013
159610
2.12223e+07
675533
211773
208412
205921
206336
197147
175010
121341
100208
100353
104362
111775
121194
131528
142619
154857
169004
185427
201212
210131
213218
213506
208514
174977
125393
117356
119016
124330
131204
137379
142735
147824
153040
158521
164246
170198
176887
186036
198870
207868
208437
200986
165453
134008
131690
133421
138044
143411
147533
150637
153478
156485
159740
163050
166188
169258
172981
179220
188973
194911
195109
187974
161626
142388
141264
142522
146168
150771
154177
156355
158197
160218
162572
165101
167569
170101
173425
179092
188136
193196
191745
178895
155316
146330
146364
149067
153931
157979
160155
161400
162644
164256
166115
168197
171353
177181
186017
188070
183921
168001
150866
147507
148365
152392
157647
161341
162942
163686
164548
166212
169705
176279
184557
184363
177723
162422
151053
150106
153412
159422
163723
165622
167524
172219
179856
179550
172376
158759
153174
153587
159697
168726
177729
177270
169950
161463
158272
161741
170145
171030
168284
163939
163194
164493
167101
167629
166963
165526
165114
165344
166015
166295
166206
165823
165415
165281
165254
165224
165162
165116
165122
165214
165388
165540
165630
165708
165826
165981
166072
166069
165999
165813
165518
165275
165201
165205
165244
165331
165454
165581
165657
165672
165652
165603
165530
165448
165378
165325
165278
165221
165144
165043
164913
164770
164663
164591
164552
164565
164629
164741
164883
164986
165031
165040
165005
164949
164879
164800
164712
164617
164521
164434
164366
164325
164305
164310
164342
164398
164442
164454
164448
164433
164408
164365
164297
164201
164082
163945
163808
163693
163614
163572
163565
163595
163673
163817
164044
164322
164533
164621
164660
164679
164676
164633
164530
164356
164129
163902
163732
163609
163496
163390
163326
163325
163393
163548
163796
164079
164244
164278
164265
164208
164091
163890
163587
163207
162858
162657
162578
162544
162524
162560
162712
163040
163574
164287
165093
165868
166525
167053
167441
167628
167638
167529
167284
166876
166285
165531
164596
163458
162237
161235
160663
160379
160160
159947
159741
159568
159370
2.12175e+07
680165
213227
209505
206916
207705
198089
173910
119343
100121
100497
104756
112345
121857
132222
143262
155326
169197
185455
201238
209977
212693
212850
207618
174214
125331
117413
119062
124369
131267
137472
142840
147941
153196
158755
164555
170526
177163
186232
198836
207413
207848
200232
164812
133749
131480
133201
137804
143177
147329
150467
153345
156396
159699
163065
166278
169423
173220
179525
189229
194967
195087
187690
161073
142168
141115
142396
146043
150617
154043
156238
158080
160126
162523
165129
167710
170393
173916
179792
189013
193864
192175
178817
154893
146066
146100
148796
153598
157628
159856
161178
162519
164217
166147
168293
171526
177491
186657
188744
184265
167531
150313
147223
148185
152321
157495
160950
162478
163275
164275
166111
169781
176498
184926
184826
178156
162679
151098
150097
153344
159267
163540
165483
167444
172177
179879
179670
172624
159086
153361
153662
159460
168034
176927
177490
170465
161839
158360
161291
169880
171167
168538
164026
163084
164294
166990
167663
167056
165585
165080
165290
165981
166336
166278
165921
165487
165315
165282
165254
165197
165156
165162
165244
165401
165539
165623
165699
165817
165975
166073
166071
166010
165842
165574
165349
165275
165276
165306
165372
165466
165551
165591
165593
165573
165537
165488
165437
165398
165371
165342
165295
165218
165108
164967
164820
164715
164644
164606
164616
164674
164773
164889
164963
164995
164996
164952
164891
164825
164758
164692
164629
164572
164519
164475
164442
164421
164416
164426
164442
164434
164414
164385
164351
164316
164276
164223
164156
164074
163988
163913
163855
163812
163785
163781
163808
163875
164000
164185
164379
164490
164531
164550
164555
164542
164502
164421
164293
164141
164023
163949
163893
163833
163758
163680
163635
163649
163731
163874
163990
163995
163950
163864
163733
163542
163283
162982
162716
162560
162495
162464
162428
162405
162438
162580
162880
163359
163994
164706
165377
165946
166433
166887
167278
167481
167466
167307
167034
166672
166222
165617
164732
163492
162060
160870
160214
159868
159584
159351
159209
159197
2.12054e+07
683372
214497
210530
207531
208511
198651
172509
117442
100087
100635
105086
112801
122373
132760
143785
155766
169512
185679
201374
209874
212479
212671
207422
173984
125379
117574
119228
124546
131460
137670
143031
148119
153351
158881
164639
170565
177159
186199
198674
206946
207324
199701
164505
133619
131357
133058
137638
143005
147163
150313
153210
156289
159641
163097
166425
169681
173607
180079
189801
195321
195344
187577
160518
142009
141049
142359
146029
150589
154006
156216
158075
160141
162572
165241
167921
170715
174323
180222
189386
194119
192343
178634
154427
145660
145691
148395
153192
157257
159591
161015
162434
164207
166236
168499
171817
177817
187176
189369
184735
167491
149977
146903
147928
152150
157270
160613
162118
163015
164122
166057
169848
176735
185220
185048
178205
162590
151091
150100
153321
159169
163393
165363
167406
172224
179964
179753
172706
159201
153474
153741
159354
167807
176613
177501
170629
162003
158433
161223
169793
171173
168591
164034
163059
164262
166973
167681
167084
165584
165057
165269
165980
166383
166342
166002
165555
165363
165324
165293
165236
165198
165204
165275
165413
165534
165610
165685
165806
165970
166076
166077
166023
165874
165635
165425
165342
165336
165356
165404
165466
165504
165508
165492
165468
165446
165429
165413
165402
165395
165381
165346
165275
165163
165013
164860
164757
164687
164650
164660
164713
164803
164895
164953
164978
164967
164917
164850
164783
164727
164689
164663
164640
164619
164599
164583
164573
164564
164544
164506
164459
164406
164352
164302
164256
164216
164181
164144
164106
164080
164059
164040
164023
164013
164016
164041
164094
164184
164299
164381
164407
164417
164412
164391
164355
164305
164242
164168
164109
164100
164096
164091
164078
164049
164003
163947
163902
163887
163882
163837
163754
163633
163473
163265
163002
162712
162476
162384
162397
162423
162420
162399
162384
162419
162553
162826
163248
163785
164377
164925
165390
165794
166189
166593
166959
167172
167176
167023
166822
166591
166274
165723
164758
163307
161635
160348
159699
159349
159156
159053
159103
2.11899e+07
686148
214834
210790
207645
208603
198324
170846
116062
100003
100673
105211
112949
122508
132902
143945
155920
169620
185748
201612
210390
212991
213102
207733
174126
125437
117681
119344
124686
131595
137776
143102
148162
153382
158895
164631
170526
177076
186021
198391
206690
207094
199575
164518
133628
131345
133033
137607
142980
147147
150306
153214
156310
159687
163178
166571
169949
174046
180766
190613
195933
195843
187626
160012
141959
141112
142466
146191
150760
154169
156411
158311
160393
162821
165462
168072
170776
174333
180226
189354
194032
192212
178354
153989
145159
145199
147934
152799
156972
159435
160978
162484
164348
166467
168805
172121
178066
187463
189783
185207
167844
149879
146601
147618
151881
157015
160364
161896
162830
163992
166028
170011
177082
185356
184959
177822
162211
151064
150173
153381
159139
163293
165295
167407
172380
180154
179796
172635
159134
153514
153793
159503
167891
176590
177187
170354
162039
158600
161536
169882
170983
168351
163965
163128
164384
167050
167660
167017
165532
165060
165290
166022
166424
166387
166058
165612
165421
165378
165341
165278
165233
165235
165298
165421
165525
165592
165664
165788
165961
166077
166082
166036
165904
165694
165502
165412
165392
165397
165421
165445
165442
165420
165385
165353
165342
165355
165382
165394
165399
165396
165371
165311
165204
165051
164892
164788
164719
164683
164692
164744
164825
164898
164950
164971
164950
164894
164819
164755
164723
164710
164715
164730
164743
164752
164756
164751
164730
164683
164609
164518
164427
164346
164277
164220
164180
164163
164170
164185
164204
164219
164225
164227
164231
164246
164276
164320
164364
164375
164361
164338
164303
164254
164188
164110
164038
163998
164007
164053
164115
164181
164226
164254
164266
164256
164209
164117
163981
163826
163665
163498
163309
163081
162806
162505
162265
162173
162185
162264
162389
162468
162485
162491
162534
162661
162904
163261
163688
164124
164510
164849
165158
165464
165785
166131
166478
166741
166848
166807
166711
166584
166315
165720
164601
162928
161132
159926
159391
159177
159049
159119
2.11861e+07
687983
214619
210501
207203
208115
197635
169804
115361
99727.3
100456
105029
112794
122353
132722
143734
155721
169473
185624
201603
210816
213899
214104
208773
174683
125482
117789
119499
124896
131800
137944
143238
148273
153452
158908
164568
170377
176835
185700
198186
206786
207276
199853
164887
133825
131495
133179
137761
143140
147303
150461
153375
156487
159882
163387
166796
170225
174463
181464
191526
196715
196521
187828
159656
142082
141357
142776
146585
151183
154568
156802
158701
160770
163155
165713
168202
170784
174227
180011
188982
193555
191695
177898
153648
144710
144771
147508
152428
156713
159269
160877
162475
164439
166620
168959
172223
178089
187462
189902
185611
168576
150130
146450
147393
151634
156818
160237
161826
162802
163996
166120
170347
177689
185624
184809
177090
161395
150994
150255
153614
159269
163279
165255
167480
172632
180482
179799
172294
158787
153478
153969
160016
168748
177243
176449
169388
161603
158703
162433
170278
170767
167912
163785
163253
164683
167216
167623
166883
165431
165082
165357
166114
166465
166405
166060
165648
165487
165440
165391
165306
165245
165244
165306
165422
165512
165568
165637
165763
165946
166074
166084
166045
165931
165748
165580
165491
165452
165431
165421
165409
165378
165330
165279
165250
165249
165279
165334
165381
165395
165400
165384
165333
165234
165084
164922
164813
164745
164708
164717
164769
164842
164904
164950
164966
164938
164878
164804
164759
164741
164746
164783
164843
164901
164940
164957
164949
164909
164837
164733
164605
164471
164350
164257
164201
164179
164183
164214
164274
164340
164380
164401
164415
164434
164462
164496
164516
164501
164450
164373
164280
164181
164070
163943
163819
163747
163747
163806
163923
164078
164226
164331
164395
164427
164424
164366
164233
164019
163748
163471
163217
162964
162683
162377
162121
162009
162003
162060
162190
162386
162551
162637
162686
162755
162887
163101
163387
163693
163939
164148
164344
164531
164714
164908
165149
165481
165913
166368
166658
166730
166672
166566
166266
165571
164311
162577
160914
159837
159389
159207
159292
2.11815e+07
686332
214371
210288
206787
207699
197403
169766
115165
99331.3
100048
104604
112367
121896
132215
143216
155268
169170
185433
201417
211034
214688
215061
209990
175375
125487
117815
119572
125042
131934
138027
143282
148287
153433
158837
164426
170159
176554
185401
198114
207111
207711
200434
165512
134184
131811
133502
138106
143486
147632
150776
153684
156795
160189
163684
167080
170519
174845
182073
192375
197511
197228
188103
159423
142335
141702
143221
147128
151757
155106
157275
159112
161102
163373
165780
168109
170552
173915
179636
188345
192681
190889
177684
153864
144508
144519
147156
152075
156447
159099
160758
162358
164320
166553
168927
172124
177802
187062
189737
185872
169599
150829
146568
147375
151526
156752
160280
161934
162932
164173
166403
170859
178454
185738
184503
175961
160178
150877
150380
153980
159584
163410
165283
167598
173000
180910
179643
171499
158044
153297
154208
160919
170478
178342
175216
167610
160589
158735
163988
170871
170584
167231
163549
163376
165133
167414
167568
166663
165301
165119
165472
166238
166488
166394
166034
165676
165553
165497
165422
165307
165236
165234
165297
165407
165486
165536
165606
165739
165934
166072
166087
166054
165956
165800
165656
165570
165517
165471
165423
165370
165307
165238
165186
165166
165173
165215
165287
165359
165391
165400
165392
165349
165258
165115
164950
164835
164768
164730
164740
164794
164857
164917
164956
164965
164933
164871
164811
164785
164777
164800
164867
164974
165083
165151
165174
165158
165105
165012
164876
164705
164519
164352
164246
164206
164203
164222
164272
164359
164462
164532
164570
164598
164630
164665
164686
164673
164620
164525
164391
164229
164052
163859
163664
163526
163482
163510
163598
163765
163998
164235
164405
164495
164528
164512
164435
164269
163993
163628
163249
162904
162586
162274
162011
161890
161877
161918
162027
162229
162483
162715
162862
162955
163055
163207
163411
163609
163753
163836
163896
163929
163945
163958
163994
164105
164364
164837
165525
166240
166615
166636
166576
166441
166086
165318
164026
162420
160994
160097
159678
159736
2.11815e+07
682733
214190
210123
206596
207600
197622
170371
115284
98889
99576.6
104084
111813
121304
131625
142711
154947
169048
185389
201344
211304
215466
215992
210984
175662
125255
117725
119539
125066
131931
137966
143187
148175
153302
158677
164234
169951
176384
185336
198245
207584
208292
201112
166067
134524
132157
133879
138522
143913
148046
151173
154067
157159
160525
163983
167343
170771
175144
182529
193019
198116
197760
188269
159171
142531
141977
143592
147593
152239
155532
157639
159410
161349
163553
165847
168082
170417
173631
179128
187386
191636
190089
177868
154549
144532
144468
146932
151803
156241
158986
160692
162290
164221
166413
168750
171806
177180
186105
189241
185941
170759
151923
146948
147559
151549
156785
160405
162140
163190
164478
166778
171387
179115
185463
183940
174479
158814
150784
150598
154521
160106
163707
165464
167894
173584
181373
179195
169985
156856
152872
154658
162641
173452
178876
173424
164831
159320
159229
166444
171440
170342
166211
163343
163544
165770
167586
167495
166329
165180
165153
165641
166369
166499
166354
165974
165684
165597
165534
165434
165290
165204
165199
165260
165365
165441
165498
165578
165725
165936
166078
166093
166063
165978
165848
165726
165643
165579
165514
165435
165340
165243
165164
165120
165105
165117
165166
165250
165341
165392
165407
165406
165369
165286
165149
164983
164861
164795
164758
164772
164825
164885
164943
164978
164984
164948
164885
164835
164820
164824
164869
164967
165119
165276
165364
165385
165364
165303
165191
165022
164800
164553
164347
164246
164224
164231
164261
164326
164432
164562
164668
164733
164781
164824
164852
164850
164808
164724
164591
164406
164174
163906
163622
163382
163266
163249
163289
163398
163605
163907
164229
164459
164552
164565
164532
164438
164243
163913
163469
162989
162549
162175
161890
161756
161739
161778
161883
162073
162352
162684
162980
163182
163317
163446
163600
163740
163838
163876
163820
163695
163536
163362
163192
163086
163093
163275
163720
164470
165437
166246
166538
166512
166451
166300
165906
165094
163870
162505
161407
160674
160650
2.11894e+07
679721
213832
209813
206418
207381
197623
171124
115636
98441
99064.8
103535
111301
120876
131309
142479
154805
169074
185609
201762
211881
216048
216603
211353
175191
124729
117494
119357
124919
131755
137754
142967
147972
153125
158525
164124
169912
176417
185429
198501
208043
208792
201551
166231
134687
132363
134110
138786
144179
148290
151397
154279
157361
160710
164143
167479
170903
175313
182811
193412
198424
197988
188189
158808
142541
142050
143738
147811
152468
155712
157783
159520
161428
163594
165814
167928
170125
173182
178505
186464
190938
189733
178429
155492
144741
144524
146831
151634
156159
158997
160698
162219
164048
166163
168428
171278
176260
184753
188408
185789
171998
153324
147487
147887
151732
156994
160730
162536
163592
164845
167099
171711
179421
184916
183023
172818
157448
150629
150799
155102
160729
164147
165850
168507
174597
181819
178327
167641
155435
152259
155599
165433
177234
177835
170857
161494
158234
160762
169393
171774
169613
164980
163186
163895
166522
167706
167314
165895
165095
165209
165872
166480
166499
166281
165887
165684
165623
165560
165431
165255
165157
165147
165198
165293
165373
165447
165553
165735
165960
166088
166097
166067
165991
165881
165779
165702
165633
165555
165456
165336
165211
165121
165080
165069
165081
165131
165221
165330
165403
165426
165431
165400
165322
165189
165021
164894
164828
164794
164813
164861
164921
164973
165001
164999
164957
164897
164866
164860
164879
164944
165070
165264
165458
165558
165576
165552
165486
165359
165156
164878
164570
164337
164251
164239
164249
164288
164368
164494
164650
164794
164898
164968
165012
165026
165003
164937
164822
164647
164405
164093
163729
163371
163133
163054
163052
163097
163218
163454
163813
164212
164478
164555
164554
164515
164410
164188
163807
163279
162686
162147
161762
161588
161559
161590
161679
161852
162137
162529
162970
163358
163631
163807
163937
164027
164076
164086
164028
163861
163562
163194
162809
162463
162252
162196
162322
162712
163431
164437
165498
166194
166375
166385
166353
166165
165727
164950
163928
163013
162252
162108
2.12033e+07
678894
213236
209289
206195
207116
197459
171601
115959
98176.4
98784.5
103309
111168
120815
131299
142535
154972
169401
186152
202507
212357
216089
216585
211020
174087
124040
117176
119080
124671
131505
137513
142761
147819
153031
158484
164128
169956
176510
185604
198765
208252
208936
201541
166042
134663
132399
134173
138891
144312
148443
151563
154446
157516
160838
164231
167535
170948
175370
182925
193542
198378
197870
187841
158319
142357
141912
143635
147728
152366
155589
157665
159401
161265
163401
165580
167605
169726
172714
178031
185973
190735
189766
179216
156572
145067
144673
146836
151566
156171
159081
160739
162139
163837
165848
167989
170586
175127
183104
187544
185661
173252
154835
148103
148352
152051
157386
161241
163048
164025
165171
167307
171813
179359
184086
181852
171209
156303
150440
150929
155574
161275
164665
166512
169584
176178
181967
176998
164591
154001
151860
157167
169212
179963
176019
167294
158824
157714
163594
171639
171756
168444
163837
163149
164530
167228
167716
166965
165447
165056
165339
166157
166548
166483
166159
165796
165681
165634
165568
165414
165209
165103
165087
165123
165202
165285
165381
165529
165761
165999
166102
166098
166064
165992
165897
165812
165745
165679
165597
165487
165348
165207
165110
165071
165057
165064
165112
165206
165328
165421
165454
165464
165439
165364
165233
165064
164932
164867
164836
164859
164903
164961
165009
165031
165023
164980
164925
164907
164908
164938
165018
165169
165392
165612
165719
165735
165711
165643
165504
165268
164933
164568
164325
164257
164249
164262
164310
164403
164550
164735
164921
165063
165147
165184
165187
165150
165067
164922
164697
164382
163974
163515
163123
162927
162881
162885
162934
163064
163322
163725
164179
164464
164530
164522
164480
164366
164121
163693
163072
162349
161732
161419
161351
161366
161430
161567
161813
162198
162717
163296
163816
164181
164378
164461
164476
164443
164341
164141
163813
163347
162789
162226
161766
161514
161442
161539
161883
162553
163516
164609
165547
166059
166183
166219
166219
166068
165649
165060
164531
164150
164059
2.12193e+07
680511
212675
208881
206035
206941
197330
171745
116169
98182.5
98796.5
103408
111350
121067
131615
142969
155537
170054
186865
203113
212476
215728
216138
210247
172761
123471
117005
118954
124570
131402
137403
142645
147706
152940
158435
164135
170018
176615
185718
198799
208103
208717
201197
165523
134477
132293
134081
138819
144251
148400
151546
154451
157534
160859
164251
167536
170912
175295
182835
193394
198066
197503
187282
157668
141970
141548
143281
147376
152000
155216
157269
158969
160801
162923
165117
167188
169380
172447
177876
185889
190795
190001
180071
157660
145489
144928
146954
151611
156245
159184
160826
162131
163665
165489
167435
169777
173949
181507
186754
185475
174340
156304
148728
148830
152403
157852
161811
163553
164390
165394
167383
171700
178960
183040
180553
169755
155393
150185
150914
155841
161707
165319
167559
171216
178245
181666
175346
161361
152642
151788
159151
173157
180574
174553
163631
157317
158280
166739
172502
171417
166933
163281
163279
165435
167621
167580
166406
165110
165050
165596
166447
166591
166417
165990
165722
165676
165636
165561
165379
165149
165044
165023
165046
165107
165186
165303
165507
165805
166047
166115
166098
166053
165975
165890
165824
165771
165715
165637
165527
165383
165231
165123
165080
165062
165066
165111
165208
165342
165449
165492
165504
165483
165411
165282
165111
164976
164911
164884
164908
164949
165003
165046
165063
165049
165005
164957
164947
164951
164989
165079
165245
165486
165721
165837
165854
165832
165765
165619
165352
164963
164553
164314
164260
164253
164267
164318
164423
164594
164818
165047
165218
165305
165334
165329
165287
165195
165028
164752
164345
163824
163284
162906
162769
162742
162750
162802
162939
163216
163652
164144
164438
164495
164484
164442
164326
164067
163586
162856
162003
161372
161161
161140
161170
161257
161436
161750
162241
162900
163644
164318
164752
164930
164975
164949
164851
164637
164264
163723
163039
162309
161657
161200
160989
160926
161006
161304
161908
162799
163828
164781
165493
165898
166057
166144
166173
166036
165889
165833
165970
166132
2.12291e+07
683351
212104
208499
205731
206578
196931
171506
116325
98428.3
99055
103720
111735
121575
132268
143698
156217
170609
187290
203305
212329
215233
215527
209353
171650
123061
116846
118823
124456
131302
137318
142573
147645
152895
158416
164142
170047
176668
185788
198792
207852
208343
200615
164768
134169
132087
133893
138646
144090
148268
151448
154380
157478
160815
164204
167462
170788
175105
182588
193063
197608
196983
186579
156910
141432
141012
142734
146801
151397
154595
156653
158404
160325
162550
164888
167119
169443
172604
178048
186012
191072
190417
180920
158653
145977
145291
147195
151754
156337
159185
160708
161922
163342
165033
166847
169032
172952
180171
186143
185358
175223
157580
149262
149224
152659
158210
162293
164027
164756
165620
167456
171559
178404
181957
179282
168542
154703
149972
150895
156014
162045
166025
168838
173115
180144
181031
173443
158605
151515
151899
161022
176152
180301
173268
161311
156955
159521
168890
172596
170594
165697
163290
163778
166339
167678
167243
165718
164923
165112
165980
166662
166628
166288
165804
165665
165659
165639
165551
165334
165085
164989
164966
164980
165023
165094
165233
165501
165861
166094
166129
166102
166043
165960
165887
165838
165798
165750
165679
165571
165425
165265
165150
165102
165086
165086
165126
165221
165358
165478
165531
165545
165527
165456
165328
165158
165021
164956
164932
164952
164994
165042
165079
165092
165072
165024
164979
164974
164983
165028
165127
165305
165557
165801
165923
165939
165918
165854
165701
165410
164976
164534
164305
164260
164252
164267
164323
164444
164643
164904
165168
165352
165434
165457
165447
165403
165307
165122
164797
164299
163665
163072
162740
162650
162632
162641
162696
162842
163135
163598
164112
164409
164462
164448
164404
164282
164002
163469
162637
161704
161115
160967
160959
160993
161088
161296
161674
162273
163095
164025
164816
165247
165385
165406
165371
165251
164961
164422
163617
162650
161749
161089
160719
160571
160528
160603
160872
161423
162252
163226
164148
164881
165415
165802
166039
166200
166365
166660
167064
167593
167827
2.1232e+07
686055
211838
208389
205426
206181
196371
170824
116305
98774.2
99417.8
104156
112248
122158
132862
144229
156635
170920
187529
203419
212210
214878
215017
208690
170986
122852
116789
118793
124440
131297
137322
142576
147644
152896
158442
164174
170060
176647
185794
198780
207602
207940
199972
164022
133857
131857
133683
138457
143915
148112
151311
154264
157388
160741
164128
167374
170675
174944
182364
192746
197175
196481
185924
156249
140958
140550
142254
146289
150868
154092
156211
158035
160034
162333
164758
167077
169483
172713
178202
186220
191500
190947
181700
159429
146398
145619
147426
151877
156349
159089
160520
161647
163019
164694
166458
168520
172237
179220
185698
185199
175861
158488
149620
149480
152789
158389
162611
164430
165126
165869
167517
171374
177883
181096
178322
167713
154267
149826
150859
156057
162257
166682
170133
174901
181495
180389
171732
156665
150704
152034
162457
177960
179966
172285
160360
157137
160520
169676
172080
169700
165101
163644
164460
166927
167552
166739
165166
164826
165249
166362
166804
166659
166130
165669
165613
165657
165655
165548
165291
165030
164943
164918
164922
164951
165019
165182
165505
165912
166125
166140
166105
166034
165946
165888
165852
165820
165778
165710
165605
165459
165297
165178
165128
165112
165111
165148
165239
165377
165508
165567
165583
165569
165499
165372
165202
165063
164996
164973
164986
165028
165071
165102
165109
165082
165030
164989
164987
165000
165051
165158
165343
165599
165843
165965
165982
165963
165902
165749
165443
164979
164519
164295
164252
164242
164255
164314
164444
164664
164956
165246
165439
165519
165540
165529
165488
165397
165204
164841
164258
163526
162911
162634
162573
162555
162563
162619
162770
163077
163558
164088
164390
164442
164427
164384
164258
163960
163377
162478
161529
160982
160847
160835
160858
160937
161140
161566
162295
163293
164362
165175
165551
165668
165693
165674
165574
165264
164582
163483
162250
161260
160673
160431
160340
160320
160412
160693
161230
162010
162913
163766
164454
164979
165414
165829
166280
166752
167346
167985
168615
168803
2.12352e+07
687604
211372
208086
205271
205943
196026
170300
116397
99239.4
99910
104677
112748
122597
133209
144482
156838
171142
187726
203376
211924
214562
214736
208363
170562
122708
116749
118771
124433
131301
137327
142567
147610
152830
158334
164058
169949
176533
185662
198592
207267
207644
199582
163528
133648
131713
133557
138360
143833
148034
151237
154197
157325
160672
164043
167263
170536
174777
182144
192387
196680
195959
185406
155767
140566
140170
141871
145899
150480
153723
155867
157731
159784
162161
164676
167077
169553
172835
178370
186469
191935
191467
182269
159859
146612
145792
147573
151983
156377
158997
160307
161359
162691
164329
166053
168115
171845
178819
185556
185199
176256
159004
149858
149671
152917
158529
162805
164656
165324
165960
167390
170951
177249
180470
177794
167288
154045
149740
150901
156250
162652
167341
170996
175864
181938
179678
170636
155762
150494
152334
163296
178706
179669
171786
160078
157275
160966
169842
171722
169342
165097
163984
164906
167133
167322
166357
164960
164822
165410
166571
166859
166636
166004
165608
165581
165659
165654
165532
165250
164984
164899
164876
164880
164913
164988
165164
165519
165947
166143
166146
166107
166028
165940
165886
165859
165834
165799
165739
165638
165493
165328
165203
165152
165134
165132
165166
165256
165394
165529
165594
165612
165600
165532
165405
165233
165090
165018
164993
165000
165039
165078
165107
165113
165084
165032
164993
164993
165007
165062
165177
165371
165631
165874
165995
166010
165989
165930
165775
165458
164977
164512
164301
164267
164262
164279
164339
164471
164699
165003
165299
165495
165575
165595
165580
165541
165448
165239
164841
164205
163425
162815
162578
162531
162513
162518
162573
162728
163043
163536
164075
164378
164429
164409
164358
164216
163891
163274
162354
161420
160899
160762
160748
160771
160844
161054
161519
162342
163496
164682
165480
165794
165874
165874
165847
165752
165410
164639
163391
161968
160896
160355
160171
160094
160078
160176
160471
161020
161789
162660
163490
164182
164729
165192
165652
166198
166934
167888
168782
169453
169617
)
;

boundaryField
{
    sides
    {
        type            zeroGradient;
    }
    inlet
    {
        type            fixedValue;
        value           uniform 100000;
    }
    outlet
    {
        type            zeroGradient;
    }
    empty
    {
        type            empty;
    }
}


// ************************************************************************* //
