/*--------------------------------*- C++ -*----------------------------------*\
| =========                 |                                                 |
| \\      /  F ield         | OpenFOAM: The Open Source CFD Toolbox           |
|  \\    /   O peration     | Version:  2306                                  |
|   \\  /    A nd           | Website:  www.openfoam.com                      |
|    \\/     M anipulation  |                                                 |
\*---------------------------------------------------------------------------*/
FoamFile
{
    version     2.0;
    format      ascii;
    arch        "LSB;label=32;scalar=64";
    class       volScalarField;
    location    "0.07";
    object      rho;
}
// * * * * * * * * * * * * * * * * * * * * * * * * * * * * * * * * * * * * * //

dimensions      [1 -3 0 0 0 0 0];

internalField   nonuniform List<scalar> 
6000
(
3.64274
3.64274
3.64274
3.64274
3.64274
3.64274
3.64274
3.64274
3.64274
3.64274
3.64274
3.64274
3.64274
3.64274
3.64274
3.64274
3.64274
3.64274
3.64274
3.64274
3.64274
3.64274
3.64274
3.64274
3.64274
3.64274
3.64274
3.64274
3.64274
3.64274
3.64275
3.64279
3.64288
3.64312
3.64366
3.64478
3.64667
3.64873
3.64955
3.64954
3.6492
3.64812
3.646
3.64282
3.6388
3.63432
3.62967
3.62516
3.62101
3.61731
3.61413
3.61154
3.60952
3.60798
3.60674
3.60578
3.60497
3.60428
3.60369
3.60315
3.60268
3.60227
3.6019
3.60156
3.60126
3.6011
3.60106
3.60106
3.60107
3.60109
3.60113
3.60122
3.60134
3.6015
3.60168
3.60185
3.602
3.60212
3.60221
3.60229
3.60236
3.60242
3.60247
3.60252
3.60255
3.60258
3.60261
3.60263
3.60264
3.60266
3.60268
3.60268
3.60269
3.60268
3.60268
3.60267
3.60264
3.6026
3.60255
3.60249
3.60241
3.60234
3.60226
3.6022
3.60214
3.60209
3.60204
3.60199
3.60196
3.60194
3.60194
3.60194
3.60194
3.60196
3.60198
3.60202
3.60206
3.60212
3.60218
3.60222
3.60226
3.60229
3.60232
3.60234
3.60236
3.60238
3.6024
3.60241
3.60243
3.60244
3.60246
3.60248
3.60251
3.60256
3.60261
3.60265
3.60267
3.60267
3.60266
3.60265
3.60261
3.60255
3.60247
3.60238
3.6023
3.60225
3.60221
3.60218
3.60215
3.60212
3.60209
3.60205
3.602
3.60197
3.60196
3.60196
3.60196
3.60197
3.60198
3.602
3.60203
3.60206
3.60211
3.60215
3.6022
3.60224
3.60228
3.6023
3.60233
3.60235
3.60236
3.60238
3.6024
3.60241
3.60242
3.60243
3.60244
3.60245
3.60246
3.60248
3.60251
3.60256
3.60261
3.60267
3.6027
3.6027
3.60271
3.60269
3.60265
3.60258
3.60249
3.60238
3.60229
3.60222
3.60217
3.60214
3.60212
3.6021
3.60208
3.60206
3.60204
3.60201
3.60197
3.60194
3.60193
3.60193
3.60193
3.60194
3.60195
3.60198
3.60202
3.60207
3.60213
3.60218
3.60224
3.60229
3.60232
3.60234
3.60236
3.60237
3.60239
3.6024
3.6024
3.60241
3.60242
3.60243
3.60245
3.60247
3.6025
3.60254
3.60259
3.60265
3.60272
3.60278
3.6028
3.6028
3.60278
3.60275
3.60269
3.60259
3.60247
3.60235
3.60226
3.6022
3.60217
3.60214
3.60211
3.60208
3.60205
3.60202
3.60198
3.60194
3.6019
3.60186
3.60184
3.60184
3.60184
3.60186
3.60189
3.60192
3.60196
3.60201
3.60207
3.60213
3.60219
3.60223
3.60227
3.6023
3.60232
3.60234
3.60237
3.60239
3.60242
3.60247
3.6025
3.60253
3.60255
3.60258
3.60262
3.60266
3.60272
3.60279
3.60288
3.60293
3.60294
3.60293
3.6029
3.60285
3.60275
3.60261
3.60245
3.60231
3.60222
3.60216
3.60212
3.60208
3.60202
3.60198
3.60194
3.60188
3.64274
3.64274
3.64274
3.64274
3.64274
3.64274
3.64274
3.64274
3.64274
3.64274
3.64274
3.64274
3.64274
3.64274
3.64274
3.64274
3.64274
3.64274
3.64274
3.64274
3.64274
3.64274
3.64274
3.64274
3.64274
3.64274
3.64274
3.64274
3.64274
3.64274
3.64275
3.64279
3.64288
3.64312
3.64366
3.64478
3.64667
3.64873
3.64955
3.64954
3.6492
3.64812
3.646
3.64282
3.63881
3.63431
3.62967
3.62518
3.62101
3.61729
3.61413
3.61156
3.60953
3.60797
3.60673
3.60578
3.60498
3.60428
3.60368
3.60314
3.60268
3.60228
3.6019
3.60155
3.60126
3.6011
3.60106
3.60106
3.60107
3.60109
3.60113
3.60122
3.60134
3.6015
3.60168
3.60185
3.602
3.60212
3.60221
3.60229
3.60236
3.60242
3.60247
3.60252
3.60255
3.60258
3.60261
3.60263
3.60264
3.60266
3.60268
3.60268
3.60269
3.60268
3.60268
3.60267
3.60264
3.6026
3.60255
3.60249
3.60241
3.60234
3.60226
3.6022
3.60214
3.60209
3.60204
3.60199
3.60196
3.60194
3.60194
3.60194
3.60195
3.60196
3.60198
3.60202
3.60206
3.60212
3.60218
3.60222
3.60226
3.60229
3.60232
3.60234
3.60236
3.60238
3.6024
3.60241
3.60243
3.60244
3.60246
3.60248
3.60252
3.60256
3.60261
3.60265
3.60267
3.60267
3.60266
3.60265
3.60261
3.60255
3.60247
3.60238
3.6023
3.60225
3.60221
3.60218
3.60216
3.60212
3.60209
3.60205
3.60201
3.60197
3.60196
3.60196
3.60196
3.60197
3.60198
3.602
3.60202
3.60206
3.60211
3.60215
3.6022
3.60224
3.60228
3.60231
3.60233
3.60235
3.60236
3.60238
3.6024
3.60241
3.60242
3.60243
3.60244
3.60245
3.60246
3.60248
3.60251
3.60256
3.60261
3.60267
3.6027
3.6027
3.60271
3.60269
3.60265
3.60258
3.60249
3.60238
3.60229
3.60222
3.60217
3.60214
3.60212
3.6021
3.60208
3.60206
3.60203
3.60201
3.60197
3.60195
3.60193
3.60193
3.60193
3.60194
3.60195
3.60198
3.60202
3.60207
3.60213
3.60219
3.60224
3.60229
3.60232
3.60234
3.60236
3.60237
3.60239
3.60239
3.6024
3.60241
3.60242
3.60243
3.60245
3.60247
3.6025
3.60254
3.60259
3.60265
3.60272
3.60278
3.6028
3.6028
3.60278
3.60275
3.60269
3.60259
3.60247
3.60235
3.60226
3.6022
3.60216
3.60213
3.60211
3.60208
3.60205
3.60202
3.60198
3.60194
3.6019
3.60186
3.60185
3.60184
3.60185
3.60186
3.60188
3.60192
3.60196
3.60201
3.60207
3.60213
3.60219
3.60223
3.60227
3.6023
3.60233
3.60235
3.60237
3.60239
3.60242
3.60246
3.6025
3.60252
3.60255
3.60258
3.60261
3.60265
3.60271
3.60279
3.60288
3.60294
3.60295
3.60294
3.60291
3.60285
3.60275
3.60261
3.60245
3.60231
3.60222
3.60216
3.60212
3.60207
3.60202
3.60198
3.60194
3.60189
3.64274
3.64274
3.64274
3.64274
3.64274
3.64274
3.64274
3.64274
3.64274
3.64274
3.64274
3.64274
3.64274
3.64274
3.64274
3.64274
3.64274
3.64274
3.64274
3.64274
3.64274
3.64274
3.64274
3.64274
3.64274
3.64274
3.64274
3.64274
3.64274
3.64274
3.64275
3.64279
3.64288
3.64312
3.64366
3.64478
3.64667
3.64873
3.64955
3.64954
3.6492
3.64812
3.646
3.64282
3.63881
3.6343
3.62967
3.62518
3.62101
3.61728
3.61414
3.61155
3.60953
3.60796
3.60674
3.60579
3.60497
3.60428
3.60368
3.60314
3.60269
3.60228
3.6019
3.60155
3.60126
3.6011
3.60107
3.60106
3.60107
3.60108
3.60113
3.60122
3.60134
3.6015
3.60168
3.60185
3.602
3.60212
3.60221
3.60229
3.60236
3.60242
3.60247
3.60252
3.60255
3.60258
3.60261
3.60263
3.60264
3.60266
3.60268
3.60268
3.60269
3.60268
3.60268
3.60267
3.60264
3.6026
3.60255
3.60249
3.60241
3.60234
3.60227
3.6022
3.60214
3.60209
3.60204
3.60199
3.60196
3.60194
3.60194
3.60194
3.60195
3.60196
3.60198
3.60202
3.60207
3.60212
3.60218
3.60222
3.60226
3.60229
3.60232
3.60234
3.60236
3.60238
3.60239
3.60241
3.60243
3.60244
3.60246
3.60249
3.60252
3.60256
3.60261
3.60265
3.60267
3.60267
3.60267
3.60265
3.60261
3.60255
3.60246
3.60238
3.6023
3.60225
3.60221
3.60218
3.60216
3.60212
3.60209
3.60205
3.60201
3.60198
3.60196
3.60196
3.60196
3.60196
3.60198
3.602
3.60202
3.60206
3.6021
3.60215
3.6022
3.60224
3.60228
3.60231
3.60233
3.60235
3.60237
3.60238
3.6024
3.60241
3.60242
3.60243
3.60244
3.60245
3.60246
3.60248
3.60251
3.60256
3.60262
3.60268
3.6027
3.60271
3.60271
3.60269
3.60265
3.60258
3.60249
3.60238
3.60228
3.60222
3.60217
3.60214
3.60212
3.6021
3.60208
3.60206
3.60203
3.60201
3.60197
3.60195
3.60193
3.60193
3.60193
3.60194
3.60195
3.60198
3.60202
3.60207
3.60213
3.60219
3.60224
3.60229
3.60232
3.60235
3.60236
3.60238
3.60239
3.60239
3.6024
3.60241
3.60242
3.60243
3.60245
3.60247
3.6025
3.60254
3.60259
3.60265
3.60272
3.60278
3.6028
3.6028
3.60278
3.60275
3.60269
3.60259
3.60247
3.60235
3.60226
3.6022
3.60216
3.60213
3.60211
3.60208
3.60205
3.60202
3.60198
3.60194
3.6019
3.60187
3.60185
3.60185
3.60185
3.60186
3.60188
3.60191
3.60195
3.60201
3.60207
3.60213
3.60218
3.60223
3.60227
3.6023
3.60233
3.60236
3.60238
3.6024
3.60243
3.60246
3.60249
3.60252
3.60255
3.60258
3.60261
3.60265
3.6027
3.60279
3.60288
3.60294
3.60295
3.60294
3.60292
3.60286
3.60275
3.6026
3.60244
3.60231
3.60221
3.60215
3.60211
3.60206
3.60202
3.60198
3.60194
3.60189
3.64274
3.64274
3.64274
3.64274
3.64274
3.64274
3.64274
3.64274
3.64274
3.64274
3.64274
3.64274
3.64274
3.64274
3.64274
3.64274
3.64274
3.64274
3.64274
3.64274
3.64274
3.64274
3.64274
3.64274
3.64274
3.64274
3.64274
3.64274
3.64274
3.64274
3.64275
3.64279
3.64288
3.64311
3.64366
3.64478
3.64667
3.64873
3.64955
3.64954
3.6492
3.64812
3.646
3.64282
3.63881
3.6343
3.62968
3.62518
3.62101
3.61727
3.61414
3.61155
3.60954
3.60795
3.60674
3.60579
3.60497
3.60429
3.60368
3.60314
3.60269
3.60227
3.6019
3.60155
3.60126
3.6011
3.60106
3.60106
3.60107
3.60108
3.60113
3.60122
3.60134
3.6015
3.60168
3.60185
3.602
3.60212
3.60221
3.60229
3.60236
3.60242
3.60247
3.60252
3.60256
3.60259
3.60261
3.60263
3.60264
3.60266
3.60268
3.60268
3.60269
3.60268
3.60268
3.60266
3.60264
3.6026
3.60255
3.60249
3.60242
3.60234
3.60226
3.6022
3.60214
3.60209
3.60204
3.60199
3.60196
3.60194
3.60194
3.60194
3.60195
3.60196
3.60198
3.60202
3.60207
3.60212
3.60218
3.60222
3.60226
3.60229
3.60232
3.60234
3.60236
3.60238
3.60239
3.60241
3.60243
3.60244
3.60246
3.60249
3.60252
3.60256
3.60261
3.60265
3.60267
3.60267
3.60267
3.60265
3.60261
3.60255
3.60246
3.60237
3.6023
3.60225
3.60221
3.60218
3.60216
3.60212
3.60209
3.60205
3.60201
3.60198
3.60196
3.60196
3.60196
3.60196
3.60197
3.60199
3.60202
3.60206
3.6021
3.60215
3.6022
3.60224
3.60228
3.60231
3.60233
3.60235
3.60237
3.60238
3.6024
3.60241
3.60242
3.60243
3.60244
3.60245
3.60246
3.60248
3.60251
3.60256
3.60262
3.60268
3.60271
3.60271
3.60271
3.60269
3.60265
3.60258
3.60248
3.60238
3.60228
3.60221
3.60217
3.60214
3.60212
3.6021
3.60209
3.60206
3.60204
3.602
3.60197
3.60194
3.60193
3.60193
3.60193
3.60194
3.60195
3.60198
3.60202
3.60207
3.60213
3.60219
3.60224
3.60228
3.60232
3.60234
3.60236
3.60238
3.60239
3.60239
3.6024
3.60241
3.60242
3.60243
3.60245
3.60247
3.6025
3.60254
3.60258
3.60264
3.60272
3.60278
3.6028
3.6028
3.60279
3.60275
3.60269
3.6026
3.60248
3.60236
3.60226
3.60219
3.60215
3.60212
3.6021
3.60208
3.60205
3.60202
3.60198
3.60194
3.6019
3.60187
3.60186
3.60186
3.60186
3.60186
3.60188
3.6019
3.60195
3.602
3.60206
3.60212
3.60218
3.60223
3.60227
3.60231
3.60234
3.60236
3.60239
3.60241
3.60243
3.60246
3.60249
3.60252
3.60254
3.60257
3.6026
3.60264
3.6027
3.60278
3.60288
3.60295
3.60296
3.60295
3.60293
3.60287
3.60276
3.6026
3.60244
3.60231
3.60221
3.60215
3.6021
3.60205
3.60201
3.60198
3.60194
3.60189
3.64274
3.64274
3.64274
3.64274
3.64274
3.64274
3.64274
3.64274
3.64274
3.64274
3.64274
3.64274
3.64274
3.64274
3.64274
3.64274
3.64274
3.64274
3.64274
3.64274
3.64274
3.64274
3.64274
3.64274
3.64274
3.64274
3.64274
3.64274
3.64274
3.64274
3.64275
3.64279
3.64288
3.64311
3.64366
3.64478
3.64667
3.64873
3.64955
3.64954
3.6492
3.64812
3.646
3.64282
3.63881
3.6343
3.62968
3.62518
3.621
3.61728
3.61414
3.61156
3.60954
3.60794
3.60675
3.60578
3.60497
3.60429
3.60367
3.60315
3.60269
3.60227
3.6019
3.60155
3.60126
3.6011
3.60106
3.60106
3.60107
3.60108
3.60113
3.60122
3.60134
3.6015
3.60168
3.60185
3.602
3.60212
3.60222
3.60229
3.60236
3.60242
3.60247
3.60252
3.60256
3.60259
3.60261
3.60263
3.60264
3.60266
3.60268
3.60268
3.60269
3.60268
3.60268
3.60266
3.60264
3.6026
3.60255
3.60249
3.60242
3.60234
3.60226
3.6022
3.60214
3.60209
3.60204
3.60199
3.60196
3.60194
3.60194
3.60194
3.60195
3.60196
3.60198
3.60202
3.60206
3.60212
3.60218
3.60222
3.60226
3.60229
3.60232
3.60234
3.60236
3.60238
3.60239
3.60241
3.60243
3.60244
3.60246
3.60248
3.60252
3.60256
3.60261
3.60265
3.60267
3.60267
3.60267
3.60265
3.60261
3.60255
3.60246
3.60237
3.6023
3.60225
3.60221
3.60218
3.60216
3.60212
3.60209
3.60205
3.60201
3.60198
3.60197
3.60196
3.60196
3.60196
3.60197
3.60199
3.60202
3.60206
3.6021
3.60215
3.6022
3.60224
3.60228
3.60231
3.60234
3.60235
3.60237
3.60238
3.60239
3.60241
3.60242
3.60243
3.60244
3.60245
3.60246
3.60248
3.60251
3.60256
3.60262
3.60268
3.60271
3.60271
3.60271
3.60269
3.60265
3.60258
3.60248
3.60238
3.60228
3.60221
3.60217
3.60214
3.60212
3.60211
3.60209
3.60206
3.60204
3.602
3.60197
3.60194
3.60193
3.60193
3.60193
3.60193
3.60195
3.60198
3.60202
3.60207
3.60214
3.60219
3.60224
3.60228
3.60232
3.60234
3.60236
3.60238
3.60239
3.60239
3.6024
3.60241
3.60242
3.60243
3.60245
3.60248
3.6025
3.60254
3.60258
3.60264
3.60271
3.60278
3.6028
3.6028
3.60279
3.60275
3.60269
3.6026
3.60248
3.60236
3.60226
3.60219
3.60215
3.60212
3.6021
3.60207
3.60205
3.60202
3.60198
3.60194
3.6019
3.60187
3.60186
3.60186
3.60186
3.60187
3.60188
3.6019
3.60194
3.602
3.60206
3.60212
3.60218
3.60222
3.60227
3.60231
3.60234
3.60237
3.6024
3.60242
3.60244
3.60246
3.60249
3.60251
3.60254
3.60256
3.60259
3.60264
3.6027
3.60278
3.60288
3.60295
3.60297
3.60296
3.60294
3.60287
3.60276
3.6026
3.60244
3.6023
3.60221
3.60214
3.60209
3.60205
3.60202
3.60198
3.60195
3.60189
3.64274
3.64274
3.64274
3.64274
3.64274
3.64274
3.64274
3.64274
3.64274
3.64274
3.64274
3.64274
3.64274
3.64274
3.64274
3.64274
3.64274
3.64274
3.64274
3.64274
3.64274
3.64274
3.64274
3.64274
3.64274
3.64274
3.64274
3.64274
3.64274
3.64274
3.64275
3.64279
3.64288
3.64311
3.64366
3.64478
3.64667
3.64873
3.64955
3.64954
3.6492
3.64812
3.646
3.64282
3.6388
3.6343
3.62968
3.62519
3.62099
3.61729
3.61414
3.61156
3.60953
3.60794
3.60676
3.60577
3.60498
3.60429
3.60367
3.60315
3.60269
3.60227
3.6019
3.60155
3.60126
3.6011
3.60106
3.60106
3.60107
3.60109
3.60113
3.60122
3.60134
3.6015
3.60168
3.60185
3.602
3.60212
3.60222
3.60229
3.60236
3.60242
3.60247
3.60252
3.60256
3.60259
3.60261
3.60263
3.60264
3.60266
3.60268
3.60268
3.60268
3.60268
3.60268
3.60266
3.60264
3.60261
3.60255
3.60249
3.60242
3.60234
3.60226
3.6022
3.60214
3.60209
3.60204
3.60199
3.60195
3.60194
3.60194
3.60194
3.60195
3.60196
3.60198
3.60202
3.60206
3.60212
3.60218
3.60223
3.60226
3.60229
3.60232
3.60234
3.60236
3.60238
3.6024
3.60241
3.60243
3.60244
3.60246
3.60248
3.60251
3.60256
3.60261
3.60265
3.60267
3.60267
3.60267
3.60265
3.60261
3.60255
3.60246
3.60238
3.6023
3.60224
3.60221
3.60218
3.60216
3.60213
3.60209
3.60205
3.60201
3.60198
3.60197
3.60196
3.60196
3.60196
3.60197
3.60199
3.60202
3.60206
3.6021
3.60215
3.6022
3.60224
3.60228
3.60231
3.60234
3.60236
3.60237
3.60238
3.60239
3.6024
3.60241
3.60242
3.60244
3.60245
3.60246
3.60248
3.60251
3.60256
3.60262
3.60268
3.60271
3.60271
3.60271
3.60269
3.60265
3.60257
3.60248
3.60237
3.60228
3.60221
3.60217
3.60215
3.60213
3.60211
3.60209
3.60207
3.60204
3.602
3.60197
3.60194
3.60193
3.60193
3.60193
3.60193
3.60195
3.60198
3.60202
3.60208
3.60214
3.6022
3.60224
3.60228
3.60231
3.60234
3.60236
3.60238
3.60239
3.60239
3.6024
3.60241
3.60242
3.60244
3.60246
3.60248
3.60251
3.60254
3.60258
3.60264
3.60271
3.60277
3.60279
3.60279
3.60278
3.60276
3.6027
3.6026
3.60248
3.60236
3.60227
3.6022
3.60215
3.60212
3.60209
3.60207
3.60204
3.60202
3.60198
3.60194
3.60191
3.60188
3.60186
3.60186
3.60187
3.60187
3.60188
3.6019
3.60194
3.60199
3.60205
3.60211
3.60217
3.60222
3.60227
3.60231
3.60235
3.60238
3.6024
3.60242
3.60244
3.60246
3.60248
3.60251
3.60253
3.60256
3.60259
3.60264
3.6027
3.60279
3.60289
3.60296
3.60297
3.60296
3.60294
3.60287
3.60276
3.6026
3.60244
3.6023
3.6022
3.60214
3.60209
3.60205
3.60202
3.60199
3.60195
3.6019
3.64274
3.64274
3.64274
3.64274
3.64274
3.64274
3.64274
3.64274
3.64274
3.64274
3.64274
3.64274
3.64274
3.64274
3.64274
3.64274
3.64274
3.64274
3.64274
3.64274
3.64274
3.64274
3.64274
3.64274
3.64274
3.64274
3.64274
3.64274
3.64274
3.64274
3.64275
3.64279
3.64288
3.64311
3.64366
3.64478
3.64667
3.64873
3.64955
3.64954
3.6492
3.64812
3.646
3.64282
3.6388
3.63431
3.62968
3.62518
3.62098
3.6173
3.61413
3.61157
3.60951
3.60795
3.60676
3.60577
3.60498
3.60428
3.60367
3.60316
3.60268
3.60228
3.6019
3.60155
3.60126
3.6011
3.60106
3.60106
3.60107
3.60109
3.60113
3.60122
3.60134
3.6015
3.60168
3.60185
3.602
3.60212
3.60222
3.60229
3.60236
3.60242
3.60247
3.60252
3.60256
3.60259
3.60261
3.60262
3.60264
3.60266
3.60268
3.60268
3.60268
3.60268
3.60268
3.60266
3.60264
3.60261
3.60256
3.60249
3.60242
3.60234
3.60226
3.6022
3.60214
3.60209
3.60204
3.60199
3.60195
3.60194
3.60194
3.60194
3.60195
3.60196
3.60198
3.60202
3.60206
3.60212
3.60217
3.60223
3.60226
3.60229
3.60232
3.60234
3.60236
3.60238
3.6024
3.60241
3.60243
3.60244
3.60246
3.60248
3.60251
3.60256
3.60261
3.60265
3.60267
3.60267
3.60267
3.60265
3.60261
3.60255
3.60247
3.60238
3.6023
3.60224
3.60221
3.60218
3.60215
3.60212
3.60209
3.60205
3.60201
3.60198
3.60197
3.60196
3.60196
3.60197
3.60197
3.60199
3.60202
3.60206
3.6021
3.60215
3.6022
3.60224
3.60228
3.60231
3.60234
3.60236
3.60237
3.60238
3.60239
3.6024
3.60241
3.60242
3.60243
3.60245
3.60246
3.60248
3.60252
3.60256
3.60262
3.60268
3.60271
3.60271
3.60271
3.60269
3.60264
3.60257
3.60248
3.60237
3.60228
3.60221
3.60217
3.60215
3.60213
3.60211
3.60209
3.60207
3.60204
3.602
3.60197
3.60194
3.60192
3.60192
3.60193
3.60194
3.60195
3.60198
3.60202
3.60208
3.60214
3.6022
3.60225
3.60228
3.60231
3.60234
3.60235
3.60237
3.60238
3.60239
3.6024
3.60241
3.60242
3.60244
3.60246
3.60248
3.60251
3.60254
3.60258
3.60264
3.60271
3.60277
3.60279
3.60279
3.60278
3.60276
3.6027
3.60261
3.60249
3.60237
3.60227
3.6022
3.60215
3.60212
3.60209
3.60207
3.60204
3.60201
3.60198
3.60194
3.60191
3.60188
3.60187
3.60187
3.60187
3.60187
3.60188
3.6019
3.60194
3.60199
3.60205
3.60211
3.60217
3.60222
3.60227
3.60232
3.60235
3.60238
3.6024
3.60242
3.60244
3.60246
3.60248
3.6025
3.60253
3.60256
3.60259
3.60264
3.6027
3.60279
3.6029
3.60296
3.60297
3.60296
3.60293
3.60287
3.60275
3.6026
3.60243
3.60229
3.60219
3.60213
3.60209
3.60206
3.60203
3.602
3.60197
3.60191
3.64274
3.64274
3.64274
3.64274
3.64274
3.64274
3.64274
3.64274
3.64274
3.64274
3.64274
3.64274
3.64274
3.64274
3.64274
3.64274
3.64274
3.64274
3.64274
3.64274
3.64274
3.64274
3.64274
3.64274
3.64274
3.64274
3.64274
3.64274
3.64274
3.64274
3.64275
3.64279
3.64288
3.64311
3.64366
3.64478
3.64667
3.64873
3.64955
3.64954
3.6492
3.64812
3.646
3.64282
3.6388
3.63431
3.62968
3.62518
3.62098
3.6173
3.61413
3.61157
3.60951
3.60797
3.60675
3.60577
3.60498
3.60428
3.60368
3.60316
3.60268
3.60228
3.6019
3.60155
3.60126
3.6011
3.60106
3.60106
3.60107
3.60109
3.60113
3.60122
3.60134
3.6015
3.60168
3.60185
3.602
3.60212
3.60221
3.60229
3.60236
3.60242
3.60248
3.60252
3.60256
3.60259
3.60261
3.60262
3.60264
3.60266
3.60268
3.60268
3.60268
3.60268
3.60268
3.60267
3.60264
3.60261
3.60256
3.60249
3.60241
3.60234
3.60226
3.6022
3.60214
3.60209
3.60204
3.60199
3.60195
3.60194
3.60194
3.60194
3.60195
3.60196
3.60198
3.60202
3.60206
3.60212
3.60217
3.60222
3.60226
3.60229
3.60232
3.60234
3.60236
3.60238
3.6024
3.60241
3.60243
3.60244
3.60246
3.60248
3.60251
3.60255
3.60261
3.60265
3.60267
3.60267
3.60267
3.60265
3.60261
3.60255
3.60247
3.60238
3.6023
3.60224
3.60221
3.60218
3.60215
3.60212
3.60209
3.60205
3.60201
3.60198
3.60197
3.60196
3.60196
3.60197
3.60197
3.60199
3.60202
3.60206
3.6021
3.60215
3.6022
3.60224
3.60228
3.60231
3.60234
3.60235
3.60237
3.60238
3.60239
3.6024
3.60241
3.60242
3.60243
3.60245
3.60246
3.60249
3.60252
3.60256
3.60262
3.60268
3.60271
3.60271
3.60271
3.60269
3.60264
3.60257
3.60247
3.60237
3.60228
3.60222
3.60218
3.60215
3.60213
3.60211
3.60209
3.60207
3.60204
3.602
3.60196
3.60193
3.60192
3.60192
3.60193
3.60194
3.60196
3.60199
3.60203
3.60208
3.60214
3.6022
3.60225
3.60228
3.60231
3.60233
3.60235
3.60237
3.60238
3.60239
3.6024
3.60241
3.60243
3.60245
3.60246
3.60248
3.60251
3.60254
3.60258
3.60263
3.6027
3.60276
3.60278
3.60278
3.60278
3.60276
3.6027
3.60261
3.60249
3.60237
3.60227
3.6022
3.60216
3.60212
3.60209
3.60206
3.60204
3.60201
3.60197
3.60194
3.60191
3.60188
3.60187
3.60187
3.60187
3.60187
3.60188
3.6019
3.60194
3.60199
3.60205
3.60211
3.60217
3.60222
3.60227
3.60232
3.60235
3.60238
3.6024
3.60242
3.60244
3.60246
3.60248
3.6025
3.60253
3.60256
3.60259
3.60264
3.60271
3.6028
3.6029
3.60296
3.60297
3.60296
3.60293
3.60286
3.60275
3.60259
3.60242
3.60228
3.60219
3.60213
3.6021
3.60207
3.60205
3.60201
3.60198
3.60191
3.64274
3.64274
3.64274
3.64274
3.64274
3.64274
3.64274
3.64274
3.64274
3.64274
3.64274
3.64274
3.64274
3.64274
3.64274
3.64274
3.64274
3.64274
3.64274
3.64274
3.64274
3.64274
3.64274
3.64274
3.64274
3.64274
3.64274
3.64274
3.64274
3.64274
3.64275
3.64279
3.64288
3.64311
3.64366
3.64478
3.64667
3.64873
3.64955
3.64954
3.6492
3.64812
3.646
3.64282
3.6388
3.63431
3.62968
3.62517
3.621
3.6173
3.61414
3.61156
3.60951
3.60797
3.60674
3.60578
3.60498
3.60427
3.60368
3.60315
3.60268
3.60228
3.6019
3.60155
3.60126
3.6011
3.60106
3.60106
3.60107
3.60109
3.60113
3.60122
3.60134
3.6015
3.60168
3.60185
3.602
3.60212
3.60221
3.60229
3.60236
3.60242
3.60248
3.60252
3.60256
3.60258
3.6026
3.60262
3.60264
3.60266
3.60268
3.60268
3.60268
3.60268
3.60268
3.60267
3.60264
3.60261
3.60256
3.60249
3.60241
3.60234
3.60226
3.6022
3.60214
3.60209
3.60204
3.60199
3.60196
3.60194
3.60194
3.60194
3.60195
3.60196
3.60198
3.60202
3.60206
3.60212
3.60217
3.60222
3.60226
3.60229
3.60232
3.60234
3.60236
3.60238
3.6024
3.60241
3.60243
3.60244
3.60246
3.60248
3.60251
3.60255
3.6026
3.60265
3.60267
3.60267
3.60267
3.60265
3.60261
3.60255
3.60247
3.60238
3.6023
3.60225
3.60221
3.60218
3.60215
3.60212
3.60209
3.60205
3.60201
3.60198
3.60197
3.60196
3.60196
3.60197
3.60198
3.60199
3.60202
3.60206
3.6021
3.60215
3.6022
3.60224
3.60228
3.60231
3.60234
3.60235
3.60237
3.60238
3.6024
3.6024
3.60241
3.60242
3.60243
3.60245
3.60246
3.60249
3.60252
3.60256
3.60262
3.60268
3.60271
3.60271
3.6027
3.60269
3.60264
3.60257
3.60247
3.60237
3.60228
3.60222
3.60218
3.60216
3.60213
3.60211
3.60209
3.60206
3.60204
3.602
3.60196
3.60193
3.60192
3.60192
3.60192
3.60194
3.60196
3.60199
3.60203
3.60208
3.60214
3.6022
3.60225
3.60228
3.60231
3.60233
3.60235
3.60236
3.60237
3.60238
3.6024
3.60242
3.60243
3.60245
3.60247
3.60249
3.60251
3.60254
3.60258
3.60263
3.6027
3.60276
3.60278
3.60278
3.60278
3.60276
3.6027
3.60261
3.60249
3.60237
3.60227
3.6022
3.60216
3.60212
3.60209
3.60206
3.60203
3.602
3.60197
3.60194
3.60191
3.60188
3.60187
3.60187
3.60187
3.60187
3.60188
3.6019
3.60194
3.60199
3.60205
3.60211
3.60217
3.60222
3.60227
3.60232
3.60235
3.60238
3.6024
3.60242
3.60244
3.60245
3.60247
3.6025
3.60252
3.60255
3.60259
3.60265
3.60272
3.60281
3.6029
3.60296
3.60297
3.60296
3.60293
3.60286
3.60274
3.60258
3.60241
3.60227
3.60219
3.60213
3.6021
3.60208
3.60206
3.60202
3.60199
3.60192
3.64274
3.64274
3.64274
3.64274
3.64274
3.64274
3.64274
3.64274
3.64274
3.64274
3.64274
3.64274
3.64274
3.64274
3.64274
3.64274
3.64274
3.64274
3.64274
3.64274
3.64274
3.64274
3.64274
3.64274
3.64274
3.64274
3.64274
3.64274
3.64274
3.64274
3.64275
3.64279
3.64288
3.64311
3.64366
3.64478
3.64667
3.64873
3.64955
3.64954
3.6492
3.64812
3.646
3.64282
3.6388
3.63431
3.62968
3.62516
3.62101
3.61729
3.61415
3.61154
3.60952
3.60797
3.60674
3.60578
3.60497
3.60428
3.60369
3.60315
3.60269
3.60228
3.60189
3.60155
3.60126
3.6011
3.60106
3.60106
3.60107
3.60109
3.60113
3.60122
3.60134
3.6015
3.60168
3.60185
3.602
3.60212
3.60221
3.60229
3.60236
3.60242
3.60248
3.60252
3.60256
3.60258
3.60261
3.60263
3.60264
3.60266
3.60268
3.60268
3.60268
3.60268
3.60268
3.60267
3.60265
3.60261
3.60255
3.60249
3.60241
3.60234
3.60226
3.6022
3.60214
3.60209
3.60204
3.60199
3.60196
3.60194
3.60194
3.60194
3.60195
3.60196
3.60198
3.60202
3.60206
3.60212
3.60217
3.60222
3.60226
3.60229
3.60232
3.60234
3.60236
3.60238
3.6024
3.60241
3.60243
3.60244
3.60246
3.60248
3.60251
3.60255
3.6026
3.60265
3.60267
3.60267
3.60267
3.60265
3.60261
3.60255
3.60247
3.60238
3.6023
3.60225
3.60221
3.60218
3.60215
3.60212
3.60209
3.60205
3.60201
3.60198
3.60197
3.60196
3.60196
3.60197
3.60198
3.60199
3.60202
3.60205
3.6021
3.60215
3.6022
3.60224
3.60228
3.60231
3.60233
3.60235
3.60237
3.60238
3.6024
3.60241
3.60241
3.60242
3.60243
3.60245
3.60246
3.60249
3.60252
3.60256
3.60262
3.60268
3.60271
3.60271
3.6027
3.60269
3.60264
3.60257
3.60247
3.60237
3.60228
3.60222
3.60218
3.60216
3.60214
3.60211
3.60209
3.60206
3.60203
3.602
3.60196
3.60193
3.60192
3.60192
3.60192
3.60194
3.60196
3.60199
3.60203
3.60208
3.60214
3.6022
3.60225
3.60228
3.60231
3.60233
3.60235
3.60236
3.60237
3.60238
3.60241
3.60242
3.60244
3.60245
3.60247
3.60249
3.60251
3.60254
3.60258
3.60263
3.6027
3.60276
3.60278
3.60278
3.60278
3.60276
3.60271
3.60261
3.60249
3.60237
3.60227
3.6022
3.60216
3.60212
3.60209
3.60206
3.60203
3.602
3.60197
3.60194
3.60191
3.60188
3.60187
3.60186
3.60187
3.60187
3.60188
3.6019
3.60194
3.60199
3.60205
3.60211
3.60217
3.60222
3.60228
3.60232
3.60235
3.60238
3.6024
3.60242
3.60243
3.60245
3.60247
3.6025
3.60252
3.60255
3.6026
3.60266
3.60272
3.60281
3.60291
3.60296
3.60297
3.60296
3.60293
3.60286
3.60274
3.60258
3.6024
3.60227
3.60218
3.60214
3.60211
3.60209
3.60206
3.60202
3.60199
3.60193
3.64274
3.64274
3.64274
3.64274
3.64274
3.64274
3.64274
3.64274
3.64274
3.64274
3.64274
3.64274
3.64274
3.64274
3.64274
3.64274
3.64274
3.64274
3.64274
3.64274
3.64274
3.64274
3.64274
3.64274
3.64274
3.64274
3.64274
3.64274
3.64274
3.64274
3.64275
3.64279
3.64288
3.64311
3.64366
3.64478
3.64667
3.64873
3.64955
3.64954
3.6492
3.64812
3.646
3.64282
3.6388
3.63432
3.62968
3.62516
3.62101
3.6173
3.61415
3.61153
3.60953
3.60796
3.60675
3.60578
3.60496
3.60429
3.60368
3.60315
3.60269
3.60227
3.6019
3.60155
3.60126
3.6011
3.60106
3.60106
3.60107
3.60109
3.60113
3.60122
3.60134
3.6015
3.60168
3.60185
3.602
3.60211
3.60221
3.60229
3.60236
3.60242
3.60248
3.60252
3.60255
3.60258
3.60261
3.60263
3.60264
3.60266
3.60267
3.60268
3.60268
3.60268
3.60268
3.60267
3.60265
3.60261
3.60255
3.60249
3.60241
3.60234
3.60227
3.6022
3.60214
3.60208
3.60204
3.60199
3.60196
3.60195
3.60194
3.60194
3.60195
3.60196
3.60198
3.60202
3.60207
3.60212
3.60217
3.60222
3.60226
3.60229
3.60232
3.60234
3.60236
3.60238
3.6024
3.60241
3.60243
3.60244
3.60246
3.60248
3.60251
3.60255
3.6026
3.60265
3.60267
3.60268
3.60267
3.60265
3.60261
3.60255
3.60246
3.60238
3.6023
3.60225
3.60221
3.60217
3.60215
3.60212
3.60209
3.60205
3.60201
3.60198
3.60197
3.60196
3.60196
3.60197
3.60198
3.60199
3.60202
3.60205
3.6021
3.60215
3.6022
3.60224
3.60228
3.60231
3.60234
3.60235
3.60237
3.60238
3.6024
3.60241
3.60242
3.60242
3.60243
3.60245
3.60246
3.60249
3.60252
3.60256
3.60262
3.60268
3.60271
3.60271
3.6027
3.60269
3.60264
3.60257
3.60247
3.60237
3.60228
3.60222
3.60218
3.60216
3.60214
3.60211
3.60209
3.60206
3.60203
3.602
3.60196
3.60193
3.60192
3.60192
3.60192
3.60194
3.60196
3.60199
3.60203
3.60208
3.60214
3.6022
3.60225
3.60228
3.60231
3.60233
3.60235
3.60236
3.60237
3.60238
3.60241
3.60243
3.60244
3.60245
3.60247
3.60249
3.60251
3.60254
3.60258
3.60263
3.6027
3.60276
3.60278
3.60278
3.60278
3.60276
3.60271
3.60261
3.60249
3.60237
3.60227
3.6022
3.60216
3.60212
3.60209
3.60206
3.60203
3.602
3.60197
3.60194
3.60191
3.60188
3.60187
3.60186
3.60186
3.60187
3.60188
3.6019
3.60194
3.60199
3.60205
3.60211
3.60217
3.60223
3.60228
3.60232
3.60235
3.60238
3.6024
3.60242
3.60243
3.60245
3.60247
3.60249
3.60252
3.60255
3.6026
3.60266
3.60273
3.60281
3.60291
3.60297
3.60297
3.60296
3.60293
3.60285
3.60273
3.60257
3.6024
3.60227
3.60218
3.60214
3.60211
3.60209
3.60206
3.60202
3.60199
3.60193
3.64274
3.64274
3.64274
3.64274
3.64274
3.64274
3.64274
3.64274
3.64274
3.64274
3.64274
3.64274
3.64274
3.64274
3.64274
3.64274
3.64274
3.64274
3.64274
3.64274
3.64274
3.64274
3.64274
3.64274
3.64274
3.64274
3.64274
3.64274
3.64274
3.64274
3.64275
3.64279
3.64288
3.64311
3.64366
3.64478
3.64667
3.64873
3.64955
3.64954
3.6492
3.64812
3.646
3.64281
3.63881
3.63432
3.62967
3.62516
3.62101
3.6173
3.61413
3.61154
3.60954
3.60795
3.60675
3.60578
3.60496
3.60429
3.60368
3.60315
3.60269
3.60227
3.6019
3.60155
3.60126
3.6011
3.60106
3.60106
3.60107
3.60108
3.60113
3.60122
3.60134
3.6015
3.60168
3.60185
3.602
3.60211
3.60221
3.60229
3.60236
3.60242
3.60247
3.60252
3.60256
3.60259
3.60261
3.60263
3.60264
3.60266
3.60267
3.60268
3.60268
3.60269
3.60268
3.60267
3.60264
3.6026
3.60255
3.60249
3.60241
3.60234
3.60227
3.6022
3.60214
3.60208
3.60204
3.60199
3.60196
3.60195
3.60194
3.60194
3.60194
3.60196
3.60198
3.60202
3.60207
3.60212
3.60217
3.60222
3.60226
3.60229
3.60232
3.60234
3.60236
3.60238
3.6024
3.60241
3.60243
3.60244
3.60246
3.60248
3.60251
3.60255
3.6026
3.60265
3.60267
3.60268
3.60267
3.60265
3.60261
3.60255
3.60246
3.60238
3.6023
3.60225
3.60221
3.60217
3.60215
3.60212
3.60209
3.60205
3.60201
3.60198
3.60197
3.60196
3.60196
3.60197
3.60198
3.60199
3.60202
3.60205
3.6021
3.60215
3.6022
3.60225
3.60229
3.60231
3.60234
3.60235
3.60237
3.60238
3.6024
3.60241
3.60242
3.60242
3.60243
3.60244
3.60246
3.60249
3.60252
3.60256
3.60262
3.60268
3.60271
3.60271
3.6027
3.60269
3.60264
3.60257
3.60248
3.60237
3.60228
3.60222
3.60218
3.60216
3.60213
3.60211
3.60209
3.60206
3.60203
3.602
3.60196
3.60193
3.60192
3.60192
3.60193
3.60194
3.60195
3.60199
3.60203
3.60209
3.60214
3.6022
3.60224
3.60228
3.60231
3.60233
3.60235
3.60236
3.60237
3.60239
3.60241
3.60242
3.60244
3.60245
3.60247
3.60249
3.60251
3.60253
3.60257
3.60263
3.6027
3.60276
3.60278
3.60279
3.60279
3.60276
3.6027
3.60261
3.60249
3.60237
3.60227
3.6022
3.60215
3.60212
3.60209
3.60207
3.60204
3.60201
3.60198
3.60195
3.60191
3.60188
3.60187
3.60186
3.60186
3.60187
3.60187
3.6019
3.60194
3.60199
3.60205
3.60211
3.60217
3.60224
3.60229
3.60232
3.60235
3.60238
3.6024
3.60242
3.60243
3.60245
3.60247
3.60249
3.60252
3.60255
3.60259
3.60265
3.60273
3.60281
3.60291
3.60297
3.60297
3.60296
3.60293
3.60285
3.60273
3.60257
3.6024
3.60227
3.60219
3.60214
3.60211
3.60209
3.60206
3.60202
3.60199
3.60193
3.64274
3.64274
3.64274
3.64274
3.64274
3.64274
3.64274
3.64274
3.64274
3.64274
3.64274
3.64274
3.64274
3.64274
3.64274
3.64274
3.64274
3.64274
3.64274
3.64274
3.64274
3.64274
3.64274
3.64274
3.64274
3.64274
3.64274
3.64274
3.64274
3.64274
3.64275
3.64279
3.64288
3.64311
3.64366
3.64478
3.64667
3.64873
3.64955
3.64954
3.6492
3.64812
3.646
3.64281
3.63881
3.63432
3.62966
3.62517
3.62101
3.61731
3.61412
3.61156
3.60953
3.60796
3.60675
3.60577
3.60497
3.60429
3.60367
3.60315
3.60269
3.60227
3.6019
3.60155
3.60126
3.6011
3.60106
3.60106
3.60106
3.60109
3.60114
3.60122
3.60134
3.6015
3.60168
3.60185
3.602
3.60212
3.60222
3.60229
3.60236
3.60242
3.60247
3.60252
3.60256
3.60259
3.60261
3.60263
3.60264
3.60266
3.60267
3.60268
3.60269
3.60269
3.60268
3.60267
3.60264
3.6026
3.60255
3.60249
3.60241
3.60234
3.60227
3.6022
3.60214
3.60208
3.60204
3.60199
3.60196
3.60195
3.60194
3.60194
3.60195
3.60196
3.60198
3.60202
3.60207
3.60212
3.60217
3.60222
3.60226
3.60229
3.60232
3.60234
3.60236
3.60238
3.6024
3.60241
3.60243
3.60244
3.60246
3.60248
3.60251
3.60255
3.6026
3.60265
3.60267
3.60268
3.60267
3.60265
3.60261
3.60255
3.60246
3.60238
3.6023
3.60225
3.60221
3.60217
3.60215
3.60212
3.60209
3.60205
3.60201
3.60198
3.60197
3.60196
3.60196
3.60197
3.60198
3.60199
3.60202
3.60205
3.6021
3.60215
3.6022
3.60225
3.60228
3.60231
3.60234
3.60235
3.60237
3.60238
3.6024
3.60241
3.60241
3.60242
3.60243
3.60244
3.60246
3.60249
3.60252
3.60256
3.60262
3.60268
3.60271
3.60271
3.6027
3.60269
3.60264
3.60257
3.60248
3.60237
3.60228
3.60222
3.60218
3.60215
3.60213
3.60211
3.60209
3.60206
3.60203
3.602
3.60196
3.60194
3.60193
3.60193
3.60193
3.60194
3.60195
3.60198
3.60203
3.60208
3.60214
3.6022
3.60224
3.60228
3.60231
3.60233
3.60235
3.60237
3.60238
3.60239
3.60241
3.60242
3.60243
3.60245
3.60246
3.60248
3.6025
3.60253
3.60257
3.60263
3.6027
3.60277
3.60279
3.60279
3.60279
3.60276
3.6027
3.60261
3.60249
3.60236
3.60226
3.60219
3.60215
3.60212
3.60209
3.60207
3.60204
3.60202
3.60198
3.60195
3.60191
3.60188
3.60187
3.60186
3.60186
3.60186
3.60187
3.60189
3.60193
3.60199
3.60205
3.60211
3.60218
3.60224
3.60229
3.60232
3.60235
3.60238
3.6024
3.60241
3.60243
3.60245
3.60247
3.6025
3.60252
3.60255
3.60259
3.60265
3.60272
3.60281
3.60291
3.60297
3.60297
3.60296
3.60293
3.60286
3.60274
3.60258
3.60241
3.60228
3.60219
3.60214
3.60211
3.60208
3.60205
3.60201
3.60198
3.60192
3.64274
3.64274
3.64274
3.64274
3.64274
3.64274
3.64274
3.64274
3.64274
3.64274
3.64274
3.64274
3.64274
3.64274
3.64274
3.64274
3.64274
3.64274
3.64274
3.64274
3.64274
3.64274
3.64274
3.64274
3.64274
3.64274
3.64274
3.64274
3.64274
3.64274
3.64275
3.64279
3.64288
3.64311
3.64366
3.64478
3.64667
3.64873
3.64955
3.64954
3.6492
3.64812
3.646
3.64282
3.63881
3.63432
3.62966
3.62518
3.621
3.61731
3.61411
3.61157
3.60952
3.60796
3.60675
3.60576
3.60498
3.60429
3.60367
3.60315
3.60268
3.60227
3.6019
3.60155
3.60126
3.6011
3.60106
3.60106
3.60106
3.60109
3.60114
3.60122
3.60134
3.6015
3.60168
3.60185
3.602
3.60212
3.60221
3.60229
3.60236
3.60242
3.60248
3.60252
3.60256
3.60259
3.60261
3.60262
3.60264
3.60266
3.60268
3.60268
3.60269
3.60268
3.60268
3.60267
3.60264
3.60261
3.60255
3.60249
3.60242
3.60234
3.60226
3.6022
3.60214
3.60209
3.60204
3.60199
3.60196
3.60194
3.60194
3.60194
3.60195
3.60196
3.60198
3.60202
3.60207
3.60212
3.60217
3.60222
3.60226
3.60229
3.60232
3.60234
3.60236
3.60238
3.6024
3.60241
3.60243
3.60244
3.60246
3.60248
3.60251
3.60255
3.6026
3.60265
3.60267
3.60267
3.60267
3.60265
3.60261
3.60255
3.60247
3.60238
3.6023
3.60225
3.6022
3.60218
3.60215
3.60212
3.60209
3.60205
3.60201
3.60198
3.60197
3.60196
3.60196
3.60197
3.60197
3.60199
3.60201
3.60205
3.6021
3.60215
3.6022
3.60225
3.60228
3.60231
3.60234
3.60236
3.60237
3.60239
3.6024
3.6024
3.60241
3.60242
3.60243
3.60245
3.60246
3.60249
3.60252
3.60256
3.60262
3.60268
3.60271
3.60271
3.60271
3.60269
3.60264
3.60257
3.60248
3.60237
3.60228
3.60222
3.60217
3.60215
3.60213
3.60211
3.60209
3.60206
3.60203
3.602
3.60196
3.60194
3.60193
3.60193
3.60193
3.60194
3.60195
3.60198
3.60202
3.60208
3.60214
3.6022
3.60224
3.60228
3.60231
3.60233
3.60235
3.60237
3.60239
3.6024
3.60241
3.60242
3.60243
3.60244
3.60246
3.60248
3.6025
3.60253
3.60257
3.60263
3.6027
3.60277
3.60279
3.6028
3.60279
3.60276
3.6027
3.60261
3.60248
3.60236
3.60226
3.60219
3.60214
3.60212
3.60209
3.60207
3.60205
3.60202
3.60199
3.60195
3.60191
3.60188
3.60187
3.60186
3.60186
3.60186
3.60187
3.60189
3.60193
3.60199
3.60205
3.60211
3.60218
3.60224
3.60228
3.60232
3.60235
3.60237
3.60239
3.60241
3.60243
3.60245
3.60248
3.6025
3.60253
3.60256
3.60259
3.60264
3.60271
3.6028
3.6029
3.60296
3.60297
3.60296
3.60293
3.60286
3.60274
3.60258
3.60242
3.60228
3.6022
3.60214
3.60211
3.60207
3.60204
3.602
3.60197
3.60191
3.64274
3.64274
3.64274
3.64274
3.64274
3.64274
3.64274
3.64274
3.64274
3.64274
3.64274
3.64274
3.64274
3.64274
3.64274
3.64274
3.64274
3.64274
3.64274
3.64274
3.64274
3.64274
3.64274
3.64274
3.64274
3.64274
3.64274
3.64274
3.64274
3.64274
3.64275
3.64279
3.64288
3.64311
3.64366
3.64478
3.64667
3.64873
3.64955
3.64954
3.6492
3.64812
3.646
3.64282
3.63881
3.63431
3.62967
3.62518
3.621
3.6173
3.61412
3.61157
3.60951
3.60797
3.60675
3.60576
3.60498
3.60428
3.60368
3.60316
3.60268
3.60227
3.6019
3.60155
3.60126
3.6011
3.60106
3.60106
3.60107
3.60109
3.60113
3.60122
3.60134
3.6015
3.60168
3.60185
3.602
3.60212
3.60221
3.60229
3.60236
3.60242
3.60248
3.60253
3.60256
3.60259
3.60261
3.60262
3.60264
3.60266
3.60268
3.60269
3.60268
3.60268
3.60268
3.60266
3.60264
3.60261
3.60256
3.60249
3.60241
3.60234
3.60226
3.6022
3.60214
3.60209
3.60204
3.60199
3.60196
3.60194
3.60194
3.60194
3.60195
3.60196
3.60198
3.60202
3.60206
3.60212
3.60217
3.60222
3.60226
3.60229
3.60232
3.60234
3.60236
3.60238
3.6024
3.60241
3.60243
3.60244
3.60246
3.60248
3.60251
3.60255
3.60261
3.60266
3.60267
3.60267
3.60267
3.60265
3.60261
3.60255
3.60247
3.60238
3.6023
3.60224
3.6022
3.60218
3.60215
3.60212
3.60209
3.60205
3.60201
3.60198
3.60197
3.60196
3.60197
3.60197
3.60197
3.60199
3.60201
3.60205
3.6021
3.60215
3.6022
3.60225
3.60228
3.60231
3.60234
3.60236
3.60237
3.60239
3.6024
3.6024
3.60241
3.60242
3.60243
3.60245
3.60247
3.60249
3.60252
3.60256
3.60262
3.60268
3.60271
3.60271
3.60271
3.60269
3.60264
3.60257
3.60248
3.60237
3.60228
3.60222
3.60217
3.60215
3.60213
3.60211
3.60209
3.60207
3.60204
3.602
3.60196
3.60194
3.60193
3.60193
3.60193
3.60194
3.60195
3.60198
3.60202
3.60207
3.60214
3.60219
3.60224
3.60228
3.60231
3.60233
3.60236
3.60238
3.60239
3.6024
3.60241
3.60242
3.60242
3.60244
3.60245
3.60247
3.6025
3.60253
3.60257
3.60263
3.6027
3.60277
3.6028
3.6028
3.6028
3.60276
3.6027
3.6026
3.60248
3.60236
3.60226
3.60218
3.60214
3.60212
3.60209
3.60207
3.60205
3.60202
3.60199
3.60195
3.60191
3.60188
3.60187
3.60186
3.60186
3.60186
3.60187
3.60189
3.60193
3.60199
3.60205
3.60212
3.60219
3.60224
3.60228
3.60232
3.60235
3.60237
3.60239
3.60241
3.60243
3.60246
3.60248
3.6025
3.60253
3.60256
3.6026
3.60264
3.60271
3.60279
3.60289
3.60296
3.60297
3.60296
3.60293
3.60286
3.60275
3.60259
3.60243
3.60229
3.6022
3.60215
3.6021
3.60206
3.60203
3.60199
3.60196
3.6019
3.64274
3.64274
3.64274
3.64274
3.64274
3.64274
3.64274
3.64274
3.64274
3.64274
3.64274
3.64274
3.64274
3.64274
3.64274
3.64274
3.64274
3.64274
3.64274
3.64274
3.64274
3.64274
3.64274
3.64274
3.64274
3.64274
3.64274
3.64274
3.64274
3.64274
3.64275
3.64279
3.64288
3.64311
3.64366
3.64478
3.64667
3.64873
3.64955
3.64954
3.6492
3.64812
3.646
3.64282
3.6388
3.63431
3.62967
3.62518
3.621
3.6173
3.61413
3.61157
3.60951
3.60797
3.60675
3.60577
3.60498
3.60428
3.60368
3.60316
3.60268
3.60228
3.6019
3.60155
3.60126
3.6011
3.60106
3.60106
3.60107
3.60109
3.60113
3.60122
3.60134
3.6015
3.60168
3.60185
3.602
3.60212
3.60221
3.60229
3.60236
3.60242
3.60248
3.60253
3.60256
3.60259
3.60261
3.60262
3.60264
3.60266
3.60268
3.60268
3.60268
3.60268
3.60267
3.60266
3.60264
3.60261
3.60256
3.60249
3.60241
3.60233
3.60226
3.6022
3.60214
3.60209
3.60204
3.60199
3.60195
3.60194
3.60194
3.60194
3.60195
3.60196
3.60198
3.60202
3.60206
3.60212
3.60218
3.60223
3.60226
3.60229
3.60232
3.60234
3.60236
3.60238
3.6024
3.60241
3.60243
3.60244
3.60246
3.60248
3.60251
3.60255
3.60261
3.60266
3.60267
3.60267
3.60267
3.60265
3.60261
3.60255
3.60247
3.60238
3.6023
3.60224
3.60221
3.60218
3.60215
3.60213
3.60209
3.60205
3.60201
3.60198
3.60197
3.60196
3.60197
3.60197
3.60197
3.60199
3.60201
3.60205
3.6021
3.60216
3.6022
3.60225
3.60228
3.60231
3.60233
3.60236
3.60237
3.60239
3.60239
3.6024
3.60241
3.60242
3.60243
3.60245
3.60247
3.60249
3.60252
3.60256
3.60262
3.60268
3.60271
3.60271
3.60271
3.60269
3.60264
3.60257
3.60248
3.60237
3.60229
3.60222
3.60217
3.60215
3.60212
3.60211
3.60209
3.60206
3.60204
3.602
3.60197
3.60194
3.60193
3.60193
3.60193
3.60194
3.60195
3.60198
3.60202
3.60207
3.60213
3.60219
3.60224
3.60228
3.60231
3.60234
3.60236
3.60238
3.60239
3.6024
3.60241
3.60242
3.60242
3.60243
3.60245
3.60247
3.6025
3.60253
3.60258
3.60263
3.60271
3.60278
3.60281
3.60281
3.6028
3.60276
3.6027
3.6026
3.60248
3.60235
3.60225
3.60219
3.60215
3.60212
3.6021
3.60208
3.60205
3.60202
3.60199
3.60195
3.60191
3.60188
3.60186
3.60186
3.60185
3.60186
3.60187
3.6019
3.60194
3.60199
3.60206
3.60212
3.60219
3.60224
3.60228
3.60231
3.60234
3.60236
3.60238
3.60241
3.60243
3.60245
3.60248
3.60251
3.60254
3.60257
3.6026
3.60265
3.60271
3.60279
3.60289
3.60295
3.60296
3.60296
3.60293
3.60286
3.60275
3.6026
3.60244
3.6023
3.60221
3.60215
3.60211
3.60206
3.60202
3.60198
3.60195
3.60189
3.64274
3.64274
3.64274
3.64274
3.64274
3.64274
3.64274
3.64274
3.64274
3.64274
3.64274
3.64274
3.64274
3.64274
3.64274
3.64274
3.64274
3.64274
3.64274
3.64274
3.64274
3.64274
3.64274
3.64274
3.64274
3.64274
3.64274
3.64274
3.64274
3.64274
3.64275
3.64279
3.64288
3.64311
3.64366
3.64478
3.64667
3.64873
3.64955
3.64954
3.6492
3.64812
3.646
3.64282
3.6388
3.63431
3.62968
3.62518
3.62099
3.6173
3.61413
3.61157
3.60951
3.60797
3.60675
3.60577
3.60498
3.60428
3.60368
3.60316
3.60268
3.60228
3.6019
3.60155
3.60126
3.6011
3.60106
3.60106
3.60107
3.60109
3.60113
3.60122
3.60134
3.6015
3.60168
3.60185
3.602
3.60212
3.60221
3.60229
3.60236
3.60242
3.60248
3.60252
3.60256
3.60258
3.60261
3.60262
3.60264
3.60266
3.60268
3.60268
3.60268
3.60268
3.60268
3.60267
3.60264
3.60261
3.60256
3.60249
3.60241
3.60234
3.60226
3.6022
3.60214
3.60209
3.60204
3.60199
3.60195
3.60194
3.60194
3.60194
3.60195
3.60196
3.60198
3.60202
3.60206
3.60212
3.60218
3.60223
3.60226
3.60229
3.60231
3.60234
3.60236
3.60238
3.6024
3.60241
3.60243
3.60244
3.60246
3.60248
3.60251
3.60256
3.60261
3.60266
3.60267
3.60267
3.60267
3.60265
3.60261
3.60255
3.60247
3.60238
3.6023
3.60224
3.60221
3.60218
3.60215
3.60213
3.60209
3.60205
3.60201
3.60198
3.60196
3.60196
3.60196
3.60197
3.60197
3.60199
3.60201
3.60205
3.6021
3.60216
3.6022
3.60225
3.60228
3.60231
3.60233
3.60236
3.60237
3.60239
3.6024
3.6024
3.60241
3.60242
3.60244
3.60245
3.60247
3.60249
3.60252
3.60256
3.60262
3.60268
3.60271
3.60271
3.60271
3.60269
3.60264
3.60257
3.60248
3.60238
3.60229
3.60222
3.60218
3.60215
3.60212
3.6021
3.60209
3.60206
3.60203
3.602
3.60197
3.60194
3.60193
3.60193
3.60193
3.60194
3.60195
3.60198
3.60202
3.60207
3.60213
3.60219
3.60224
3.60228
3.60231
3.60234
3.60236
3.60238
3.60239
3.6024
3.60241
3.60241
3.60242
3.60243
3.60245
3.60247
3.6025
3.60253
3.60257
3.60264
3.60271
3.60278
3.60281
3.60281
3.60279
3.60276
3.6027
3.6026
3.60247
3.60235
3.60225
3.60219
3.60215
3.60212
3.6021
3.60208
3.60205
3.60202
3.60199
3.60195
3.60191
3.60187
3.60186
3.60185
3.60185
3.60185
3.60187
3.6019
3.60195
3.602
3.60207
3.60213
3.60219
3.60224
3.60228
3.60231
3.60233
3.60235
3.60238
3.6024
3.60243
3.60246
3.60249
3.60252
3.60255
3.60258
3.60261
3.60265
3.60271
3.60279
3.60288
3.60294
3.60295
3.60295
3.60292
3.60286
3.60275
3.60261
3.60245
3.60231
3.60222
3.60216
3.60211
3.60206
3.60201
3.60197
3.60194
3.60188
3.64274
3.64274
3.64274
3.64274
3.64274
3.64274
3.64274
3.64274
3.64274
3.64274
3.64274
3.64274
3.64274
3.64274
3.64274
3.64274
3.64274
3.64274
3.64274
3.64274
3.64274
3.64274
3.64274
3.64274
3.64274
3.64274
3.64274
3.64274
3.64274
3.64274
3.64275
3.64279
3.64288
3.64311
3.64366
3.64478
3.64667
3.64873
3.64955
3.64954
3.6492
3.64812
3.646
3.64282
3.6388
3.63431
3.62968
3.62519
3.62099
3.6173
3.61413
3.61157
3.60951
3.60796
3.60675
3.60577
3.60498
3.60428
3.60367
3.60316
3.60268
3.60228
3.6019
3.60155
3.60126
3.6011
3.60106
3.60106
3.60106
3.60109
3.60113
3.60122
3.60134
3.6015
3.60168
3.60185
3.602
3.60212
3.60221
3.60229
3.60236
3.60242
3.60248
3.60252
3.60256
3.60258
3.60261
3.60263
3.60265
3.60266
3.60268
3.60268
3.60268
3.60268
3.60268
3.60267
3.60264
3.60261
3.60255
3.60249
3.60241
3.60234
3.60227
3.6022
3.60214
3.60209
3.60204
3.60199
3.60196
3.60194
3.60194
3.60194
3.60195
3.60196
3.60198
3.60202
3.60207
3.60212
3.60218
3.60222
3.60226
3.60229
3.60232
3.60234
3.60236
3.60238
3.6024
3.60241
3.60243
3.60244
3.60246
3.60248
3.60251
3.60255
3.60261
3.60265
3.60267
3.60267
3.60267
3.60265
3.60261
3.60255
3.60247
3.60238
3.6023
3.60225
3.60221
3.60218
3.60215
3.60212
3.60209
3.60205
3.60201
3.60198
3.60196
3.60196
3.60196
3.60197
3.60197
3.60199
3.60202
3.60206
3.6021
3.60216
3.6022
3.60225
3.60228
3.60231
3.60233
3.60235
3.60237
3.60238
3.60239
3.6024
3.60241
3.60243
3.60244
3.60245
3.60247
3.60249
3.60252
3.60256
3.60262
3.60268
3.60271
3.60271
3.6027
3.60269
3.60264
3.60257
3.60248
3.60238
3.60229
3.60222
3.60218
3.60215
3.60213
3.6021
3.60208
3.60206
3.60203
3.602
3.60197
3.60194
3.60193
3.60193
3.60193
3.60194
3.60196
3.60198
3.60202
3.60207
3.60213
3.60219
3.60224
3.60228
3.60231
3.60234
3.60236
3.60238
3.60239
3.6024
3.60241
3.60241
3.60242
3.60243
3.60245
3.60247
3.6025
3.60253
3.60258
3.60264
3.60272
3.60278
3.6028
3.6028
3.60279
3.60276
3.60269
3.60259
3.60247
3.60235
3.60225
3.60219
3.60215
3.60213
3.60211
3.60208
3.60205
3.60202
3.60199
3.60195
3.60191
3.60187
3.60185
3.60184
3.60184
3.60185
3.60187
3.60191
3.60196
3.60202
3.60208
3.60214
3.60219
3.60223
3.60227
3.6023
3.60232
3.60235
3.60237
3.6024
3.60242
3.60246
3.6025
3.60253
3.60255
3.60258
3.60262
3.60266
3.60271
3.60278
3.60288
3.60293
3.60294
3.60294
3.60291
3.60286
3.60276
3.60261
3.60246
3.60232
3.60223
3.60216
3.60211
3.60206
3.60201
3.60197
3.60193
3.60188
3.64274
3.64274
3.64274
3.64274
3.64274
3.64274
3.64274
3.64274
3.64274
3.64274
3.64274
3.64274
3.64274
3.64274
3.64274
3.64274
3.64274
3.64274
3.64274
3.64274
3.64274
3.64274
3.64274
3.64274
3.64274
3.64274
3.64274
3.64274
3.64274
3.64274
3.64275
3.64279
3.64288
3.64311
3.64366
3.64478
3.64667
3.64873
3.64955
3.64954
3.6492
3.64812
3.646
3.64282
3.6388
3.6343
3.62968
3.62519
3.62099
3.61729
3.61414
3.61157
3.60952
3.60795
3.60675
3.60577
3.60498
3.60428
3.60367
3.60315
3.60269
3.60228
3.6019
3.60155
3.60126
3.6011
3.60106
3.60106
3.60106
3.60109
3.60113
3.60122
3.60134
3.6015
3.60168
3.60185
3.602
3.60212
3.60221
3.60229
3.60236
3.60242
3.60248
3.60252
3.60256
3.60258
3.60261
3.60263
3.60265
3.60266
3.60268
3.60268
3.60268
3.60268
3.60268
3.60267
3.60264
3.6026
3.60255
3.60249
3.60241
3.60234
3.60227
3.6022
3.60214
3.60208
3.60203
3.60199
3.60196
3.60194
3.60194
3.60194
3.60194
3.60196
3.60198
3.60202
3.60207
3.60212
3.60218
3.60222
3.60226
3.60229
3.60232
3.60234
3.60236
3.60238
3.60239
3.60241
3.60243
3.60244
3.60246
3.60248
3.60251
3.60255
3.6026
3.60265
3.60267
3.60267
3.60267
3.60265
3.60261
3.60255
3.60246
3.60238
3.6023
3.60225
3.60221
3.60218
3.60215
3.60212
3.60209
3.60205
3.60201
3.60198
3.60196
3.60196
3.60196
3.60196
3.60198
3.60199
3.60202
3.60206
3.6021
3.60215
3.6022
3.60224
3.60228
3.60231
3.60233
3.60235
3.60237
3.60238
3.60239
3.60241
3.60242
3.60243
3.60244
3.60245
3.60247
3.60249
3.60252
3.60256
3.60262
3.60268
3.6027
3.6027
3.6027
3.60268
3.60265
3.60258
3.60248
3.60238
3.60229
3.60222
3.60218
3.60215
3.60213
3.6021
3.60208
3.60205
3.60203
3.602
3.60197
3.60194
3.60193
3.60193
3.60193
3.60194
3.60196
3.60198
3.60202
3.60207
3.60213
3.60219
3.60224
3.60228
3.60231
3.60234
3.60236
3.60238
3.60239
3.6024
3.60241
3.60241
3.60242
3.60243
3.60245
3.60247
3.6025
3.60253
3.60258
3.60264
3.60272
3.60278
3.6028
3.6028
3.60279
3.60276
3.60269
3.60259
3.60247
3.60234
3.60225
3.60219
3.60216
3.60214
3.60211
3.60209
3.60206
3.60202
3.60198
3.60195
3.6019
3.60186
3.60184
3.60184
3.60184
3.60185
3.60187
3.60191
3.60196
3.60202
3.60208
3.60214
3.60219
3.60223
3.60226
3.60229
3.60232
3.60234
3.60237
3.60239
3.60242
3.60247
3.6025
3.60253
3.60256
3.60259
3.60262
3.60266
3.60271
3.60278
3.60287
3.60293
3.60293
3.60293
3.6029
3.60286
3.60276
3.60262
3.60246
3.60232
3.60223
3.60217
3.60212
3.60207
3.60201
3.60196
3.60193
3.60187
3.64274
3.64274
3.64274
3.64274
3.64274
3.64274
3.64274
3.64274
3.64274
3.64274
3.64274
3.64274
3.64274
3.64274
3.64274
3.64274
3.64274
3.64274
3.64274
3.64274
3.64274
3.64274
3.64274
3.64274
3.64274
3.64274
3.64274
3.64274
3.64274
3.64274
3.64275
3.64279
3.64288
3.64311
3.64366
3.64478
3.64667
3.64873
3.64955
3.64954
3.6492
3.64812
3.646
3.64282
3.63881
3.63431
3.62967
3.62519
3.62101
3.61728
3.61412
3.61157
3.60953
3.60795
3.60674
3.60576
3.60498
3.60429
3.60368
3.60315
3.60268
3.60228
3.60191
3.60155
3.60126
3.6011
3.60106
3.60106
3.60107
3.60109
3.60113
3.60122
3.60134
3.6015
3.60168
3.60185
3.60199
3.60211
3.60221
3.60229
3.60236
3.60242
3.60247
3.60252
3.60256
3.60258
3.60261
3.60263
3.60265
3.60266
3.60268
3.60268
3.60268
3.60268
3.60268
3.60267
3.60264
3.6026
3.60255
3.60249
3.60241
3.60234
3.60227
3.6022
3.60214
3.60208
3.60204
3.60199
3.60196
3.60195
3.60194
3.60194
3.60194
3.60196
3.60198
3.60202
3.60207
3.60212
3.60217
3.60222
3.60226
3.60229
3.60232
3.60234
3.60236
3.60238
3.60239
3.60241
3.60243
3.60245
3.60246
3.60249
3.60251
3.60255
3.6026
3.60265
3.60267
3.60267
3.60267
3.60265
3.60261
3.60254
3.60246
3.60238
3.6023
3.60225
3.60221
3.60218
3.60215
3.60212
3.60209
3.60205
3.60201
3.60198
3.60196
3.60196
3.60196
3.60196
3.60198
3.602
3.60202
3.60206
3.6021
3.60215
3.6022
3.60225
3.60228
3.60231
3.60233
3.60235
3.60236
3.60238
3.60239
3.60241
3.60242
3.60243
3.60244
3.60245
3.60247
3.60249
3.60252
3.60256
3.60262
3.60267
3.6027
3.6027
3.6027
3.60269
3.60265
3.60258
3.60249
3.60238
3.60229
3.60222
3.60218
3.60215
3.60213
3.6021
3.60208
3.60205
3.60202
3.602
3.60197
3.60194
3.60193
3.60193
3.60193
3.60194
3.60196
3.60199
3.60203
3.60208
3.60213
3.60219
3.60224
3.60228
3.60231
3.60234
3.60236
3.60238
3.60239
3.6024
3.60241
3.60241
3.60242
3.60244
3.60245
3.60247
3.6025
3.60253
3.60258
3.60265
3.60272
3.60278
3.6028
3.6028
3.60279
3.60275
3.60269
3.60259
3.60246
3.60234
3.60225
3.6022
3.60216
3.60214
3.60211
3.60209
3.60206
3.60202
3.60198
3.60195
3.6019
3.60186
3.60184
3.60183
3.60184
3.60185
3.60187
3.60192
3.60197
3.60203
3.60209
3.60215
3.6022
3.60223
3.60225
3.60228
3.60231
3.60234
3.60236
3.60239
3.60242
3.60247
3.60251
3.60254
3.60256
3.60259
3.60262
3.60267
3.60271
3.60277
3.60286
3.60292
3.60293
3.60292
3.6029
3.60286
3.60277
3.60262
3.60246
3.60233
3.60223
3.60217
3.60212
3.60207
3.602
3.60196
3.60192
3.60187
)
;

boundaryField
{
    sides
    {
        type            calculated;
        value           nonuniform List<scalar> 
600
(
3.64274
3.64274
3.64274
3.64274
3.64274
3.64274
3.64274
3.64274
3.64274
3.64274
3.64274
3.64274
3.64274
3.64274
3.64274
3.64274
3.64274
3.64274
3.64274
3.64274
3.64274
3.64274
3.64274
3.64274
3.64274
3.64274
3.64274
3.64274
3.64274
3.64274
3.64275
3.64279
3.64288
3.64312
3.64366
3.64478
3.64667
3.64873
3.64955
3.64954
3.6492
3.64812
3.646
3.64282
3.6388
3.63432
3.62967
3.62516
3.62101
3.61731
3.61413
3.61154
3.60952
3.60798
3.60674
3.60578
3.60497
3.60428
3.60369
3.60315
3.60268
3.60227
3.6019
3.60156
3.60126
3.6011
3.60106
3.60106
3.60107
3.60109
3.60113
3.60122
3.60134
3.6015
3.60168
3.60185
3.602
3.60212
3.60221
3.60229
3.60236
3.60242
3.60247
3.60252
3.60255
3.60258
3.60261
3.60263
3.60264
3.60266
3.60268
3.60268
3.60269
3.60268
3.60268
3.60267
3.60264
3.6026
3.60255
3.60249
3.60241
3.60234
3.60226
3.6022
3.60214
3.60209
3.60204
3.60199
3.60196
3.60194
3.60194
3.60194
3.60194
3.60196
3.60198
3.60202
3.60206
3.60212
3.60218
3.60222
3.60226
3.60229
3.60232
3.60234
3.60236
3.60238
3.6024
3.60241
3.60243
3.60244
3.60246
3.60248
3.60251
3.60256
3.60261
3.60265
3.60267
3.60267
3.60266
3.60265
3.60261
3.60255
3.60247
3.60238
3.6023
3.60225
3.60221
3.60218
3.60215
3.60212
3.60209
3.60205
3.602
3.60197
3.60196
3.60196
3.60196
3.60197
3.60198
3.602
3.60203
3.60206
3.60211
3.60215
3.6022
3.60224
3.60228
3.6023
3.60233
3.60235
3.60236
3.60238
3.6024
3.60241
3.60242
3.60243
3.60244
3.60245
3.60246
3.60248
3.60251
3.60256
3.60261
3.60267
3.6027
3.6027
3.60271
3.60269
3.60265
3.60258
3.60249
3.60238
3.60229
3.60222
3.60217
3.60214
3.60212
3.6021
3.60208
3.60206
3.60204
3.60201
3.60197
3.60194
3.60193
3.60193
3.60193
3.60194
3.60195
3.60198
3.60202
3.60207
3.60213
3.60218
3.60224
3.60229
3.60232
3.60234
3.60236
3.60237
3.60239
3.6024
3.6024
3.60241
3.60242
3.60243
3.60245
3.60247
3.6025
3.60254
3.60259
3.60265
3.60272
3.60278
3.6028
3.6028
3.60278
3.60275
3.60269
3.60259
3.60247
3.60235
3.60226
3.6022
3.60217
3.60214
3.60211
3.60208
3.60205
3.60202
3.60198
3.60194
3.6019
3.60186
3.60184
3.60184
3.60184
3.60186
3.60189
3.60192
3.60196
3.60201
3.60207
3.60213
3.60219
3.60223
3.60227
3.6023
3.60232
3.60234
3.60237
3.60239
3.60242
3.60247
3.6025
3.60253
3.60255
3.60258
3.60262
3.60266
3.60272
3.60279
3.60288
3.60293
3.60294
3.60293
3.6029
3.60285
3.60275
3.60261
3.60245
3.60231
3.60222
3.60216
3.60212
3.60208
3.60202
3.60198
3.60194
3.60188
3.64274
3.64274
3.64274
3.64274
3.64274
3.64274
3.64274
3.64274
3.64274
3.64274
3.64274
3.64274
3.64274
3.64274
3.64274
3.64274
3.64274
3.64274
3.64274
3.64274
3.64274
3.64274
3.64274
3.64274
3.64274
3.64274
3.64274
3.64274
3.64274
3.64274
3.64275
3.64279
3.64288
3.64311
3.64366
3.64478
3.64667
3.64873
3.64955
3.64954
3.6492
3.64812
3.646
3.64282
3.63881
3.63431
3.62967
3.62519
3.62101
3.61728
3.61412
3.61157
3.60953
3.60795
3.60674
3.60576
3.60498
3.60429
3.60368
3.60315
3.60268
3.60228
3.60191
3.60155
3.60126
3.6011
3.60106
3.60106
3.60107
3.60109
3.60113
3.60122
3.60134
3.6015
3.60168
3.60185
3.60199
3.60211
3.60221
3.60229
3.60236
3.60242
3.60247
3.60252
3.60256
3.60258
3.60261
3.60263
3.60265
3.60266
3.60268
3.60268
3.60268
3.60268
3.60268
3.60267
3.60264
3.6026
3.60255
3.60249
3.60241
3.60234
3.60227
3.6022
3.60214
3.60208
3.60204
3.60199
3.60196
3.60195
3.60194
3.60194
3.60194
3.60196
3.60198
3.60202
3.60207
3.60212
3.60217
3.60222
3.60226
3.60229
3.60232
3.60234
3.60236
3.60238
3.60239
3.60241
3.60243
3.60245
3.60246
3.60249
3.60251
3.60255
3.6026
3.60265
3.60267
3.60267
3.60267
3.60265
3.60261
3.60254
3.60246
3.60238
3.6023
3.60225
3.60221
3.60218
3.60215
3.60212
3.60209
3.60205
3.60201
3.60198
3.60196
3.60196
3.60196
3.60196
3.60198
3.602
3.60202
3.60206
3.6021
3.60215
3.6022
3.60225
3.60228
3.60231
3.60233
3.60235
3.60236
3.60238
3.60239
3.60241
3.60242
3.60243
3.60244
3.60245
3.60247
3.60249
3.60252
3.60256
3.60262
3.60267
3.6027
3.6027
3.6027
3.60269
3.60265
3.60258
3.60249
3.60238
3.60229
3.60222
3.60218
3.60215
3.60213
3.6021
3.60208
3.60205
3.60202
3.602
3.60197
3.60194
3.60193
3.60193
3.60193
3.60194
3.60196
3.60199
3.60203
3.60208
3.60213
3.60219
3.60224
3.60228
3.60231
3.60234
3.60236
3.60238
3.60239
3.6024
3.60241
3.60241
3.60242
3.60244
3.60245
3.60247
3.6025
3.60253
3.60258
3.60265
3.60272
3.60278
3.6028
3.6028
3.60279
3.60275
3.60269
3.60259
3.60246
3.60234
3.60225
3.6022
3.60216
3.60214
3.60211
3.60209
3.60206
3.60202
3.60198
3.60195
3.6019
3.60186
3.60184
3.60183
3.60184
3.60185
3.60187
3.60192
3.60197
3.60203
3.60209
3.60215
3.6022
3.60223
3.60225
3.60228
3.60231
3.60234
3.60236
3.60239
3.60242
3.60247
3.60251
3.60254
3.60256
3.60259
3.60262
3.60267
3.60271
3.60277
3.60286
3.60292
3.60293
3.60292
3.6029
3.60286
3.60277
3.60262
3.60246
3.60233
3.60223
3.60217
3.60212
3.60207
3.602
3.60196
3.60192
3.60187
)
;
    }
    inlet
    {
        type            calculated;
        value           nonuniform List<scalar> 
20
(
3.64274
3.64274
3.64274
3.64274
3.64274
3.64274
3.64274
3.64274
3.64274
3.64274
3.64274
3.64274
3.64274
3.64274
3.64274
3.64274
3.64274
3.64274
3.64274
3.64274
)
;
    }
    outlet
    {
        type            calculated;
        value           nonuniform List<scalar> 
20
(
3.60188
3.60189
3.60189
3.60189
3.60189
3.6019
3.60191
3.60191
3.60192
3.60193
3.60193
3.60193
3.60192
3.60191
3.6019
3.60189
3.60188
3.60188
3.60187
3.60187
)
;
    }
    empty
    {
        type            empty;
    }
}


// ************************************************************************* //
