/*--------------------------------*- C++ -*----------------------------------*\
| =========                 |                                                 |
| \\      /  F ield         | OpenFOAM: The Open Source CFD Toolbox           |
|  \\    /   O peration     | Version:  2306                                  |
|   \\  /    A nd           | Website:  www.openfoam.com                      |
|    \\/     M anipulation  |                                                 |
\*---------------------------------------------------------------------------*/
FoamFile
{
    version     2.0;
    format      ascii;
    arch        "LSB;label=32;scalar=64";
    class       volScalarField;
    location    "0.07";
    object      T;
}
// * * * * * * * * * * * * * * * * * * * * * * * * * * * * * * * * * * * * * //

dimensions      [0 0 0 1 0 0 0];

internalField   nonuniform List<scalar> 
6000
(
4017.89
3267.05
3101.48
3125.98
3136.16
3144.64
3120.79
3054.82
2772.26
2592.66
2603.71
2648.69
2717.81
2800.19
2886.36
2974.29
3065.79
3165.05
3273.67
3376.35
3444.33
3484.13
3511.79
3518.07
3380.77
3077.67
3021.4
3048.53
3102.63
3166
3224.24
3276.26
3325.82
3375.72
3427.02
3479.4
3532.44
3588.92
3658.57
3748.36
3815.36
3837.4
3822.63
3642.98
3433.16
3427.55
3457.03
3506.88
3561.65
3607.86
3646.91
3684.26
3723.02
3763.72
3805.18
3845.96
3886.73
3932.5
3995.32
4080.8
4137.58
4155.35
4129.11
3958.24
3816.1
3815.3
3832.68
3862.24
3890.65
3903.2
3903.31
3897.31
3886.86
3873.6
3857.22
3836.96
3814.18
3794.35
3785.05
3792.87
3778.08
3721.03
3608.21
3435.1
3341.09
3313.18
3297.91
3296.91
3293.35
3277.81
3254.75
3230.84
3207.95
3185.04
3161.33
3139.51
3124.79
3120.78
3097.85
3038.46
2935.26
2800.13
2707.91
2654.33
2609.22
2571.94
2527.68
2470.17
2404.46
2336.59
2270
2208.38
2154.31
2098.01
2016.2
1914.68
1797.34
1708.05
1645.32
1594.09
1546.52
1490.32
1424.15
1352.56
1277.06
1189.54
1072.58
940.127
809.551
705.297
621.188
556.114
504.293
455.15
416.852
389.586
376.259
371.218
370.629
367.18
362.343
357.898
356.183
355.858
356.376
355.945
354.88
353.878
353.632
353.723
353.991
353.89
353.505
352.916
352.567
352.388
352.248
352.04
351.779
351.484
351.293
351.193
351.18
351.202
351.202
351.191
351.207
351.281
351.358
351.335
351.242
351.08
350.827
350.486
350.186
350.036
349.975
349.933
349.938
350.009
350.125
350.185
350.164
350.1
350.007
349.884
349.721
349.548
349.42
349.347
349.299
349.25
349.181
349.091
348.975
348.858
348.775
348.735
348.736
348.764
348.847
348.98
349.12
349.205
349.226
349.217
349.179
349.1
348.962
348.742
348.464
348.231
348.126
348.095
348.08
348.085
348.137
348.263
348.457
348.661
348.794
348.838
348.838
348.817
348.783
348.721
348.599
348.384
348.08
347.749
347.488
347.341
347.272
347.235
347.21
347.194
347.202
347.257
347.394
347.621
347.884
348.043
348.066
348.051
348.013
347.924
347.723
347.354
346.848
346.402
346.185
346.126
346.12
346.132
346.189
346.343
346.639
347.084
347.632
348.191
348.664
348.995
349.178
349.249
349.268
349.24
349.106
348.787
348.29
347.872
347.736
347.695
347.701
347.772
347.947
348.26
348.731
349.309
349.676
349.727
349.634
349.471
349.26
348.911
348.317
347.397
346.284
345.432
345.13
345.105
345.114
345.199
345.422
345.81
346.249
346.513
346.546
346.494
346.346
345.507
4017.57
3267.05
3102.23
3126.59
3134.75
3142.59
3118.31
3051.47
2768.81
2590.24
2601.59
2646.84
2716.08
2798.4
2884.66
2972.89
3065.09
3165.52
3275.67
3379.84
3448.58
3488.23
3515.37
3521.66
3382.09
3076.61
3021.09
3048.39
3102.56
3165.93
3224.14
3276.08
3325.52
3375.22
3426.25
3478.37
3531.31
3588
3658.29
3749.19
3817.35
3839.21
3825.06
3645.82
3434.17
3428.09
3457.48
3507.3
3561.88
3607.9
3646.74
3683.88
3722.38
3762.79
3803.96
3844.61
3885.46
3931.36
3993.76
4078.3
4135.56
4153.66
4128.16
3958.78
3816.68
3815.85
3833.33
3863.09
3891.69
3904.15
3903.88
3897.24
3886.22
3872.57
3855.87
3835.3
3812.22
3792.21
3782.99
3791.22
3777.26
3720.54
3607.71
3434.75
3340.8
3312.94
3297.71
3296.68
3292.98
3277.24
3253.99
3229.94
3206.88
3183.99
3160.49
3138.82
3124.18
3120.34
3096.43
3036.28
2932.05
2797.26
2706.91
2653.96
2609.72
2572.87
2528.87
2471.55
2405.92
2338.15
2271.75
2210.54
2157.18
2101.58
2019.46
1917.4
1799.27
1709.23
1646.09
1594.38
1546.3
1489.38
1422.44
1350.19
1274.55
1188.02
1072.29
940.905
810.493
706.515
622.668
558.005
506.557
457.578
418.845
390.889
376.991
371.53
371.06
367.718
362.747
357.981
356.086
355.674
356.275
356.012
355.021
353.923
353.602
353.647
353.914
353.848
353.514
352.961
352.581
352.388
352.231
352.025
351.771
351.485
351.295
351.194
351.18
351.201
351.203
351.192
351.205
351.273
351.348
351.327
351.237
351.079
350.832
350.497
350.203
350.058
349.997
349.956
349.96
350.029
350.14
350.198
350.175
350.109
350.016
349.892
349.73
349.56
349.433
349.36
349.311
349.26
349.19
349.1
348.985
348.869
348.787
348.745
348.746
348.772
348.851
348.979
349.114
349.193
349.209
349.2
349.161
349.087
348.959
348.755
348.489
348.256
348.145
348.11
348.095
348.097
348.141
348.252
348.426
348.612
348.738
348.783
348.785
348.771
348.738
348.676
348.554
348.347
348.06
347.744
347.489
347.343
347.279
347.249
347.23
347.226
347.245
347.314
347.456
347.68
347.933
348.082
348.102
348.087
348.05
347.961
347.763
347.403
346.907
346.463
346.246
346.191
346.182
346.197
346.258
346.41
346.69
347.113
347.636
348.176
348.631
348.936
349.084
349.128
349.133
349.09
348.953
348.645
348.176
347.787
347.661
347.623
347.633
347.708
347.885
348.194
348.661
349.237
349.637
349.719
349.651
349.511
349.339
349.052
348.531
347.656
346.497
345.531
345.171
345.136
345.147
345.222
345.421
345.763
346.138
346.37
346.414
346.379
346.244
345.444
4016.92
3267.06
3104.64
3128.03
3134.19
3141.4
3116.21
3046.69
2762.77
2586.73
2598.27
2643.32
2712.37
2794.7
2881.22
2970.01
3062.98
3164.25
3275.23
3380.63
3451.23
3492.85
3520.62
3526.91
3383.84
3074.71
3020.61
3048.1
3102.33
3165.45
3223.38
3275.13
3324.43
3373.95
3424.74
3476.59
3529.33
3585.96
3656.31
3748.2
3818.95
3841.89
3828.26
3648.85
3434.89
3428.34
3457.71
3507.57
3562.01
3607.75
3646.33
3683.26
3721.57
3761.76
3802.68
3842.99
3883.46
3928.89
3990.54
4074.48
4131.53
4149.68
4124.98
3958.38
3816.67
3815.74
3833.23
3863.13
3892.02
3904.72
3904.56
3897.79
3886.21
3871.71
3854.11
3832.59
3808.64
3788.03
3778.52
3786.65
3773.48
3717.11
3604.43
3431.84
3337.6
3309.52
3294.06
3292.77
3288.61
3272.27
3248.48
3223.9
3200.43
3177.34
3154.16
3133.32
3119.8
3117.22
3091.73
3030.67
2925.04
2790.75
2704.16
2652.81
2610.69
2575.6
2532.87
2476.42
2411.5
2344.41
2278.76
2218.49
2166.3
2111.82
2029.33
1926.44
1806.3
1714.02
1649.46
1596.25
1546.79
1487.98
1418.84
1344.91
1268.8
1184.08
1071.3
942.973
814.523
712.407
630.102
566.638
516.04
467.148
426.679
396.315
380.199
373.077
372.137
368.791
363.696
358.458
356.093
355.488
356.106
356.089
355.255
354.081
353.59
353.556
353.767
353.767
353.509
353.025
352.603
352.386
352.2
351.991
351.75
351.482
351.295
351.191
351.174
351.195
351.2
351.191
351.201
351.26
351.329
351.31
351.223
351.069
350.831
350.51
350.224
350.082
350.022
349.983
349.989
350.059
350.166
350.216
350.19
350.123
350.028
349.903
349.743
349.577
349.453
349.379
349.328
349.275
349.203
349.111
348.995
348.882
348.803
348.761
348.762
348.788
348.863
348.981
349.104
349.175
349.187
349.176
349.134
349.059
348.941
348.759
348.524
348.302
348.179
348.139
348.124
348.125
348.161
348.25
348.393
348.559
348.68
348.726
348.729
348.714
348.674
348.603
348.476
348.278
348.017
347.734
347.498
347.36
347.303
347.28
347.269
347.27
347.298
347.378
347.531
347.758
347.995
348.12
348.131
348.117
348.079
347.989
347.795
347.449
346.978
346.55
346.336
346.279
346.271
346.289
346.361
346.518
346.791
347.186
347.666
348.15
348.547
348.802
348.924
348.965
348.966
348.913
348.757
348.437
347.98
347.635
347.537
347.506
347.524
347.606
347.789
348.1
348.557
349.115
349.551
349.68
349.646
349.529
349.399
349.184
348.766
348.007
346.892
345.794
345.271
345.198
345.213
345.279
345.443
345.725
346.035
346.217
346.246
346.193
346.038
345.304
4016.12
3267.18
3106.85
3129.24
3133.4
3140.14
3114.17
3041.62
2756.7
2583.87
2595.64
2640.16
2708.48
2790.23
2876.6
2965.9
3060
3162.55
3274.49
3380.47
3452.4
3495.88
3524.09
3530.79
3385.37
3072.55
3019.31
3046.95
3101.3
3164.28
3221.98
3273.61
3322.91
3372.38
3422.93
3474.5
3527.05
3583.71
3654.25
3747.3
3820.52
3844.38
3831.09
3651.07
3435.09
3428.16
3457.46
3507.33
3561.59
3606.97
3645.2
3681.78
3719.74
3759.61
3800.18
3840.03
3879.82
3924.34
3985.07
4068.47
4125.44
4143.81
4120.37
3957.35
3815.98
3814.82
3832.21
3861.94
3890.89
3903.81
3903.78
3896.99
3885.15
3870.22
3851.92
3829.48
3804.6
3783.09
3772.85
3780.59
3767.63
3710.9
3597.45
3424.65
3330.14
3301.56
3285.8
3284.09
3278.99
3261.3
3236.28
3210.75
3186.66
3163.29
3140.19
3120.19
3108.43
3107.51
3080.61
3019.14
2911.98
2779.49
2698.71
2650.08
2611.11
2579.04
2538.93
2484.63
2421.67
2356.48
2292.69
2234.11
2183.35
2130.6
2047.98
1944.05
1820.73
1724.23
1656.76
1600.55
1548.1
1486.1
1413.81
1337.76
1261.37
1179.33
1071.51
948.546
824.817
727.122
648.308
586.974
537.186
488.059
443.723
408.695
387.604
376.706
373.925
370.186
364.89
359.222
356.252
355.427
355.93
356.17
355.491
354.286
353.573
353.452
353.596
353.678
353.498
353.082
352.628
352.364
352.159
351.948
351.722
351.475
351.291
351.185
351.162
351.185
351.197
351.191
351.196
351.243
351.302
351.285
351.201
351.055
350.828
350.519
350.246
350.112
350.055
350.018
350.027
350.096
350.195
350.237
350.206
350.139
350.044
349.921
349.766
349.609
349.487
349.409
349.353
349.295
349.223
349.129
349.013
348.903
348.825
348.782
348.784
348.809
348.878
348.983
349.092
349.15
349.157
349.145
349.098
349.025
348.916
348.76
348.564
348.366
348.233
348.181
348.162
348.158
348.18
348.248
348.365
348.504
348.607
348.644
348.645
348.625
348.579
348.504
348.381
348.201
347.972
347.727
347.518
347.389
347.338
347.321
347.315
347.324
347.367
347.466
347.634
347.864
348.079
348.172
348.174
348.156
348.115
348.023
347.839
347.527
347.109
346.714
346.494
346.425
346.411
346.429
346.5
346.651
346.904
347.262
347.689
348.106
348.434
348.634
348.723
348.751
348.737
348.658
348.469
348.126
347.694
347.417
347.351
347.333
347.357
347.448
347.642
347.962
348.419
348.968
349.446
349.637
349.645
349.572
349.48
349.332
349.02
348.419
347.459
346.323
345.526
345.298
345.296
345.336
345.45
345.663
345.881
345.988
346.001
345.933
345.773
345.135
4015.59
3268.23
3106.88
3128.7
3131.77
3138.15
3112.18
3038.33
2754.06
2583.51
2595.07
2638.83
2706.2
2787.11
2872.9
2961.96
3056.46
3160.01
3273.03
3379.74
3452.77
3497.2
3525.11
3531.66
3385.14
3070.46
3017.34
3044.99
3099.37
3162.23
3219.82
3271.54
3321.01
3370.61
3421.11
3472.45
3524.83
3581.59
3652.63
3746.71
3821.47
3845.76
3832.55
3651.22
3434.25
3427.28
3456.55
3506.34
3560.38
3605.54
3643.48
3679.7
3717.19
3756.55
3796.59
3835.92
3875.03
3918.78
3978.66
4061.3
4118.15
4136.89
4114.72
3955.39
3814.43
3812.9
3830.02
3859.46
3888.41
3901.55
3901.73
3895.06
3883.22
3868.24
3849.78
3826.95
3801.47
3779.19
3768.22
3775.2
3761.49
3703.27
3587.88
3414.38
3319.75
3290.28
3273.86
3271.19
3264.39
3244.69
3217.99
3191.06
3165.82
3141.66
3118.2
3098.82
3088.88
3090.06
3062.12
3000.29
2891.91
2762.18
2689.15
2644.68
2610.03
2581.38
2544.34
2493.06
2433.44
2371.53
2310.76
2254.79
2206.36
2155.97
2073.88
1968.92
1841.95
1739.71
1668.16
1607.58
1551.03
1485.08
1409.32
1331.17
1254.93
1176.53
1074.71
959.74
843.598
752.531
678.642
619.696
569.673
519.633
469.385
427.753
399.211
382.706
376.387
371.87
366.12
360.169
356.564
355.483
355.778
356.218
355.653
354.48
353.56
353.36
353.438
353.604
353.476
353.123
352.654
352.329
352.116
351.903
351.688
351.46
351.28
351.173
351.146
351.17
351.19
351.186
351.186
351.218
351.267
351.253
351.173
351.035
350.82
350.526
350.268
350.142
350.088
350.054
350.065
350.132
350.219
350.249
350.217
350.151
350.06
349.943
349.8
349.654
349.537
349.454
349.39
349.327
349.252
349.157
349.041
348.933
348.855
348.81
348.811
348.834
348.895
348.99
349.081
349.123
349.125
349.107
349.056
348.984
348.887
348.757
348.599
348.433
348.301
348.236
348.21
348.201
348.212
348.261
348.351
348.457
348.534
348.558
348.554
348.527
348.478
348.403
348.29
348.138
347.95
347.743
347.557
347.435
347.382
347.365
347.362
347.379
347.439
347.557
347.742
347.971
348.153
348.211
348.209
348.188
348.144
348.051
347.877
347.603
347.254
346.918
346.701
346.615
346.591
346.605
346.668
346.802
347.022
347.325
347.682
348.031
348.297
348.443
348.499
348.51
348.473
348.36
348.132
347.769
347.38
347.175
347.127
347.114
347.139
347.24
347.449
347.784
348.247
348.797
349.311
349.576
349.631
349.604
349.542
349.442
349.223
348.781
348.036
347.038
346.077
345.529
345.406
345.412
345.472
345.591
345.692
345.724
345.704
345.615
345.457
344.942
4014.48
3269.24
3103.93
3126.1
3129.79
3136.06
3110.5
3037.06
2754.41
2584.73
2595.9
2639.13
2705.94
2786.34
2871.6
2960.08
3053.95
3157.26
3270.17
3376.49
3449.85
3494.98
3522.86
3529.4
3382.67
3068.48
3015.27
3042.77
3097.09
3159.9
3217.43
3269.15
3318.73
3368.47
3419.09
3470.57
3523.26
3580.62
3652.57
3747.36
3821.43
3845.28
3831.34
3648.48
3432.09
3425.36
3454.54
3504.14
3558.01
3603.04
3640.83
3676.8
3713.86
3752.5
3791.65
3830.12
3868.78
3912.42
3972.14
4054.31
4110.84
4129.85
4108.3
3951.27
3811.15
3809.57
3826.71
3856.15
3885.33
3898.65
3898.84
3892.26
3880.61
3865.84
3847.72
3825.35
3800.12
3777.68
3766.2
3772.83
3758.52
3698.46
3580.16
3404.72
3309.86
3279.12
3261.49
3257.02
3247.78
3225.77
3197.15
3168.42
3141.48
3115.84
3091.33
3071.86
3063.05
3065.78
3036.68
2974.38
2864.58
2738.56
2674.37
2635.2
2605.95
2581.05
2546.6
2498.07
2442.46
2384.7
2327.76
2275.1
2229.61
2182.35
2101.44
1996.14
1865.89
1757.77
1682
1616.49
1555.46
1485.42
1406.66
1326.97
1251.4
1176.49
1081.78
976.307
868.903
784.767
715.637
658.356
606.745
554.673
498.276
449.291
412.622
389.877
379.132
373.565
367.199
361.169
356.925
355.592
355.633
356.201
355.737
354.644
353.575
353.297
353.32
353.526
353.448
353.143
352.677
352.302
352.077
351.866
351.656
351.441
351.267
351.16
351.13
351.155
351.18
351.176
351.169
351.187
351.228
351.218
351.142
351.011
350.809
350.534
350.293
350.175
350.123
350.093
350.103
350.161
350.23
350.252
350.219
350.153
350.065
349.955
349.828
349.703
349.597
349.514
349.443
349.372
349.291
349.191
349.075
348.97
348.891
348.843
348.843
348.861
348.913
348.996
349.07
349.096
349.093
349.067
349.013
348.944
348.858
348.75
348.624
348.491
348.373
348.3
348.265
348.252
348.253
348.283
348.345
348.418
348.465
348.474
348.465
348.436
348.388
348.318
348.218
348.087
347.931
347.763
347.607
347.499
347.448
347.43
347.431
347.456
347.527
347.657
347.849
348.066
348.208
348.242
348.238
348.214
348.165
348.071
347.912
347.679
347.402
347.141
346.951
346.845
346.803
346.805
346.847
346.95
347.124
347.372
347.671
347.951
348.135
348.215
348.24
348.229
348.163
348.017
347.76
347.404
347.085
346.943
346.902
346.885
346.908
347.009
347.226
347.571
348.039
348.588
349.12
349.471
349.599
349.615
349.585
349.519
349.368
349.059
348.519
347.749
346.863
346.087
345.627
345.498
345.479
345.476
345.478
345.451
345.39
345.285
345.139
344.756
4013.84
3270.69
3101.56
3124.51
3129.87
3136.8
3111.1
3036.37
2752.74
2587.21
2598.28
2641.09
2707.39
2787.39
2872.34
2960.37
3053.39
3155.56
3267.4
3372.66
3444.61
3488.57
3515.95
3522.48
3377.79
3066.24
3012.69
3039.94
3094.09
3156.95
3214.59
3266.37
3316
3365.9
3416.86
3468.87
3522.22
3580.28
3652.77
3746.8
3818.39
3841.31
3826.58
3643
3428.36
3422.05
3451.16
3500.54
3554.27
3599.26
3637.02
3672.93
3709.92
3748.47
3787.44
3825.63
3863.92
3907.19
3966.62
4048.07
4103.8
4122.89
4101.43
3945.5
3806.71
3805.3
3822.54
3852.04
3881.51
3895.19
3895.82
3889.93
3878.98
3864.82
3847.07
3824.93
3799.93
3777.83
3766.8
3773.89
3758.92
3697.58
3576.14
3397.85
3302.86
3270.68
3251.63
3245.17
3233.39
3208.95
3178.3
3147.7
3118.99
3091.56
3065.35
3044.78
3035.86
3038.85
3008.25
2944.26
2832.39
2710.41
2654.59
2620.88
2597.5
2576.87
2544.79
2498.79
2446.12
2392.17
2339.05
2289.76
2247.29
2203.31
2124.13
2019.31
1886.83
1774.02
1695.07
1625.45
1560.45
1486.99
1405.95
1325.34
1250.56
1179.12
1091.45
994.425
894.258
815.078
748.957
692.056
638.136
583.205
522.554
467.298
424.126
396.206
381.579
374.95
368.102
362.022
357.26
355.677
355.493
356.12
355.781
354.77
353.616
353.245
353.23
353.442
353.417
353.153
352.699
352.289
352.044
351.837
351.63
351.422
351.253
351.149
351.115
351.138
351.163
351.158
351.145
351.155
351.191
351.184
351.113
350.99
350.8
350.542
350.318
350.209
350.159
350.129
350.135
350.174
350.224
350.237
350.203
350.139
350.054
349.954
349.844
349.74
349.652
349.576
349.502
349.425
349.338
349.235
349.117
349.015
348.935
348.885
348.882
348.897
348.942
349.012
349.065
349.075
349.067
349.032
348.976
348.911
348.835
348.746
348.645
348.54
348.443
348.373
348.332
348.311
348.306
348.318
348.356
348.397
348.412
348.407
348.39
348.36
348.316
348.253
348.166
348.055
347.925
347.789
347.667
347.581
347.535
347.517
347.52
347.551
347.629
347.763
347.947
348.12
348.206
348.229
348.229
348.209
348.161
348.074
347.933
347.741
347.53
347.346
347.207
347.102
347.036
347.014
347.032
347.096
347.224
347.419
347.654
347.852
347.944
347.967
347.962
347.919
347.821
347.647
347.381
347.072
346.844
346.749
346.714
346.695
346.714
346.807
347.017
347.355
347.81
348.333
348.845
349.25
349.497
349.594
349.6
349.559
349.452
349.24
348.87
348.324
347.643
346.901
346.206
345.699
345.442
345.35
345.271
345.181
345.08
344.964
344.833
344.577
4013.39
3272.38
3102.34
3125.59
3131.29
3140.34
3115.14
3035.08
2745.18
2589
2601.17
2644.75
2711.23
2790.83
2875.07
2962.3
3054.47
3155.24
3265.81
3370.88
3441.26
3482.43
3508.75
3513.98
3370.35
3063.87
3010.77
3037.75
3091.67
3154.54
3212.23
3263.92
3313.44
3363.4
3414.74
3467.39
3521.38
3579.8
3652.21
3744.71
3813.37
3835.64
3820.14
3635.73
3423.56
3417.76
3446.7
3495.76
3549.34
3594.36
3632.18
3668.17
3705.32
3744.18
3783.53
3821.93
3860.19
3903.09
3962.03
4042.89
4097.61
4116.4
4094.23
3938.03
3801.27
3800.4
3818
3847.87
3877.95
3892.39
3893.7
3888.49
3878.11
3864.5
3847.27
3825.71
3801.51
3780.48
3770.67
3778.89
3762.5
3699.19
3574.01
3392.66
3298.3
3265.39
3245.6
3237.67
3223.88
3197.53
3165.29
3133.18
3102.84
3073.48
3045.07
3022.57
3012.37
3014.72
2981.86
2915.01
2799.97
2680.84
2630.93
2601.66
2583.44
2567.08
2538.35
2495.31
2445.41
2394.06
2343.68
2297.06
2256.89
2215.47
2138.09
2034.03
1900.38
1784.92
1704.25
1632.33
1565.04
1489.5
1406.88
1325.7
1251.76
1183.29
1100.23
1008.27
912.104
835.229
770.133
712.734
656.799
599.656
537.033
478.073
431.099
400.124
383.108
375.804
368.764
362.619
357.502
355.679
355.354
356.02
355.796
354.856
353.648
353.191
353.15
353.359
353.383
353.157
352.72
352.288
352.019
351.814
351.608
351.406
351.242
351.138
351.103
351.122
351.142
351.133
351.118
351.126
351.16
351.157
351.089
350.973
350.795
350.555
350.345
350.241
350.191
350.16
350.157
350.176
350.203
350.202
350.164
350.103
350.026
349.939
349.848
349.766
349.696
349.63
349.559
349.479
349.387
349.279
349.161
349.062
348.984
348.934
348.927
348.941
348.978
349.034
349.065
349.067
349.053
349.007
348.951
348.889
348.822
348.747
348.665
348.585
348.512
348.453
348.41
348.383
348.37
348.37
348.385
348.395
348.384
348.362
348.335
348.302
348.26
348.204
348.13
348.041
347.941
347.843
347.756
347.692
347.652
347.634
347.636
347.666
347.74
347.864
348.018
348.13
348.17
348.18
348.18
348.165
348.123
348.048
347.931
347.781
347.631
347.516
347.429
347.35
347.274
347.225
347.216
347.244
347.327
347.468
347.63
347.719
347.731
347.714
347.669
347.589
347.458
347.265
347.025
346.803
346.672
346.615
346.586
346.565
346.58
346.662
346.854
347.171
347.596
348.076
348.534
348.92
349.229
349.454
349.559
349.558
349.483
349.33
349.079
348.719
348.258
347.687
346.991
346.24
345.62
345.262
345.082
344.942
344.805
344.671
344.555
344.426
4013
3274.21
3105.31
3128.11
3134.07
3145.49
3119.65
3030.42
2731.12
2588.02
2601.98
2647.15
2714.69
2794.69
2878.86
2965.49
3056.39
3155.5
3265.09
3370.02
3439.18
3478.02
3503.83
3507.77
3363.97
3061.83
3009.81
3036.59
3090.32
3153.16
3210.85
3262.43
3311.84
3361.89
3413.53
3466.44
3520.33
3578.26
3650.06
3741.2
3807.57
3829.13
3812.85
3628.44
3418.71
3413.22
3441.94
3490.68
3544.12
3589.15
3627.01
3663.05
3700.27
3739.24
3778.73
3817.41
3855.98
3899.24
3958.52
4038.97
4092.32
4110.56
4086.89
3928.93
3794.86
3794.95
3813.3
3844.02
3875.18
3891.08
3893.28
3888.85
3879.52
3866.92
3850.79
3830.33
3807.23
3787.27
3778.29
3786.93
3768.4
3702.46
3573.92
3389.91
3295.92
3262.38
3241.89
3232.94
3218.36
3191.47
3158.51
3125.43
3093.81
3062.84
3032.53
3008.12
2996.14
2997.14
2961.63
2891.33
2772.11
2653.27
2605.9
2578.92
2564.17
2551.37
2526.26
2487.26
2441.26
2392.69
2344.37
2299.39
2260.61
2220.56
2144.12
2040.3
1906.17
1789.86
1708.76
1636.2
1568.08
1491.79
1408.6
1327.24
1253.87
1186.73
1105.37
1015.11
920.145
843.654
778.55
720.531
663.544
605.491
542.516
482.25
433.8
401.646
383.667
376.131
369.101
362.91
357.595
355.625
355.244
355.941
355.797
354.894
353.647
353.127
353.072
353.286
353.352
353.153
352.734
352.29
352
351.796
351.593
351.394
351.233
351.13
351.091
351.103
351.117
351.106
351.09
351.099
351.135
351.137
351.072
350.962
350.795
350.573
350.375
350.271
350.219
350.183
350.17
350.175
350.177
350.155
350.109
350.051
349.985
349.914
349.844
349.782
349.728
349.675
349.612
349.533
349.437
349.324
349.205
349.11
349.034
348.985
348.975
348.987
349.017
349.057
349.072
349.069
349.049
348.998
348.939
348.878
348.817
348.753
348.693
348.636
348.584
348.538
348.5
348.471
348.45
348.438
348.429
348.407
348.376
348.338
348.3
348.262
348.221
348.172
348.113
348.047
347.979
347.917
347.865
347.822
347.79
347.773
347.772
347.796
347.857
347.955
348.057
348.11
348.12
348.119
348.108
348.086
348.047
347.985
347.894
347.789
347.705
347.648
347.602
347.554
347.496
347.439
347.401
347.4
347.436
347.512
347.573
347.568
347.529
347.467
347.378
347.253
347.086
346.894
346.723
346.617
346.568
346.541
346.51
346.488
346.5
346.577
346.752
347.036
347.414
347.838
348.235
348.568
348.854
349.118
349.345
349.459
349.443
349.339
349.168
348.945
348.668
348.297
347.756
346.999
346.12
345.386
344.976
344.757
344.577
344.425
344.329
344.317
4012.23
3275.4
3108.86
3131.24
3135.9
3148.52
3122.44
3024.01
2717.25
2587.29
2602.49
2648.86
2717.11
2797.29
2881.38
2967.71
3058
3156.43
3265.58
3370.14
3438.09
3476.22
3502.11
3505.74
3361.38
3060.94
3009.85
3036.51
3090.12
3152.88
3210.42
3261.78
3310.91
3360.65
3411.96
3464.45
3517.89
3575.37
3646.79
3737.01
3801.61
3822.83
3806.51
3623.16
3414.62
3409.04
3437.39
3485.69
3538.78
3583.51
3621.1
3656.94
3694.05
3733.03
3772.82
3811.99
3851.07
3894.99
3955.13
4035.43
4087.22
4104.93
4079.41
3918.64
3787.89
3789.32
3808.73
3840.75
3873.46
3891.13
3894.53
3891.16
3883.48
3872.49
3857.67
3838.29
3816.08
3796.6
3787.55
3795.49
3775.46
3707.94
3576.75
3390.1
3295.63
3261.46
3240.46
3230.97
3216.01
3189.16
3156.17
3122.67
3090.47
3058.95
3027.87
3001.82
2987.59
2986.7
2948.83
2875.17
2751.62
2630.32
2582.22
2555.23
2541.49
2530.2
2507.73
2472.83
2431.39
2386.78
2341.19
2298.06
2260.9
2221.74
2145.41
2041.32
1906.97
1791
1709.99
1637.41
1569.18
1492.89
1409.84
1328.61
1255.32
1188.18
1106.88
1016.72
921.843
845.314
780.051
721.637
664.396
606.18
543.354
482.99
434.313
401.929
383.756
376.158
369.148
362.961
357.595
355.598
355.21
355.908
355.781
354.882
353.607
353.067
353.01
353.23
353.324
353.141
352.735
352.286
351.986
351.781
351.579
351.382
351.224
351.121
351.078
351.084
351.089
351.075
351.06
351.073
351.114
351.122
351.061
350.957
350.8
350.597
350.41
350.302
350.247
350.205
350.183
350.17
350.146
350.103
350.048
349.991
349.936
349.886
349.839
349.796
349.756
349.713
349.658
349.583
349.487
349.368
349.247
349.154
349.081
349.032
349.018
349.028
349.052
349.077
349.085
349.08
349.056
349.001
348.937
348.873
348.815
348.77
348.734
348.7
348.667
348.635
348.605
348.579
348.554
348.523
348.481
348.433
348.383
348.332
348.283
348.238
348.196
348.157
348.116
348.076
348.044
348.014
347.985
347.958
347.936
347.922
347.92
347.935
347.975
348.03
348.063
348.065
348.058
348.04
348.012
347.976
347.932
347.881
347.822
347.772
347.753
347.739
347.723
347.703
347.674
347.635
347.59
347.552
347.531
347.517
347.478
347.418
347.335
347.227
347.091
346.922
346.736
346.583
346.518
346.517
346.521
346.512
346.489
346.472
346.485
346.557
346.715
346.964
347.283
347.634
347.958
348.23
348.466
348.696
348.931
349.142
349.263
349.259
349.158
349.029
348.884
348.687
348.349
347.76
346.876
345.85
345.055
344.649
344.428
344.302
344.23
344.256
4011.15
3276.05
3109.41
3131.64
3135.98
3148.99
3121.44
3015.89
2706.86
2586.27
2602.39
2649.29
2717.61
2797.59
2881.6
2967.94
3058.09
3156.23
3265.22
3370.64
3439.98
3478.01
3503.52
3506.58
3361.25
3060.18
3009.4
3036.02
3089.66
3152.26
3209.48
3260.47
3309.3
3358.81
3409.87
3462.13
3515.3
3572.43
3643.16
3732.62
3797.21
3818.34
3802.34
3619.79
3411.27
3405.36
3433.32
3481.26
3534.02
3578.43
3615.71
3651.23
3688.05
3726.8
3766.44
3805.71
3845.29
3890.04
3951.42
4032.08
4082.36
4099.46
4071.71
3907.51
3780.59
3783.61
3804.44
3838.2
3872.94
3892.99
3898.43
3896.6
3891.02
3881.93
3868.4
3849.59
3827.48
3808.12
3799.28
3807.04
3786.26
3717.49
3583.98
3394.53
3298.51
3263.58
3241.98
3232.12
3216.96
3190.03
3156.97
3123.4
3091.2
3059.52
3027.95
3000.57
2984.25
2981.3
2941.76
2865.85
2738.92
2613.36
2562.06
2533.02
2517.87
2505.85
2483.89
2451.07
2412.82
2371.95
2330.13
2290.6
2256.32
2217.96
2141.81
2037.61
1904.11
1789.93
1709.64
1637.35
1569.16
1492.93
1410.13
1329.03
1255.69
1187.83
1105.25
1013.94
918.382
841.586
776.141
717.866
660.758
602.875
540.502
480.985
433.212
401.349
383.527
375.936
368.864
362.71
357.494
355.591
355.229
355.909
355.723
354.785
353.523
353.015
352.964
353.195
353.291
353.114
352.718
352.27
351.973
351.769
351.569
351.373
351.213
351.109
351.063
351.063
351.061
351.043
351.03
351.047
351.096
351.111
351.055
350.957
350.812
350.627
350.453
350.342
350.279
350.231
350.194
350.161
350.114
350.057
349.992
349.933
349.888
349.858
349.838
349.811
349.779
349.744
349.696
349.627
349.533
349.413
349.288
349.196
349.125
349.074
349.057
349.064
349.082
349.095
349.102
349.098
349.067
349.01
348.939
348.873
348.829
348.802
348.786
348.776
348.763
348.747
348.727
348.702
348.667
348.618
348.554
348.48
348.406
348.339
348.278
348.225
348.182
348.153
348.14
348.131
348.125
348.117
348.104
348.087
348.074
348.066
348.067
348.077
348.089
348.082
348.057
348.028
347.992
347.948
347.894
347.832
347.774
347.736
347.73
347.741
347.765
347.792
347.807
347.812
347.809
347.79
347.749
347.682
347.588
347.483
347.374
347.262
347.137
346.988
346.81
346.617
346.461
346.396
346.395
346.432
346.5
346.539
346.54
346.535
346.552
346.621
346.76
346.969
347.22
347.477
347.703
347.9
348.079
348.256
348.442
348.642
348.843
348.993
349.05
349.018
348.952
348.868
348.7
348.336
347.655
346.636
345.533
344.786
344.45
344.311
344.224
344.263
4010.35
3276.26
3108.25
3130.22
3133.94
3146.95
3118.38
3010.3
2701.45
2583.75
2600.29
2647.35
2715.79
2795.7
2879.48
2965.6
3055.81
3154.2
3263.37
3369.36
3440.99
3481.73
3507.39
3510.81
3363.7
3059.32
3008.89
3035.81
3089.71
3152.16
3209.03
3259.74
3308.3
3357.44
3408.04
3459.73
3512.29
3568.75
3638.87
3728.84
3794.78
3816.01
3800.13
3618.26
3408.99
3402.57
3430.23
3477.91
3530.33
3574.32
3611.19
3646.35
3682.85
3721.31
3760.64
3799.62
3839.17
3884.43
3947.08
4028.48
4077.55
4094.08
4063.9
3896.34
3773.42
3778.1
3800.52
3836.3
3873.34
3896.41
3904.72
3905.1
3901.99
3895.4
3883.92
3866.45
3845.24
3826.38
3817.66
3825.01
3803.32
3733.17
3598.1
3407.03
3308.6
3272.42
3249.49
3238.66
3222.81
3195.05
3161.05
3126.87
3094.19
3061.77
3029.15
3000.53
2982.62
2978.3
2937.95
2861.39
2733.15
2602.62
2546.44
2514.12
2495.78
2481.13
2457.35
2423.84
2386.14
2346.96
2307.95
2272.12
2241.57
2204.5
2129.05
2025.19
1893.93
1784.25
1705.77
1635.18
1567.57
1491.61
1409.1
1328.06
1253.97
1183.9
1097.44
1002.27
904.264
826.448
760.678
702.984
647.249
590.936
530
473.315
428.48
398.752
382.537
375.258
368.21
362.116
357.211
355.524
355.265
355.899
355.597
354.597
353.38
352.951
352.924
353.18
353.251
353.061
352.66
352.235
351.959
351.757
351.556
351.354
351.192
351.09
351.045
351.043
351.036
351.015
351.003
351.024
351.081
351.105
351.055
350.963
350.831
350.665
350.508
350.4
350.325
350.264
350.21
350.156
350.093
350.02
349.949
349.893
349.856
349.837
349.835
349.83
349.804
349.773
349.731
349.667
349.578
349.459
349.332
349.237
349.167
349.115
349.096
349.102
349.112
349.119
349.124
349.118
349.084
349.023
348.95
348.894
348.859
348.843
348.845
348.861
348.874
348.876
348.865
348.835
348.785
348.721
348.639
348.542
348.442
348.35
348.274
348.22
348.188
348.173
348.172
348.189
348.211
348.219
348.215
348.206
348.2
348.2
348.204
348.201
348.176
348.129
348.067
347.997
347.922
347.84
347.749
347.659
347.602
347.59
347.609
347.664
347.745
347.822
347.873
347.899
347.908
347.895
347.845
347.753
347.613
347.436
347.257
347.092
346.927
346.745
346.548
346.381
346.304
346.292
346.316
346.385
346.495
346.587
346.63
346.651
346.685
346.756
346.878
347.043
347.22
347.361
347.481
347.592
347.698
347.801
347.91
348.049
348.241
348.494
348.759
348.924
348.96
348.918
348.845
348.659
348.236
347.471
346.413
345.39
344.721
344.436
344.317
344.366
4008.88
3274.55
3107.3
3129.31
3132.2
3144.97
3116.92
3009.51
2699.62
2580.04
2596.3
2643.07
2711.4
2791.02
2874.46
2960.57
3051.32
3150.76
3260.7
3367.01
3440.96
3485.02
3511.49
3516.14
3367.35
3058.42
3008.03
3035.26
3089.6
3151.94
3208.39
3258.76
3307.05
3355.86
3405.98
3457.04
3508.89
3564.73
3634.49
3725.35
3793.08
3814.65
3799.18
3618.13
3407.67
3400.81
3428.28
3475.81
3527.87
3571.38
3607.78
3642.52
3678.65
3716.72
3755.6
3794.1
3833.28
3878.59
3942.07
4024.25
4072.54
4088.49
4055.9
3885.25
3766.46
3772.41
3796.58
3834.45
3873.84
3899.91
3912.07
3915.55
3914.74
3911.08
3902.29
3886.84
3867.26
3849.91
3842.3
3849.26
3826.53
3755.97
3622.35
3431.44
3328.4
3290.33
3265.15
3252.64
3235.47
3206.33
3170.61
3134.38
3099.68
3065.74
3031.73
3001.3
2981.19
2975.28
2935.24
2859.24
2731.87
2597.42
2535.3
2499.15
2476.6
2458.11
2430.88
2394.32
2354.27
2313.99
2275.29
2241.11
2212.99
2175.95
2101.79
1998.78
1871.83
1769.25
1694.2
1626.99
1561.37
1486.62
1404.75
1323.43
1247.42
1172.71
1078.98
976.632
874.229
794.432
728.086
671.628
618.974
565.982
508.73
457.812
418.715
393.365
380.447
373.923
367.185
361.148
356.766
355.353
355.296
355.842
355.396
354.308
353.186
352.872
352.889
353.172
353.191
352.978
352.577
352.191
351.944
351.739
351.529
351.316
351.155
351.059
351.02
351.02
351.011
350.99
350.981
351.009
351.076
351.107
351.063
350.979
350.859
350.712
350.572
350.469
350.389
350.314
350.239
350.162
350.08
349.997
349.925
349.874
349.841
349.83
349.837
349.847
349.833
349.804
349.766
349.707
349.621
349.505
349.376
349.278
349.208
349.155
349.137
349.142
349.146
349.152
349.153
349.143
349.103
349.04
348.973
348.928
348.899
348.891
348.908
348.953
348.997
349.016
349.008
348.972
348.913
348.835
348.733
348.61
348.478
348.357
348.272
348.229
348.21
348.202
348.21
348.244
348.289
348.314
348.32
348.32
348.322
348.327
348.324
348.299
348.249
348.177
348.081
347.969
347.847
347.716
347.583
347.484
347.445
347.448
347.484
347.572
347.7
347.83
347.92
347.962
347.971
347.95
347.889
347.776
347.598
347.365
347.123
346.903
346.698
346.497
346.325
346.241
346.224
346.238
346.293
346.408
346.553
346.685
346.766
346.813
346.866
346.95
347.065
347.176
347.254
347.297
347.326
347.339
347.341
347.341
347.356
347.415
347.564
347.843
348.25
348.671
348.888
348.893
348.848
348.76
348.541
348.073
347.288
346.307
345.428
344.869
344.603
344.636
4007.12
3272.04
3106.69
3128.68
3131.34
3144.11
3117.19
3011.85
2700.14
2575.88
2591.82
2638.2
2706.3
2785.69
2869.2
2955.92
3047.89
3148.65
3259.1
3365.28
3441.2
3488.1
3515.29
3520.43
3368.92
3055.93
3006.54
3034.26
3089
3151.13
3207.18
3257.28
3305.4
3353.97
3403.73
3454.38
3505.87
3561.55
3631.51
3723.02
3792.25
3814.2
3798.98
3617.72
3406.17
3399.25
3426.75
3474.27
3526.11
3569.21
3605.21
3639.57
3675.27
3712.83
3751.13
3789.02
3827.69
3872.8
3936.67
4019.35
4067
4082.36
4047.61
3874.35
3759.24
3766.18
3791.88
3831.68
3873.16
3901.66
3917.55
3925.34
3927.94
3927.21
3922
3909.84
3892.68
3876.88
3869.98
3876.14
3854.01
3784.86
3655.2
3464.94
3355.73
3315.76
3287.96
3273.51
3254.85
3224.14
3186.37
3147.71
3110.42
3073.88
3037.44
3004.22
2980.83
2971.76
2932.65
2858
2733.2
2596.39
2527.78
2487.62
2460.44
2437.63
2406.11
2365.22
2321.06
2277.29
2236.08
2200.64
2172.14
2132.57
2059.66
1957.49
1836.37
1742.58
1672.28
1609.9
1547.59
1474.96
1394.3
1312.64
1233.88
1152.58
1049.27
937.711
830.407
748.202
681.567
627.205
578.887
529.624
478.881
436.013
405.263
386.213
377.748
372.019
365.833
359.837
356.245
355.131
355.368
355.718
355.13
353.921
352.974
352.775
352.871
353.162
353.119
352.87
352.471
352.131
351.912
351.707
351.487
351.263
351.103
351.014
350.98
350.983
350.979
350.966
350.967
351.008
351.087
351.123
351.084
351.006
350.896
350.765
350.641
350.541
350.456
350.371
350.28
350.179
350.078
349.988
349.92
349.873
349.842
349.834
349.847
349.869
349.866
349.84
349.805
349.75
349.667
349.554
349.423
349.32
349.25
349.198
349.182
349.184
349.186
349.191
349.189
349.175
349.131
349.065
349.004
348.965
348.942
348.944
348.979
349.051
349.123
349.153
349.144
349.104
349.039
348.95
348.828
348.673
348.505
348.359
348.277
348.246
348.232
348.229
348.246
348.292
348.353
348.399
348.422
348.434
348.443
348.444
348.426
348.381
348.314
348.22
348.093
347.938
347.761
347.575
347.414
347.329
347.306
347.315
347.364
347.477
347.648
347.83
347.955
347.999
347.996
347.962
347.891
347.762
347.551
347.27
346.967
346.688
346.448
346.263
346.17
346.151
346.164
346.216
346.322
346.483
346.676
346.847
346.96
347.033
347.103
347.188
347.264
347.313
347.328
347.287
347.203
347.099
346.986
346.874
346.802
346.801
346.902
347.165
347.612
348.187
348.663
348.831
348.808
348.762
348.665
348.423
347.929
347.184
346.348
345.67
345.213
345.196
4005.93
3269.59
3104.93
3127.09
3130.18
3142.46
3116.24
3014.95
2702.61
2571.93
2587.44
2633.72
2702.25
2782.34
2866.59
2953.81
3046.26
3147.88
3259.27
3366.34
3443
3490.1
3517.55
3521.78
3366.03
3051.25
3004.07
3032.25
3087.24
3149.2
3205.05
3255.11
3303.3
3351.96
3401.76
3452.5
3504.22
3560.07
3630.03
3722.13
3792.16
3814.15
3798.46
3615.57
3403.87
3397.1
3424.55
3472
3523.58
3566.3
3601.95
3636.03
3671.46
3708.69
3746.58
3784.03
3822.35
3867.3
3931.42
4014.26
4061.03
4075.77
4039.18
3864.04
3751.87
3759.55
3786.39
3827.75
3870.97
3901.37
3919.84
3931.55
3938.55
3941.21
3939.16
3930.49
3915.89
3901.92
3896.36
3902.78
3883.51
3817.12
3691.62
3501.71
3386.14
3344.01
3314.14
3298.02
3278.39
3246.44
3206.55
3165.23
3125.06
3085.72
3046.44
3009.67
2982
2968.93
2930.66
2857.56
2736.59
2598.32
2522.8
2478.88
2447.45
2420.67
2385.06
2339.58
2290.45
2241.73
2196.01
2156.87
2125.38
2081.68
2008.46
1906.92
1791.65
1706.31
1641.07
1584
1525.64
1455.76
1376.88
1295.4
1214.26
1125.77
1012.91
892.748
782.455
698.363
632.344
580.555
536.281
489.895
447.4
413.231
391.546
379.438
375.072
369.852
364.052
358.391
355.712
354.967
355.487
355.545
354.76
353.477
352.779
352.683
352.893
353.141
353.039
352.744
352.349
352.065
351.868
351.666
351.436
351.203
351.044
350.962
350.931
350.934
350.937
350.94
350.963
351.032
351.124
351.156
351.115
351.038
350.936
350.819
350.706
350.611
350.522
350.43
350.326
350.211
350.094
349.997
349.932
349.886
349.856
349.849
349.864
349.895
349.903
349.882
349.85
349.797
349.716
349.604
349.472
349.365
349.294
349.243
349.229
349.225
349.226
349.226
349.22
349.2
349.15
349.084
349.033
349
348.985
348.997
349.051
349.146
349.24
349.276
349.266
349.223
349.156
349.057
348.914
348.726
348.519
348.357
348.284
348.26
348.247
348.248
348.275
348.334
348.41
348.479
348.525
348.549
348.559
348.553
348.52
348.461
348.377
348.256
348.095
347.892
347.657
347.425
347.264
347.203
347.189
347.199
347.257
347.388
347.593
347.821
347.968
348.003
347.992
347.952
347.876
347.731
347.489
347.156
346.784
346.444
346.197
346.08
346.052
346.061
346.102
346.198
346.363
346.593
346.852
347.078
347.233
347.331
347.401
347.447
347.467
347.464
347.42
347.31
347.122
346.891
346.649
346.43
346.293
346.252
346.321
346.55
346.98
347.581
348.212
348.622
348.723
348.722
348.694
348.575
348.307
347.833
347.21
346.647
346.177
346.085
4005.48
3268.12
3101.81
3124.18
3128.41
3140.43
3114.69
3016.95
2705.08
2569.72
2585.17
2632
2701.35
2782.04
2866.66
2954.21
3047.13
3149.31
3261.51
3369.3
3444.42
3489.15
3516.51
3519.37
3359.07
3045.12
3000.86
3029.43
3084.6
3146.61
3202.56
3252.87
3301.4
3350.43
3400.54
3451.49
3503.36
3559.46
3629.87
3722.28
3791.62
3812.86
3796.04
3611.7
3401.04
3394.56
3421.95
3469.43
3520.94
3563.55
3599.09
3633
3668.19
3705.08
3742.56
3779.63
3817.68
3862.49
3926.69
4009.3
4054.72
4068.78
4030.64
3854.43
3744.69
3752.88
3780.37
3822.54
3866.74
3898.68
3919.25
3933.9
3944.53
3950.43
3951.15
3945.71
3933.88
3922.13
3918.78
3927.07
3911.15
3847.18
3725.23
3535.85
3414.3
3370.21
3338.82
3321.54
3301.49
3268.81
3227.18
3183.48
3140.76
3098.87
3056.8
3016.39
2984.24
2966.7
2930.01
2858.53
2741.4
2602.03
2519.87
2472.73
2437.66
2407.78
2368.83
2319.14
2265.2
2211.5
2160.88
2117.17
2081.39
2032.79
1958.13
1856.93
1746.54
1667.61
1606.47
1553.86
1499.08
1432.17
1355.65
1275.24
1192.82
1097.37
977.336
851.208
741.166
656.728
592.038
542.749
500.209
456.678
421.148
395.113
380.698
374.803
372.63
367.729
362.048
357.08
355.27
354.938
355.605
355.32
354.297
353.053
352.624
352.632
352.967
353.102
352.95
352.599
352.23
352.004
351.818
351.619
351.38
351.14
350.985
350.908
350.876
350.877
350.888
350.913
350.972
351.079
351.182
351.2
351.152
351.073
350.974
350.866
350.765
350.675
350.588
350.492
350.381
350.254
350.127
350.026
349.962
349.915
349.88
349.87
349.886
349.923
349.942
349.927
349.896
349.846
349.766
349.654
349.519
349.409
349.337
349.286
349.274
349.264
349.264
349.261
349.251
349.226
349.173
349.11
349.067
349.037
349.028
349.048
349.117
349.231
349.339
349.379
349.367
349.323
349.255
349.149
348.986
348.763
348.522
348.353
348.292
348.27
348.259
348.264
348.3
348.37
348.465
348.559
348.627
348.66
348.667
348.653
348.61
348.542
348.44
348.289
348.083
347.822
347.529
347.276
347.141
347.099
347.089
347.101
347.165
347.309
347.54
347.802
347.961
347.99
347.974
347.932
347.851
347.692
347.422
347.033
346.58
346.192
345.989
345.937
345.937
345.963
346.036
346.177
346.402
346.709
347.051
347.357
347.568
347.677
347.719
347.719
347.688
347.618
347.489
347.282
346.992
346.644
346.294
346.004
345.841
345.79
345.841
346.042
346.444
347.022
347.675
348.232
348.531
348.599
348.613
348.606
348.508
348.25
347.89
347.565
347.327
347.267
4005.5
3268.55
3099.09
3121.63
3126.7
3138.7
3113.26
3017.19
2706.45
2569.66
2585.3
2632.95
2703.05
2784.34
2869.43
2957.59
3050.95
3153.14
3265
3371.62
3443.87
3485.75
3512.81
3514.28
3350.34
3039.65
2998.64
3027.64
3082.97
3144.98
3200.91
3251.22
3299.82
3349.04
3399.45
3450.76
3502.92
3559.17
3629.46
3721.2
3789.17
3809.75
3792.04
3606.16
3397.54
3391.6
3418.96
3466.44
3517.9
3560.49
3596.04
3629.96
3665.11
3701.92
3739.27
3776.09
3813.74
3858.1
3921.98
4003.97
4048.22
4061.83
4022.38
3845.14
3737.26
3745.7
3773.48
3816.06
3860.92
3894.07
3916.32
3932.68
3945.53
3954.44
3957.76
3954.66
3945.96
3936.73
3935.81
3946.31
3932.44
3870.3
3751.56
3562.87
3436.36
3390.75
3358.28
3340.27
3320.02
3286.96
3244.42
3199.16
3154.35
3110.09
3065.48
3022.1
2986.42
2965.32
2930.52
2860.14
2746.46
2606.66
2518.52
2468.73
2430.81
2398.91
2357.64
2304.65
2246.94
2189.34
2134.74
2086.95
2046.94
1993.87
1917.56
1816.52
1709.65
1634.66
1576.12
1526.57
1474.59
1410.53
1336.6
1257.82
1174.93
1073.11
949.111
820.046
712.585
629.311
566.32
518.776
475.556
435.085
403.564
383.797
374.174
372.314
370.501
365.878
360.162
356.212
354.96
355.104
355.605
355.013
353.766
352.731
352.522
352.669
353.065
353.063
352.835
352.44
352.133
351.954
351.771
351.571
351.322
351.076
350.929
350.856
350.824
350.822
350.836
350.884
350.986
351.136
351.245
351.247
351.189
351.104
351.003
350.9
350.809
350.728
350.646
350.553
350.441
350.31
350.175
350.066
349.998
349.947
349.908
349.896
349.912
349.955
349.982
349.971
349.942
349.894
349.812
349.7
349.564
349.451
349.378
349.329
349.314
349.302
349.299
349.293
349.28
349.25
349.195
349.135
349.096
349.068
349.063
349.089
349.167
349.292
349.409
349.454
349.442
349.4
349.332
349.221
349.041
348.785
348.516
348.35
348.297
348.276
348.264
348.272
348.314
348.4
348.517
348.638
348.723
348.758
348.76
348.741
348.694
348.622
348.505
348.323
348.062
347.732
347.39
347.145
347.046
347.017
347.008
347.021
347.09
347.245
347.497
347.782
347.947
347.971
347.952
347.912
347.829
347.661
347.358
346.903
346.371
345.973
345.833
345.81
345.817
345.858
345.957
346.14
346.43
346.822
347.264
347.662
347.914
348.012
348.03
348.004
347.935
347.797
347.563
347.227
346.804
346.352
345.945
345.657
345.519
345.473
345.514
345.686
346.048
346.585
347.201
347.769
348.19
348.426
348.513
348.559
348.569
348.48
348.386
348.346
348.422
348.513
4005.54
3269.94
3097.14
3119.44
3124.33
3135.93
3110.29
3015.07
2707.01
2571.45
2587.47
2635.79
2706.58
2788.79
2874.72
2963.08
3055.73
3156.61
3267.1
3371.94
3441.92
3481.74
3508.56
3508.75
3342.74
3035.47
2996.56
3025.88
3081.36
3143.52
3199.58
3250
3298.72
3348.09
3398.67
3450.12
3502.33
3558.54
3628.66
3719.7
3786.23
3806.21
3787.52
3599.89
3393.65
3388.44
3415.9
3463.43
3514.94
3557.7
3593.45
3627.5
3662.72
3699.55
3736.79
3773.28
3810.42
3854.18
3917.55
3998.91
4042.31
4055.59
4014.99
3836.65
3730.06
3738.51
3766.29
3808.99
3854.24
3888.08
3911.48
3929.62
3944.74
3956.48
3962.29
3961.32
3955.17
3947.64
3947.75
3958.84
3946.56
3886.03
3769.62
3581.28
3451.03
3404.36
3371.11
3352.46
3331.84
3298.1
3254.58
3208.38
3162.39
3116.74
3070.63
3025.51
2987.76
2964.13
2931.44
2862.15
2751.18
2611.32
2518.29
2466.55
2426.48
2393.43
2351.02
2296.21
2236.18
2176.1
2118.94
2068.39
2024.99
1968.66
1891.06
1790.3
1685.79
1613.06
1555.89
1508
1457.7
1395.85
1324.2
1246.92
1163.22
1056.35
930.621
801.344
697.061
615.496
554.088
507.221
462.638
423.91
394.402
378.324
371.297
371.076
368.981
364.254
358.795
355.823
354.942
355.387
355.469
354.613
353.239
352.537
352.482
352.823
353.14
353.033
352.701
352.287
352.066
351.915
351.741
351.535
351.27
351.02
350.883
350.815
350.782
350.776
350.792
350.859
351.005
351.196
351.302
351.288
351.221
351.128
351.024
350.927
350.846
350.772
350.695
350.605
350.495
350.362
350.221
350.106
350.033
349.981
349.94
349.924
349.938
349.981
350.015
350.009
349.981
349.934
349.852
349.74
349.603
349.488
349.414
349.366
349.347
349.336
349.328
349.319
349.303
349.268
349.211
349.152
349.116
349.091
349.089
349.121
349.207
349.338
349.461
349.509
349.497
349.454
349.387
349.273
349.078
348.795
348.507
348.346
348.299
348.277
348.266
348.277
348.329
348.431
348.571
348.712
348.806
348.838
348.837
348.813
348.766
348.691
348.563
348.352
348.036
347.637
347.262
347.045
346.975
346.951
346.943
346.958
347.032
347.198
347.466
347.764
347.931
347.953
347.932
347.89
347.804
347.623
347.288
346.771
346.189
345.816
345.715
345.701
345.709
345.755
345.873
346.095
346.45
346.941
347.496
347.963
348.212
348.287
348.291
348.259
348.176
347.993
347.659
347.163
346.568
346.01
345.598
345.362
345.263
345.229
345.266
345.421
345.751
346.25
346.835
347.386
347.82
348.134
348.359
348.494
348.584
348.676
348.846
349.08
349.39
349.525
4005.5
3271.6
3096.96
3118.64
3122.18
3133.13
3106.61
3010.47
2706.15
2574.11
2590.49
2639.51
2710.88
2793.5
2879.36
2967.11
3058.77
3158.65
3268.3
3372.08
3440.56
3478.95
3505.29
3504.78
3338.07
3033.09
2995.44
3025.03
3080.62
3142.88
3199.01
3249.43
3298.11
3347.47
3398.17
3449.59
3501.62
3557.61
3627.87
3718.81
3784.04
3803.2
3783.33
3594.3
3390.5
3385.91
3413.5
3461.13
3512.74
3555.64
3591.55
3625.77
3661.14
3698.03
3735.18
3771.5
3808.38
3851.77
3914.71
3995.52
4038.19
4050.98
4009.29
3830.23
3724.75
3733.26
3760.91
3803.5
3848.89
3883.35
3907.81
3927.29
3943.94
3957.27
3964.49
3964.77
3960.06
3953.41
3954.21
3965.98
3955.2
3895.56
3780.3
3591.75
3458.97
3411.53
3377.63
3358.27
3336.97
3302.59
3258.52
3211.77
3165.41
3119.5
3072.87
3026.79
2987.73
2962.64
2931.68
2863.17
2754.84
2615.07
2518.59
2465.73
2424.41
2390.81
2348.17
2292.84
2231.76
2170.28
2111.49
2059.17
2013.83
1955.88
1877.81
1777.52
1674.43
1602.84
1546.26
1499.04
1449.7
1389.43
1319.44
1242.93
1157.72
1047.29
920.808
792.618
690.966
610.865
550.587
503.599
457.741
419.486
390.922
376.401
370.426
370.394
367.848
363.098
358.107
355.799
355.156
355.612
355.31
354.184
352.865
352.444
352.509
353.026
353.2
353.013
352.574
352.182
352.021
351.899
351.736
351.516
351.231
350.978
350.85
350.783
350.747
350.736
350.754
350.839
351.021
351.242
351.339
351.314
351.24
351.141
351.035
350.945
350.872
350.802
350.726
350.638
350.529
350.396
350.253
350.135
350.061
350.009
349.966
349.948
349.959
350.002
350.042
350.039
350.012
349.966
349.884
349.771
349.635
349.518
349.443
349.393
349.37
349.359
349.348
349.336
349.317
349.277
349.216
349.159
349.126
349.103
349.104
349.141
349.232
349.366
349.488
349.536
349.524
349.483
349.417
349.303
349.099
348.798
348.499
348.341
348.295
348.272
348.26
348.272
348.33
348.445
348.604
348.761
348.859
348.891
348.888
348.863
348.818
348.746
348.613
348.379
348.011
347.553
347.164
346.98
346.928
346.905
346.896
346.911
346.989
347.163
347.442
347.75
347.921
347.942
347.92
347.878
347.79
347.599
347.233
346.675
346.083
345.735
345.641
345.625
345.627
345.663
345.778
346.029
346.465
347.062
347.7
348.18
348.396
348.457
348.464
348.442
348.371
348.176
347.756
347.082
346.324
345.711
345.342
345.184
345.12
345.101
345.148
345.311
345.633
346.102
346.644
347.154
347.562
347.871
348.125
348.368
348.631
348.907
349.255
349.628
349.996
350.104
4005.63
3272.45
3095.76
3117.27
3121.1
3131.67
3104.6
3007.21
2706.24
2577.63
2594.3
2643.52
2714.63
2796.71
2881.87
2968.93
3060.17
3160
3269.33
3371.76
3438.97
3477.19
3503.7
3502.86
3335.28
3031.67
2994.88
3024.62
3080.31
3142.63
3198.77
3249.1
3297.61
3346.75
3397.18
3448.54
3500.61
3556.62
3626.86
3717.56
3782.07
3801.45
3780.91
3590.82
3388.69
3384.61
3412.34
3460.17
3511.9
3554.84
3590.79
3625.05
3660.43
3697.26
3734.31
3770.46
3807.17
3850.35
3912.96
3992.97
4034.83
4047.38
4005.53
3826.25
3721.19
3729.75
3757.38
3799.97
3845.48
3880.24
3905.12
3925.17
3942.52
3956.66
3964.85
3965.99
3961.87
3955.72
3956.98
3969.3
3959.52
3900.35
3785.18
3595.91
3461.79
3414.02
3379.88
3360.22
3338.46
3303.36
3258.59
3211.46
3164.9
3118.8
3071.96
3025.86
2986.8
2961.62
2931.73
2863.79
2756.98
2617.37
2519.3
2466.05
2424.29
2390.52
2347.85
2292.39
2230.89
2168.68
2108.8
2055.19
2009.04
1951.09
1873.41
1773.5
1671.09
1600
1543.87
1497.19
1448.5
1388.93
1319.29
1242.69
1156.09
1043.61
917.095
789.961
689.846
610.503
550.587
503.184
456.514
418.316
390.103
376.021
370.342
370.158
367.353
362.688
357.99
355.924
355.37
355.712
355.144
353.909
352.734
352.439
352.587
353.147
353.229
352.985
352.488
352.136
351.999
351.897
351.733
351.501
351.203
350.948
350.822
350.757
350.723
350.715
350.738
350.832
351.034
351.268
351.356
351.324
351.246
351.144
351.036
350.95
350.882
350.816
350.744
350.66
350.553
350.42
350.275
350.154
350.078
350.025
349.982
349.962
349.972
350.015
350.057
350.057
350.031
349.987
349.906
349.793
349.655
349.536
349.457
349.406
349.378
349.367
349.354
349.34
349.32
349.278
349.218
349.162
349.13
349.108
349.111
349.153
349.249
349.385
349.507
349.555
349.542
349.498
349.434
349.319
349.108
348.798
348.495
348.345
348.304
348.285
348.274
348.287
348.346
348.466
348.632
348.793
348.893
348.925
348.922
348.894
348.851
348.777
348.635
348.379
347.98
347.492
347.106
346.946
346.903
346.88
346.869
346.884
346.963
347.142
347.429
347.743
347.913
347.934
347.91
347.863
347.765
347.557
347.171
346.599
346.016
345.685
345.59
345.572
345.574
345.606
345.725
346.001
346.494
347.186
347.894
348.363
348.542
348.581
348.573
348.546
348.478
348.264
347.79
347.027
346.152
345.487
345.146
345.024
344.97
344.952
345.003
345.175
345.504
345.966
346.49
346.986
347.397
347.72
347.991
348.261
348.582
349.016
349.578
350.101
350.492
350.587
)
;

boundaryField
{
    sides
    {
        type            zeroGradient;
    }
    inlet
    {
        type            zeroGradient;
    }
    outlet
    {
        type            zeroGradient;
    }
    empty
    {
        type            empty;
    }
}


// ************************************************************************* //
