/*--------------------------------*- C++ -*----------------------------------*\
| =========                 |                                                 |
| \\      /  F ield         | OpenFOAM: The Open Source CFD Toolbox           |
|  \\    /   O peration     | Version:  2306                                  |
|   \\  /    A nd           | Website:  www.openfoam.com                      |
|    \\/     M anipulation  |                                                 |
\*---------------------------------------------------------------------------*/
FoamFile
{
    version     2.0;
    format      ascii;
    arch        "LSB;label=32;scalar=64";
    class       volScalarField;
    location    "0.04";
    object      p;
}
// * * * * * * * * * * * * * * * * * * * * * * * * * * * * * * * * * * * * * //

dimensions      [1 -1 -2 0 0 0 0];

internalField   nonuniform List<scalar> 
6000
(
556770
556770
556770
556770
556770
556770
556770
556770
556770
556770
556770
556770
556770
556770
556771
556774
556786
556827
556946
557244
557816
558430
558603
558562
558326
557737
556760
555506
554140
552829
551699
550816
550147
549671
549323
549057
548845
548659
548503
548372
548261
548171
548091
548016
547947
547893
547867
547864
547865
547869
547878
547897
547927
547963
548001
548035
548062
548085
548106
548124
548141
548156
548168
548178
548186
548194
548199
548203
548206
548209
548212
548216
548218
548218
548218
548216
548212
548204
548193
548179
548164
548148
548132
548118
548105
548093
548084
548075
548067
548059
548056
548056
548057
548060
548065
548073
548084
548096
548107
548116
548124
548130
548136
548140
548145
548149
548154
548159
548162
548165
548168
548171
548175
548182
548192
548205
548217
548220
548219
548216
548207
548192
548172
548152
548138
548128
548121
548115
548108
548100
548092
548083
548074
548068
548063
548061
548062
548063
548065
548069
548075
548083
548093
548102
548111
548119
548126
548132
548138
548143
548147
548151
548155
548158
548161
548163
548165
548167
548169
548171
548175
548182
548192
548208
548223
548229
548230
548228
548218
548200
548176
548153
548134
548121
548113
548106
548100
548095
548089
548084
548079
548075
548069
548063
548058
548056
548056
548056
548057
548063
548072
548084
548097
548109
548119
548128
548135
548142
548147
548151
548154
548156
548156
548157
548158
548161
548165
548170
548175
548181
548188
548199
548213
548232
548249
548253
548251
548244
548227
548200
548170
548144
548127
548117
548110
548105
548099
548092
548085
548078
548071
548062
548053
548045
548039
548036
548036
548038
548043
548051
548061
548072
548084
548096
548106
548115
548123
548131
548138
548145
548152
548159
548165
548169
548174
548180
548184
548188
548194
548201
548210
548223
548244
548272
548293
548295
548290
548271
548238
548199
548164
548138
548120
548105
548095
548087
548079
548072
548068
548062
548054
548046
548038
548028
548017
548011
548009
548011
548017
548027
548038
548051
548069
548084
548098
548111
548123
548132
548145
548037
556770
556770
556770
556770
556770
556770
556770
556770
556770
556770
556770
556770
556770
556770
556771
556774
556786
556827
556946
557244
557816
558430
558603
558562
558326
557736
556761
555505
554136
552831
551704
550812
550143
549674
549326
549059
548844
548657
548503
548374
548262
548171
548090
548014
547948
547894
547868
547863
547864
547869
547878
547897
547926
547963
548000
548034
548062
548086
548106
548124
548141
548155
548168
548178
548187
548194
548199
548203
548206
548209
548212
548216
548218
548218
548218
548216
548212
548204
548193
548179
548164
548148
548132
548118
548104
548093
548084
548075
548067
548059
548056
548056
548057
548060
548065
548073
548084
548096
548107
548116
548123
548130
548136
548141
548145
548149
548154
548158
548162
548165
548168
548171
548176
548182
548192
548205
548217
548220
548220
548216
548207
548192
548171
548152
548137
548128
548121
548115
548108
548101
548092
548083
548075
548068
548063
548061
548062
548063
548065
548068
548074
548083
548093
548102
548112
548120
548127
548133
548138
548143
548147
548151
548155
548158
548160
548162
548164
548167
548169
548171
548175
548182
548192
548208
548223
548229
548230
548227
548218
548199
548176
548152
548134
548121
548113
548106
548100
548095
548090
548084
548079
548074
548069
548063
548057
548056
548056
548056
548057
548063
548072
548084
548097
548109
548119
548128
548135
548142
548147
548151
548154
548156
548156
548157
548158
548161
548165
548170
548175
548181
548189
548199
548212
548231
548249
548253
548251
548244
548227
548200
548170
548144
548128
548117
548110
548105
548099
548092
548085
548078
548071
548062
548053
548045
548040
548037
548037
548038
548042
548050
548061
548072
548084
548096
548107
548116
548124
548131
548138
548145
548152
548158
548164
548169
548174
548179
548184
548189
548194
548201
548210
548223
548244
548271
548293
548295
548290
548271
548238
548199
548163
548138
548120
548107
548097
548088
548080
548072
548066
548060
548053
548045
548038
548029
548019
548012
548010
548011
548017
548026
548037
548051
548068
548084
548098
548111
548123
548131
548144
548036
556770
556770
556770
556770
556770
556770
556770
556770
556770
556770
556770
556770
556770
556770
556771
556774
556786
556827
556946
557244
557816
558430
558603
558562
558326
557736
556762
555504
554135
552832
551705
550811
550143
549676
549324
549060
548844
548657
548505
548374
548261
548171
548090
548015
547948
547894
547867
547863
547865
547869
547878
547897
547926
547963
548000
548035
548063
548086
548106
548124
548141
548156
548168
548178
548187
548193
548199
548203
548206
548209
548212
548216
548218
548218
548218
548216
548212
548204
548193
548179
548164
548148
548132
548118
548104
548093
548084
548075
548067
548059
548056
548056
548057
548060
548065
548073
548084
548096
548107
548116
548123
548130
548136
548141
548145
548150
548154
548158
548162
548165
548168
548171
548176
548182
548192
548206
548217
548220
548220
548216
548208
548192
548171
548151
548137
548127
548121
548115
548109
548101
548092
548083
548075
548069
548064
548062
548062
548063
548064
548068
548074
548082
548092
548102
548112
548120
548127
548133
548139
548144
548148
548152
548155
548157
548160
548162
548164
548166
548168
548171
548175
548182
548192
548208
548224
548230
548230
548227
548217
548199
548175
548152
548134
548121
548112
548106
548100
548095
548090
548085
548080
548075
548069
548062
548057
548055
548055
548056
548057
548063
548072
548084
548097
548109
548120
548128
548135
548141
548147
548151
548154
548156
548157
548157
548158
548161
548165
548170
548175
548182
548189
548199
548212
548231
548248
548252
548251
548244
548226
548200
548170
548145
548128
548118
548110
548104
548098
548092
548085
548078
548071
548062
548053
548046
548040
548037
548037
548039
548042
548049
548060
548072
548084
548096
548107
548116
548124
548131
548139
548146
548152
548158
548163
548168
548174
548179
548184
548190
548195
548201
548210
548223
548243
548271
548293
548296
548290
548271
548238
548198
548163
548137
548119
548107
548098
548090
548081
548073
548066
548058
548051
548043
548037
548029
548021
548014
548010
548011
548017
548026
548036
548050
548067
548084
548099
548111
548123
548131
548144
548036
556770
556770
556770
556770
556770
556770
556770
556770
556770
556770
556770
556770
556770
556770
556771
556774
556786
556827
556946
557244
557816
558430
558603
558562
558326
557737
556762
555503
554135
552832
551707
550807
550145
549676
549323
549061
548842
548657
548506
548373
548262
548171
548089
548015
547949
547893
547867
547864
547865
547869
547878
547897
547927
547963
548000
548035
548062
548086
548106
548124
548141
548156
548168
548178
548186
548193
548199
548202
548206
548209
548212
548216
548218
548218
548218
548216
548212
548204
548193
548179
548164
548148
548132
548118
548104
548093
548084
548075
548067
548060
548057
548056
548057
548059
548065
548073
548084
548096
548107
548116
548123
548129
548135
548141
548146
548150
548154
548157
548161
548164
548168
548171
548176
548183
548192
548206
548217
548220
548220
548217
548208
548192
548171
548151
548136
548126
548120
548115
548109
548101
548092
548083
548076
548069
548065
548063
548062
548063
548063
548067
548073
548082
548092
548103
548112
548120
548127
548133
548139
548145
548149
548152
548155
548157
548159
548161
548163
548166
548168
548171
548175
548182
548193
548208
548225
548231
548230
548227
548217
548198
548175
548152
548134
548121
548112
548105
548101
548096
548091
548086
548081
548075
548068
548062
548057
548055
548055
548055
548057
548063
548072
548085
548098
548110
548120
548128
548135
548140
548146
548151
548154
548156
548157
548157
548158
548161
548165
548170
548175
548182
548190
548199
548212
548231
548248
548252
548251
548243
548226
548200
548170
548146
548129
548118
548110
548104
548098
548091
548084
548078
548071
548062
548053
548046
548040
548038
548038
548039
548042
548049
548059
548071
548083
548095
548107
548117
548125
548132
548139
548146
548153
548158
548162
548167
548172
548179
548184
548190
548196
548202
548211
548224
548244
548271
548293
548295
548290
548271
548237
548198
548162
548135
548118
548107
548100
548092
548083
548074
548066
548057
548049
548041
548035
548029
548022
548016
548013
548012
548017
548026
548036
548049
548066
548084
548099
548111
548123
548131
548144
548037
556770
556770
556770
556770
556770
556770
556770
556770
556770
556770
556770
556770
556770
556770
556771
556774
556786
556827
556946
557244
557816
558430
558603
558562
558325
557737
556762
555502
554137
552832
551707
550803
550150
549674
549324
549061
548841
548658
548507
548372
548262
548171
548088
548015
547949
547893
547867
547864
547865
547868
547878
547897
547927
547963
548000
548035
548062
548086
548106
548124
548141
548156
548168
548178
548186
548193
548199
548202
548206
548209
548212
548216
548218
548218
548218
548216
548212
548204
548193
548179
548163
548148
548132
548118
548104
548093
548084
548075
548067
548060
548057
548057
548057
548059
548064
548073
548084
548096
548107
548116
548123
548130
548135
548141
548146
548150
548154
548158
548161
548164
548167
548171
548176
548183
548193
548206
548218
548220
548220
548217
548208
548192
548171
548151
548135
548126
548120
548115
548109
548101
548092
548084
548076
548070
548065
548063
548063
548062
548063
548066
548072
548081
548092
548103
548112
548120
548127
548134
548140
548146
548149
548153
548155
548156
548158
548160
548163
548165
548168
548171
548175
548182
548193
548209
548226
548231
548231
548227
548216
548198
548174
548151
548133
548121
548112
548106
548101
548096
548092
548087
548081
548075
548068
548061
548056
548054
548054
548055
548057
548063
548073
548085
548098
548110
548121
548129
548135
548140
548145
548150
548153
548155
548157
548158
548159
548161
548165
548170
548176
548183
548190
548198
548211
548230
548248
548252
548250
548243
548227
548200
548171
548147
548130
548119
548110
548103
548097
548090
548084
548077
548070
548062
548054
548047
548041
548039
548039
548039
548042
548049
548058
548070
548082
548095
548107
548117
548125
548133
548140
548147
548153
548157
548162
548166
548172
548178
548184
548190
548196
548203
548211
548225
548244
548272
548293
548295
548289
548270
548237
548197
548161
548135
548118
548108
548101
548093
548084
548075
548066
548056
548047
548040
548034
548029
548022
548017
548014
548013
548017
548026
548035
548048
548065
548083
548098
548111
548123
548131
548145
548038
556770
556770
556770
556770
556770
556770
556770
556770
556770
556770
556770
556770
556770
556770
556771
556774
556786
556827
556946
557244
557816
558430
558603
558562
558325
557737
556762
555501
554138
552832
551706
550803
550152
549671
549326
549061
548839
548660
548506
548371
548263
548170
548088
548016
547949
547893
547867
547864
547865
547868
547877
547897
547927
547963
548000
548035
548062
548086
548106
548124
548141
548156
548168
548178
548186
548193
548199
548202
548206
548209
548212
548216
548218
548219
548218
548216
548212
548204
548193
548179
548163
548147
548132
548117
548105
548093
548084
548075
548067
548060
548057
548057
548057
548059
548064
548072
548084
548096
548107
548116
548124
548130
548135
548141
548146
548151
548155
548158
548161
548164
548167
548170
548175
548183
548193
548206
548218
548221
548220
548217
548208
548192
548171
548151
548135
548125
548119
548114
548109
548101
548093
548084
548077
548070
548065
548063
548063
548062
548062
548065
548071
548081
548092
548102
548112
548120
548127
548134
548141
548146
548150
548153
548154
548156
548158
548160
548162
548165
548168
548171
548176
548182
548193
548210
548227
548231
548231
548227
548216
548197
548173
548150
548133
548120
548112
548106
548101
548097
548093
548087
548082
548076
548068
548060
548055
548053
548054
548055
548057
548064
548073
548085
548099
548111
548121
548129
548135
548140
548145
548149
548152
548155
548156
548157
548159
548162
548166
548171
548177
548183
548189
548198
548211
548229
548247
548251
548250
548243
548227
548201
548172
548147
548130
548119
548110
548103
548096
548090
548083
548077
548070
548062
548054
548047
548042
548039
548039
548040
548042
548048
548057
548069
548082
548095
548107
548117
548125
548133
548141
548148
548153
548157
548161
548166
548171
548177
548184
548190
548197
548203
548212
548225
548245
548273
548293
548295
548289
548269
548236
548196
548160
548134
548119
548110
548102
548094
548085
548075
548065
548055
548046
548039
548033
548028
548023
548017
548015
548015
548018
548026
548036
548048
548065
548081
548095
548111
548123
548132
548146
548040
556770
556770
556770
556770
556770
556770
556770
556770
556770
556770
556770
556770
556770
556770
556771
556774
556786
556827
556946
557244
557816
558430
558603
558562
558326
557737
556762
555501
554139
552834
551702
550805
550153
549669
549327
549060
548839
548662
548505
548371
548263
548170
548087
548017
547948
547893
547867
547864
547865
547868
547877
547897
547927
547962
548000
548034
548062
548086
548106
548125
548142
548156
548168
548178
548186
548193
548199
548202
548205
548208
548212
548216
548218
548219
548218
548217
548212
548204
548193
548179
548163
548147
548132
548117
548105
548093
548084
548075
548067
548060
548057
548057
548057
548059
548064
548072
548083
548095
548107
548116
548124
548130
548136
548141
548146
548151
548155
548158
548161
548163
548166
548170
548175
548182
548193
548206
548218
548221
548221
548218
548209
548193
548172
548151
548135
548125
548119
548114
548108
548101
548093
548084
548077
548070
548066
548063
548063
548062
548062
548065
548071
548080
548091
548102
548112
548120
548128
548135
548141
548146
548150
548153
548154
548155
548157
548159
548162
548165
548168
548171
548176
548183
548194
548211
548227
548231
548231
548227
548216
548197
548173
548150
548132
548120
548112
548106
548102
548098
548093
548088
548082
548076
548068
548060
548054
548053
548053
548054
548057
548064
548074
548086
548100
548112
548121
548129
548135
548140
548145
548148
548151
548154
548156
548157
548159
548163
548167
548172
548177
548183
548189
548197
548210
548228
548246
548251
548250
548243
548227
548201
548173
548148
548131
548119
548110
548102
548096
548089
548083
548076
548070
548062
548055
548048
548042
548040
548039
548040
548042
548048
548057
548069
548081
548094
548106
548117
548126
548134
548142
548148
548153
548157
548161
548166
548171
548176
548182
548190
548197
548203
548212
548226
548247
548275
548293
548294
548288
548268
548234
548195
548159
548135
548120
548111
548103
548094
548085
548075
548064
548054
548046
548039
548033
548028
548022
548017
548015
548016
548019
548027
548036
548048
548064
548080
548093
548109
548123
548133
548148
548042
556770
556770
556770
556770
556770
556770
556770
556770
556770
556770
556770
556770
556770
556770
556771
556774
556786
556827
556946
557244
557816
558430
558603
558562
558326
557737
556761
555502
554139
552834
551699
550809
550151
549670
549328
549058
548840
548662
548503
548371
548263
548169
548088
548017
547948
547893
547867
547864
547865
547868
547877
547898
547927
547962
548000
548034
548062
548086
548107
548125
548142
548156
548167
548178
548187
548194
548199
548202
548205
548208
548212
548216
548219
548219
548218
548216
548212
548204
548193
548179
548163
548147
548132
548117
548104
548093
548084
548076
548067
548060
548057
548057
548057
548059
548064
548072
548083
548095
548106
548116
548124
548130
548136
548141
548147
548151
548155
548158
548161
548163
548166
548170
548175
548182
548192
548206
548218
548221
548221
548218
548209
548193
548172
548151
548135
548125
548119
548113
548108
548101
548093
548084
548077
548071
548066
548064
548063
548062
548062
548065
548071
548080
548091
548102
548112
548121
548128
548136
548141
548146
548150
548152
548154
548155
548157
548159
548162
548164
548168
548171
548176
548183
548195
548211
548227
548231
548231
548226
548215
548197
548173
548149
548131
548120
548112
548107
548103
548098
548093
548088
548082
548076
548068
548060
548054
548052
548052
548053
548057
548064
548074
548087
548101
548112
548121
548129
548135
548140
548144
548148
548151
548153
548155
548157
548160
548164
548169
548173
548178
548183
548189
548197
548210
548228
548245
548250
548249
548244
548228
548202
548174
548149
548131
548119
548110
548102
548096
548089
548082
548076
548069
548062
548055
548048
548042
548040
548039
548040
548042
548048
548057
548068
548081
548094
548106
548117
548126
548135
548142
548148
548153
548158
548161
548166
548171
548176
548182
548188
548196
548204
548213
548228
548248
548275
548293
548294
548287
548267
548233
548194
548160
548136
548121
548112
548104
548094
548085
548075
548064
548054
548046
548039
548033
548027
548022
548017
548015
548016
548020
548028
548037
548049
548064
548078
548090
548109
548123
548134
548150
548043
556770
556770
556770
556770
556770
556770
556770
556770
556770
556770
556770
556770
556770
556770
556771
556774
556786
556827
556946
557244
557816
558430
558603
558562
558326
557737
556761
555503
554138
552834
551697
550812
550149
549671
549329
549056
548842
548662
548502
548372
548263
548168
548089
548017
547947
547893
547868
547864
547865
547868
547878
547898
547926
547962
548000
548034
548062
548087
548107
548125
548141
548155
548167
548178
548187
548194
548199
548202
548205
548208
548212
548217
548219
548219
548218
548216
548212
548204
548193
548179
548163
548147
548131
548117
548104
548094
548085
548076
548068
548060
548057
548057
548057
548059
548064
548072
548083
548095
548106
548116
548124
548130
548136
548142
548147
548151
548155
548158
548161
548163
548166
548170
548174
548181
548192
548206
548218
548222
548222
548218
548209
548193
548171
548151
548135
548125
548119
548113
548107
548100
548092
548085
548077
548071
548066
548064
548063
548062
548062
548065
548071
548080
548091
548102
548112
548121
548129
548136
548141
548146
548149
548152
548154
548155
548157
548159
548162
548164
548167
548171
548177
548184
548195
548211
548226
548231
548230
548226
548215
548197
548173
548149
548131
548120
548112
548108
548104
548099
548094
548088
548082
548075
548068
548060
548053
548052
548052
548053
548056
548064
548075
548088
548101
548113
548122
548129
548135
548140
548144
548147
548150
548152
548154
548156
548160
548165
548169
548174
548179
548183
548188
548197
548209
548227
548245
548249
548249
548244
548228
548203
548174
548149
548131
548119
548110
548102
548095
548089
548082
548076
548069
548062
548055
548048
548043
548040
548040
548040
548042
548048
548057
548068
548081
548094
548106
548117
548126
548135
548142
548148
548154
548158
548161
548165
548170
548176
548181
548188
548196
548204
548215
548228
548248
548275
548293
548293
548286
548266
548233
548194
548160
548137
548122
548112
548104
548094
548084
548074
548065
548055
548046
548039
548033
548027
548021
548017
548015
548016
548021
548029
548038
548049
548063
548076
548089
548109
548124
548135
548150
548043
556770
556770
556770
556770
556770
556770
556770
556770
556770
556770
556770
556770
556770
556770
556771
556774
556786
556827
556946
557244
557816
558430
558603
558562
558326
557737
556760
555503
554138
552834
551697
550814
550146
549674
549328
549055
548844
548661
548501
548373
548262
548168
548090
548017
547947
547894
547868
547864
547865
547868
547878
547898
547926
547962
548000
548034
548063
548087
548107
548125
548141
548155
548167
548178
548187
548194
548198
548202
548205
548208
548212
548217
548219
548219
548218
548216
548212
548204
548193
548179
548163
548147
548131
548117
548104
548094
548085
548076
548068
548060
548057
548057
548057
548059
548064
548072
548082
548094
548106
548116
548124
548131
548137
548142
548147
548151
548155
548158
548161
548163
548166
548170
548174
548181
548191
548205
548218
548222
548222
548218
548209
548193
548171
548151
548135
548125
548118
548113
548107
548100
548092
548085
548077
548071
548066
548064
548063
548062
548063
548066
548071
548080
548091
548101
548112
548121
548129
548136
548141
548145
548149
548152
548154
548156
548157
548159
548162
548164
548167
548171
548177
548185
548195
548211
548226
548231
548230
548226
548215
548197
548173
548149
548131
548120
548113
548108
548104
548099
548094
548088
548081
548075
548068
548060
548053
548052
548052
548053
548056
548064
548075
548089
548102
548113
548122
548130
548135
548139
548143
548147
548150
548152
548154
548156
548161
548165
548170
548174
548179
548184
548188
548196
548209
548227
548244
548249
548249
548245
548229
548203
548174
548149
548131
548119
548110
548102
548095
548089
548082
548075
548069
548062
548055
548049
548043
548040
548040
548039
548041
548047
548057
548068
548081
548094
548106
548117
548127
548135
548142
548148
548153
548158
548161
548165
548170
548176
548181
548188
548196
548205
548215
548228
548248
548274
548293
548293
548286
548266
548232
548194
548161
548137
548122
548112
548104
548094
548084
548074
548065
548055
548046
548039
548032
548027
548021
548017
548015
548017
548022
548030
548038
548049
548063
548076
548089
548109
548125
548136
548151
548043
556770
556770
556770
556770
556770
556770
556770
556770
556770
556770
556770
556770
556770
556770
556771
556774
556786
556827
556946
557244
557816
558430
558603
558562
558326
557737
556760
555504
554139
552832
551698
550814
550146
549676
549326
549056
548845
548659
548502
548373
548261
548168
548091
548016
547947
547894
547868
547864
547864
547868
547878
547897
547925
547962
548000
548034
548063
548087
548107
548125
548140
548155
548168
548179
548187
548194
548198
548202
548205
548208
548213
548217
548219
548219
548218
548216
548212
548204
548193
548179
548163
548146
548131
548117
548104
548094
548085
548076
548068
548060
548057
548057
548058
548060
548064
548072
548082
548094
548106
548116
548124
548131
548137
548142
548147
548151
548155
548158
548161
548163
548166
548170
548174
548181
548191
548205
548218
548222
548222
548218
548209
548193
548171
548151
548135
548126
548118
548113
548107
548100
548092
548085
548078
548071
548066
548064
548062
548062
548063
548066
548072
548080
548090
548101
548111
548120
548129
548136
548141
548145
548149
548151
548154
548156
548158
548160
548162
548165
548167
548171
548177
548185
548195
548211
548226
548231
548230
548226
548215
548197
548173
548149
548131
548120
548113
548108
548104
548099
548094
548088
548081
548074
548067
548060
548054
548052
548052
548053
548056
548063
548075
548089
548102
548113
548123
548130
548134
548139
548143
548147
548150
548152
548153
548157
548161
548166
548170
548174
548179
548184
548188
548197
548209
548227
548244
548249
548249
548245
548229
548203
548174
548149
548130
548119
548110
548102
548095
548089
548082
548075
548069
548062
548055
548049
548043
548040
548040
548039
548041
548047
548057
548068
548081
548094
548106
548117
548127
548135
548142
548148
548153
548157
548161
548165
548170
548176
548182
548189
548197
548205
548214
548228
548248
548274
548292
548293
548286
548267
548233
548194
548161
548137
548122
548112
548103
548094
548084
548075
548065
548055
548046
548038
548032
548027
548022
548017
548016
548017
548022
548029
548037
548048
548062
548076
548090
548110
548125
548135
548150
548042
556770
556770
556770
556770
556770
556770
556770
556770
556770
556770
556770
556770
556770
556770
556771
556774
556786
556827
556946
557244
557816
558430
558603
558562
558326
557737
556760
555504
554140
552829
551701
550813
550147
549677
549323
549058
548845
548657
548504
548373
548260
548169
548091
548015
547947
547894
547868
547864
547864
547868
547878
547897
547925
547962
548000
548034
548064
548087
548106
548124
548140
548155
548168
548179
548187
548193
548198
548201
548205
548209
548213
548217
548219
548219
548218
548216
548212
548204
548193
548179
548163
548146
548131
548117
548105
548094
548085
548076
548067
548060
548057
548057
548058
548060
548064
548071
548082
548094
548106
548116
548124
548131
548136
548142
548147
548151
548155
548158
548161
548163
548166
548170
548174
548181
548191
548206
548218
548222
548222
548218
548209
548192
548171
548151
548135
548126
548119
548113
548107
548100
548092
548085
548078
548071
548066
548063
548062
548062
548063
548066
548072
548080
548091
548101
548111
548120
548129
548136
548141
548145
548149
548151
548153
548156
548158
548160
548162
548165
548168
548171
548176
548184
548195
548211
548226
548231
548230
548226
548215
548197
548173
548150
548131
548120
548112
548108
548104
548099
548094
548088
548081
548073
548067
548060
548054
548052
548052
548053
548057
548063
548074
548089
548102
548113
548122
548130
548135
548139
548143
548147
548150
548152
548154
548156
548161
548165
548169
548174
548179
548184
548189
548197
548209
548227
548245
548249
548249
548244
548228
548203
548174
548149
548130
548119
548110
548103
548096
548089
548082
548075
548069
548062
548055
548049
548043
548040
548039
548039
548041
548047
548057
548068
548081
548094
548107
548117
548127
548135
548142
548148
548153
548156
548160
548165
548170
548176
548183
548191
548198
548205
548214
548227
548246
548273
548292
548293
548287
548267
548234
548195
548161
548136
548121
548111
548103
548094
548085
548075
548065
548054
548045
548038
548032
548027
548022
548018
548016
548017
548022
548028
548036
548047
548062
548076
548092
548112
548125
548135
548149
548041
556770
556770
556770
556770
556770
556770
556770
556770
556770
556770
556770
556770
556770
556770
556771
556774
556786
556827
556946
557244
557816
558430
558603
558562
558326
557737
556760
555504
554141
552827
551704
550810
550149
549676
549321
549060
548844
548657
548505
548373
548260
548170
548090
548014
547948
547894
547868
547864
547864
547868
547878
547896
547925
547962
548000
548035
548064
548086
548106
548124
548141
548156
548169
548179
548187
548193
548198
548201
548205
548209
548213
548216
548218
548218
548218
548217
548213
548205
548193
548179
548162
548146
548131
548117
548105
548094
548085
548075
548067
548060
548057
548057
548058
548059
548063
548071
548082
548095
548107
548117
548124
548130
548136
548141
548147
548151
548155
548158
548161
548163
548166
548170
548175
548182
548192
548206
548218
548221
548221
548218
548209
548192
548171
548150
548135
548125
548119
548113
548107
548100
548093
548085
548077
548071
548066
548063
548062
548062
548063
548066
548072
548081
548091
548101
548111
548120
548129
548136
548141
548145
548149
548151
548153
548156
548158
548161
548163
548165
548168
548171
548176
548184
548195
548211
548226
548230
548229
548226
548215
548197
548174
548151
548132
548120
548112
548107
548103
548099
548094
548088
548081
548073
548067
548060
548055
548053
548053
548054
548057
548063
548074
548087
548101
548113
548122
548129
548135
548140
548144
548147
548150
548153
548154
548156
548159
548164
548169
548173
548178
548184
548189
548197
548210
548228
548245
548250
548249
548244
548228
548202
548174
548148
548130
548119
548110
548103
548096
548089
548082
548076
548069
548062
548055
548048
548043
548040
548039
548039
548041
548047
548057
548068
548081
548095
548107
548117
548127
548134
548141
548147
548152
548156
548160
548165
548170
548177
548185
548192
548198
548205
548213
548226
548245
548272
548292
548293
548288
548269
548235
548196
548161
548135
548119
548110
548102
548094
548085
548076
548065
548054
548045
548038
548032
548027
548023
548018
548016
548017
548021
548026
548035
548046
548062
548078
548095
548113
548126
548134
548147
548039
556770
556770
556770
556770
556770
556770
556770
556770
556770
556770
556770
556770
556770
556770
556771
556774
556786
556827
556946
557244
557816
558430
558603
558562
558326
557737
556760
555504
554141
552827
551707
550807
550151
549675
549321
549062
548842
548657
548506
548372
548260
548171
548089
548014
547948
547893
547868
547864
547864
547868
547878
547896
547926
547962
548000
548035
548064
548086
548106
548124
548141
548156
548169
548179
548186
548193
548197
548202
548206
548209
548213
548216
548218
548218
548218
548217
548213
548205
548193
548178
548162
548146
548131
548118
548105
548094
548084
548075
548066
548060
548057
548057
548058
548059
548063
548071
548083
548095
548108
548117
548124
548130
548135
548141
548147
548151
548155
548158
548160
548163
548166
548170
548175
548182
548193
548206
548218
548221
548221
548218
548209
548192
548171
548150
548135
548125
548119
548114
548108
548101
548093
548084
548077
548070
548065
548063
548062
548061
548063
548066
548072
548081
548091
548102
548111
548120
548128
548136
548141
548145
548149
548151
548153
548156
548158
548161
548163
548165
548168
548171
548176
548183
548195
548211
548226
548231
548230
548226
548215
548197
548174
548151
548133
548120
548112
548107
548102
548098
548093
548087
548081
548074
548067
548060
548055
548053
548053
548054
548057
548064
548073
548086
548100
548112
548121
548129
548135
548140
548144
548148
548151
548153
548155
548157
548159
548163
548168
548173
548178
548183
548189
548198
548210
548228
548246
548251
548250
548243
548227
548202
548173
548148
548130
548119
548110
548103
548096
548090
548083
548076
548069
548061
548054
548048
548042
548040
548039
548039
548041
548048
548057
548069
548082
548095
548107
548117
548126
548134
548141
548147
548152
548156
548160
548165
548171
548178
548186
548192
548198
548204
548212
548225
548245
548271
548292
548294
548289
548270
548236
548196
548161
548134
548119
548109
548102
548094
548085
548076
548064
548054
548045
548038
548032
548028
548024
548019
548016
548017
548019
548025
548034
548046
548062
548080
548098
548113
548125
548134
548146
548038
556770
556770
556770
556770
556770
556770
556770
556770
556770
556770
556770
556770
556770
556770
556771
556774
556786
556827
556946
557244
557816
558430
558603
558562
558326
557737
556761
555503
554140
552828
551708
550806
550152
549674
549322
549062
548841
548657
548506
548372
548261
548171
548088
548014
547948
547893
547868
547863
547864
547868
547878
547896
547926
547963
548000
548035
548063
548086
548106
548125
548141
548156
548169
548178
548186
548192
548198
548203
548206
548209
548212
548216
548218
548218
548219
548217
548213
548205
548193
548178
548162
548147
548132
548118
548105
548094
548083
548075
548066
548060
548057
548057
548058
548059
548063
548072
548083
548096
548108
548117
548124
548129
548135
548141
548147
548151
548155
548158
548160
548163
548167
548171
548176
548183
548193
548206
548217
548220
548221
548217
548208
548192
548171
548150
548134
548125
548120
548115
548109
548102
548093
548084
548077
548070
548065
548063
548062
548061
548062
548066
548072
548081
548092
548103
548112
548120
548128
548135
548141
548145
548149
548152
548154
548156
548158
548161
548163
548166
548168
548171
548176
548183
548194
548210
548226
548231
548230
548226
548216
548198
548174
548151
548133
548121
548112
548106
548101
548097
548092
548087
548081
548074
548068
548061
548055
548054
548054
548055
548058
548064
548073
548086
548099
548111
548121
548129
548135
548141
548146
548150
548152
548154
548155
548157
548159
548162
548167
548172
548177
548183
548189
548198
548211
548229
548247
548251
548250
548243
548227
548201
548172
548148
548130
548119
548110
548103
548097
548090
548083
548077
548069
548061
548054
548047
548042
548039
548039
548039
548042
548048
548058
548069
548082
548095
548107
548117
548125
548133
548141
548147
548152
548156
548161
548165
548172
548179
548186
548191
548197
548203
548211
548225
548244
548271
548293
548295
548289
548270
548236
548197
548161
548135
548119
548109
548102
548094
548085
548075
548064
548054
548046
548039
548033
548029
548023
548018
548016
548016
548017
548025
548034
548046
548064
548082
548100
548113
548125
548133
548145
548037
556770
556770
556770
556770
556770
556770
556770
556770
556770
556770
556770
556770
556770
556770
556771
556774
556786
556827
556946
557244
557816
558430
558603
558562
558326
557737
556762
555502
554140
552829
551708
550805
550152
549673
549323
549062
548840
548658
548506
548371
548261
548171
548088
548014
547948
547893
547867
547863
547864
547868
547878
547897
547927
547963
548000
548035
548063
548086
548107
548125
548141
548156
548168
548178
548186
548193
548199
548203
548206
548209
548212
548216
548218
548219
548219
548217
548212
548204
548192
548178
548163
548147
548132
548118
548105
548093
548083
548075
548067
548060
548057
548057
548057
548059
548064
548072
548084
548097
548108
548116
548123
548129
548135
548141
548146
548151
548154
548157
548160
548163
548167
548171
548176
548183
548193
548206
548217
548220
548220
548217
548208
548192
548171
548150
548134
548126
548120
548115
548110
548102
548093
548084
548076
548070
548065
548063
548062
548061
548062
548066
548072
548081
548092
548103
548113
548121
548128
548134
548140
548145
548149
548152
548154
548156
548158
548160
548163
548166
548168
548172
548176
548183
548193
548209
548225
548230
548230
548226
548216
548198
548175
548152
548134
548121
548113
548106
548101
548096
548091
548086
548080
548074
548068
548061
548056
548054
548054
548055
548058
548064
548073
548085
548098
548109
548120
548128
548135
548141
548147
548150
548153
548155
548155
548157
548159
548162
548166
548171
548176
548182
548189
548198
548211
548230
548248
548252
548250
548243
548227
548201
548172
548147
548130
548118
548110
548103
548097
548091
548084
548077
548070
548061
548053
548047
548041
548038
548038
548039
548042
548049
548058
548070
548083
548095
548106
548116
548125
548132
548140
548147
548152
548157
548161
548166
548173
548179
548185
548191
548196
548202
548211
548225
548244
548272
548293
548295
548289
548270
548236
548197
548161
548135
548119
548109
548101
548093
548084
548074
548064
548055
548047
548040
548035
548029
548023
548018
548015
548013
548016
548025
548035
548048
548065
548084
548100
548112
548124
548132
548144
548036
556770
556770
556770
556770
556770
556770
556770
556770
556770
556770
556770
556770
556770
556770
556771
556774
556786
556827
556946
557244
557816
558430
558603
558562
558326
557737
556762
555502
554138
552830
551708
550804
550152
549674
549323
549062
548841
548658
548506
548372
548261
548171
548088
548014
547948
547893
547867
547862
547864
547868
547878
547897
547927
547963
548000
548035
548063
548086
548107
548125
548141
548156
548168
548178
548186
548194
548199
548203
548206
548208
548212
548216
548218
548219
548218
548216
548212
548204
548192
548178
548163
548148
548132
548118
548105
548093
548084
548075
548067
548060
548057
548056
548057
548059
548064
548073
548084
548096
548107
548116
548123
548129
548135
548141
548146
548150
548154
548157
548160
548164
548167
548172
548176
548183
548193
548206
548217
548220
548220
548217
548208
548192
548170
548150
548135
548126
548121
548115
548110
548102
548093
548083
548076
548069
548064
548062
548062
548062
548063
548066
548072
548081
548093
548104
548113
548121
548128
548134
548139
548144
548148
548152
548154
548156
548158
548161
548163
548166
548169
548172
548176
548183
548193
548208
548224
548230
548230
548227
548217
548198
548175
548152
548134
548121
548113
548107
548101
548096
548090
548085
548080
548074
548068
548062
548057
548055
548055
548056
548058
548064
548073
548085
548097
548109
548119
548127
548135
548142
548147
548151
548154
548155
548156
548157
548159
548161
548165
548170
548175
548181
548189
548199
548212
548231
548248
548252
548250
548243
548227
548201
548171
548147
548129
548117
548110
548103
548097
548091
548084
548078
548070
548062
548053
548046
548040
548038
548038
548039
548042
548049
548059
548071
548083
548095
548106
548116
548124
548131
548139
548146
548153
548158
548162
548168
548174
548179
548184
548190
548195
548202
548211
548224
548245
548273
548293
548294
548289
548270
548236
548197
548162
548136
548120
548109
548101
548091
548082
548073
548064
548056
548049
548042
548036
548030
548023
548016
548012
548011
548016
548025
548036
548049
548067
548085
548100
548111
548123
548130
548144
548036
556770
556770
556770
556770
556770
556770
556770
556770
556770
556770
556770
556770
556770
556770
556771
556774
556786
556827
556946
557244
557816
558430
558603
558562
558326
557737
556762
555503
554136
552831
551708
550806
550149
549675
549323
549062
548841
548657
548506
548372
548261
548171
548088
548014
547948
547893
547866
547862
547864
547868
547878
547897
547927
547963
548000
548035
548062
548086
548107
548125
548141
548155
548167
548178
548187
548194
548199
548203
548206
548208
548212
548216
548219
548219
548218
548216
548211
548203
548192
548179
548164
548148
548132
548117
548104
548093
548084
548076
548067
548059
548056
548056
548056
548059
548065
548073
548084
548096
548107
548116
548124
548130
548136
548141
548146
548150
548153
548157
548161
548164
548168
548171
548176
548182
548192
548206
548218
548221
548220
548217
548207
548191
548170
548150
548136
548127
548121
548115
548109
548101
548093
548084
548076
548069
548064
548061
548061
548062
548063
548067
548073
548082
548093
548103
548113
548121
548128
548134
548139
548143
548147
548151
548155
548157
548159
548161
548164
548166
548169
548172
548176
548183
548193
548208
548223
548229
548230
548227
548217
548199
548175
548152
548134
548121
548113
548107
548101
548095
548090
548084
548079
548074
548069
548062
548057
548055
548055
548056
548058
548064
548073
548085
548097
548108
548118
548127
548135
548143
548148
548151
548154
548156
548157
548157
548159
548161
548165
548170
548175
548181
548189
548199
548213
548231
548248
548252
548251
548244
548227
548200
548171
548146
548128
548117
548110
548104
548098
548091
548085
548078
548071
548062
548053
548046
548040
548037
548037
548039
548042
548049
548059
548071
548083
548095
548106
548115
548124
548131
548138
548146
548153
548159
548164
548169
548174
548179
548184
548189
548195
548202
548211
548225
548246
548274
548293
548294
548288
548269
548236
548197
548162
548137
548121
548110
548099
548089
548080
548072
548064
548058
548051
548044
548038
548030
548021
548013
548009
548011
548016
548026
548037
548051
548068
548086
548099
548110
548122
548130
548143
548036
556770
556770
556770
556770
556770
556770
556770
556770
556770
556770
556770
556770
556770
556770
556771
556774
556786
556827
556946
557244
557816
558430
558603
558562
558326
557736
556762
555504
554135
552831
551708
550809
550146
549676
549325
549062
548842
548657
548505
548373
548262
548171
548088
548014
547948
547893
547866
547862
547864
547868
547878
547897
547927
547963
548000
548034
548062
548086
548107
548125
548141
548155
548167
548178
548188
548195
548199
548203
548205
548209
548212
548217
548219
548219
548218
548215
548211
548203
548193
548179
548164
548148
548132
548117
548104
548094
548085
548076
548067
548059
548055
548055
548056
548060
548065
548073
548084
548096
548107
548116
548124
548131
548136
548141
548145
548149
548153
548157
548162
548165
548168
548171
548176
548182
548192
548206
548218
548221
548220
548216
548207
548191
548171
548151
548137
548128
548121
548115
548108
548101
548093
548085
548076
548068
548063
548061
548061
548062
548064
548068
548074
548082
548092
548103
548113
548121
548128
548134
548138
548143
548147
548150
548154
548157
548159
548162
548164
548167
548169
548172
548176
548183
548193
548208
548223
548228
548229
548227
548217
548199
548175
548152
548134
548121
548113
548107
548101
548095
548090
548084
548079
548074
548069
548062
548057
548055
548055
548056
548059
548065
548073
548085
548097
548108
548118
548126
548135
548143
548148
548152
548154
548156
548157
548158
548159
548161
548164
548169
548174
548180
548189
548200
548213
548232
548248
548253
548251
548244
548227
548201
548171
548146
548127
548117
548109
548104
548098
548092
548085
548078
548071
548062
548054
548046
548040
548037
548037
548038
548042
548049
548060
548071
548083
548095
548106
548115
548123
548131
548138
548146
548153
548159
548164
548169
548174
548179
548183
548189
548194
548201
548211
548225
548247
548274
548293
548294
548288
548269
548236
548197
548163
548139
548122
548109
548097
548088
548079
548071
548065
548060
548053
548046
548039
548030
548019
548011
548009
548010
548016
548027
548038
548052
548070
548087
548099
548109
548121
548129
548143
548037
556770
556770
556770
556770
556770
556770
556770
556770
556770
556770
556770
556770
556770
556770
556771
556774
556786
556827
556946
557244
557816
558430
558603
558562
558326
557737
556761
555507
554137
552827
551706
550814
550147
549671
549321
549062
548843
548658
548504
548371
548261
548171
548089
548015
547947
547892
547866
547863
547864
547868
547879
547898
547927
547963
548001
548035
548062
548086
548107
548125
548141
548154
548167
548178
548188
548194
548199
548203
548206
548209
548212
548217
548219
548219
548217
548215
548210
548203
548193
548179
548164
548148
548132
548117
548105
548094
548085
548076
548066
548058
548055
548055
548057
548060
548065
548073
548083
548095
548106
548116
548125
548131
548136
548141
548145
548149
548153
548158
548162
548165
548168
548171
548175
548182
548192
548207
548218
548221
548220
548216
548207
548191
548171
548152
548137
548128
548120
548114
548108
548101
548093
548085
548076
548068
548062
548060
548061
548062
548065
548068
548074
548082
548092
548103
548113
548121
548128
548133
548138
548142
548146
548150
548154
548158
548160
548162
548164
548167
548169
548172
548177
548182
548193
548208
548223
548228
548229
548227
548217
548199
548176
548152
548134
548122
548114
548107
548101
548095
548089
548084
548079
548074
548069
548063
548057
548055
548055
548056
548059
548065
548073
548084
548096
548107
548117
548126
548135
548143
548148
548152
548155
548157
548158
548158
548158
548160
548164
548169
548174
548180
548189
548200
548213
548232
548249
548253
548251
548244
548227
548201
548171
548145
548127
548116
548109
548104
548099
548092
548085
548078
548071
548062
548054
548046
548040
548037
548037
548038
548042
548049
548060
548071
548083
548095
548106
548115
548123
548131
548138
548146
548153
548160
548164
548169
548174
548179
548183
548188
548194
548201
548211
548226
548247
548274
548293
548294
548287
548268
548236
548198
548164
548139
548123
548108
548096
548087
548078
548071
548066
548062
548054
548047
548039
548029
548017
548010
548008
548010
548016
548027
548039
548053
548070
548087
548098
548109
548121
548129
548143
548037
)
;

boundaryField
{
    sides
    {
        type            zeroGradient;
    }
    inlet
    {
        type            zeroGradient;
    }
    outlet
    {
        type            zeroGradient;
    }
    empty
    {
        type            empty;
    }
}


// ************************************************************************* //
