/*--------------------------------*- C++ -*----------------------------------*\
| =========                 |                                                 |
| \\      /  F ield         | OpenFOAM: The Open Source CFD Toolbox           |
|  \\    /   O peration     | Version:  2306                                  |
|   \\  /    A nd           | Website:  www.openfoam.com                      |
|    \\/     M anipulation  |                                                 |
\*---------------------------------------------------------------------------*/
FoamFile
{
    version     2.0;
    format      ascii;
    arch        "LSB;label=32;scalar=64";
    class       volScalarField;
    location    "0.04";
    object      rho;
}
// * * * * * * * * * * * * * * * * * * * * * * * * * * * * * * * * * * * * * //

dimensions      [1 -3 0 0 0 0 0];

internalField   nonuniform List<scalar> 
6000
(
9.66306
0.695366
0.187843
0.188679
0.164305
0.129154
0.117004
0.117394
0.120448
0.12757
0.136669
0.146986
0.158597
0.171285
0.181903
0.186155
0.186391
0.186148
0.181575
0.155852
0.128668
0.126877
0.129553
0.135569
0.142696
0.149579
0.156079
0.162459
0.169109
0.176724
0.186717
0.197808
0.202802
0.204029
0.194658
0.167984
0.157857
0.159725
0.165309
0.173728
0.182319
0.190275
0.197619
0.204877
0.213213
0.224178
0.237942
0.244945
0.245415
0.230006
0.215516
0.217889
0.225785
0.239124
0.254125
0.268234
0.282479
0.299531
0.319936
0.332974
0.339126
0.331929
0.327999
0.341927
0.36668
0.402623
0.448334
0.503552
0.5552
0.5983
0.627833
0.675399
0.759055
0.899805
1.06733
1.17641
1.2422
1.31172
1.40417
1.52973
1.59869
1.61286
1.61184
1.61483
1.61872
1.61898
1.61417
1.60139
1.58266
1.56656
1.56184
1.56288
1.56983
1.58974
1.62556
1.6642
1.68259
1.68475
1.6831
1.6745
1.66262
1.65848
1.65837
1.66295
1.67338
1.68543
1.69375
1.69913
1.70498
1.71501
1.73449
1.77033
1.82355
1.86239
1.86681
1.85808
1.80788
1.68681
1.57142
1.541
1.53967
1.53986
1.54031
1.54092
1.54148
1.54193
1.54232
1.54271
1.54312
1.54354
1.54396
1.54438
1.54479
1.5452
1.54561
1.54603
1.54644
1.54685
1.54727
1.54769
1.5481
1.54852
1.54893
1.54935
1.54977
1.55019
1.55061
1.55103
1.55145
1.55188
1.55231
1.55274
1.55317
1.55361
1.55404
1.55448
1.55492
1.55536
1.55581
1.55625
1.5567
1.55716
1.55761
1.55807
1.55853
1.559
1.55947
1.55994
1.56042
1.5609
1.56138
1.56187
1.56236
1.56286
1.56336
1.56386
1.56437
1.56489
1.56541
1.56593
1.56646
1.567
1.56753
1.56808
1.56862
1.56918
1.56974
1.57031
1.57089
1.57147
1.57206
1.57265
1.57326
1.57387
1.57449
1.57511
1.57574
1.57638
1.57702
1.57768
1.57834
1.57902
1.5797
1.5804
1.5811
1.5818
1.58252
1.58325
1.58399
1.58475
1.58552
1.5863
1.58709
1.58789
1.58869
1.58952
1.59035
1.5912
1.59206
1.59293
1.59381
1.59471
1.59562
1.59656
1.59751
1.59848
1.59947
1.60048
1.6015
1.60254
1.6036
1.60467
1.60577
1.60689
1.60803
1.60919
1.61037
1.61156
1.61278
1.61402
1.61528
1.61658
1.6179
1.61925
1.62062
1.62202
1.62344
1.6249
1.62639
1.62792
1.62947
1.63106
1.63268
1.63432
1.636
1.63771
1.63946
1.64126
1.64309
1.64497
1.64688
1.64883
1.65082
1.65285
1.65493
1.65706
1.65925
1.66142
1.66353
1.66583
1.66901
1.673
1.67444
1.67378
1.66716
1.63016
1.49387
1.26936
1.1691
1.1611
1.16103
1.16103
1.16103
1.16103
1.16103
1.16103
1.16103
1.16103
1.16103
1.16103
1.16103
1.16103
1.16103
1.16103
1.16103
1.16103
1.16103
1.16103
1.16103
1.16103
9.66636
0.694888
0.187446
0.188303
0.164402
0.129557
0.117213
0.117573
0.120582
0.127658
0.136718
0.147011
0.158608
0.171275
0.181832
0.186072
0.186361
0.186201
0.181758
0.156269
0.128975
0.127176
0.129899
0.135968
0.143136
0.150063
0.156623
0.163109
0.169832
0.177504
0.187549
0.198734
0.203492
0.204459
0.193957
0.166966
0.157909
0.159956
0.165774
0.174196
0.18266
0.19058
0.198037
0.205466
0.213997
0.225118
0.23874
0.245271
0.244883
0.228689
0.21527
0.2181
0.226259
0.239661
0.254501
0.268635
0.283159
0.300466
0.320721
0.333183
0.338652
0.331129
0.328036
0.342561
0.367954
0.404228
0.449913
0.504897
0.555497
0.597528
0.624914
0.671621
0.755046
0.895265
1.06641
1.17796
1.24564
1.31401
1.405
1.52939
1.59759
1.61161
1.6108
1.61414
1.61817
1.61846
1.61367
1.60118
1.58332
1.56797
1.56317
1.56383
1.56982
1.58741
1.61954
1.65652
1.67694
1.68069
1.67942
1.67273
1.66434
1.66155
1.66175
1.66658
1.67661
1.68798
1.69595
1.70127
1.70709
1.71697
1.73609
1.77158
1.82435
1.86238
1.86644
1.85726
1.80603
1.68459
1.5705
1.54093
1.53967
1.53986
1.54031
1.54092
1.54148
1.54193
1.54232
1.54271
1.54312
1.54354
1.54396
1.54438
1.54479
1.5452
1.54561
1.54603
1.54644
1.54685
1.54727
1.54769
1.5481
1.54852
1.54893
1.54935
1.54977
1.55019
1.55061
1.55103
1.55145
1.55188
1.55231
1.55274
1.55317
1.55361
1.55404
1.55448
1.55492
1.55536
1.55581
1.55625
1.5567
1.55716
1.55761
1.55807
1.55853
1.559
1.55947
1.55994
1.56042
1.5609
1.56138
1.56187
1.56236
1.56286
1.56336
1.56386
1.56437
1.56489
1.56541
1.56593
1.56646
1.567
1.56753
1.56808
1.56862
1.56918
1.56974
1.57031
1.57089
1.57147
1.57206
1.57265
1.57326
1.57387
1.57449
1.57511
1.57574
1.57638
1.57702
1.57768
1.57834
1.57902
1.5797
1.5804
1.5811
1.5818
1.58252
1.58325
1.58399
1.58475
1.58552
1.5863
1.58709
1.58788
1.58869
1.58952
1.59035
1.5912
1.59206
1.59293
1.59381
1.59471
1.59562
1.59656
1.59751
1.59848
1.59947
1.60048
1.6015
1.60254
1.6036
1.60467
1.60577
1.60689
1.60803
1.60919
1.61037
1.61156
1.61278
1.61402
1.61529
1.61658
1.6179
1.61925
1.62062
1.62202
1.62344
1.6249
1.62639
1.62792
1.62947
1.63106
1.63267
1.63432
1.636
1.63771
1.63946
1.64126
1.64309
1.64497
1.64688
1.64883
1.65082
1.65285
1.65493
1.65706
1.65925
1.66142
1.66353
1.66583
1.66901
1.673
1.67444
1.67378
1.66716
1.63016
1.49387
1.26936
1.1691
1.1611
1.16103
1.16103
1.16103
1.16103
1.16103
1.16103
1.16103
1.16103
1.16103
1.16103
1.16103
1.16103
1.16103
1.16103
1.16103
1.16103
1.16103
1.16103
1.16103
1.16103
9.67035
0.69396
0.186787
0.187853
0.164548
0.130059
0.117448
0.117834
0.120757
0.127785
0.136823
0.147113
0.158712
0.171362
0.181909
0.186036
0.186278
0.186322
0.182164
0.156977
0.129757
0.128013
0.130857
0.137066
0.144332
0.151356
0.158034
0.16464
0.171494
0.179375
0.189902
0.201441
0.205893
0.20637
0.193383
0.165654
0.158617
0.160931
0.167208
0.175682
0.183984
0.191727
0.199114
0.206678
0.215783
0.227842
0.241474
0.247565
0.245316
0.226759
0.215139
0.218814
0.227642
0.241388
0.255955
0.269826
0.284684
0.302854
0.32329
0.335177
0.338791
0.329516
0.32802
0.343254
0.36977
0.406763
0.453227
0.508738
0.557484
0.597439
0.620134
0.664155
0.745866
0.884624
1.06006
1.17649
1.24832
1.31668
1.4068
1.52937
1.59579
1.60955
1.60913
1.61302
1.61753
1.61781
1.6127
1.60016
1.58353
1.57023
1.566
1.56671
1.57251
1.5882
1.61535
1.64671
1.66572
1.67121
1.67109
1.66756
1.66536
1.66505
1.66693
1.67269
1.6822
1.69202
1.69881
1.70367
1.70942
1.71944
1.7388
1.77441
1.8267
1.86278
1.86615
1.85626
1.80327
1.68053
1.56865
1.54077
1.53966
1.53986
1.54031
1.54092
1.54148
1.54193
1.54232
1.54271
1.54312
1.54354
1.54396
1.54438
1.54479
1.5452
1.54561
1.54603
1.54644
1.54685
1.54727
1.54769
1.5481
1.54852
1.54893
1.54935
1.54977
1.55019
1.55061
1.55103
1.55145
1.55188
1.55231
1.55274
1.55317
1.55361
1.55404
1.55448
1.55492
1.55536
1.55581
1.55625
1.5567
1.55716
1.55761
1.55807
1.55853
1.559
1.55947
1.55994
1.56042
1.5609
1.56138
1.56187
1.56236
1.56286
1.56336
1.56386
1.56437
1.56489
1.56541
1.56593
1.56646
1.567
1.56753
1.56808
1.56862
1.56918
1.56974
1.57031
1.57089
1.57147
1.57206
1.57265
1.57326
1.57387
1.57448
1.57511
1.57574
1.57638
1.57702
1.57768
1.57834
1.57902
1.5797
1.5804
1.5811
1.58181
1.58252
1.58325
1.584
1.58475
1.58552
1.5863
1.58709
1.58788
1.58869
1.58951
1.59035
1.5912
1.59206
1.59293
1.59382
1.59471
1.59563
1.59656
1.59751
1.59849
1.59948
1.60048
1.6015
1.60254
1.60359
1.60467
1.60577
1.60689
1.60803
1.60919
1.61037
1.61156
1.61278
1.61402
1.61529
1.61658
1.6179
1.61925
1.62062
1.62202
1.62344
1.6249
1.62639
1.62792
1.62947
1.63106
1.63267
1.63432
1.636
1.63771
1.63946
1.64126
1.64309
1.64497
1.64688
1.64883
1.65082
1.65285
1.65493
1.65706
1.65925
1.66142
1.66353
1.66583
1.66901
1.673
1.67444
1.67378
1.66716
1.63016
1.49387
1.26936
1.1691
1.1611
1.16103
1.16103
1.16103
1.16103
1.16103
1.16103
1.16103
1.16103
1.16103
1.16103
1.16103
1.16103
1.16103
1.16103
1.16103
1.16103
1.16103
1.16103
1.16103
1.16103
9.67687
0.692706
0.186259
0.187427
0.164633
0.130411
0.117565
0.117989
0.120864
0.127897
0.136959
0.147281
0.158894
0.171594
0.182232
0.186215
0.186491
0.186842
0.182904
0.157598
0.130709
0.129199
0.132295
0.138772
0.14622
0.153431
0.160346
0.16722
0.174389
0.182725
0.193899
0.205863
0.210026
0.209684
0.192596
0.16454
0.160042
0.162824
0.169817
0.17847
0.186659
0.19424
0.2016
0.20949
0.219411
0.232844
0.245957
0.251707
0.245934
0.224597
0.215933
0.220414
0.230366
0.244506
0.258814
0.272506
0.287859
0.307256
0.327584
0.339126
0.339643
0.327951
0.328648
0.344995
0.372913
0.410968
0.458612
0.514753
0.560519
0.596591
0.612493
0.65399
0.734504
0.872349
1.05146
1.17326
1.24937
1.31866
1.40871
1.5296
1.59331
1.60649
1.60638
1.61088
1.61614
1.6165
1.61127
1.5991
1.5846
1.574
1.57049
1.57117
1.57656
1.59021
1.61284
1.63623
1.64962
1.65551
1.65854
1.66112
1.66418
1.66817
1.67347
1.68112
1.69045
1.69868
1.70412
1.70833
1.71384
1.72382
1.74317
1.77867
1.8299
1.86313
1.86564
1.8547
1.79906
1.6746
1.56608
1.54057
1.53965
1.53985
1.54031
1.54093
1.54148
1.54193
1.54232
1.54271
1.54312
1.54354
1.54396
1.54438
1.54479
1.5452
1.54561
1.54603
1.54644
1.54685
1.54727
1.54769
1.5481
1.54852
1.54893
1.54935
1.54977
1.55019
1.55061
1.55103
1.55145
1.55188
1.55231
1.55274
1.55317
1.55361
1.55404
1.55448
1.55492
1.55536
1.55581
1.55625
1.5567
1.55716
1.55761
1.55807
1.55853
1.559
1.55947
1.55994
1.56042
1.5609
1.56138
1.56187
1.56236
1.56286
1.56336
1.56386
1.56437
1.56489
1.56541
1.56593
1.56646
1.56699
1.56753
1.56808
1.56862
1.56918
1.56974
1.57031
1.57089
1.57147
1.57206
1.57265
1.57326
1.57387
1.57448
1.57511
1.57574
1.57638
1.57702
1.57768
1.57834
1.57902
1.57971
1.5804
1.5811
1.58181
1.58252
1.58325
1.584
1.58475
1.58552
1.5863
1.58708
1.58788
1.58869
1.58951
1.59034
1.59119
1.59206
1.59293
1.59382
1.59472
1.59563
1.59657
1.59752
1.59849
1.59948
1.60048
1.6015
1.60253
1.60359
1.60466
1.60576
1.60688
1.60803
1.60919
1.61037
1.61157
1.61278
1.61402
1.61529
1.61658
1.6179
1.61925
1.62062
1.62202
1.62344
1.6249
1.62639
1.62792
1.62947
1.63106
1.63267
1.63432
1.636
1.63771
1.63946
1.64126
1.64309
1.64497
1.64688
1.64883
1.65082
1.65285
1.65493
1.65706
1.65925
1.66142
1.66353
1.66583
1.66901
1.673
1.67444
1.67378
1.66715
1.63016
1.49387
1.26936
1.1691
1.1611
1.16103
1.16103
1.16103
1.16103
1.16103
1.16103
1.16103
1.16103
1.16103
1.16103
1.16103
1.16103
1.16103
1.16103
1.16103
1.16103
1.16103
1.16103
1.16103
1.16103
9.68154
0.69184
0.186157
0.187466
0.1649
0.130628
0.117558
0.117981
0.120854
0.12796
0.137117
0.147533
0.159226
0.172099
0.18281
0.186598
0.18699
0.187663
0.183779
0.157908
0.13154
0.130407
0.133844
0.140614
0.148287
0.15575
0.162994
0.170284
0.177946
0.186906
0.198957
0.211449
0.215421
0.213647
0.191169
0.164188
0.162151
0.165656
0.173391
0.182083
0.190066
0.197492
0.204955
0.213478
0.224809
0.240236
0.252289
0.25693
0.245992
0.222301
0.217573
0.222929
0.234327
0.24869
0.2626
0.276226
0.292484
0.313757
0.333522
0.344444
0.340713
0.326455
0.329764
0.347454
0.37706
0.416609
0.466227
0.523329
0.565064
0.595481
0.602895
0.643431
0.724484
0.864056
1.04525
1.17039
1.24952
1.32064
1.41206
1.53198
1.59097
1.60269
1.6024
1.60761
1.6138
1.61425
1.60888
1.59751
1.58634
1.57939
1.57684
1.57761
1.58297
1.59527
1.61241
1.62538
1.63202
1.6371
1.64334
1.65137
1.66004
1.669
1.67912
1.68989
1.69983
1.70685
1.71112
1.71476
1.72008
1.72999
1.74923
1.7844
1.83396
1.8635
1.86508
1.85258
1.79343
1.66697
1.56298
1.54034
1.53963
1.53984
1.54032
1.54094
1.54148
1.54193
1.54232
1.54271
1.54312
1.54354
1.54396
1.54438
1.54479
1.5452
1.54561
1.54603
1.54644
1.54685
1.54727
1.54769
1.5481
1.54852
1.54893
1.54935
1.54977
1.55019
1.55061
1.55103
1.55145
1.55188
1.55231
1.55274
1.55317
1.55361
1.55404
1.55448
1.55492
1.55536
1.55581
1.55625
1.5567
1.55716
1.55761
1.55807
1.55853
1.559
1.55947
1.55994
1.56042
1.5609
1.56138
1.56187
1.56236
1.56286
1.56336
1.56386
1.56437
1.56489
1.56541
1.56593
1.56646
1.56699
1.56753
1.56808
1.56862
1.56918
1.56974
1.57032
1.57089
1.57147
1.57206
1.57265
1.57326
1.57387
1.57448
1.57511
1.57574
1.57638
1.57702
1.57768
1.57835
1.57902
1.57971
1.5804
1.5811
1.58181
1.58252
1.58325
1.584
1.58475
1.58552
1.5863
1.58708
1.58788
1.58868
1.58951
1.59034
1.59119
1.59206
1.59293
1.59382
1.59472
1.59564
1.59657
1.59752
1.59849
1.59948
1.60048
1.6015
1.60253
1.60358
1.60465
1.60575
1.60688
1.60803
1.60919
1.61037
1.61157
1.61279
1.61403
1.61529
1.61658
1.6179
1.61925
1.62062
1.62202
1.62344
1.6249
1.62639
1.62792
1.62947
1.63106
1.63267
1.63432
1.636
1.63771
1.63946
1.64126
1.64309
1.64497
1.64688
1.64883
1.65082
1.65285
1.65493
1.65706
1.65925
1.66142
1.66353
1.66583
1.66901
1.673
1.67444
1.67378
1.66715
1.63016
1.49387
1.26936
1.1691
1.1611
1.16103
1.16103
1.16103
1.16103
1.16103
1.16103
1.16103
1.16103
1.16103
1.16103
1.16103
1.16103
1.16103
1.16103
1.16103
1.16103
1.16103
1.16103
1.16103
1.16103
9.68747
0.691924
0.186327
0.187696
0.165109
0.130671
0.117491
0.117912
0.120826
0.128024
0.137324
0.147893
0.159754
0.172894
0.183634
0.187131
0.187614
0.188481
0.18435
0.157624
0.131999
0.131307
0.135047
0.142069
0.149968
0.157702
0.165296
0.173012
0.181183
0.190895
0.203924
0.21685
0.220339
0.216597
0.188604
0.164355
0.164263
0.168817
0.177197
0.185871
0.193649
0.20101
0.208732
0.218067
0.231167
0.248728
0.259191
0.261326
0.244032
0.220101
0.21934
0.226104
0.238716
0.252989
0.266422
0.280217
0.297725
0.321502
0.340481
0.349921
0.341181
0.325122
0.331291
0.350596
0.381895
0.42312
0.475353
0.533605
0.571244
0.593923
0.593524
0.635809
0.719815
0.862397
1.04527
1.17063
1.24989
1.32301
1.41747
1.53682
1.5888
1.59767
1.59669
1.60294
1.61062
1.61125
1.60559
1.59544
1.58866
1.58553
1.58425
1.58572
1.59137
1.60126
1.61037
1.61398
1.61624
1.62034
1.62805
1.63966
1.65381
1.66817
1.68253
1.69709
1.70945
1.71673
1.72037
1.7235
1.72851
1.73815
1.75702
1.79148
1.83863
1.86377
1.86439
1.84982
1.78634
1.65787
1.55958
1.54012
1.53961
1.53984
1.54033
1.54094
1.54149
1.54193
1.54232
1.54271
1.54312
1.54354
1.54396
1.54438
1.54479
1.5452
1.54561
1.54603
1.54644
1.54686
1.54727
1.54769
1.5481
1.54852
1.54893
1.54935
1.54977
1.55019
1.55061
1.55103
1.55145
1.55188
1.55231
1.55274
1.55317
1.55361
1.55404
1.55448
1.55492
1.55536
1.55581
1.55625
1.5567
1.55716
1.55761
1.55807
1.55853
1.559
1.55947
1.55994
1.56042
1.5609
1.56138
1.56187
1.56236
1.56286
1.56336
1.56386
1.56437
1.56489
1.56541
1.56593
1.56646
1.56699
1.56753
1.56807
1.56862
1.56918
1.56974
1.57032
1.57089
1.57147
1.57206
1.57265
1.57326
1.57386
1.57448
1.57511
1.57574
1.57638
1.57702
1.57768
1.57835
1.57902
1.57971
1.5804
1.5811
1.58181
1.58252
1.58325
1.584
1.58475
1.58552
1.5863
1.58708
1.58788
1.58868
1.5895
1.59034
1.59119
1.59206
1.59293
1.59382
1.59473
1.59564
1.59658
1.59753
1.5985
1.59948
1.60048
1.60149
1.60252
1.60357
1.60465
1.60575
1.60687
1.60802
1.60919
1.61037
1.61157
1.61279
1.61403
1.6153
1.61659
1.61791
1.61925
1.62062
1.62202
1.62344
1.6249
1.62639
1.62792
1.62947
1.63106
1.63267
1.63432
1.636
1.63771
1.63946
1.64126
1.64309
1.64497
1.64688
1.64883
1.65083
1.65286
1.65493
1.65706
1.65925
1.66142
1.66353
1.66582
1.66901
1.673
1.67444
1.67378
1.66715
1.63016
1.49387
1.26936
1.1691
1.1611
1.16103
1.16103
1.16103
1.16103
1.16103
1.16103
1.16103
1.16103
1.16103
1.16103
1.16103
1.16103
1.16103
1.16103
1.16103
1.16103
1.16103
1.16103
1.16103
1.16103
9.69568
0.693443
0.186458
0.187848
0.164915
0.130275
0.11736
0.117864
0.120861
0.128192
0.137658
0.148415
0.160506
0.173936
0.184592
0.187733
0.188197
0.189109
0.18451
0.156801
0.132031
0.131721
0.135676
0.142849
0.150905
0.158853
0.166728
0.174783
0.183408
0.193851
0.207744
0.220738
0.223938
0.21775
0.185193
0.164679
0.16585
0.171419
0.18026
0.188917
0.196681
0.2042
0.212362
0.222852
0.237866
0.256539
0.264994
0.263655
0.239215
0.218468
0.220715
0.229027
0.242554
0.256508
0.269524
0.28371
0.302792
0.329356
0.347282
0.354188
0.340082
0.323848
0.332902
0.354075
0.387119
0.43016
0.485371
0.544279
0.578918
0.591777
0.587133
0.632102
0.72003
0.867404
1.0509
1.17381
1.25126
1.32634
1.4252
1.5438
1.58779
1.59207
1.5898
1.5974
1.60711
1.60809
1.60233
1.59416
1.59157
1.59136
1.59269
1.59593
1.60077
1.60459
1.6052
1.60404
1.6034
1.60642
1.61431
1.62771
1.64581
1.66523
1.68351
1.70083
1.71685
1.72716
1.73158
1.7346
1.73931
1.74852
1.76667
1.79993
1.84375
1.86401
1.86357
1.84644
1.77779
1.64756
1.55611
1.53991
1.53959
1.53983
1.54034
1.54095
1.54149
1.54193
1.54232
1.54271
1.54312
1.54354
1.54396
1.54438
1.54479
1.5452
1.54561
1.54603
1.54644
1.54686
1.54727
1.54769
1.5481
1.54852
1.54893
1.54935
1.54977
1.55019
1.55061
1.55103
1.55145
1.55188
1.55231
1.55274
1.55317
1.55361
1.55404
1.55448
1.55492
1.55536
1.55581
1.55625
1.5567
1.55716
1.55761
1.55807
1.55853
1.559
1.55947
1.55994
1.56042
1.5609
1.56138
1.56187
1.56236
1.56286
1.56336
1.56386
1.56437
1.56489
1.56541
1.56593
1.56646
1.56699
1.56753
1.56807
1.56862
1.56918
1.56974
1.57032
1.57089
1.57147
1.57206
1.57265
1.57325
1.57386
1.57448
1.57511
1.57574
1.57638
1.57703
1.57768
1.57835
1.57902
1.57971
1.5804
1.5811
1.58181
1.58252
1.58325
1.584
1.58475
1.58552
1.5863
1.58708
1.58787
1.58868
1.5895
1.59034
1.59119
1.59206
1.59293
1.59383
1.59473
1.59565
1.59658
1.59754
1.5985
1.59949
1.60048
1.60149
1.60252
1.60357
1.60464
1.60574
1.60687
1.60802
1.60919
1.61037
1.61157
1.61279
1.61403
1.6153
1.61659
1.61791
1.61925
1.62062
1.62202
1.62344
1.6249
1.62639
1.62792
1.62947
1.63106
1.63267
1.63432
1.636
1.63771
1.63946
1.64126
1.64309
1.64497
1.64688
1.64884
1.65083
1.65286
1.65493
1.65707
1.65925
1.66142
1.66353
1.66582
1.66901
1.673
1.67444
1.67378
1.66715
1.63016
1.49387
1.26936
1.1691
1.1611
1.16103
1.16103
1.16103
1.16103
1.16103
1.16103
1.16103
1.16103
1.16103
1.16103
1.16103
1.16103
1.16103
1.16103
1.16103
1.16103
1.16103
1.16103
1.16103
1.16103
9.70249
0.696137
0.186342
0.187614
0.164138
0.129428
0.11721
0.117856
0.121007
0.128509
0.138146
0.149108
0.161462
0.175098
0.185513
0.188342
0.188709
0.189555
0.184394
0.155764
0.131843
0.131805
0.135891
0.143135
0.151284
0.159368
0.167426
0.175711
0.184635
0.195548
0.209967
0.222636
0.225605
0.216997
0.181869
0.164898
0.166778
0.17318
0.182316
0.191033
0.198922
0.20668
0.215366
0.227139
0.243832
0.262086
0.268489
0.262909
0.233005
0.217551
0.221483
0.23131
0.245253
0.258581
0.271342
0.286201
0.307109
0.33617
0.352915
0.35664
0.337299
0.322732
0.334058
0.35716
0.391786
0.436635
0.49509
0.553384
0.587188
0.590474
0.58509
0.632768
0.725664
0.879821
1.06213
1.17958
1.25228
1.32997
1.43522
1.55195
1.58884
1.58695
1.58289
1.59187
1.60396
1.60538
1.59994
1.59381
1.59348
1.59575
1.60111
1.6054
1.60637
1.60523
1.60093
1.59518
1.59333
1.59581
1.60337
1.6173
1.63739
1.66017
1.68189
1.70184
1.72051
1.73603
1.74408
1.74804
1.75264
1.76124
1.77829
1.80969
1.84914
1.86432
1.86272
1.84247
1.76779
1.63633
1.55274
1.53973
1.53957
1.53983
1.54035
1.54096
1.54149
1.54192
1.54231
1.54271
1.54312
1.54354
1.54396
1.54438
1.54479
1.5452
1.54561
1.54603
1.54644
1.54686
1.54727
1.54769
1.5481
1.54852
1.54893
1.54935
1.54977
1.55019
1.55061
1.55103
1.55145
1.55188
1.55231
1.55274
1.55317
1.55361
1.55404
1.55448
1.55492
1.55536
1.55581
1.55625
1.5567
1.55716
1.55761
1.55807
1.55853
1.559
1.55947
1.55994
1.56042
1.5609
1.56138
1.56187
1.56236
1.56286
1.56336
1.56386
1.56437
1.56489
1.56541
1.56593
1.56646
1.56699
1.56753
1.56807
1.56862
1.56918
1.56974
1.57032
1.57089
1.57147
1.57206
1.57265
1.57325
1.57386
1.57448
1.57511
1.57574
1.57638
1.57703
1.57768
1.57835
1.57902
1.57971
1.5804
1.5811
1.58181
1.58252
1.58325
1.584
1.58475
1.58552
1.58629
1.58708
1.58787
1.58868
1.5895
1.59034
1.59119
1.59206
1.59294
1.59383
1.59473
1.59565
1.59659
1.59754
1.59851
1.59949
1.60048
1.60149
1.60252
1.60357
1.60464
1.60574
1.60687
1.60802
1.60919
1.61037
1.61157
1.61279
1.61403
1.6153
1.61659
1.61791
1.61925
1.62062
1.62202
1.62344
1.6249
1.62639
1.62792
1.62947
1.63106
1.63267
1.63432
1.63599
1.63771
1.63946
1.64125
1.64309
1.64497
1.64688
1.64884
1.65083
1.65286
1.65493
1.65707
1.65925
1.66142
1.66352
1.66582
1.66901
1.673
1.67444
1.67378
1.66715
1.63016
1.49387
1.26936
1.1691
1.1611
1.16103
1.16103
1.16103
1.16103
1.16103
1.16103
1.16103
1.16103
1.16103
1.16103
1.16103
1.16103
1.16103
1.16103
1.16103
1.16103
1.16103
1.16103
1.16103
1.16103
9.70745
0.69976
0.186234
0.18737
0.162963
0.128207
0.117037
0.117855
0.121233
0.128944
0.138758
0.149916
0.1625
0.176204
0.186341
0.188926
0.18916
0.189864
0.184179
0.154873
0.131668
0.131789
0.135908
0.143155
0.151315
0.159438
0.167555
0.175929
0.184945
0.196039
0.210671
0.222742
0.225511
0.215107
0.179515
0.16494
0.167228
0.174086
0.183437
0.192281
0.200372
0.208479
0.217798
0.23056
0.248299
0.264757
0.270014
0.259528
0.22734
0.216994
0.221711
0.232593
0.246393
0.259405
0.272237
0.287982
0.310717
0.341179
0.356806
0.357341
0.333742
0.321999
0.334801
0.359684
0.395427
0.441488
0.502299
0.559809
0.593183
0.590667
0.58759
0.639161
0.73922
0.901829
1.08167
1.19231
1.25554
1.33412
1.44749
1.56065
1.59223
1.58234
1.57683
1.58711
1.60153
1.60332
1.59853
1.59446
1.59489
1.59982
1.60741
1.60984
1.60889
1.60497
1.5962
1.58764
1.58574
1.58794
1.59507
1.60887
1.62955
1.65386
1.6779
1.70014
1.72122
1.74083
1.75555
1.76309
1.76853
1.77666
1.7923
1.82103
1.85474
1.86493
1.86203
1.83791
1.7563
1.62445
1.54962
1.53959
1.53955
1.53982
1.54037
1.54098
1.5415
1.54192
1.54231
1.54271
1.54312
1.54354
1.54396
1.54438
1.54479
1.5452
1.54561
1.54603
1.54644
1.54686
1.54727
1.54769
1.5481
1.54852
1.54893
1.54935
1.54977
1.55019
1.55061
1.55103
1.55145
1.55188
1.55231
1.55274
1.55317
1.55361
1.55404
1.55448
1.55492
1.55536
1.55581
1.55625
1.5567
1.55716
1.55761
1.55807
1.55853
1.559
1.55947
1.55994
1.56042
1.5609
1.56138
1.56187
1.56236
1.56286
1.56336
1.56386
1.56437
1.56489
1.5654
1.56593
1.56646
1.56699
1.56753
1.56807
1.56862
1.56918
1.56974
1.57031
1.57089
1.57147
1.57206
1.57265
1.57325
1.57386
1.57448
1.57511
1.57574
1.57638
1.57703
1.57768
1.57835
1.57902
1.57971
1.5804
1.5811
1.58181
1.58252
1.58325
1.584
1.58475
1.58552
1.58629
1.58708
1.58787
1.58868
1.5895
1.59034
1.59119
1.59206
1.59294
1.59383
1.59473
1.59565
1.59659
1.59754
1.59851
1.59949
1.60048
1.60149
1.60252
1.60356
1.60464
1.60574
1.60687
1.60802
1.60919
1.61037
1.61157
1.61279
1.61404
1.6153
1.61659
1.61791
1.61925
1.62062
1.62202
1.62344
1.6249
1.62639
1.62792
1.62947
1.63106
1.63267
1.63432
1.63599
1.63771
1.63946
1.64125
1.64309
1.64497
1.64688
1.64884
1.65083
1.65286
1.65493
1.65707
1.65925
1.66141
1.66352
1.66582
1.669
1.673
1.67444
1.67378
1.66715
1.63016
1.49387
1.26936
1.1691
1.1611
1.16103
1.16103
1.16103
1.16103
1.16103
1.16103
1.16103
1.16103
1.16103
1.16103
1.16103
1.16103
1.16103
1.16103
1.16103
1.16103
1.16103
1.16103
1.16103
1.16103
9.7157
0.704192
0.186533
0.187449
0.161933
0.127075
0.116908
0.117898
0.121512
0.129412
0.139361
0.150664
0.163407
0.177099
0.187021
0.189421
0.189543
0.190069
0.183985
0.154268
0.131585
0.131791
0.135904
0.143115
0.151231
0.159295
0.167334
0.175625
0.184606
0.195716
0.21034
0.221869
0.224508
0.21373
0.178764
0.164968
0.167436
0.174503
0.184032
0.193072
0.20141
0.209857
0.21952
0.232489
0.2504
0.265304
0.269307
0.255095
0.223307
0.216388
0.22162
0.232954
0.246734
0.259814
0.273032
0.289712
0.313712
0.344186
0.358701
0.356852
0.3308
0.321711
0.335247
0.361327
0.3973
0.443673
0.505463
0.562783
0.596194
0.592039
0.593418
0.649158
0.756417
0.92908
1.1058
1.21018
1.26289
1.34143
1.46245
1.56983
1.59578
1.57839
1.57215
1.58369
1.59989
1.60182
1.59786
1.59537
1.59654
1.60353
1.61071
1.61126
1.60953
1.60334
1.59156
1.58194
1.58035
1.5823
1.58898
1.60235
1.62278
1.64732
1.67221
1.69602
1.71911
1.74195
1.76256
1.77709
1.7859
1.79473
1.80936
1.83493
1.8611
1.86617
1.8618
1.83268
1.74318
1.61216
1.54686
1.53948
1.53952
1.53983
1.54038
1.54099
1.5415
1.54192
1.54231
1.54271
1.54312
1.54354
1.54396
1.54438
1.54479
1.5452
1.54561
1.54603
1.54644
1.54686
1.54727
1.54769
1.5481
1.54852
1.54894
1.54935
1.54977
1.55019
1.55061
1.55103
1.55145
1.55188
1.55231
1.55274
1.55317
1.55361
1.55404
1.55448
1.55492
1.55536
1.55581
1.55625
1.5567
1.55716
1.55761
1.55807
1.55853
1.559
1.55947
1.55994
1.56042
1.5609
1.56138
1.56187
1.56236
1.56285
1.56336
1.56386
1.56437
1.56488
1.5654
1.56593
1.56646
1.56699
1.56753
1.56807
1.56862
1.56918
1.56974
1.57031
1.57089
1.57147
1.57206
1.57265
1.57326
1.57387
1.57448
1.57511
1.57574
1.57638
1.57703
1.57768
1.57835
1.57902
1.57971
1.5804
1.5811
1.58181
1.58252
1.58325
1.584
1.58475
1.58552
1.58629
1.58708
1.58787
1.58868
1.5895
1.59034
1.59119
1.59206
1.59294
1.59383
1.59473
1.59565
1.59659
1.59754
1.5985
1.59948
1.60048
1.60149
1.60252
1.60356
1.60464
1.60574
1.60687
1.60802
1.60918
1.61037
1.61157
1.61279
1.61403
1.6153
1.61659
1.61791
1.61925
1.62062
1.62202
1.62344
1.6249
1.62639
1.62792
1.62947
1.63106
1.63267
1.63432
1.63599
1.6377
1.63946
1.64125
1.64309
1.64497
1.64689
1.64884
1.65083
1.65286
1.65494
1.65707
1.65925
1.66141
1.66352
1.66582
1.669
1.67299
1.67444
1.67378
1.66715
1.63016
1.49387
1.26936
1.1691
1.1611
1.16103
1.16103
1.16103
1.16103
1.16103
1.16103
1.16103
1.16103
1.16103
1.16103
1.16103
1.16103
1.16103
1.16103
1.16103
1.16103
1.16103
1.16103
1.16103
1.16103
9.72527
0.708205
0.186877
0.187656
0.161377
0.126536
0.116991
0.118061
0.121829
0.129829
0.139847
0.151229
0.164054
0.177714
0.187527
0.189874
0.189949
0.190319
0.183944
0.153841
0.131439
0.131648
0.135684
0.142812
0.150854
0.158825
0.166753
0.174945
0.183856
0.194914
0.209246
0.22071
0.223626
0.213419
0.179017
0.165131
0.167617
0.174724
0.184362
0.193551
0.20198
0.210345
0.219822
0.232736
0.250641
0.263773
0.266787
0.251446
0.221371
0.215835
0.221267
0.232823
0.246804
0.26021
0.2739
0.291038
0.315273
0.34496
0.358997
0.35552
0.328806
0.321176
0.33505
0.361581
0.397841
0.444316
0.505819
0.563224
0.597573
0.59577
0.599484
0.658594
0.771395
0.952906
1.12878
1.22868
1.27556
1.35347
1.4789
1.5783
1.59827
1.57556
1.56955
1.58203
1.59902
1.60082
1.5977
1.59629
1.59829
1.60633
1.61169
1.61142
1.60878
1.60053
1.58698
1.57761
1.57662
1.57848
1.58486
1.59767
1.61734
1.64114
1.66572
1.68994
1.71446
1.73966
1.76464
1.78632
1.80174
1.81399
1.8296
1.85257
1.8693
1.86983
1.86283
1.82674
1.72816
1.59961
1.54449
1.53939
1.53949
1.53983
1.54041
1.54101
1.5415
1.54192
1.5423
1.5427
1.54312
1.54355
1.54397
1.54438
1.54479
1.5452
1.54561
1.54603
1.54644
1.54686
1.54727
1.54769
1.5481
1.54852
1.54894
1.54935
1.54977
1.55019
1.55061
1.55103
1.55145
1.55188
1.55231
1.55274
1.55317
1.55361
1.55404
1.55448
1.55492
1.55536
1.55581
1.55625
1.5567
1.55716
1.55761
1.55807
1.55853
1.559
1.55947
1.55994
1.56042
1.5609
1.56138
1.56187
1.56236
1.56285
1.56335
1.56386
1.56437
1.56488
1.5654
1.56593
1.56646
1.56699
1.56753
1.56807
1.56862
1.56918
1.56974
1.57031
1.57089
1.57147
1.57206
1.57265
1.57326
1.57387
1.57448
1.57511
1.57574
1.57638
1.57703
1.57768
1.57835
1.57902
1.57971
1.5804
1.5811
1.58181
1.58252
1.58325
1.584
1.58475
1.58552
1.58629
1.58708
1.58788
1.58868
1.5895
1.59034
1.59119
1.59206
1.59294
1.59383
1.59473
1.59565
1.59658
1.59753
1.5985
1.59948
1.60048
1.60149
1.60252
1.60357
1.60464
1.60574
1.60687
1.60802
1.60919
1.61037
1.61157
1.61279
1.61403
1.6153
1.61659
1.61791
1.61925
1.62062
1.62202
1.62345
1.6249
1.62639
1.62792
1.62947
1.63106
1.63267
1.63431
1.63599
1.6377
1.63946
1.64125
1.64309
1.64497
1.64689
1.64884
1.65083
1.65286
1.65494
1.65707
1.65925
1.66141
1.66352
1.66582
1.669
1.67299
1.67444
1.67378
1.66715
1.63016
1.49387
1.26936
1.1691
1.1611
1.16103
1.16103
1.16103
1.16103
1.16103
1.16103
1.16103
1.16103
1.16103
1.16103
1.16103
1.16103
1.16103
1.16103
1.16103
1.16103
1.16103
1.16103
1.16103
1.16103
9.73506
0.711144
0.186896
0.187557
0.161178
0.126517
0.1172
0.118302
0.122152
0.130199
0.140235
0.151624
0.164443
0.178052
0.187787
0.190118
0.190151
0.190402
0.183868
0.153668
0.131259
0.131386
0.1353
0.142315
0.150253
0.158099
0.16589
0.173958
0.182754
0.193588
0.207513
0.219255
0.222609
0.213568
0.18008
0.165253
0.167617
0.174576
0.184202
0.193429
0.201844
0.210065
0.219261
0.231823
0.248917
0.260965
0.263964
0.24947
0.220848
0.215234
0.220551
0.232076
0.24641
0.260341
0.274392
0.291579
0.315413
0.344213
0.35759
0.353743
0.327827
0.320544
0.334376
0.360721
0.396861
0.442931
0.503149
0.562155
0.598295
0.601761
0.605822
0.666246
0.780868
0.966545
1.14538
1.24519
1.2906
1.36784
1.49305
1.58429
1.59953
1.57436
1.5691
1.58187
1.59878
1.60041
1.59812
1.59718
1.59982
1.60799
1.61181
1.61106
1.60706
1.59682
1.58261
1.57479
1.57465
1.57665
1.58282
1.59495
1.61338
1.6357
1.65899
1.68255
1.70738
1.73436
1.76258
1.78953
1.81251
1.83145
1.85163
1.87269
1.88033
1.87801
1.86594
1.82043
1.71115
1.58707
1.54255
1.53932
1.53946
1.53984
1.54043
1.54103
1.54151
1.54191
1.5423
1.5427
1.54312
1.54355
1.54397
1.54438
1.54479
1.5452
1.54561
1.54603
1.54644
1.54686
1.54727
1.54769
1.5481
1.54852
1.54894
1.54935
1.54977
1.55019
1.55061
1.55103
1.55145
1.55188
1.55231
1.55274
1.55317
1.55361
1.55404
1.55448
1.55492
1.55536
1.55581
1.55625
1.5567
1.55716
1.55761
1.55807
1.55853
1.559
1.55947
1.55994
1.56042
1.5609
1.56138
1.56187
1.56236
1.56285
1.56335
1.56386
1.56437
1.56488
1.5654
1.56593
1.56646
1.56699
1.56753
1.56807
1.56862
1.56918
1.56974
1.57031
1.57089
1.57147
1.57206
1.57265
1.57325
1.57386
1.57448
1.57511
1.57574
1.57638
1.57703
1.57768
1.57835
1.57902
1.57971
1.5804
1.5811
1.58181
1.58252
1.58325
1.584
1.58475
1.58552
1.58629
1.58708
1.58788
1.58868
1.58951
1.59034
1.5912
1.59206
1.59294
1.59383
1.59473
1.59565
1.59658
1.59753
1.5985
1.59948
1.60047
1.60149
1.60252
1.60357
1.60465
1.60575
1.60687
1.60802
1.60919
1.61037
1.61157
1.61279
1.61403
1.61529
1.61659
1.61791
1.61925
1.62062
1.62202
1.62345
1.6249
1.62639
1.62792
1.62947
1.63106
1.63267
1.63431
1.63599
1.6377
1.63946
1.64125
1.64309
1.64497
1.64689
1.64884
1.65083
1.65286
1.65493
1.65707
1.65925
1.66141
1.66352
1.66582
1.669
1.673
1.67444
1.67378
1.66715
1.63016
1.49387
1.26936
1.1691
1.1611
1.16103
1.16103
1.16103
1.16103
1.16103
1.16103
1.16103
1.16103
1.16103
1.16103
1.16103
1.16103
1.16103
1.16103
1.16103
1.16103
1.16103
1.16103
1.16103
1.16103
9.74357
0.712715
0.186702
0.187287
0.161122
0.126754
0.117563
0.118691
0.122556
0.130595
0.1406
0.151942
0.164693
0.178209
0.187872
0.190196
0.190164
0.190258
0.183597
0.153506
0.131078
0.131102
0.134881
0.14178
0.14961
0.157321
0.164956
0.172857
0.181466
0.191988
0.205482
0.217489
0.221146
0.213682
0.181638
0.165198
0.167306
0.1739
0.183407
0.192587
0.200933
0.208996
0.217869
0.229617
0.245349
0.257335
0.260969
0.248884
0.221298
0.214496
0.219502
0.230606
0.245114
0.259577
0.273962
0.291076
0.314367
0.341705
0.354623
0.351929
0.328138
0.320235
0.333622
0.359079
0.39462
0.43953
0.497473
0.55846
0.596417
0.609845
0.613455
0.672467
0.783815
0.969726
1.15396
1.25804
1.30615
1.38195
1.50112
1.58641
1.59914
1.57449
1.57004
1.58253
1.59901
1.60068
1.59916
1.59844
1.60136
1.609
1.61192
1.61054
1.60512
1.59329
1.57988
1.57418
1.57441
1.57645
1.58255
1.59409
1.611
1.6312
1.65241
1.67438
1.6985
1.72609
1.75681
1.78796
1.81721
1.84489
1.87259
1.89212
1.89498
1.89043
1.87218
1.81453
1.69285
1.57522
1.54108
1.53926
1.53943
1.53985
1.54046
1.54104
1.54151
1.54191
1.54229
1.5427
1.54312
1.54355
1.54397
1.54438
1.54479
1.5452
1.54561
1.54603
1.54644
1.54686
1.54727
1.54769
1.5481
1.54852
1.54894
1.54935
1.54977
1.55019
1.55061
1.55103
1.55145
1.55188
1.55231
1.55274
1.55317
1.55361
1.55404
1.55448
1.55492
1.55536
1.55581
1.55625
1.5567
1.55716
1.55761
1.55807
1.55853
1.559
1.55947
1.55994
1.56042
1.5609
1.56138
1.56187
1.56236
1.56285
1.56335
1.56386
1.56437
1.56488
1.5654
1.56593
1.56646
1.56699
1.56753
1.56807
1.56862
1.56918
1.56974
1.57031
1.57089
1.57147
1.57206
1.57265
1.57325
1.57386
1.57448
1.57511
1.57574
1.57638
1.57703
1.57768
1.57835
1.57902
1.57971
1.5804
1.5811
1.58181
1.58253
1.58326
1.584
1.58475
1.58552
1.5863
1.58708
1.58788
1.58869
1.58951
1.59035
1.5912
1.59207
1.59294
1.59383
1.59473
1.59565
1.59658
1.59752
1.59849
1.59947
1.60047
1.60149
1.60252
1.60357
1.60465
1.60575
1.60688
1.60802
1.60919
1.61037
1.61157
1.61278
1.61402
1.61529
1.61659
1.61791
1.61925
1.62063
1.62202
1.62345
1.62491
1.6264
1.62792
1.62947
1.63106
1.63267
1.63431
1.63599
1.63771
1.63946
1.64126
1.64309
1.64497
1.64689
1.64884
1.65083
1.65286
1.65493
1.65707
1.65925
1.66141
1.66352
1.66582
1.66901
1.673
1.67444
1.67378
1.66715
1.63016
1.49387
1.26936
1.1691
1.1611
1.16103
1.16103
1.16103
1.16103
1.16103
1.16103
1.16103
1.16103
1.16103
1.16103
1.16103
1.16103
1.16103
1.16103
1.16103
1.16103
1.16103
1.16103
1.16103
1.16103
9.74435
0.713899
0.186923
0.18747
0.16121
0.126888
0.11782
0.118988
0.12292
0.131006
0.140996
0.152258
0.164876
0.178241
0.187832
0.190172
0.190064
0.189982
0.183241
0.153299
0.130842
0.130784
0.134458
0.141266
0.149004
0.156592
0.164081
0.171815
0.18023
0.190455
0.203495
0.215637
0.219385
0.213625
0.183305
0.164862
0.166534
0.172517
0.181798
0.190947
0.199279
0.207231
0.215629
0.226292
0.24055
0.253055
0.257455
0.248611
0.222849
0.213803
0.218351
0.228727
0.243192
0.257956
0.272578
0.28941
0.3114
0.336859
0.349456
0.349311
0.329389
0.319997
0.332625
0.356464
0.390955
0.434186
0.489126
0.550642
0.591322
0.616525
0.622507
0.678427
0.783739
0.965142
1.15595
1.26595
1.31891
1.39273
1.50304
1.58414
1.59716
1.5757
1.57195
1.58358
1.59962
1.60169
1.60058
1.59987
1.60264
1.60963
1.61161
1.60968
1.60323
1.59082
1.57895
1.57521
1.57564
1.57803
1.58426
1.59521
1.61048
1.62801
1.64629
1.66581
1.6884
1.71566
1.74761
1.78222
1.81747
1.85413
1.89009
1.90973
1.91121
1.90517
1.88117
1.80979
1.67474
1.56507
1.54009
1.53919
1.5394
1.53986
1.54049
1.54106
1.54151
1.5419
1.54229
1.5427
1.54312
1.54355
1.54397
1.54438
1.54479
1.5452
1.54561
1.54603
1.54644
1.54686
1.54727
1.54769
1.5481
1.54852
1.54894
1.54935
1.54977
1.55019
1.55061
1.55103
1.55145
1.55188
1.55231
1.55274
1.55317
1.55361
1.55404
1.55448
1.55492
1.55536
1.55581
1.55625
1.5567
1.55716
1.55761
1.55807
1.55853
1.559
1.55947
1.55994
1.56042
1.5609
1.56138
1.56187
1.56236
1.56285
1.56335
1.56386
1.56437
1.56488
1.5654
1.56593
1.56646
1.56699
1.56753
1.56807
1.56862
1.56918
1.56974
1.57031
1.57089
1.57147
1.57206
1.57265
1.57325
1.57386
1.57448
1.57511
1.57574
1.57638
1.57702
1.57768
1.57835
1.57902
1.57971
1.5804
1.5811
1.58181
1.58253
1.58326
1.584
1.58475
1.58552
1.5863
1.58708
1.58788
1.58869
1.58951
1.59035
1.5912
1.59207
1.59294
1.59383
1.59473
1.59564
1.59657
1.59752
1.59849
1.59947
1.60047
1.60149
1.60252
1.60358
1.60465
1.60576
1.60688
1.60803
1.60919
1.61037
1.61156
1.61278
1.61402
1.61529
1.61658
1.61791
1.61925
1.62063
1.62202
1.62345
1.62491
1.6264
1.62792
1.62947
1.63106
1.63267
1.63431
1.63599
1.63771
1.63946
1.64126
1.64309
1.64497
1.64688
1.64884
1.65083
1.65286
1.65493
1.65706
1.65925
1.66141
1.66352
1.66582
1.66901
1.673
1.67444
1.67378
1.66715
1.63016
1.49387
1.26936
1.1691
1.1611
1.16103
1.16103
1.16103
1.16103
1.16103
1.16103
1.16103
1.16103
1.16103
1.16103
1.16103
1.16103
1.16103
1.16103
1.16103
1.16103
1.16103
1.16103
1.16103
1.16103
9.74678
0.715596
0.187687
0.188145
0.161457
0.126954
0.118022
0.119208
0.123205
0.131337
0.141339
0.152556
0.165063
0.178237
0.187738
0.190138
0.189997
0.189812
0.182971
0.152983
0.130536
0.130448
0.134074
0.14083
0.14849
0.155965
0.163319
0.1709
0.179139
0.189101
0.201779
0.213903
0.217779
0.213306
0.184718
0.164339
0.165397
0.170842
0.179814
0.188885
0.197184
0.204973
0.212897
0.222618
0.23564
0.249193
0.254395
0.248962
0.225397
0.21342
0.217388
0.226762
0.24094
0.25586
0.270529
0.28652
0.306452
0.329781
0.342268
0.345647
0.331198
0.320325
0.331253
0.353249
0.386349
0.4277
0.479086
0.539184
0.584342
0.618864
0.632109
0.684458
0.782941
0.954829
1.15179
1.26744
1.32806
1.39886
1.49859
1.57843
1.59436
1.57761
1.57395
1.58448
1.60044
1.60334
1.60241
1.60169
1.60363
1.60916
1.61046
1.60827
1.60149
1.58965
1.58024
1.57825
1.57887
1.58187
1.58834
1.59858
1.61179
1.62594
1.64048
1.65682
1.67731
1.70376
1.7363
1.77353
1.81452
1.85977
1.90352
1.92527
1.92665
1.9199
1.89112
1.80597
1.65829
1.55735
1.5395
1.53913
1.53936
1.53988
1.54053
1.54108
1.54152
1.5419
1.54228
1.54269
1.54312
1.54355
1.54397
1.54438
1.54479
1.5452
1.54561
1.54603
1.54644
1.54686
1.54727
1.54769
1.5481
1.54852
1.54894
1.54935
1.54977
1.55019
1.55061
1.55103
1.55145
1.55188
1.55231
1.55274
1.55317
1.55361
1.55404
1.55448
1.55492
1.55536
1.55581
1.55625
1.5567
1.55716
1.55761
1.55807
1.55853
1.559
1.55947
1.55994
1.56042
1.5609
1.56138
1.56187
1.56236
1.56285
1.56335
1.56386
1.56437
1.56488
1.5654
1.56593
1.56646
1.56699
1.56753
1.56807
1.56862
1.56918
1.56974
1.57031
1.57089
1.57147
1.57206
1.57265
1.57325
1.57386
1.57448
1.57511
1.57574
1.57638
1.57702
1.57768
1.57834
1.57902
1.57971
1.5804
1.5811
1.58181
1.58253
1.58326
1.584
1.58476
1.58552
1.5863
1.58708
1.58788
1.58869
1.58951
1.59035
1.5912
1.59207
1.59294
1.59383
1.59473
1.59564
1.59657
1.59752
1.59848
1.59947
1.60047
1.60149
1.60252
1.60358
1.60466
1.60576
1.60688
1.60803
1.60919
1.61037
1.61156
1.61278
1.61402
1.61529
1.61658
1.6179
1.61925
1.62062
1.62202
1.62345
1.62491
1.6264
1.62792
1.62947
1.63106
1.63267
1.63432
1.63599
1.63771
1.63946
1.64126
1.64309
1.64497
1.64688
1.64884
1.65083
1.65286
1.65493
1.65706
1.65925
1.66142
1.66353
1.66582
1.66901
1.673
1.67444
1.67378
1.66715
1.63016
1.49387
1.26936
1.1691
1.1611
1.16103
1.16103
1.16103
1.16103
1.16103
1.16103
1.16103
1.16103
1.16103
1.16103
1.16103
1.16103
1.16103
1.16103
1.16103
1.16103
1.16103
1.16103
1.16103
1.16103
9.74608
0.716656
0.1882
0.188544
0.161791
0.127244
0.118295
0.11946
0.123448
0.131556
0.14154
0.152745
0.16522
0.178254
0.187718
0.190262
0.190126
0.18987
0.182838
0.152493
0.130166
0.130123
0.133757
0.1405
0.148093
0.155461
0.162693
0.170142
0.178225
0.187957
0.200413
0.212508
0.216403
0.212833
0.185747
0.163711
0.164179
0.169117
0.17778
0.18676
0.194989
0.202654
0.210341
0.219486
0.231701
0.24623
0.252399
0.249951
0.228839
0.213768
0.216757
0.225199
0.238904
0.253848
0.26802
0.282511
0.299867
0.320931
0.334763
0.341763
0.333035
0.321628
0.330234
0.350447
0.381925
0.421347
0.469251
0.526584
0.576293
0.617119
0.640111
0.689358
0.78063
0.939326
1.13845
1.26256
1.33346
1.40181
1.49001
1.57006
1.59038
1.57942
1.57604
1.5855
1.60196
1.60576
1.60455
1.6035
1.60405
1.60758
1.60842
1.60621
1.5997
1.58932
1.58297
1.58236
1.58355
1.58744
1.59439
1.60408
1.61492
1.62529
1.63542
1.64794
1.66577
1.69102
1.72403
1.76383
1.81
1.86265
1.91348
1.93836
1.94004
1.93324
1.90062
1.8027
1.64458
1.55208
1.53917
1.53906
1.53934
1.53991
1.54056
1.5411
1.54152
1.54189
1.54228
1.54269
1.54312
1.54355
1.54397
1.54438
1.54479
1.5452
1.54561
1.54603
1.54644
1.54686
1.54727
1.54769
1.5481
1.54852
1.54894
1.54935
1.54977
1.55019
1.55061
1.55103
1.55145
1.55188
1.55231
1.55274
1.55317
1.55361
1.55404
1.55448
1.55492
1.55536
1.55581
1.55625
1.5567
1.55716
1.55761
1.55807
1.55853
1.559
1.55947
1.55994
1.56042
1.5609
1.56138
1.56187
1.56236
1.56285
1.56335
1.56386
1.56437
1.56488
1.5654
1.56593
1.56646
1.56699
1.56753
1.56807
1.56862
1.56918
1.56974
1.57031
1.57089
1.57147
1.57206
1.57265
1.57325
1.57386
1.57448
1.5751
1.57574
1.57637
1.57702
1.57768
1.57834
1.57902
1.57971
1.5804
1.5811
1.58181
1.58253
1.58326
1.584
1.58476
1.58553
1.5863
1.58709
1.58788
1.58869
1.58951
1.59035
1.5912
1.59206
1.59294
1.59382
1.59472
1.59563
1.59657
1.59752
1.59848
1.59947
1.60047
1.60149
1.60253
1.60358
1.60466
1.60576
1.60688
1.60803
1.60919
1.61037
1.61156
1.61278
1.61402
1.61529
1.61658
1.6179
1.61925
1.62062
1.62202
1.62345
1.6249
1.62639
1.62792
1.62947
1.63106
1.63267
1.63432
1.636
1.63771
1.63946
1.64126
1.64309
1.64497
1.64688
1.64883
1.65082
1.65285
1.65493
1.65706
1.65925
1.66142
1.66353
1.66583
1.66901
1.673
1.67444
1.67378
1.66715
1.63016
1.49387
1.26936
1.1691
1.1611
1.16103
1.16103
1.16103
1.16103
1.16103
1.16103
1.16103
1.16103
1.16103
1.16103
1.16103
1.16103
1.16103
1.16103
1.16103
1.16103
1.16103
1.16103
1.16103
1.16103
9.75136
0.716794
0.188042
0.188231
0.161835
0.127681
0.118616
0.119715
0.123608
0.131637
0.141589
0.152825
0.165393
0.178455
0.18793
0.190602
0.190485
0.190134
0.182767
0.151699
0.129721
0.129767
0.133475
0.140222
0.147753
0.155029
0.162166
0.169513
0.177471
0.187008
0.199289
0.21141
0.21529
0.21239
0.186587
0.163261
0.16319
0.167737
0.176125
0.184988
0.193126
0.200712
0.208319
0.217192
0.229051
0.244353
0.251849
0.251662
0.232911
0.214805
0.216442
0.223994
0.237098
0.25166
0.265078
0.277851
0.292795
0.312078
0.328857
0.338557
0.334857
0.324082
0.33009
0.348608
0.37829
0.415823
0.46066
0.514933
0.569107
0.613784
0.646245
0.693199
0.777226
0.920591
1.11526
1.25073
1.33305
1.40088
1.47882
1.55899
1.58415
1.58078
1.57853
1.58723
1.60357
1.60827
1.60672
1.60435
1.60367
1.60525
1.60576
1.60374
1.59803
1.5899
1.5866
1.58705
1.58952
1.59483
1.60253
1.61125
1.61876
1.62452
1.63028
1.63894
1.65386
1.67767
1.71118
1.75378
1.80495
1.86415
1.92126
1.94901
1.95099
1.94448
1.90879
1.79993
1.63409
1.54877
1.53899
1.539
1.53932
1.53993
1.54059
1.54111
1.54152
1.54189
1.54228
1.54269
1.54312
1.54355
1.54397
1.54438
1.54479
1.5452
1.54561
1.54603
1.54644
1.54686
1.54727
1.54769
1.5481
1.54852
1.54894
1.54935
1.54977
1.55019
1.55061
1.55103
1.55145
1.55188
1.55231
1.55274
1.55317
1.55361
1.55404
1.55448
1.55492
1.55536
1.55581
1.55625
1.5567
1.55716
1.55761
1.55807
1.55853
1.559
1.55947
1.55994
1.56042
1.5609
1.56138
1.56187
1.56236
1.56285
1.56335
1.56386
1.56437
1.56488
1.5654
1.56593
1.56646
1.56699
1.56753
1.56807
1.56862
1.56918
1.56974
1.57031
1.57089
1.57147
1.57206
1.57265
1.57325
1.57386
1.57448
1.5751
1.57573
1.57637
1.57702
1.57768
1.57834
1.57902
1.57971
1.5804
1.5811
1.58181
1.58253
1.58326
1.584
1.58476
1.58553
1.58631
1.58709
1.58789
1.5887
1.58952
1.59035
1.5912
1.59206
1.59293
1.59382
1.59472
1.59563
1.59656
1.59752
1.59849
1.59947
1.60048
1.60149
1.60253
1.60358
1.60466
1.60576
1.60688
1.60803
1.60919
1.61037
1.61156
1.61278
1.61402
1.61529
1.61658
1.6179
1.61925
1.62062
1.62202
1.62344
1.6249
1.62639
1.62792
1.62947
1.63106
1.63268
1.63432
1.636
1.63771
1.63946
1.64126
1.64309
1.64497
1.64688
1.64883
1.65082
1.65285
1.65493
1.65706
1.65925
1.66142
1.66353
1.66583
1.66901
1.673
1.67444
1.67378
1.66715
1.63016
1.49387
1.26936
1.1691
1.1611
1.16103
1.16103
1.16103
1.16103
1.16103
1.16103
1.16103
1.16103
1.16103
1.16103
1.16103
1.16103
1.16103
1.16103
1.16103
1.16103
1.16103
1.16103
1.16103
1.16103
9.75417
0.716856
0.187828
0.188018
0.161959
0.128032
0.118809
0.119858
0.123656
0.13164
0.141644
0.153044
0.165797
0.178929
0.188366
0.191109
0.191013
0.190572
0.182731
0.150753
0.129305
0.129468
0.133283
0.140042
0.14752
0.154721
0.161785
0.169062
0.176945
0.186381
0.198589
0.210751
0.214626
0.212176
0.187338
0.163123
0.162617
0.16693
0.175133
0.183921
0.19199
0.199503
0.207033
0.215746
0.227513
0.243413
0.252288
0.253747
0.236962
0.216294
0.216435
0.223281
0.235779
0.249664
0.261803
0.273108
0.286599
0.30502
0.324871
0.336012
0.336539
0.327208
0.330729
0.34795
0.376053
0.412006
0.45432
0.505839
0.563631
0.610797
0.651047
0.696915
0.77508
0.903927
1.08902
1.23601
1.32828
1.39588
1.46701
1.54562
1.57788
1.58138
1.58118
1.58931
1.60526
1.61048
1.60868
1.6043
1.60266
1.60289
1.60306
1.60139
1.59673
1.59085
1.58964
1.59119
1.59591
1.60374
1.61215
1.61816
1.62146
1.62319
1.62541
1.63088
1.64326
1.6657
1.69954
1.74462
1.80041
1.86546
1.92764
1.95734
1.95945
1.95304
1.91482
1.79743
1.62668
1.54679
1.53888
1.53896
1.53931
1.53995
1.54061
1.54112
1.54152
1.54189
1.54227
1.54269
1.54312
1.54355
1.54397
1.54438
1.54479
1.5452
1.54561
1.54603
1.54644
1.54686
1.54727
1.54769
1.5481
1.54852
1.54894
1.54935
1.54977
1.55019
1.55061
1.55103
1.55145
1.55188
1.55231
1.55274
1.55317
1.55361
1.55404
1.55448
1.55492
1.55536
1.55581
1.55625
1.5567
1.55716
1.55761
1.55807
1.55853
1.559
1.55947
1.55994
1.56042
1.5609
1.56138
1.56187
1.56236
1.56285
1.56335
1.56386
1.56437
1.56488
1.5654
1.56593
1.56646
1.56699
1.56753
1.56807
1.56862
1.56918
1.56974
1.57031
1.57089
1.57147
1.57206
1.57265
1.57325
1.57386
1.57448
1.5751
1.57573
1.57637
1.57702
1.57767
1.57834
1.57902
1.57971
1.5804
1.5811
1.58181
1.58253
1.58326
1.58401
1.58476
1.58553
1.58631
1.5871
1.58789
1.5887
1.58952
1.59035
1.5912
1.59206
1.59293
1.59381
1.59471
1.59563
1.59656
1.59752
1.59849
1.59948
1.60048
1.6015
1.60253
1.60358
1.60466
1.60576
1.60688
1.60802
1.60919
1.61037
1.61157
1.61278
1.61402
1.61529
1.61658
1.6179
1.61925
1.62062
1.62202
1.62344
1.6249
1.62639
1.62792
1.62947
1.63106
1.63268
1.63432
1.636
1.63771
1.63947
1.64126
1.64309
1.64497
1.64688
1.64883
1.65082
1.65285
1.65493
1.65706
1.65925
1.66142
1.66353
1.66583
1.66901
1.673
1.67444
1.67378
1.66715
1.63016
1.49387
1.26936
1.1691
1.1611
1.16103
1.16103
1.16103
1.16103
1.16103
1.16103
1.16103
1.16103
1.16103
1.16103
1.16103
1.16103
1.16103
1.16103
1.16103
1.16103
1.16103
1.16103
1.16103
1.16103
9.75738
0.717662
0.187793
0.18792
0.161959
0.128161
0.118953
0.120014
0.123776
0.131754
0.141791
0.153268
0.166171
0.179444
0.188877
0.191623
0.191544
0.191039
0.182706
0.149846
0.128953
0.12922
0.13313
0.139896
0.147332
0.154482
0.161508
0.168768
0.176646
0.186058
0.198234
0.210456
0.21437
0.212176
0.187948
0.163173
0.162386
0.166546
0.174628
0.183303
0.191272
0.198701
0.206209
0.214928
0.226744
0.24296
0.25312
0.255706
0.24032
0.218108
0.217029
0.223171
0.234734
0.247602
0.258705
0.269244
0.282222
0.3005
0.322428
0.334555
0.338178
0.330429
0.332009
0.348247
0.374982
0.409557
0.449999
0.499732
0.559325
0.609809
0.655175
0.700853
0.775019
0.893071
1.06903
1.2258
1.32462
1.39155
1.4585
1.53383
1.57341
1.58191
1.58362
1.59138
1.60682
1.61222
1.61012
1.60421
1.6012
1.60072
1.60052
1.59919
1.59539
1.59115
1.59153
1.5945
1.60199
1.6131
1.62165
1.62399
1.6231
1.62188
1.62172
1.62508
1.63527
1.6563
1.69022
1.73704
1.79603
1.86576
1.93203
1.96318
1.96562
1.95929
1.91909
1.79568
1.62192
1.54566
1.53882
1.53893
1.53931
1.53997
1.54062
1.54112
1.54152
1.54188
1.54227
1.54269
1.54312
1.54355
1.54397
1.54438
1.54479
1.5452
1.54561
1.54603
1.54644
1.54686
1.54727
1.54769
1.5481
1.54852
1.54894
1.54935
1.54977
1.55019
1.55061
1.55103
1.55145
1.55188
1.55231
1.55274
1.55317
1.55361
1.55404
1.55448
1.55492
1.55536
1.55581
1.55625
1.5567
1.55716
1.55761
1.55807
1.55853
1.559
1.55947
1.55994
1.56042
1.5609
1.56138
1.56187
1.56236
1.56285
1.56335
1.56386
1.56437
1.56488
1.5654
1.56593
1.56646
1.56699
1.56753
1.56807
1.56862
1.56918
1.56974
1.57031
1.57089
1.57147
1.57206
1.57265
1.57325
1.57386
1.57448
1.5751
1.57573
1.57637
1.57702
1.57767
1.57834
1.57902
1.57971
1.5804
1.5811
1.58181
1.58253
1.58326
1.58401
1.58476
1.58553
1.58631
1.5871
1.5879
1.5887
1.58952
1.59035
1.5912
1.59205
1.59293
1.59381
1.59471
1.59563
1.59656
1.59752
1.59849
1.59948
1.60048
1.6015
1.60253
1.60358
1.60466
1.60576
1.60688
1.60802
1.60919
1.61037
1.61157
1.61279
1.61403
1.61529
1.61658
1.6179
1.61925
1.62062
1.62201
1.62344
1.6249
1.62639
1.62792
1.62948
1.63106
1.63268
1.63433
1.636
1.63772
1.63947
1.64126
1.64309
1.64497
1.64688
1.64883
1.65082
1.65285
1.65493
1.65706
1.65925
1.66142
1.66353
1.66583
1.66901
1.673
1.67444
1.67378
1.66715
1.63015
1.49387
1.26936
1.1691
1.1611
1.16103
1.16103
1.16103
1.16103
1.16103
1.16103
1.16103
1.16103
1.16103
1.16103
1.16103
1.16103
1.16103
1.16103
1.16103
1.16103
1.16103
1.16103
1.16103
1.16103
9.76242
0.718754
0.187861
0.187986
0.162002
0.128174
0.118978
0.120099
0.123878
0.131892
0.141933
0.153429
0.166422
0.179894
0.189352
0.191995
0.19188
0.191288
0.182597
0.149172
0.128724
0.129086
0.13307
0.139863
0.147306
0.154454
0.161482
0.168738
0.176614
0.186019
0.198195
0.210475
0.214526
0.212441
0.188401
0.16335
0.162448
0.166583
0.174623
0.183279
0.191207
0.198607
0.206142
0.214953
0.226972
0.243555
0.254549
0.257274
0.242048
0.219178
0.217497
0.223118
0.233798
0.245432
0.255879
0.266604
0.28008
0.298795
0.321653
0.334863
0.339827
0.332427
0.33264
0.348112
0.373747
0.407611
0.447797
0.497546
0.558324
0.611698
0.658709
0.702759
0.77491
0.887752
1.06118
1.22348
1.32413
1.3891
1.45429
1.52873
1.57222
1.58293
1.5853
1.59272
1.60784
1.61301
1.61053
1.60342
1.5994
1.59902
1.59901
1.59812
1.59499
1.59246
1.59413
1.59836
1.60719
1.61896
1.62615
1.62645
1.62416
1.62003
1.61797
1.61929
1.62828
1.64969
1.68535
1.73396
1.79474
1.86671
1.93583
1.96802
1.96991
1.96283
1.92095
1.79404
1.61899
1.54505
1.5388
1.53891
1.53931
1.53998
1.54063
1.54113
1.54152
1.54188
1.54227
1.54269
1.54312
1.54355
1.54397
1.54438
1.54479
1.5452
1.54561
1.54603
1.54644
1.54686
1.54727
1.54769
1.5481
1.54852
1.54894
1.54935
1.54977
1.55019
1.55061
1.55103
1.55145
1.55188
1.55231
1.55274
1.55317
1.55361
1.55404
1.55448
1.55492
1.55536
1.55581
1.55625
1.5567
1.55716
1.55761
1.55807
1.55853
1.559
1.55947
1.55994
1.56042
1.5609
1.56138
1.56187
1.56236
1.56285
1.56335
1.56386
1.56437
1.56488
1.5654
1.56593
1.56646
1.56699
1.56753
1.56807
1.56862
1.56918
1.56974
1.57031
1.57089
1.57147
1.57205
1.57265
1.57325
1.57386
1.57448
1.5751
1.57573
1.57637
1.57702
1.57767
1.57834
1.57902
1.57971
1.5804
1.5811
1.58181
1.58253
1.58326
1.58401
1.58476
1.58553
1.58631
1.5871
1.5879
1.5887
1.58952
1.59035
1.5912
1.59205
1.59292
1.59381
1.59471
1.59562
1.59656
1.59752
1.59849
1.59948
1.60048
1.6015
1.60253
1.60358
1.60466
1.60575
1.60688
1.60802
1.60919
1.61037
1.61157
1.61279
1.61403
1.61529
1.61658
1.6179
1.61925
1.62062
1.62201
1.62344
1.6249
1.62639
1.62792
1.62947
1.63106
1.63268
1.63433
1.636
1.63772
1.63947
1.64126
1.64309
1.64497
1.64688
1.64883
1.65082
1.65285
1.65492
1.65706
1.65925
1.66142
1.66353
1.66583
1.66901
1.673
1.67444
1.67378
1.66715
1.63015
1.49387
1.26936
1.1691
1.1611
1.16103
1.16103
1.16103
1.16103
1.16103
1.16103
1.16103
1.16103
1.16103
1.16103
1.16103
1.16103
1.16103
1.16103
1.16103
1.16103
1.16103
1.16103
1.16103
1.16103
)
;

boundaryField
{
    sides
    {
        type            calculated;
        value           nonuniform List<scalar> 
600
(
9.66306
0.695366
0.187843
0.188679
0.164305
0.129154
0.117004
0.117394
0.120448
0.12757
0.136669
0.146986
0.158597
0.171285
0.181903
0.186155
0.186391
0.186148
0.181575
0.155852
0.128668
0.126877
0.129553
0.135569
0.142696
0.149579
0.156079
0.162459
0.169109
0.176724
0.186717
0.197808
0.202802
0.204029
0.194658
0.167984
0.157857
0.159725
0.165309
0.173728
0.182319
0.190275
0.197619
0.204877
0.213213
0.224178
0.237942
0.244945
0.245415
0.230006
0.215516
0.217889
0.225785
0.239124
0.254125
0.268234
0.282479
0.299531
0.319936
0.332974
0.339126
0.331929
0.327999
0.341927
0.36668
0.402623
0.448334
0.503552
0.5552
0.5983
0.627833
0.675399
0.759055
0.899805
1.06733
1.17641
1.2422
1.31172
1.40417
1.52973
1.59869
1.61286
1.61184
1.61483
1.61872
1.61898
1.61417
1.60139
1.58266
1.56656
1.56184
1.56288
1.56983
1.58974
1.62556
1.6642
1.68259
1.68475
1.6831
1.6745
1.66262
1.65848
1.65837
1.66295
1.67338
1.68543
1.69375
1.69913
1.70498
1.71501
1.73449
1.77033
1.82355
1.86239
1.86681
1.85808
1.80788
1.68681
1.57142
1.541
1.53967
1.53986
1.54031
1.54092
1.54148
1.54193
1.54232
1.54271
1.54312
1.54354
1.54396
1.54438
1.54479
1.5452
1.54561
1.54603
1.54644
1.54685
1.54727
1.54769
1.5481
1.54852
1.54893
1.54935
1.54977
1.55019
1.55061
1.55103
1.55145
1.55188
1.55231
1.55274
1.55317
1.55361
1.55404
1.55448
1.55492
1.55536
1.55581
1.55625
1.5567
1.55716
1.55761
1.55807
1.55853
1.559
1.55947
1.55994
1.56042
1.5609
1.56138
1.56187
1.56236
1.56286
1.56336
1.56386
1.56437
1.56489
1.56541
1.56593
1.56646
1.567
1.56753
1.56808
1.56862
1.56918
1.56974
1.57031
1.57089
1.57147
1.57206
1.57265
1.57326
1.57387
1.57449
1.57511
1.57574
1.57638
1.57702
1.57768
1.57834
1.57902
1.5797
1.5804
1.5811
1.5818
1.58252
1.58325
1.58399
1.58475
1.58552
1.5863
1.58709
1.58789
1.58869
1.58952
1.59035
1.5912
1.59206
1.59293
1.59381
1.59471
1.59562
1.59656
1.59751
1.59848
1.59947
1.60048
1.6015
1.60254
1.6036
1.60467
1.60577
1.60689
1.60803
1.60919
1.61037
1.61156
1.61278
1.61402
1.61528
1.61658
1.6179
1.61925
1.62062
1.62202
1.62344
1.6249
1.62639
1.62792
1.62947
1.63106
1.63268
1.63432
1.636
1.63771
1.63946
1.64126
1.64309
1.64497
1.64688
1.64883
1.65082
1.65285
1.65493
1.65706
1.65925
1.66142
1.66353
1.66583
1.66901
1.673
1.67444
1.67378
1.66716
1.63016
1.49387
1.26936
1.1691
1.1611
1.16103
1.16103
1.16103
1.16103
1.16103
1.16103
1.16103
1.16103
1.16103
1.16103
1.16103
1.16103
1.16103
1.16103
1.16103
1.16103
1.16103
1.16103
1.16103
1.16103
9.76242
0.718754
0.187861
0.187986
0.162002
0.128174
0.118978
0.120099
0.123878
0.131892
0.141933
0.153429
0.166422
0.179894
0.189352
0.191995
0.19188
0.191288
0.182597
0.149172
0.128724
0.129086
0.13307
0.139863
0.147306
0.154454
0.161482
0.168738
0.176614
0.186019
0.198195
0.210475
0.214526
0.212441
0.188401
0.16335
0.162448
0.166583
0.174623
0.183279
0.191207
0.198607
0.206142
0.214953
0.226972
0.243555
0.254549
0.257274
0.242048
0.219178
0.217497
0.223118
0.233798
0.245432
0.255879
0.266604
0.28008
0.298795
0.321653
0.334863
0.339827
0.332427
0.33264
0.348112
0.373747
0.407611
0.447797
0.497546
0.558324
0.611698
0.658709
0.702759
0.77491
0.887752
1.06118
1.22348
1.32413
1.3891
1.45429
1.52873
1.57222
1.58293
1.5853
1.59272
1.60784
1.61301
1.61053
1.60342
1.5994
1.59902
1.59901
1.59812
1.59499
1.59246
1.59413
1.59836
1.60719
1.61896
1.62615
1.62645
1.62416
1.62003
1.61797
1.61929
1.62828
1.64969
1.68535
1.73396
1.79474
1.86671
1.93583
1.96802
1.96991
1.96283
1.92095
1.79404
1.61899
1.54505
1.5388
1.53891
1.53931
1.53998
1.54063
1.54113
1.54152
1.54188
1.54227
1.54269
1.54312
1.54355
1.54397
1.54438
1.54479
1.5452
1.54561
1.54603
1.54644
1.54686
1.54727
1.54769
1.5481
1.54852
1.54894
1.54935
1.54977
1.55019
1.55061
1.55103
1.55145
1.55188
1.55231
1.55274
1.55317
1.55361
1.55404
1.55448
1.55492
1.55536
1.55581
1.55625
1.5567
1.55716
1.55761
1.55807
1.55853
1.559
1.55947
1.55994
1.56042
1.5609
1.56138
1.56187
1.56236
1.56285
1.56335
1.56386
1.56437
1.56488
1.5654
1.56593
1.56646
1.56699
1.56753
1.56807
1.56862
1.56918
1.56974
1.57031
1.57089
1.57147
1.57205
1.57265
1.57325
1.57386
1.57448
1.5751
1.57573
1.57637
1.57702
1.57767
1.57834
1.57902
1.57971
1.5804
1.5811
1.58181
1.58253
1.58326
1.58401
1.58476
1.58553
1.58631
1.5871
1.5879
1.5887
1.58952
1.59035
1.5912
1.59205
1.59292
1.59381
1.59471
1.59562
1.59656
1.59752
1.59849
1.59948
1.60048
1.6015
1.60253
1.60358
1.60466
1.60575
1.60688
1.60802
1.60919
1.61037
1.61157
1.61279
1.61403
1.61529
1.61658
1.6179
1.61925
1.62062
1.62201
1.62344
1.6249
1.62639
1.62792
1.62947
1.63106
1.63268
1.63433
1.636
1.63772
1.63947
1.64126
1.64309
1.64497
1.64688
1.64883
1.65082
1.65285
1.65492
1.65706
1.65925
1.66142
1.66353
1.66583
1.66901
1.673
1.67444
1.67378
1.66715
1.63015
1.49387
1.26936
1.1691
1.1611
1.16103
1.16103
1.16103
1.16103
1.16103
1.16103
1.16103
1.16103
1.16103
1.16103
1.16103
1.16103
1.16103
1.16103
1.16103
1.16103
1.16103
1.16103
1.16103
1.16103
)
;
    }
    inlet
    {
        type            calculated;
        value           nonuniform List<scalar> 
20
(
0.0744833
0.0744765
0.0744737
0.0744676
0.0744725
0.0744781
0.0744824
0.0745022
0.0745382
0.0745713
0.0746105
0.074652
0.0746811
0.0747119
0.0747267
0.074741
0.0747381
0.0747445
0.0747424
0.0747304
)
;
    }
    outlet
    {
        type            calculated;
        value           nonuniform List<scalar> 
20
(
1.16103
1.16103
1.16103
1.16103
1.16103
1.16103
1.16103
1.16103
1.16103
1.16103
1.16103
1.16103
1.16103
1.16103
1.16103
1.16103
1.16103
1.16103
1.16103
1.16103
)
;
    }
    empty
    {
        type            empty;
    }
}


// ************************************************************************* //
