/*--------------------------------*- C++ -*----------------------------------*\
| =========                 |                                                 |
| \\      /  F ield         | OpenFOAM: The Open Source CFD Toolbox           |
|  \\    /   O peration     | Version:  2306                                  |
|   \\  /    A nd           | Website:  www.openfoam.com                      |
|    \\/     M anipulation  |                                                 |
\*---------------------------------------------------------------------------*/
FoamFile
{
    version     2.0;
    format      ascii;
    arch        "LSB;label=32;scalar=64";
    class       volScalarField;
    location    "0.04";
    object      T;
}
// * * * * * * * * * * * * * * * * * * * * * * * * * * * * * * * * * * * * * //

dimensions      [0 0 0 1 0 0 0];

internalField   nonuniform List<scalar> 
6000
(
532.368
532.368
532.368
532.368
532.368
532.368
532.368
532.368
532.368
532.368
532.368
532.368
532.368
532.368
532.368
532.369
532.372
532.383
532.416
532.497
532.654
532.821
532.868
532.857
532.793
532.632
532.365
532.022
531.648
531.288
530.978
530.734
530.55
530.419
530.323
530.25
530.191
530.14
530.097
530.06
530.03
530.005
529.983
529.962
529.943
529.928
529.921
529.92
529.92
529.921
529.924
529.929
529.937
529.947
529.958
529.967
529.975
529.981
529.987
529.992
529.996
530.001
530.004
530.007
530.009
530.011
530.013
530.014
530.014
530.015
530.016
530.017
530.018
530.018
530.018
530.017
530.016
530.014
530.011
530.007
530.003
529.998
529.994
529.99
529.986
529.983
529.981
529.978
529.976
529.974
529.973
529.973
529.973
529.974
529.976
529.978
529.981
529.984
529.987
529.99
529.992
529.994
529.995
529.996
529.998
529.999
530
530.001
530.002
530.003
530.004
530.005
530.006
530.008
530.011
530.014
530.018
530.018
530.018
530.017
530.015
530.011
530.005
530
529.996
529.993
529.991
529.989
529.987
529.985
529.983
529.98
529.978
529.976
529.975
529.974
529.975
529.975
529.976
529.977
529.978
529.981
529.983
529.986
529.988
529.991
529.992
529.994
529.996
529.997
529.998
529.999
530.001
530.001
530.002
530.002
530.003
530.004
530.004
530.005
530.006
530.008
530.011
530.015
530.019
530.021
530.021
530.021
530.018
530.013
530.006
530
529.995
529.991
529.989
529.987
529.985
529.984
529.982
529.981
529.979
529.978
529.977
529.975
529.973
529.973
529.973
529.973
529.973
529.975
529.978
529.981
529.984
529.988
529.99
529.993
529.995
529.997
529.998
529.999
530
530.001
530.001
530.001
530.001
530.002
530.003
530.004
530.006
530.008
530.01
530.012
530.016
530.022
530.026
530.027
530.027
530.025
530.02
530.013
530.005
529.997
529.993
529.99
529.988
529.987
529.985
529.983
529.981
529.979
529.977
529.975
529.972
529.97
529.969
529.968
529.968
529.968
529.969
529.971
529.974
529.977
529.981
529.984
529.987
529.99
529.992
529.994
529.996
529.998
529.999
530.002
530.003
530.004
530.006
530.007
530.009
530.01
530.011
530.013
530.015
530.019
530.025
530.033
530.039
530.04
530.038
530.033
530.023
530.012
530.002
529.995
529.99
529.987
529.985
529.983
529.98
529.978
529.977
529.975
529.973
529.971
529.968
529.965
529.961
529.96
529.961
529.962
529.966
529.97
529.971
529.971
529.966
529.955
529.947
529.946
529.947
529.955
529.973
530.136
532.368
532.368
532.368
532.368
532.368
532.368
532.368
532.368
532.368
532.368
532.368
532.368
532.368
532.368
532.368
532.369
532.372
532.383
532.416
532.497
532.654
532.821
532.868
532.857
532.793
532.632
532.365
532.022
531.647
531.289
530.979
530.734
530.549
530.42
530.324
530.25
530.191
530.139
530.097
530.061
530.03
530.005
529.982
529.962
529.943
529.928
529.921
529.92
529.92
529.921
529.924
529.929
529.937
529.947
529.958
529.967
529.975
529.981
529.987
529.992
529.996
530.001
530.004
530.007
530.009
530.011
530.013
530.014
530.014
530.015
530.016
530.017
530.018
530.018
530.018
530.017
530.016
530.014
530.011
530.007
530.003
529.998
529.994
529.99
529.986
529.983
529.981
529.978
529.976
529.974
529.973
529.973
529.973
529.974
529.976
529.978
529.981
529.984
529.987
529.99
529.992
529.994
529.995
529.996
529.998
529.999
530
530.001
530.002
530.003
530.004
530.005
530.006
530.008
530.011
530.014
530.018
530.018
530.018
530.017
530.015
530.011
530.005
530
529.995
529.993
529.991
529.989
529.988
529.985
529.983
529.98
529.978
529.976
529.975
529.975
529.975
529.975
529.975
529.976
529.978
529.98
529.983
529.986
529.988
529.991
529.993
529.994
529.996
529.997
529.998
529.999
530
530.001
530.002
530.002
530.003
530.004
530.004
530.005
530.006
530.008
530.011
530.015
530.019
530.021
530.021
530.02
530.018
530.013
530.006
530
529.995
529.991
529.989
529.987
529.985
529.984
529.982
529.981
529.98
529.978
529.977
529.975
529.973
529.973
529.973
529.973
529.973
529.975
529.978
529.981
529.984
529.988
529.991
529.993
529.995
529.997
529.998
529.999
530
530.001
530.001
530.001
530.001
530.002
530.003
530.004
530.006
530.008
530.01
530.012
530.016
530.022
530.026
530.027
530.027
530.025
530.02
530.013
530.005
529.998
529.993
529.99
529.988
529.987
529.985
529.983
529.981
529.979
529.977
529.975
529.972
529.97
529.969
529.968
529.968
529.968
529.969
529.971
529.974
529.977
529.981
529.984
529.987
529.99
529.992
529.994
529.996
529.998
529.999
530.001
530.003
530.004
530.006
530.007
530.009
530.01
530.011
530.013
530.015
530.019
530.025
530.033
530.039
530.04
530.038
530.033
530.023
530.012
530.002
529.995
529.99
529.987
529.985
529.983
529.981
529.978
529.976
529.974
529.972
529.97
529.968
529.965
529.961
529.96
529.961
529.963
529.966
529.97
529.971
529.97
529.966
529.955
529.947
529.946
529.947
529.955
529.973
530.136
532.368
532.368
532.368
532.368
532.368
532.368
532.368
532.368
532.368
532.368
532.368
532.368
532.368
532.368
532.368
532.369
532.372
532.383
532.416
532.497
532.654
532.821
532.868
532.857
532.793
532.632
532.366
532.022
531.647
531.289
530.979
530.733
530.549
530.42
530.323
530.25
530.191
530.139
530.097
530.061
530.03
530.005
529.982
529.962
529.943
529.928
529.921
529.92
529.92
529.921
529.924
529.929
529.937
529.947
529.958
529.967
529.975
529.981
529.987
529.992
529.996
530.001
530.004
530.007
530.009
530.011
530.013
530.014
530.014
530.015
530.016
530.017
530.018
530.018
530.018
530.017
530.016
530.014
530.011
530.007
530.003
529.998
529.994
529.99
529.986
529.983
529.981
529.978
529.976
529.974
529.973
529.973
529.973
529.974
529.976
529.978
529.981
529.984
529.987
529.99
529.992
529.993
529.995
529.997
529.998
529.999
530
530.001
530.002
530.003
530.004
530.005
530.006
530.008
530.011
530.014
530.018
530.018
530.018
530.017
530.015
530.011
530.005
529.999
529.995
529.993
529.991
529.989
529.988
529.985
529.983
529.98
529.978
529.977
529.975
529.975
529.975
529.975
529.975
529.976
529.978
529.98
529.983
529.986
529.988
529.991
529.993
529.994
529.996
529.997
529.999
530
530
530.001
530.002
530.002
530.003
530.004
530.004
530.005
530.006
530.008
530.011
530.015
530.019
530.021
530.021
530.02
530.018
530.013
530.006
530
529.995
529.991
529.989
529.987
529.985
529.984
529.983
529.981
529.98
529.978
529.977
529.975
529.973
529.973
529.973
529.973
529.973
529.975
529.978
529.981
529.985
529.988
529.991
529.993
529.995
529.996
529.998
529.999
530
530.001
530.001
530.001
530.001
530.002
530.003
530.004
530.006
530.008
530.01
530.013
530.016
530.022
530.026
530.027
530.027
530.025
530.02
530.013
530.005
529.998
529.993
529.99
529.988
529.987
529.985
529.983
529.981
529.979
529.977
529.975
529.972
529.97
529.969
529.968
529.968
529.968
529.969
529.971
529.974
529.977
529.981
529.984
529.987
529.99
529.992
529.994
529.996
529.998
530
530.001
530.003
530.004
530.006
530.007
530.009
530.01
530.011
530.013
530.015
530.019
530.025
530.033
530.039
530.04
530.038
530.033
530.023
530.012
530.002
529.994
529.99
529.987
529.986
529.984
529.981
529.979
529.976
529.974
529.972
529.97
529.968
529.965
529.962
529.961
529.961
529.963
529.966
529.97
529.971
529.97
529.966
529.955
529.948
529.946
529.947
529.955
529.973
530.136
532.368
532.368
532.368
532.368
532.368
532.368
532.368
532.368
532.368
532.368
532.368
532.368
532.368
532.368
532.368
532.369
532.372
532.383
532.416
532.497
532.654
532.821
532.868
532.857
532.793
532.632
532.366
532.021
531.647
531.289
530.98
530.732
530.55
530.42
530.323
530.251
530.19
530.139
530.097
530.061
530.03
530.005
529.982
529.962
529.943
529.928
529.921
529.92
529.92
529.921
529.924
529.929
529.937
529.947
529.958
529.967
529.975
529.981
529.987
529.992
529.996
530.001
530.004
530.007
530.009
530.011
530.012
530.014
530.014
530.015
530.016
530.017
530.018
530.018
530.018
530.017
530.016
530.014
530.011
530.007
530.003
529.998
529.994
529.99
529.986
529.983
529.981
529.978
529.976
529.974
529.973
529.973
529.973
529.974
529.975
529.978
529.981
529.984
529.987
529.99
529.992
529.993
529.995
529.997
529.998
529.999
530
530.001
530.002
530.003
530.004
530.005
530.006
530.008
530.011
530.014
530.018
530.018
530.018
530.017
530.015
530.011
530.005
529.999
529.995
529.992
529.991
529.989
529.988
529.986
529.983
529.981
529.978
529.977
529.975
529.975
529.975
529.975
529.975
529.976
529.978
529.98
529.983
529.986
529.988
529.991
529.993
529.994
529.996
529.998
529.999
530
530
530.001
530.001
530.002
530.003
530.003
530.004
530.005
530.006
530.008
530.011
530.015
530.02
530.021
530.021
530.02
530.017
530.012
530.006
530
529.995
529.991
529.988
529.987
529.985
529.984
529.983
529.981
529.98
529.978
529.976
529.975
529.973
529.973
529.973
529.973
529.973
529.975
529.978
529.981
529.985
529.988
529.991
529.993
529.995
529.996
529.998
529.999
530
530.001
530.001
530.001
530.001
530.002
530.003
530.004
530.006
530.008
530.01
530.013
530.016
530.021
530.026
530.027
530.027
530.025
530.02
530.013
530.005
529.998
529.993
529.99
529.988
529.986
529.985
529.983
529.981
529.979
529.977
529.975
529.972
529.971
529.969
529.968
529.968
529.968
529.969
529.971
529.974
529.977
529.981
529.984
529.987
529.99
529.992
529.994
529.996
529.998
530
530.001
530.002
530.004
530.005
530.007
530.009
530.01
530.012
530.013
530.016
530.019
530.025
530.033
530.039
530.04
530.038
530.033
530.023
530.012
530.001
529.994
529.989
529.987
529.986
529.984
529.982
529.979
529.976
529.974
529.971
529.969
529.967
529.965
529.962
529.961
529.962
529.963
529.966
529.969
529.971
529.97
529.965
529.955
529.948
529.946
529.947
529.955
529.973
530.136
532.368
532.368
532.368
532.368
532.368
532.368
532.368
532.368
532.368
532.368
532.368
532.368
532.368
532.368
532.368
532.369
532.372
532.383
532.416
532.497
532.654
532.821
532.868
532.857
532.793
532.632
532.366
532.021
531.647
531.289
530.98
530.731
530.551
530.42
530.323
530.251
530.19
530.139
530.098
530.06
530.03
530.005
529.982
529.962
529.943
529.928
529.921
529.92
529.92
529.921
529.924
529.929
529.937
529.947
529.958
529.967
529.975
529.981
529.987
529.992
529.997
530.001
530.004
530.007
530.009
530.011
530.012
530.014
530.014
530.015
530.016
530.017
530.018
530.018
530.018
530.017
530.016
530.014
530.011
530.007
530.003
529.998
529.994
529.99
529.986
529.983
529.981
529.978
529.976
529.974
529.973
529.973
529.973
529.974
529.975
529.978
529.981
529.984
529.987
529.99
529.992
529.993
529.995
529.996
529.998
529.999
530
530.001
530.002
530.003
530.004
530.005
530.006
530.008
530.011
530.015
530.018
530.018
530.018
530.018
530.015
530.011
530.005
529.999
529.995
529.992
529.991
529.989
529.988
529.986
529.983
529.981
529.979
529.977
529.976
529.975
529.975
529.975
529.975
529.976
529.977
529.98
529.983
529.986
529.988
529.991
529.993
529.994
529.996
529.998
529.999
530
530
530.001
530.001
530.002
530.003
530.003
530.004
530.005
530.006
530.008
530.011
530.015
530.02
530.021
530.021
530.02
530.017
530.012
530.006
529.999
529.994
529.991
529.988
529.987
529.985
529.984
529.983
529.982
529.98
529.978
529.976
529.974
529.973
529.973
529.973
529.973
529.973
529.975
529.978
529.981
529.985
529.988
529.991
529.993
529.995
529.996
529.998
529.999
530
530.001
530.001
530.001
530.001
530.002
530.003
530.005
530.006
530.008
530.01
530.012
530.016
530.021
530.026
530.027
530.027
530.025
530.02
530.013
530.005
529.998
529.994
529.991
529.988
529.986
529.984
529.982
529.981
529.979
529.977
529.975
529.973
529.971
529.969
529.969
529.968
529.968
529.969
529.971
529.973
529.977
529.98
529.984
529.987
529.99
529.992
529.994
529.996
529.998
530
530.001
530.002
530.004
530.005
530.007
530.009
530.01
530.012
530.014
530.016
530.019
530.025
530.033
530.039
530.04
530.038
530.033
530.023
530.012
530.001
529.994
529.989
529.988
529.986
529.985
529.982
529.979
529.976
529.973
529.971
529.969
529.967
529.965
529.962
529.962
529.962
529.964
529.966
529.969
529.97
529.97
529.965
529.955
529.947
529.946
529.947
529.956
529.974
530.137
532.368
532.368
532.368
532.368
532.368
532.368
532.368
532.368
532.368
532.368
532.368
532.368
532.368
532.368
532.368
532.369
532.372
532.383
532.416
532.497
532.654
532.821
532.868
532.857
532.793
532.632
532.366
532.021
531.647
531.289
530.979
530.731
530.552
530.419
530.324
530.251
530.189
530.14
530.097
530.06
530.03
530.005
529.982
529.962
529.943
529.928
529.921
529.92
529.92
529.921
529.924
529.929
529.937
529.947
529.958
529.967
529.975
529.981
529.987
529.992
529.997
530.001
530.004
530.007
530.009
530.011
530.012
530.014
530.014
530.015
530.016
530.017
530.018
530.018
530.018
530.017
530.016
530.014
530.011
530.007
530.003
529.998
529.994
529.99
529.986
529.983
529.981
529.978
529.976
529.974
529.973
529.973
529.973
529.974
529.975
529.978
529.981
529.984
529.987
529.99
529.992
529.993
529.995
529.996
529.998
529.999
530
530.001
530.002
530.003
530.004
530.005
530.006
530.008
530.011
530.015
530.018
530.019
530.018
530.018
530.015
530.011
530.005
529.999
529.995
529.992
529.991
529.989
529.988
529.986
529.983
529.981
529.979
529.977
529.976
529.975
529.975
529.975
529.975
529.976
529.977
529.98
529.983
529.986
529.988
529.991
529.993
529.995
529.997
529.998
529.999
530
530
530.001
530.001
530.002
530.002
530.003
530.004
530.005
530.006
530.008
530.011
530.016
530.02
530.022
530.021
530.02
530.017
530.012
530.006
529.999
529.994
529.991
529.988
529.987
529.986
529.984
529.983
529.982
529.98
529.979
529.976
529.974
529.973
529.972
529.972
529.973
529.973
529.975
529.978
529.981
529.985
529.988
529.991
529.993
529.995
529.996
529.998
529.999
530
530
530.001
530.001
530.002
530.002
530.003
530.005
530.006
530.008
530.01
530.012
530.016
530.021
530.026
530.027
530.027
530.025
530.02
530.013
530.005
529.998
529.994
529.991
529.988
529.986
529.984
529.982
529.98
529.979
529.977
529.975
529.973
529.971
529.969
529.969
529.968
529.969
529.969
529.971
529.973
529.976
529.98
529.984
529.987
529.99
529.993
529.995
529.997
529.998
530
530.001
530.002
530.003
530.005
530.007
530.008
530.01
530.012
530.014
530.016
530.02
530.025
530.033
530.039
530.04
530.038
530.033
530.023
530.011
530.001
529.994
529.99
529.988
529.987
529.985
529.982
529.979
529.976
529.973
529.97
529.969
529.967
529.965
529.962
529.962
529.962
529.964
529.966
529.969
529.97
529.97
529.965
529.955
529.947
529.946
529.947
529.956
529.974
530.137
532.368
532.368
532.368
532.368
532.368
532.368
532.368
532.368
532.368
532.368
532.368
532.368
532.368
532.368
532.368
532.369
532.372
532.383
532.416
532.497
532.654
532.821
532.868
532.857
532.793
532.632
532.366
532.021
531.648
531.289
530.978
530.731
530.552
530.418
530.324
530.25
530.189
530.14
530.097
530.06
530.03
530.004
529.982
529.962
529.943
529.928
529.921
529.92
529.92
529.921
529.924
529.929
529.937
529.947
529.958
529.967
529.975
529.981
529.987
529.992
529.997
530.001
530.004
530.007
530.009
530.011
530.012
530.013
530.014
530.015
530.016
530.017
530.018
530.018
530.018
530.017
530.016
530.014
530.011
530.007
530.003
529.998
529.994
529.99
529.986
529.983
529.981
529.978
529.976
529.974
529.973
529.973
529.973
529.974
529.975
529.977
529.981
529.984
529.987
529.99
529.992
529.993
529.995
529.997
529.998
529.999
530
530.001
530.002
530.003
530.004
530.005
530.006
530.008
530.011
530.015
530.018
530.019
530.019
530.018
530.015
530.011
530.005
529.999
529.995
529.992
529.99
529.989
529.987
529.986
529.983
529.981
529.979
529.977
529.976
529.975
529.975
529.975
529.975
529.976
529.977
529.98
529.983
529.986
529.989
529.991
529.993
529.995
529.997
529.998
529.999
530
530
530.001
530.001
530.002
530.002
530.003
530.004
530.005
530.006
530.008
530.011
530.016
530.02
530.022
530.021
530.02
530.017
530.012
530.005
529.999
529.994
529.991
529.989
529.987
529.986
529.985
529.983
529.982
529.98
529.979
529.976
529.974
529.973
529.972
529.972
529.972
529.973
529.975
529.978
529.981
529.985
529.988
529.991
529.993
529.995
529.996
529.997
529.999
529.999
530
530.001
530.001
530.002
530.003
530.004
530.005
530.007
530.008
530.01
530.012
530.016
530.021
530.026
530.027
530.027
530.025
530.02
530.013
530.005
529.999
529.994
529.991
529.988
529.986
529.984
529.982
529.98
529.978
529.977
529.975
529.973
529.971
529.969
529.969
529.969
529.969
529.969
529.971
529.973
529.976
529.98
529.984
529.987
529.99
529.993
529.995
529.997
529.999
530
530.001
530.002
530.003
530.005
530.006
530.008
530.01
530.012
530.014
530.016
530.02
530.026
530.034
530.039
530.04
530.038
530.032
530.022
530.011
530.001
529.994
529.99
529.988
529.987
529.985
529.982
529.979
529.976
529.973
529.97
529.968
529.967
529.965
529.962
529.962
529.962
529.964
529.967
529.97
529.971
529.97
529.965
529.954
529.946
529.946
529.947
529.956
529.975
530.138
532.368
532.368
532.368
532.368
532.368
532.368
532.368
532.368
532.368
532.368
532.368
532.368
532.368
532.368
532.368
532.369
532.372
532.383
532.416
532.497
532.654
532.821
532.868
532.857
532.793
532.632
532.365
532.021
531.648
531.29
530.978
530.733
530.551
530.419
530.324
530.25
530.19
530.141
530.097
530.06
530.03
530.004
529.982
529.962
529.943
529.928
529.921
529.92
529.92
529.921
529.924
529.929
529.937
529.947
529.958
529.967
529.975
529.981
529.987
529.992
529.997
530.001
530.004
530.007
530.009
530.011
530.012
530.013
530.014
530.015
530.016
530.017
530.018
530.018
530.018
530.017
530.016
530.014
530.011
530.007
530.003
529.998
529.994
529.99
529.986
529.983
529.981
529.978
529.976
529.974
529.973
529.973
529.973
529.974
529.975
529.977
529.98
529.984
529.987
529.99
529.992
529.994
529.995
529.997
529.998
529.999
530
530.001
530.002
530.003
530.004
530.005
530.006
530.008
530.011
530.015
530.018
530.019
530.019
530.018
530.015
530.011
530.005
529.999
529.995
529.992
529.99
529.989
529.987
529.985
529.983
529.981
529.979
529.977
529.976
529.975
529.975
529.975
529.975
529.976
529.977
529.98
529.983
529.986
529.989
529.991
529.993
529.995
529.997
529.998
529.999
530
530
530
530.001
530.002
530.002
530.003
530.004
530.005
530.006
530.008
530.011
530.016
530.02
530.022
530.021
530.02
530.017
530.012
530.005
529.999
529.994
529.991
529.989
529.987
529.986
529.985
529.983
529.982
529.98
529.979
529.976
529.974
529.972
529.972
529.972
529.972
529.973
529.975
529.978
529.982
529.985
529.989
529.991
529.993
529.995
529.996
529.997
529.998
529.999
530
530
530.001
530.002
530.003
530.004
530.005
530.007
530.008
530.01
530.012
530.016
530.021
530.025
530.027
530.026
530.025
530.02
530.013
530.006
529.999
529.994
529.991
529.988
529.986
529.984
529.982
529.98
529.978
529.977
529.975
529.973
529.971
529.97
529.969
529.969
529.969
529.969
529.971
529.973
529.976
529.98
529.984
529.987
529.99
529.993
529.995
529.997
529.999
530
530.001
530.002
530.003
530.005
530.006
530.008
530.01
530.012
530.014
530.016
530.02
530.026
530.034
530.039
530.04
530.038
530.032
530.022
530.011
530.001
529.994
529.99
529.988
529.987
529.985
529.982
529.979
529.976
529.973
529.97
529.968
529.967
529.965
529.962
529.962
529.962
529.964
529.967
529.97
529.971
529.97
529.965
529.953
529.945
529.945
529.947
529.957
529.975
530.138
532.368
532.368
532.368
532.368
532.368
532.368
532.368
532.368
532.368
532.368
532.368
532.368
532.368
532.368
532.368
532.369
532.372
532.383
532.416
532.497
532.654
532.821
532.868
532.857
532.793
532.632
532.365
532.021
531.647
531.29
530.977
530.733
530.551
530.419
530.325
530.249
530.19
530.141
530.096
530.06
530.03
530.004
529.982
529.962
529.943
529.928
529.921
529.92
529.92
529.921
529.924
529.929
529.937
529.947
529.958
529.967
529.975
529.982
529.987
529.992
529.997
530
530.004
530.007
530.009
530.011
530.012
530.013
530.014
530.015
530.016
530.017
530.018
530.018
530.018
530.017
530.016
530.014
530.011
530.007
530.003
529.998
529.994
529.99
529.986
529.983
529.981
529.979
529.976
529.974
529.973
529.973
529.973
529.974
529.975
529.977
529.98
529.984
529.987
529.99
529.992
529.994
529.995
529.997
529.998
529.999
530
530.001
530.002
530.003
530.004
530.005
530.006
530.008
530.011
530.014
530.018
530.019
530.019
530.018
530.015
530.011
530.005
529.999
529.995
529.992
529.99
529.989
529.987
529.985
529.983
529.981
529.979
529.977
529.976
529.975
529.975
529.975
529.975
529.976
529.977
529.98
529.983
529.986
529.988
529.991
529.993
529.995
529.997
529.998
529.999
530
530
530.001
530.001
530.002
530.002
530.003
530.004
530.005
530.006
530.008
530.012
530.016
530.02
530.021
530.021
530.02
530.017
530.012
530.005
529.999
529.994
529.991
529.989
529.987
529.986
529.985
529.983
529.982
529.98
529.978
529.976
529.974
529.972
529.972
529.972
529.972
529.973
529.975
529.978
529.982
529.986
529.989
529.991
529.993
529.995
529.996
529.997
529.998
529.999
530
530
530.001
530.002
530.003
530.004
530.006
530.007
530.008
530.01
530.012
530.015
530.02
530.025
530.026
530.026
530.025
530.021
530.014
530.006
529.999
529.994
529.991
529.988
529.986
529.984
529.982
529.98
529.978
529.977
529.975
529.973
529.971
529.97
529.969
529.969
529.968
529.969
529.971
529.973
529.976
529.98
529.983
529.987
529.99
529.993
529.995
529.997
529.999
530
530.001
530.002
530.003
530.005
530.006
530.008
530.01
530.012
530.014
530.017
530.021
530.026
530.034
530.039
530.039
530.037
530.032
530.022
530.011
530.001
529.994
529.991
529.989
529.987
529.985
529.982
529.979
529.976
529.973
529.97
529.968
529.967
529.965
529.962
529.962
529.962
529.964
529.967
529.97
529.971
529.97
529.965
529.953
529.945
529.945
529.948
529.957
529.975
530.138
532.368
532.368
532.368
532.368
532.368
532.368
532.368
532.368
532.368
532.368
532.368
532.368
532.368
532.368
532.368
532.369
532.372
532.383
532.416
532.497
532.654
532.821
532.868
532.857
532.793
532.632
532.365
532.021
531.647
531.289
530.977
530.734
530.55
530.42
530.324
530.249
530.191
530.14
530.096
530.061
530.03
530.004
529.982
529.962
529.943
529.928
529.921
529.92
529.92
529.921
529.924
529.929
529.937
529.947
529.958
529.967
529.975
529.982
529.987
529.992
529.996
530
530.004
530.007
530.009
530.011
530.012
530.013
530.014
530.015
530.016
530.018
530.018
530.018
530.018
530.017
530.016
530.014
530.011
530.007
530.003
529.998
529.994
529.99
529.986
529.984
529.981
529.979
529.976
529.974
529.973
529.973
529.973
529.974
529.975
529.977
529.98
529.984
529.987
529.989
529.992
529.994
529.995
529.997
529.998
529.999
530
530.001
530.002
530.003
530.004
530.004
530.006
530.008
530.01
530.014
530.018
530.019
530.019
530.018
530.015
530.011
530.005
529.999
529.995
529.992
529.99
529.989
529.987
529.985
529.983
529.981
529.979
529.977
529.976
529.975
529.975
529.975
529.975
529.976
529.977
529.98
529.983
529.986
529.988
529.991
529.993
529.995
529.997
529.998
529.999
530
530
530.001
530.001
530.002
530.002
530.003
530.004
530.005
530.006
530.009
530.012
530.016
530.02
530.021
530.021
530.02
530.017
530.012
530.005
529.999
529.994
529.991
529.989
529.987
529.986
529.985
529.984
529.982
529.98
529.978
529.976
529.974
529.972
529.972
529.972
529.972
529.973
529.975
529.978
529.982
529.986
529.989
529.991
529.993
529.995
529.996
529.997
529.998
529.999
530
530
530.001
530.002
530.003
530.004
530.006
530.007
530.008
530.01
530.012
530.015
530.02
530.025
530.026
530.026
530.025
530.021
530.014
530.006
529.999
529.994
529.991
529.988
529.986
529.984
529.982
529.98
529.978
529.976
529.975
529.973
529.971
529.97
529.969
529.969
529.968
529.969
529.971
529.973
529.976
529.98
529.984
529.987
529.99
529.993
529.995
529.997
529.999
530
530.001
530.002
530.003
530.005
530.006
530.008
530.01
530.012
530.014
530.017
530.021
530.026
530.034
530.039
530.039
530.037
530.032
530.022
530.011
530.001
529.994
529.991
529.989
529.987
529.985
529.982
529.979
529.976
529.973
529.97
529.968
529.966
529.964
529.962
529.962
529.962
529.964
529.967
529.97
529.971
529.97
529.964
529.953
529.945
529.945
529.948
529.957
529.975
530.138
532.368
532.368
532.368
532.368
532.368
532.368
532.368
532.368
532.368
532.368
532.368
532.368
532.368
532.368
532.368
532.369
532.372
532.383
532.416
532.497
532.654
532.821
532.868
532.857
532.793
532.632
532.365
532.022
531.648
531.289
530.977
530.734
530.55
530.42
530.324
530.249
530.191
530.14
530.096
530.061
530.03
530.004
529.983
529.962
529.943
529.928
529.921
529.92
529.92
529.921
529.924
529.929
529.937
529.947
529.957
529.967
529.975
529.982
529.987
529.992
529.996
530
530.004
530.007
530.009
530.011
530.012
530.013
530.014
530.015
530.016
530.018
530.018
530.018
530.018
530.017
530.016
530.014
530.011
530.007
530.003
529.998
529.994
529.99
529.986
529.984
529.981
529.979
529.976
529.974
529.973
529.973
529.973
529.974
529.975
529.977
529.98
529.984
529.987
529.99
529.992
529.994
529.995
529.997
529.998
529.999
530
530.001
530.002
530.003
530.003
530.004
530.006
530.008
530.01
530.014
530.018
530.019
530.019
530.018
530.015
530.011
530.005
529.999
529.995
529.992
529.99
529.989
529.987
529.985
529.983
529.981
529.979
529.977
529.976
529.975
529.975
529.975
529.975
529.976
529.977
529.98
529.983
529.986
529.988
529.991
529.993
529.995
529.997
529.998
529.999
529.999
530
530.001
530.001
530.002
530.002
530.003
530.004
530.005
530.006
530.009
530.012
530.016
530.02
530.021
530.021
530.02
530.017
530.012
530.005
529.999
529.994
529.991
529.989
529.987
529.986
529.985
529.984
529.982
529.98
529.978
529.976
529.974
529.972
529.972
529.972
529.972
529.973
529.975
529.978
529.982
529.986
529.989
529.991
529.993
529.995
529.996
529.997
529.998
529.999
530
530
530.001
530.002
530.003
530.004
530.006
530.007
530.008
530.01
530.012
530.015
530.02
530.025
530.026
530.026
530.025
530.021
530.014
530.006
529.999
529.994
529.991
529.988
529.986
529.984
529.982
529.98
529.978
529.976
529.975
529.973
529.971
529.97
529.969
529.969
529.968
529.969
529.97
529.973
529.976
529.98
529.984
529.987
529.99
529.993
529.995
529.997
529.999
530
530.001
530.002
530.003
530.005
530.006
530.008
530.01
530.012
530.014
530.017
530.02
530.026
530.033
530.039
530.039
530.037
530.032
530.022
530.011
530.001
529.994
529.99
529.988
529.987
529.985
529.982
529.979
529.976
529.973
529.97
529.968
529.966
529.964
529.962
529.962
529.962
529.964
529.967
529.97
529.971
529.97
529.964
529.953
529.945
529.946
529.948
529.957
529.975
530.138
532.368
532.368
532.368
532.368
532.368
532.368
532.368
532.368
532.368
532.368
532.368
532.368
532.368
532.368
532.368
532.369
532.372
532.383
532.416
532.497
532.654
532.821
532.868
532.857
532.793
532.632
532.365
532.022
531.648
531.288
530.978
530.734
530.55
530.42
530.323
530.25
530.191
530.139
530.097
530.061
530.03
530.004
529.983
529.962
529.943
529.928
529.921
529.92
529.92
529.921
529.924
529.929
529.937
529.947
529.957
529.967
529.975
529.982
529.987
529.992
529.996
530
530.004
530.007
530.009
530.011
530.012
530.013
530.014
530.015
530.016
530.018
530.018
530.018
530.018
530.017
530.016
530.014
530.011
530.007
530.002
529.998
529.994
529.99
529.986
529.984
529.981
529.979
529.976
529.974
529.973
529.973
529.974
529.974
529.975
529.977
529.98
529.984
529.987
529.99
529.992
529.994
529.995
529.997
529.998
529.999
530
530.001
530.002
530.003
530.004
530.004
530.006
530.008
530.01
530.014
530.018
530.019
530.019
530.018
530.015
530.011
530.005
529.999
529.995
529.992
529.99
529.989
529.987
529.985
529.983
529.981
529.979
529.977
529.976
529.975
529.975
529.975
529.975
529.976
529.977
529.98
529.983
529.986
529.988
529.991
529.993
529.995
529.997
529.998
529.999
529.999
530
530.001
530.001
530.002
530.002
530.003
530.004
530.005
530.006
530.009
530.012
530.016
530.02
530.021
530.021
530.02
530.017
530.012
530.006
529.999
529.994
529.991
529.989
529.987
529.986
529.985
529.984
529.982
529.98
529.978
529.976
529.974
529.973
529.972
529.972
529.972
529.973
529.975
529.978
529.982
529.986
529.989
529.991
529.993
529.995
529.996
529.997
529.998
529.999
530
530
530.001
530.002
530.003
530.004
530.006
530.007
530.008
530.01
530.012
530.015
530.02
530.025
530.026
530.026
530.025
530.021
530.014
530.006
529.999
529.994
529.991
529.988
529.986
529.984
529.982
529.98
529.978
529.976
529.975
529.973
529.971
529.97
529.969
529.969
529.968
529.969
529.97
529.973
529.976
529.98
529.984
529.987
529.99
529.993
529.995
529.997
529.998
530
530.001
530.002
530.003
530.005
530.006
530.008
530.01
530.012
530.014
530.016
530.02
530.026
530.033
530.039
530.039
530.037
530.032
530.022
530.011
530.001
529.994
529.99
529.988
529.987
529.985
529.982
529.979
529.976
529.973
529.97
529.968
529.966
529.965
529.963
529.962
529.963
529.965
529.967
529.97
529.97
529.97
529.964
529.953
529.946
529.946
529.948
529.957
529.975
530.137
532.368
532.368
532.368
532.368
532.368
532.368
532.368
532.368
532.368
532.368
532.368
532.368
532.368
532.368
532.368
532.369
532.372
532.383
532.416
532.497
532.654
532.821
532.868
532.857
532.793
532.632
532.365
532.022
531.648
531.288
530.979
530.733
530.551
530.42
530.322
530.25
530.191
530.139
530.097
530.061
530.029
530.005
529.982
529.961
529.943
529.928
529.921
529.92
529.92
529.921
529.924
529.929
529.937
529.947
529.957
529.967
529.975
529.981
529.987
529.992
529.996
530.001
530.004
530.007
530.009
530.011
530.012
530.013
530.014
530.015
530.016
530.017
530.018
530.018
530.018
530.017
530.016
530.014
530.011
530.007
530.002
529.998
529.994
529.99
529.987
529.984
529.981
529.978
529.976
529.974
529.973
529.973
529.974
529.974
529.975
529.977
529.98
529.984
529.987
529.99
529.992
529.994
529.995
529.997
529.998
529.999
530
530.001
530.002
530.003
530.004
530.005
530.006
530.008
530.011
530.015
530.018
530.019
530.019
530.018
530.015
530.011
530.005
529.999
529.995
529.992
529.99
529.989
529.987
529.985
529.983
529.981
529.979
529.977
529.976
529.975
529.975
529.975
529.975
529.976
529.977
529.98
529.983
529.986
529.988
529.991
529.993
529.995
529.997
529.998
529.999
529.999
530
530.001
530.001
530.002
530.003
530.003
530.004
530.005
530.006
530.008
530.012
530.016
530.02
530.021
530.021
530.02
530.017
530.012
530.006
529.999
529.994
529.991
529.989
529.987
529.986
529.985
529.983
529.982
529.98
529.978
529.976
529.974
529.973
529.972
529.972
529.972
529.973
529.975
529.978
529.982
529.986
529.989
529.991
529.993
529.995
529.996
529.997
529.998
529.999
530
530
530.001
530.002
530.003
530.004
530.006
530.007
530.008
530.01
530.012
530.016
530.021
530.025
530.027
530.026
530.025
530.02
530.014
530.006
529.999
529.994
529.991
529.988
529.986
529.984
529.982
529.98
529.978
529.976
529.975
529.973
529.971
529.97
529.969
529.969
529.968
529.969
529.97
529.973
529.976
529.98
529.984
529.987
529.99
529.993
529.995
529.997
529.998
530
530.001
530.002
530.003
530.005
530.007
530.009
530.011
530.012
530.014
530.016
530.02
530.025
530.033
530.039
530.039
530.038
530.032
530.023
530.011
530.001
529.994
529.99
529.988
529.987
529.985
529.982
529.98
529.976
529.973
529.97
529.968
529.966
529.965
529.963
529.962
529.963
529.965
529.967
529.969
529.97
529.969
529.964
529.953
529.947
529.947
529.948
529.956
529.974
530.137
532.368
532.368
532.368
532.368
532.368
532.368
532.368
532.368
532.368
532.368
532.368
532.368
532.368
532.368
532.368
532.369
532.372
532.383
532.416
532.497
532.654
532.821
532.868
532.857
532.793
532.632
532.365
532.021
531.648
531.288
530.98
530.732
530.551
530.42
530.322
530.251
530.19
530.139
530.097
530.06
530.029
530.005
529.982
529.961
529.943
529.928
529.921
529.92
529.92
529.921
529.924
529.929
529.937
529.947
529.958
529.967
529.975
529.981
529.987
529.992
529.997
530.001
530.004
530.007
530.009
530.011
530.012
530.013
530.014
530.015
530.016
530.017
530.018
530.018
530.018
530.018
530.016
530.014
530.011
530.007
530.002
529.998
529.994
529.99
529.987
529.984
529.981
529.978
529.976
529.974
529.973
529.973
529.974
529.974
529.975
529.977
529.98
529.984
529.987
529.99
529.992
529.993
529.995
529.996
529.998
529.999
530
530.001
530.002
530.003
530.004
530.005
530.006
530.008
530.011
530.015
530.018
530.019
530.019
530.018
530.015
530.011
530.005
529.999
529.995
529.992
529.991
529.989
529.987
529.985
529.983
529.981
529.979
529.977
529.976
529.975
529.975
529.975
529.975
529.976
529.977
529.98
529.983
529.986
529.988
529.991
529.993
529.995
529.997
529.998
529.999
529.999
530
530.001
530.001
530.002
530.003
530.003
530.004
530.005
530.006
530.008
530.011
530.016
530.02
530.021
530.021
530.02
530.017
530.012
530.006
529.999
529.994
529.991
529.989
529.987
529.986
529.985
529.983
529.982
529.98
529.978
529.976
529.974
529.973
529.972
529.972
529.973
529.973
529.975
529.978
529.982
529.985
529.988
529.991
529.993
529.995
529.996
529.997
529.999
529.999
530
530
530.001
530.002
530.003
530.004
530.005
530.007
530.008
530.01
530.012
530.016
530.021
530.026
530.027
530.026
530.025
530.02
530.013
530.005
529.999
529.994
529.991
529.988
529.986
529.984
529.982
529.98
529.978
529.976
529.975
529.973
529.971
529.97
529.969
529.969
529.968
529.969
529.971
529.973
529.976
529.98
529.984
529.987
529.99
529.993
529.995
529.997
529.998
530
530.001
530.002
530.003
530.005
530.007
530.009
530.011
530.012
530.014
530.016
530.02
530.025
530.033
530.039
530.039
530.038
530.033
530.023
530.011
530.001
529.994
529.99
529.988
529.986
529.985
529.982
529.98
529.976
529.973
529.97
529.968
529.966
529.965
529.963
529.962
529.963
529.965
529.966
529.969
529.97
529.969
529.964
529.954
529.947
529.947
529.948
529.956
529.974
530.137
532.368
532.368
532.368
532.368
532.368
532.368
532.368
532.368
532.368
532.368
532.368
532.368
532.368
532.368
532.368
532.369
532.372
532.383
532.416
532.497
532.654
532.821
532.868
532.857
532.793
532.632
532.366
532.021
531.648
531.288
530.98
530.732
530.552
530.42
530.323
530.251
530.19
530.139
530.097
530.06
530.03
530.005
529.982
529.961
529.943
529.928
529.921
529.92
529.92
529.921
529.924
529.929
529.937
529.947
529.958
529.967
529.975
529.981
529.987
529.992
529.997
530.001
530.004
530.007
530.009
530.011
530.012
530.014
530.015
530.015
530.016
530.017
530.018
530.018
530.018
530.018
530.016
530.014
530.011
530.007
530.002
529.998
529.994
529.99
529.987
529.983
529.981
529.978
529.976
529.974
529.973
529.973
529.973
529.974
529.975
529.977
529.981
529.984
529.987
529.99
529.992
529.993
529.995
529.996
529.998
529.999
530
530.001
530.002
530.003
530.004
530.005
530.006
530.008
530.011
530.015
530.018
530.018
530.019
530.018
530.015
530.011
530.005
529.999
529.995
529.992
529.991
529.989
529.988
529.986
529.983
529.981
529.979
529.977
529.976
529.975
529.975
529.974
529.975
529.976
529.977
529.98
529.983
529.986
529.989
529.991
529.993
529.995
529.996
529.998
529.999
529.999
530
530.001
530.001
530.002
530.003
530.003
530.004
530.005
530.006
530.008
530.011
530.016
530.02
530.021
530.021
530.02
530.017
530.012
530.006
529.999
529.994
529.991
529.989
529.987
529.986
529.984
529.983
529.982
529.98
529.978
529.976
529.974
529.973
529.972
529.972
529.973
529.974
529.975
529.978
529.981
529.985
529.988
529.991
529.993
529.995
529.996
529.998
529.999
530
530
530.001
530.001
530.001
530.002
530.004
530.005
530.007
530.008
530.01
530.012
530.016
530.021
530.026
530.027
530.027
530.025
530.02
530.013
530.005
529.998
529.994
529.991
529.988
529.986
529.984
529.982
529.98
529.979
529.977
529.975
529.973
529.971
529.969
529.969
529.968
529.968
529.969
529.971
529.973
529.977
529.98
529.984
529.987
529.99
529.992
529.995
529.997
529.998
530
530.001
530.002
530.003
530.005
530.007
530.009
530.01
530.012
530.014
530.016
530.02
530.025
530.033
530.039
530.04
530.038
530.033
530.023
530.011
530.001
529.994
529.99
529.988
529.986
529.985
529.982
529.979
529.976
529.973
529.97
529.968
529.967
529.965
529.963
529.962
529.963
529.964
529.966
529.969
529.97
529.969
529.965
529.955
529.948
529.947
529.948
529.956
529.974
530.136
532.368
532.368
532.368
532.368
532.368
532.368
532.368
532.368
532.368
532.368
532.368
532.368
532.368
532.368
532.368
532.369
532.372
532.383
532.416
532.497
532.654
532.821
532.868
532.857
532.793
532.632
532.366
532.021
531.648
531.288
530.98
530.731
530.552
530.42
530.323
530.251
530.19
530.139
530.097
530.06
530.03
530.005
529.982
529.962
529.943
529.928
529.921
529.92
529.92
529.921
529.924
529.929
529.937
529.947
529.958
529.967
529.975
529.981
529.987
529.992
529.997
530.001
530.004
530.007
530.009
530.011
530.012
530.014
530.014
530.015
530.016
530.017
530.018
530.018
530.018
530.017
530.016
530.014
530.011
530.007
530.003
529.998
529.994
529.99
529.987
529.983
529.981
529.978
529.976
529.974
529.973
529.973
529.973
529.974
529.975
529.977
529.981
529.984
529.987
529.99
529.992
529.993
529.995
529.996
529.998
529.999
530
530.001
530.002
530.003
530.004
530.005
530.006
530.008
530.011
530.014
530.018
530.018
530.018
530.018
530.015
530.011
530.005
529.999
529.995
529.992
529.991
529.989
529.988
529.986
529.983
529.981
529.979
529.977
529.975
529.975
529.975
529.975
529.975
529.976
529.977
529.98
529.983
529.986
529.989
529.991
529.993
529.995
529.996
529.998
529.999
530
530
530.001
530.001
530.002
530.003
530.003
530.004
530.005
530.006
530.008
530.011
530.015
530.02
530.021
530.021
530.02
530.017
530.012
530.006
529.999
529.994
529.991
529.989
529.987
529.985
529.984
529.983
529.981
529.98
529.978
529.976
529.975
529.973
529.973
529.973
529.973
529.974
529.975
529.978
529.981
529.985
529.988
529.991
529.993
529.995
529.997
529.998
529.999
530
530
530.001
530.001
530.001
530.002
530.003
530.005
530.006
530.008
530.01
530.012
530.016
530.021
530.026
530.027
530.027
530.025
530.02
530.013
530.005
529.998
529.994
529.99
529.988
529.986
529.984
529.982
529.981
529.979
529.977
529.975
529.972
529.971
529.969
529.969
529.968
529.968
529.969
529.971
529.973
529.977
529.98
529.984
529.987
529.99
529.992
529.994
529.996
529.998
530
530.001
530.002
530.004
530.005
530.007
530.009
530.01
530.012
530.013
530.016
530.02
530.025
530.033
530.039
530.04
530.038
530.033
530.023
530.011
530.001
529.994
529.99
529.988
529.986
529.984
529.982
529.979
529.976
529.973
529.971
529.969
529.967
529.965
529.963
529.962
529.962
529.963
529.966
529.969
529.97
529.97
529.965
529.955
529.948
529.946
529.948
529.956
529.973
530.136
532.368
532.368
532.368
532.368
532.368
532.368
532.368
532.368
532.368
532.368
532.368
532.368
532.368
532.368
532.368
532.369
532.372
532.383
532.416
532.497
532.654
532.821
532.868
532.857
532.793
532.632
532.366
532.021
531.647
531.288
530.98
530.731
530.551
530.42
530.323
530.251
530.19
530.139
530.097
530.06
530.03
530.005
529.982
529.962
529.943
529.928
529.921
529.92
529.92
529.921
529.924
529.929
529.937
529.947
529.958
529.967
529.975
529.981
529.987
529.992
529.997
530.001
530.004
530.007
530.009
530.011
530.013
530.014
530.014
530.015
530.016
530.017
530.018
530.018
530.018
530.017
530.016
530.014
530.011
530.007
530.003
529.998
529.994
529.99
529.986
529.983
529.981
529.978
529.976
529.974
529.973
529.973
529.973
529.974
529.975
529.978
529.981
529.984
529.987
529.99
529.992
529.993
529.995
529.997
529.998
529.999
530
530.001
530.002
530.003
530.004
530.005
530.006
530.008
530.011
530.015
530.018
530.018
530.018
530.018
530.015
530.011
530.005
529.999
529.995
529.992
529.991
529.989
529.988
529.986
529.983
529.981
529.978
529.977
529.975
529.975
529.975
529.975
529.975
529.976
529.977
529.98
529.983
529.986
529.989
529.991
529.993
529.995
529.996
529.997
529.999
530
530
530.001
530.001
530.002
530.003
530.003
530.004
530.005
530.006
530.008
530.011
530.015
530.019
530.021
530.021
530.02
530.017
530.012
530.006
530
529.995
529.991
529.989
529.987
529.985
529.984
529.983
529.981
529.98
529.978
529.977
529.975
529.973
529.973
529.973
529.973
529.974
529.975
529.978
529.981
529.984
529.988
529.99
529.993
529.995
529.997
529.998
529.999
530
530.001
530.001
530.001
530.001
530.002
530.003
530.005
530.006
530.008
530.01
530.013
530.016
530.021
530.026
530.027
530.027
530.025
530.02
530.013
530.005
529.998
529.993
529.99
529.988
529.986
529.984
529.983
529.981
529.979
529.977
529.975
529.972
529.971
529.969
529.968
529.968
529.968
529.969
529.971
529.974
529.977
529.98
529.984
529.987
529.99
529.992
529.994
529.996
529.998
530
530.001
530.002
530.004
530.006
530.007
530.009
530.01
530.011
530.013
530.016
530.02
530.025
530.033
530.039
530.04
530.038
530.033
530.023
530.011
530.001
529.994
529.99
529.988
529.986
529.984
529.981
529.979
529.976
529.973
529.971
529.969
529.968
529.965
529.962
529.961
529.962
529.963
529.966
529.969
529.971
529.97
529.966
529.956
529.948
529.946
529.947
529.955
529.973
530.136
532.368
532.368
532.368
532.368
532.368
532.368
532.368
532.368
532.368
532.368
532.368
532.368
532.368
532.368
532.368
532.369
532.372
532.383
532.416
532.497
532.654
532.821
532.868
532.857
532.793
532.632
532.366
532.021
531.647
531.289
530.98
530.732
530.551
530.42
530.323
530.251
530.19
530.139
530.097
530.06
530.03
530.005
529.982
529.962
529.943
529.928
529.921
529.919
529.92
529.921
529.924
529.929
529.937
529.947
529.958
529.967
529.975
529.981
529.987
529.992
529.996
530
530.004
530.007
530.009
530.011
530.013
530.014
530.014
530.015
530.016
530.017
530.018
530.018
530.018
530.017
530.016
530.014
530.011
530.007
530.003
529.998
529.994
529.99
529.986
529.983
529.981
529.978
529.976
529.974
529.973
529.973
529.973
529.974
529.975
529.978
529.981
529.984
529.987
529.99
529.992
529.994
529.995
529.997
529.998
529.999
530
530.001
530.002
530.003
530.004
530.005
530.006
530.008
530.011
530.015
530.018
530.019
530.018
530.017
530.015
530.01
530.005
529.999
529.995
529.993
529.991
529.989
529.988
529.986
529.983
529.981
529.979
529.977
529.975
529.975
529.975
529.975
529.975
529.976
529.978
529.98
529.983
529.986
529.989
529.991
529.993
529.994
529.996
529.997
529.998
529.999
530
530.001
530.001
530.002
530.003
530.004
530.004
530.005
530.006
530.008
530.011
530.015
530.019
530.021
530.021
530.02
530.018
530.013
530.006
530
529.995
529.991
529.989
529.987
529.985
529.984
529.982
529.981
529.98
529.978
529.977
529.975
529.973
529.973
529.973
529.973
529.974
529.975
529.978
529.981
529.984
529.987
529.99
529.993
529.995
529.997
529.998
529.999
530
530.001
530.001
530.001
530.001
530.002
530.003
530.004
530.006
530.008
530.01
530.013
530.016
530.022
530.026
530.027
530.027
530.025
530.02
530.013
530.005
529.998
529.993
529.99
529.988
529.986
529.985
529.983
529.981
529.979
529.977
529.975
529.972
529.97
529.969
529.968
529.968
529.968
529.969
529.971
529.974
529.977
529.98
529.984
529.987
529.99
529.992
529.994
529.996
529.998
530
530.001
530.003
530.004
530.006
530.007
530.008
530.01
530.011
530.013
530.016
530.02
530.025
530.033
530.039
530.04
530.038
530.032
530.023
530.011
530.001
529.994
529.99
529.988
529.986
529.983
529.981
529.978
529.976
529.974
529.972
529.97
529.968
529.965
529.962
529.961
529.961
529.962
529.966
529.97
529.971
529.97
529.966
529.956
529.948
529.946
529.947
529.955
529.973
530.136
532.368
532.368
532.368
532.368
532.368
532.368
532.368
532.368
532.368
532.368
532.368
532.368
532.368
532.368
532.368
532.369
532.372
532.383
532.416
532.497
532.654
532.821
532.868
532.857
532.793
532.632
532.366
532.022
531.647
531.289
530.98
530.733
530.55
530.42
530.323
530.251
530.19
530.139
530.097
530.061
530.03
530.005
529.982
529.961
529.943
529.928
529.921
529.92
529.92
529.921
529.924
529.929
529.937
529.947
529.958
529.967
529.975
529.981
529.987
529.992
529.996
530
530.004
530.007
530.009
530.011
530.013
530.014
530.014
530.015
530.016
530.017
530.018
530.018
530.018
530.017
530.016
530.014
530.011
530.007
530.003
529.998
529.994
529.99
529.986
529.984
529.981
529.979
529.976
529.974
529.973
529.973
529.973
529.974
529.976
529.978
529.981
529.984
529.987
529.99
529.992
529.994
529.995
529.997
529.998
529.999
530
530.001
530.002
530.003
530.004
530.005
530.006
530.008
530.011
530.015
530.018
530.019
530.018
530.017
530.015
530.01
530.005
529.999
529.995
529.993
529.991
529.989
529.988
529.986
529.983
529.981
529.979
529.976
529.975
529.974
529.974
529.975
529.975
529.976
529.978
529.98
529.983
529.986
529.989
529.991
529.993
529.994
529.996
529.997
529.998
529.999
530
530.001
530.002
530.002
530.003
530.004
530.004
530.005
530.006
530.008
530.011
530.015
530.019
530.021
530.021
530.02
530.018
530.013
530.006
530
529.995
529.991
529.989
529.987
529.986
529.984
529.982
529.981
529.979
529.978
529.977
529.975
529.973
529.973
529.973
529.973
529.974
529.975
529.978
529.981
529.984
529.987
529.99
529.993
529.995
529.997
529.998
529.999
530
530.001
530.001
530.001
530.001
530.002
530.003
530.004
530.006
530.007
530.01
530.013
530.016
530.022
530.026
530.027
530.027
530.025
530.02
530.013
530.005
529.998
529.993
529.99
529.988
529.986
529.985
529.983
529.981
529.979
529.977
529.975
529.972
529.97
529.969
529.968
529.968
529.968
529.969
529.971
529.974
529.977
529.98
529.984
529.987
529.99
529.992
529.994
529.996
529.998
530
530.002
530.003
530.004
530.006
530.007
530.008
530.01
530.011
530.013
530.016
530.02
530.026
530.033
530.039
530.04
530.038
530.032
530.023
530.011
530.002
529.995
529.991
529.988
529.985
529.983
529.98
529.978
529.976
529.974
529.972
529.97
529.968
529.965
529.961
529.96
529.961
529.962
529.966
529.97
529.971
529.971
529.966
529.956
529.947
529.946
529.947
529.955
529.973
530.136
532.368
532.368
532.368
532.368
532.368
532.368
532.368
532.368
532.368
532.368
532.368
532.368
532.368
532.368
532.368
532.369
532.372
532.383
532.416
532.497
532.654
532.821
532.868
532.857
532.793
532.632
532.365
532.022
531.647
531.288
530.979
530.734
530.55
530.419
530.322
530.251
530.191
530.139
530.097
530.06
530.03
530.005
529.982
529.962
529.943
529.928
529.921
529.92
529.92
529.921
529.924
529.929
529.937
529.947
529.958
529.967
529.975
529.981
529.987
529.992
529.996
530
530.004
530.007
530.009
530.011
530.013
530.014
530.014
530.015
530.016
530.017
530.018
530.018
530.018
530.017
530.016
530.014
530.011
530.007
530.003
529.998
529.994
529.99
529.987
529.984
529.981
529.979
529.976
529.974
529.973
529.973
529.973
529.974
529.976
529.978
529.981
529.984
529.987
529.99
529.992
529.994
529.995
529.996
529.998
529.999
530
530.001
530.002
530.003
530.004
530.005
530.006
530.008
530.011
530.015
530.018
530.019
530.018
530.017
530.015
530.01
530.005
529.999
529.996
529.993
529.991
529.989
529.987
529.986
529.983
529.981
529.979
529.976
529.975
529.974
529.974
529.975
529.976
529.976
529.978
529.98
529.983
529.986
529.989
529.991
529.993
529.994
529.996
529.997
529.998
529.999
530
530.001
530.002
530.002
530.003
530.004
530.004
530.005
530.006
530.008
530.011
530.015
530.019
530.021
530.021
530.02
530.018
530.013
530.006
530
529.995
529.991
529.989
529.987
529.986
529.984
529.982
529.981
529.979
529.978
529.977
529.975
529.973
529.973
529.973
529.973
529.974
529.975
529.978
529.981
529.984
529.987
529.99
529.992
529.995
529.997
529.998
530
530
530.001
530.001
530.001
530.001
530.002
530.003
530.004
530.006
530.007
530.01
530.013
530.017
530.022
530.026
530.027
530.027
530.025
530.02
530.013
530.005
529.998
529.993
529.99
529.988
529.986
529.985
529.983
529.981
529.979
529.977
529.975
529.973
529.97
529.969
529.968
529.968
529.968
529.969
529.971
529.974
529.977
529.981
529.984
529.987
529.99
529.992
529.994
529.996
529.998
530
530.002
530.003
530.004
530.006
530.007
530.008
530.01
530.011
530.013
530.016
530.02
530.026
530.033
530.039
530.04
530.038
530.032
530.023
530.012
530.002
529.995
529.991
529.988
529.985
529.983
529.98
529.978
529.976
529.975
529.973
529.971
529.968
529.965
529.961
529.96
529.961
529.962
529.966
529.97
529.971
529.971
529.966
529.956
529.947
529.946
529.947
529.955
529.973
530.136
)
;

boundaryField
{
    sides
    {
        type            zeroGradient;
    }
    inlet
    {
        type            zeroGradient;
    }
    outlet
    {
        type            zeroGradient;
    }
    empty
    {
        type            empty;
    }
}


// ************************************************************************* //
