/*--------------------------------*- C++ -*----------------------------------*\
| =========                 |                                                 |
| \\      /  F ield         | OpenFOAM: The Open Source CFD Toolbox           |
|  \\    /   O peration     | Version:  2306                                  |
|   \\  /    A nd           | Website:  www.openfoam.com                      |
|    \\/     M anipulation  |                                                 |
\*---------------------------------------------------------------------------*/
FoamFile
{
    version     2.0;
    format      ascii;
    arch        "LSB;label=32;scalar=64";
    class       volScalarField;
    location    "0.18";
    object      p;
}
// * * * * * * * * * * * * * * * * * * * * * * * * * * * * * * * * * * * * * //

dimensions      [1 -1 -2 0 0 0 0];

internalField   nonuniform List<scalar> 
6000
(
4.87787e+07
1.17343e+06
107249
92171.5
86885.7
87002.9
91835.6
101172
113277
129234
151588
184448
218006
235764
237237
229778
225375
233807
228751
161599
112331
106516
108829
112504
115703
118800
122629
128091
135664
145349
155747
165085
173053
180623
189380
201428
216521
226860
226505
217953
187102
130676
113999
116346
122948
131055
137416
141100
143494
145918
148928
152667
156783
161006
165026
168727
172297
176008
180846
187583
195150
197392
194242
182838
151764
135738
136348
141457
145480
147901
148529
148067
147335
147156
149787
155631
163165
169929
172646
172483
170844
169790
170770
175732
183178
186955
184021
169310
143518
133153
131089
133697
139610
145182
149465
151245
151835
152729
154904
158305
161963
164482
165718
165908
165943
166888
170166
176615
180696
183158
176743
158379
146924
146210
148698
153518
157877
159758
159787
158839
157710
156772
156518
157624
160554
165039
169351
172823
174841
176785
178811
179890
179284
176682
164716
152274
149566
150578
151508
153014
153495
152658
151271
150045
149676
150734
153447
158242
164230
169262
173305
176271
178230
179768
180913
180688
178171
172119
157795
146405
144995
146041
148793
152977
156525
158548
159737
160254
160345
160606
161737
164135
167026
168921
169916
170325
170455
170815
171491
171600
170560
167798
159225
148642
145625
144519
144506
146047
148237
149789
150811
152570
154778
157032
159217
160780
161984
163116
163991
164510
165219
166635
169207
172588
174620
175396
173333
165253
155252
152741
152106
152781
153847
153859
152580
150781
149018
147792
147336
147833
149391
151842
154935
158135
161013
163315
165083
165975
165790
164886
162012
153908
145042
142480
141833
142444
144312
146938
148767
150290
151580
152657
153879
155110
156450
158275
161064
164678
167691
169418
170658
171927
173101
173869
174449
173792
169563
159802
151925
150202
149370
149408
150689
152729
154413
155341
156167
157237
158209
159467
161080
163097
165096
166389
166957
167282
167454
167668
167914
167957
167258
165448
160472
152776
148916
148263
148401
149790
151847
152984
153282
153144
152602
152294
152429
152561
152899
153870
155843
160384
4.87554e+07
1.23792e+06
107250
92359.1
87076.5
87150.7
91966.3
101307
113619
129752
151975
183648
216114
233362
234964
229226
225684
233713
229343
165004
112549
106742
108764
112468
115679
118755
122723
128536
136526
146209
155786
163699
170683
177997
186939
198926
213545
224720
225099
217373
190110
134088
115201
117476
123938
131791
137631
140826
143033
145524
148749
152659
156900
160972
164637
168040
171359
175041
180168
187556
196704
200413
196851
185006
152549
135572
136068
141044
144967
147244
147737
147297
146793
147031
149921
155829
163068
169325
171908
171935
170635
169994
171575
176944
184649
188345
185270
170561
144538
133774
131857
134712
140760
146444
150500
151733
152073
152799
154901
158328
162070
164849
166354
166943
167312
168577
171888
178043
181481
183124
176528
157945
146499
146014
148238
152588
156626
158391
158484
157679
156789
156373
156882
158699
161973
166186
169825
172441
173984
175839
178259
179385
179409
176762
164563
151612
149023
149669
150759
152718
153647
153017
151909
150976
150825
152041
154790
159345
164944
169305
172346
174684
176399
178254
179819
179822
177411
171720
158096
146802
145383
146480
149134
153006
156183
157751
158707
159365
159705
160289
161689
164266
167255
169266
170058
170526
170918
171712
172585
172318
171110
168067
159288
148716
145792
144922
145158
146937
149259
150755
151780
153144
154638
156450
158218
159664
161120
162688
163922
164670
165462
166866
169486
172697
174240
174526
172166
163784
153955
151555
151059
151949
153480
153991
153178
151806
150450
149524
149281
149987
151571
153954
156935
159897
162347
164254
165799
166663
166497
165614
162797
154808
146044
143633
143144
143935
146029
148829
150628
151820
152597
153201
154041
155083
156403
158285
161183
164839
167676
169102
169989
170886
171891
172622
173108
172816
169524
160828
152267
150041
149438
149716
151135
153388
155209
156058
156748
157594
158393
159460
160873
162748
164801
166282
166948
167257
167412
167619
167801
167683
166945
165110
160153
152699
149191
148847
149327
150951
153191
154460
154666
154454
153785
153370
153421
153593
153992
154994
156965
161451
4.88493e+07
1.17516e+06
106370
92388
87580.6
87683.7
92476.9
102024
114711
131154
152964
182355
212671
229306
231665
228752
226684
232179
228221
170607
113637
107737
108934
112492
115765
119008
123526
130056
138564
147617
155251
161114
167046
174372
183880
195576
209134
220824
222373
216045
194476
140483
117499
119409
125493
132575
137454
140172
142402
145215
148850
152945
157008
160663
163895
166825
169765
173504
179111
187246
198038
204087
200141
188526
154460
135459
135642
140287
144004
146166
146641
146373
146284
147226
150389
155985
162449
167977
170623
171082
170323
170101
172359
178372
186495
189876
186317
171937
145700
134559
133196
136514
142706
148269
151586
152189
152256
152934
154977
158446
162410
165639
167577
168504
169084
170292
173592
179483
182185
182941
176165
157219
146027
145754
147581
151173
154646
156238
156451
156025
155721
156025
157453
160192
163877
167635
170375
171983
172974
174694
177838
179247
179654
176613
164306
150458
147879
148270
149644
152109
153735
153647
152980
152568
152897
154366
157190
161267
165753
168852
170839
172701
174350
176517
178365
178367
176079
170913
158497
147508
146078
147161
149451
152764
155353
156513
157290
158173
158990
160051
161728
164266
167119
168878
169608
170188
171073
172486
173905
173861
172341
168784
159502
148852
146101
145756
146388
148481
151099
152425
153041
153544
154309
155168
156459
158096
160114
162328
164092
165159
166005
167396
169924
172721
173831
173550
170737
161750
152095
149916
149613
150732
152885
154180
153993
153176
152377
151952
152145
153215
154851
157151
159993
162677
164625
166056
167248
167903
167579
166578
163780
156077
147488
145237
145026
145942
148199
151074
152618
153206
153388
153618
154045
154910
156238
158235
161363
165310
167930
168673
168985
169294
169858
170576
170872
170927
168926
162055
153191
150234
149769
150192
151794
154297
156299
157045
157581
158120
158626
159360
160442
162034
164044
165823
166756
167129
167337
167568
167709
167447
166668
164753
159733
152635
149637
149585
150314
152045
154430
155856
156080
155926
155331
154854
154921
155250
155811
156917
158960
163418
4.88205e+07
1.23058e+06
104861
92642.1
88606.3
88546.5
93493.6
103315
116407
133101
154254
180809
208397
224674
228102
227960
228243
231441
226646
176609
114890
108038
108585
112152
115548
119295
124607
131992
140832
148594
153839
157721
162434
169613
179438
191233
204121
216093
220807
215617
199494
148756
120677
121754
127261
133178
137017
139237
141530
144821
149058
153438
157311
160369
162912
165285
167962
171818
177963
186968
199048
207353
203733
192538
157844
135756
135386
139482
142884
144866
145290
145256
145674
147272
150654
155666
161163
165880
168643
169668
169750
170278
173471
180195
188532
191645
187651
173933
147743
136131
135515
139338
145585
150536
152671
152943
152756
153250
155255
158852
163138
167084
169601
170677
171049
172112
175435
180932
182902
182885
175677
156280
145467
145269
146951
149906
152885
154243
154389
154290
154621
155866
158374
162027
165969
168930
170455
171054
171700
173586
177293
179234
180049
176632
164276
149655
146523
146551
148187
151147
153572
154306
154337
154559
155482
157242
159961
163308
166358
168001
168928
170119
171699
173935
176242
176630
174684
170372
159303
148592
147008
147884
149594
152395
154562
155411
156097
157081
158512
160060
161989
164605
167299
168638
168952
169368
170530
172297
174324
174886
173437
169917
160352
149266
146501
146700
147779
150389
153322
154403
154376
154085
153836
154015
154967
156670
159150
162020
164289
165596
166530
167921
170249
172605
173265
172474
169154
159668
150296
148363
148297
149683
152448
154564
155057
155063
155070
155415
156341
157734
159450
161526
163917
165955
167234
168211
169173
169737
169341
168344
165651
158283
149832
147687
147733
148680
150928
153682
154870
154971
154632
154349
154421
155024
156197
158154
161361
165385
167515
167860
167692
167474
167695
168518
169125
169266
168033
162738
154066
150442
150223
150944
152812
155545
157502
158090
158297
158386
158537
158904
159633
160934
162912
164988
166331
166907
167217
167481
167590
167264
166486
164547
159547
152759
150206
150482
151382
153271
155887
157444
157780
157683
157326
156932
157085
157565
158247
159447
161555
165982
4.89847e+07
1.07924e+06
104162
93432.9
90040.9
89350.9
94683.2
104708
118146
135021
155439
179190
203771
220004
225147
226945
229342
230632
224607
181584
116799
107040
107243
110597
114462
118953
125611
134109
142840
148740
151963
154534
158248
165168
175334
187514
199807
211580
219457
215506
203879
157956
124256
124013
128755
133586
136618
138264
140486
144321
149280
154116
157858
160371
162154
163825
166025
169856
176286
186068
199150
209379
206910
196246
161927
136457
135328
138797
141953
143771
144164
144371
145335
147433
150790
155029
159432
163303
166063
167636
168548
170228
174646
182210
190806
193548
189142
176229
150325
138339
138716
142958
148651
152407
153541
153520
153260
153722
155823
159802
164715
169223
171851
172606
172636
173332
176546
181808
183522
182876
175214
155548
144964
144807
146393
148854
151345
152484
152614
152768
153742
155955
159506
163782
167596
169634
170067
169922
170189
172290
176291
179154
180698
177115
164784
149667
145461
144866
146610
149874
152869
154451
155365
156317
157848
159864
162287
164878
166484
166882
166936
167508
168808
170914
173921
175046
173667
170314
160434
149948
148081
148591
149789
152175
153959
154443
155005
156374
158163
160174
162112
164654
167096
168127
168285
168453
169377
171257
173698
174921
173891
170842
161648
150056
147177
147879
149762
152716
155580
156261
155644
154536
153666
153441
154090
155765
158477
161721
164335
165864
166898
168250
170351
172275
172504
171460
167861
158338
149225
147417
147517
149034
152117
155028
156321
157083
157807
158745
159957
161434
163085
164996
166874
168084
168707
169273
170093
170831
170743
170117
167854
161133
152781
150504
150628
151530
153690
156002
156578
156224
155555
154974
154819
155156
156213
158031
161094
164828
166449
166653
166170
165559
165378
166208
167353
167579
167053
162908
154824
150805
150830
151796
153902
156807
158412
158768
158643
158328
158084
158122
158543
159609
161522
163931
165840
166711
167117
167419
167554
167257
166557
164642
159569
152881
150729
151252
152242
154298
157111
158713
159228
159208
159060
158730
159024
159742
160642
162073
164339
168826
4.90108e+07
1.09034e+06
104862
94923.8
91416.1
89816.5
95485.1
105684
119516
136579
156160
177490
199334
215808
222004
226434
229536
229786
222247
185018
118497
104501
104934
108651
113432
119290
127091
136145
143956
148066
149998
151733
155046
162022
172679
185330
197195
208498
218213
215987
207313
166474
128044
125797
129572
133739
136237
137429
139491
143687
149485
155044
158783
160821
162045
163151
164818
168157
174212
184167
198051
209853
209038
199459
166083
137437
135494
138270
141305
143109
143592
144065
145375
147712
150800
154229
157650
160756
163334
165307
167107
169952
175590
183885
192813
195455
190811
178731
153167
141430
142479
146466
150844
153468
154137
153858
153601
154278
156835
161403
166865
171372
173501
173949
173655
174093
177142
182186
183769
182838
174912
155245
144339
144035
145692
148072
150442
151574
151783
152169
153555
156389
160503
164873
168285
169645
169396
168787
168713
170863
175385
179348
181721
178204
166115
150359
145090
143835
145383
148511
151835
154357
156267
158139
160167
162053
163788
165390
166134
165899
165362
165241
166170
168201
171713
173692
173298
170632
161616
151025
148777
148656
149452
151491
153097
153606
154149
155736
157656
160032
161957
164235
166361
167215
167197
167245
168098
169752
172262
173898
173368
171022
162944
151255
148302
149388
151851
154752
157341
157790
156718
155199
154014
153579
154016
155612
158312
161593
164360
166014
167102
168264
169982
171541
171619
170681
167265
158043
149033
147270
147446
148962
152166
155618
157612
158908
160068
161352
162659
164039
165584
167352
168717
169256
169398
169592
170253
171194
171535
171564
170015
164056
155739
153088
153102
153813
155773
157746
158133
157570
156666
155811
155306
155310
156063
157570
160311
163631
165016
165205
164669
163967
163584
164346
165757
166209
166124
162880
155459
151348
151495
152670
154905
157702
158934
159044
158651
157892
157294
157035
157234
158193
160095
162835
165247
166429
166948
167327
167609
167474
167003
165183
159959
153187
151096
151631
152701
155077
158151
159790
160313
160323
160264
160041
160366
161202
162288
163948
166301
170618
4.90418e+07
1.07675e+06
107357
96280
92170.4
89864.7
95679
106128
120386
137411
156053
175955
195825
212357
219503
225549
228662
228143
219795
186867
119712
101191
101638
105811
111862
119340
128226
137584
143835
146887
148484
150187
153635
160672
171530
184465
196027
206965
217386
216435
209823
172911
130915
126702
129677
133500
135853
136848
138878
143376
149664
155896
159826
161569
162472
163199
164474
167196
172362
181820
195898
209363
210419
202176
169756
138402
135599
137696
140715
142776
143535
144320
145879
148248
150982
153650
156257
158741
161028
163161
165723
169674
176168
184790
194068
197049
192510
181370
156323
145211
146052
148854
152037
153918
154292
153954
153884
155128
158304
163346
168911
172842
174482
174502
173975
174262
177029
182103
183987
182610
174662
155338
143729
143213
144908
147451
150118
151513
151969
152578
154163
157177
161161
165171
168077
168983
168487
167831
167633
169722
174707
179557
182507
179687
168212
151672
145428
143672
144751
147485
150931
153765
156718
159247
161535
163054
164199
165216
165678
165366
164741
164335
164642
166437
169970
172322
173212
171198
162818
151918
149173
148442
148970
150703
152251
152952
153664
155407
157369
159742
161494
163436
165231
166011
166007
165989
166553
167933
170350
172202
172076
170492
163932
152987
149796
150940
153471
156101
158407
158756
157585
156011
154816
154343
154782
156307
158850
162029
164758
166266
167106
167946
169291
170806
171101
170544
167596
158873
149808
148034
148194
149585
152653
156352
158658
160033
161249
162516
163836
165236
166742
168309
169333
169575
169481
169530
170172
171363
172045
172711
171760
166404
158043
154894
154642
155276
157118
158827
159193
158607
157546
156458
155685
155462
155836
157005
159279
162216
163611
163786
163357
162820
162503
163271
164675
165213
165272
162649
155895
151831
152039
153224
155448
158019
158963
158928
158332
157172
156348
155868
155910
156785
158689
161647
164426
165936
166609
167123
167685
167864
167764
166214
160825
153654
151430
151865
152958
155413
158458
160069
160532
160618
160574
160492
161019
161966
163025
164578
166757
170797
4.88961e+07
1.2365e+06
109321
96777
91767.8
89228.6
95296.8
106097
120758
137503
155232
174294
193597
210016
217453
224193
226889
225322
216849
186855
120335
98180.9
98215.8
102730
110088
119202
129081
138306
143309
146017
147934
150003
153847
161033
171774
184280
195571
206572
217096
216796
211201
176468
132247
126694
128851
132521
135223
136572
138769
143321
149782
156268
160498
162329
163171
163910
165048
167256
171390
179658
193428
207821
210969
203635
172388
139324
135517
137014
140093
142682
143987
145232
146967
149194
151462
153577
155605
157605
159601
161713
164663
169202
176309
184851
194033
197427
193716
183765
159704
148316
148661
150003
152239
153815
153973
153702
154111
156149
160121
165415
170516
173677
174722
174275
173549
173755
176600
181896
184339
182599
174765
156173
143485
142591
144304
147117
150277
152103
152921
153784
155466
158143
161554
164866
167243
167981
167583
167048
166961
168871
174075
179547
182741
180984
170513
153376
146287
144194
144783
147101
150333
153070
156592
159132
161270
162379
163317
164495
165325
165485
164952
164325
164042
165404
168733
171298
173148
171720
163666
152458
149314
148030
148321
149917
151528
152571
153555
155382
157314
159354
160898
162547
164163
165021
165116
165062
165278
166230
168266
170402
170496
169651
164671
154923
151241
152078
154354
156828
158945
159181
158178
156885
155879
155563
156102
157812
160362
163348
165737
166809
167275
167815
168994
170485
170878
170840
168540
160623
151514
149533
149601
150800
153589
157119
159271
160441
161595
162772
163998
165316
166789
168340
169299
169397
169088
168967
169542
171008
172199
173283
172673
167694
159212
155726
155264
155753
157427
159076
159519
159086
158035
156952
156093
155662
155699
156541
158430
161039
162488
162649
162347
162034
162005
162905
164177
164782
164796
162208
155952
152213
152322
153287
155403
157721
158558
158476
157790
156373
155375
154801
154735
155555
157465
160572
163540
165123
165976
166806
167774
168380
168672
167553
162364
154581
151841
152047
152997
155157
157828
159310
159698
159901
159876
160028
160681
161572
162528
163830
165605
169367
4.88506e+07
1.26037e+06
110493
95969.5
90034.8
88298.4
94534.2
105735
120568
136829
153722
172627
192185
208564
215744
222415
224239
221303
213322
185491
120657
96207.2
95945.3
100664
109153
119347
129640
137859
142922
146023
148520
151348
155771
162859
172797
184280
195318
206708
217063
216859
211390
177497
132212
125763
127191
130890
134328
136512
139107
143589
149825
156204
160613
162839
164053
165106
166477
168304
171352
178036
191102
205644
210364
203893
173471
140182
135246
136260
139523
142809
144915
146678
148554
150573
152466
154181
155790
157398
159159
161221
164327
169114
176038
184027
193245
197138
194898
185947
162442
150181
149981
150331
152151
153438
153482
153392
154388
157284
161845
167025
171287
173676
174235
173315
172568
173037
176228
181742
184755
183084
175652
157794
143998
142426
144146
147350
150971
153203
154363
155339
156851
159060
161649
164201
166218
167068
166942
166581
166582
168421
173587
179303
182409
181669
172400
155150
147525
145461
145794
147864
150826
153308
156453
158315
159983
160790
161920
163683
165410
165912
165404
164511
164099
165159
168246
170702
172929
172003
163890
152472
149115
147466
147619
149239
151090
152564
153844
155605
157409
158860
160141
161565
163206
164313
164597
164490
164402
164949
166712
169024
169335
169104
165318
156483
152116
152761
154707
157105
159074
159361
158606
157670
156962
156971
158009
159858
162297
165057
166944
167514
167643
167956
169013
170601
171251
171702
170030
162885
153877
151381
151346
152301
154781
157860
159583
160453
161168
161896
162875
164000
165393
167068
168207
168386
168138
168071
168728
170302
171551
172746
172357
167689
159159
155513
154935
155314
156940
158684
159185
158945
158098
157104
156408
155916
155757
156354
158037
160317
161723
161860
161670
161605
161933
163060
164149
164877
164689
161918
155753
152154
152222
153112
155206
157265
157946
157800
157073
155582
154468
153933
153817
154588
156510
159715
162795
164419
165349
166442
167978
169058
169666
168934
164158
155826
152200
152117
152905
154793
157070
158353
158692
158759
158417
158504
159085
159747
160481
161512
162944
166608
4.88516e+07
1.24754e+06
111888
95515.2
88832.3
88019.5
94262.1
105607
120094
135658
152064
170986
191001
207306
214086
220304
221024
216835
209146
183403
121042
95384.9
95513.9
100863
109797
119825
129479
136941
142389
146363
150047
153964
158943
165664
174266
183986
194449
206759
216965
216835
210809
176870
131490
124076
125059
128922
133251
136573
139770
144094
149697
155440
160109
163046
165138
166792
168417
169887
171921
177158
189301
203158
209099
203438
173564
140792
135039
135484
138974
143148
146264
148562
150519
152352
154075
155603
156988
158317
159800
161768
164721
169110
175194
182684
191768
196050
195783
187364
164146
151553
150408
150407
151817
152872
152957
153149
154739
158348
163341
168235
171638
173223
173076
171971
171321
172163
175856
181781
185412
184131
177291
160071
145176
142826
144308
147757
151738
154399
155744
156861
158160
159723
161509
163502
165320
166339
166532
166399
166467
168098
173085
178858
181600
181627
173501
156584
148740
146934
147209
149323
152171
154426
156556
157658
158467
159010
160334
162697
165121
166180
166190
165264
164764
165700
168552
170634
172567
171587
163352
151915
148608
146979
147195
148971
151208
152927
154433
155982
157297
158248
159249
160605
162437
163891
164359
164266
164063
164353
165998
168483
168987
169156
166099
157610
152612
152980
154595
156928
158899
159312
158856
158296
158090
158596
159968
161853
164189
166889
168393
168566
168402
168494
169504
171328
172422
173313
172084
165422
156337
153265
153272
153955
156066
158559
159532
159709
159750
160085
160791
161698
162966
164832
166418
167028
167096
167222
167987
169426
170455
171339
170811
166235
157905
154320
153792
154182
155861
157746
158325
158409
157876
157052
156586
156200
156057
156589
158118
160190
161429
161524
161354
161376
161981
163203
164349
165235
164932
161912
155621
151998
151795
152472
154347
156299
156990
156837
156141
154776
153700
153248
153165
153983
156002
159297
162334
163956
164985
166256
168166
169908
170735
170209
165798
156972
152492
152173
152802
154553
156427
157134
157303
156940
156215
156049
156392
156789
157272
158211
159757
163793
4.87824e+07
1.31184e+06
112451
95281.8
88094.2
88456.8
94657.7
105810
119543
134445
150540
169508
189386
205694
212217
218145
218026
212817
205327
181389
121768
95458.8
96413.1
102408
111377
120297
128246
135193
141329
146769
152057
157195
162754
168970
175798
183395
193089
205884
215936
217435
210118
175510
130865
122558
122861
126795
131998
136643
140613
144764
149333
154044
158686
162696
166019
168731
170695
171980
173328
177404
188214
200328
206866
202023
172827
141030
134929
134844
138484
143569
147711
150817
152922
154593
156179
157662
159021
160403
161922
163985
166656
170082
174352
180691
189810
194492
196096
187601
164514
151824
150044
150002
151315
152387
152628
153084
155086
159065
164155
168664
171278
172136
171563
170555
170181
171468
175628
181961
186196
185375
179305
162645
146653
143625
144594
147917
152116
155214
156917
158127
159130
160143
161399
163079
164859
166016
166425
166445
166586
168157
172875
178399
180771
181010
173751
157404
149535
148082
148469
150844
153770
155599
156577
157177
157213
157483
158808
161543
164462
166114
166789
166393
165972
166839
169430
171081
172194
170730
162026
150819
147954
146770
147224
149290
151871
153732
155086
156231
156932
157563
158376
159750
161787
163651
164425
164519
164390
164646
166350
169042
169725
170069
167113
158375
152646
152814
154034
156249
158422
159172
159156
159039
159369
160277
161558
163290
165784
168356
169552
169536
169318
169460
170517
172503
174087
175171
174209
167927
158215
154589
154855
155376
156980
158597
158927
158573
158127
157990
158263
159102
160428
162518
164694
165864
166313
166669
167458
168632
169312
169616
168763
163982
155652
152246
151888
152502
154391
156562
157301
157571
157285
156661
156476
156352
156420
156991
158629
160659
161739
161722
161544
161648
162331
163649
164949
165986
165585
162222
155596
151830
151283
151684
153354
155220
155906
155765
155159
154013
153134
152838
152882
153827
156033
159433
162412
164044
165183
166581
168643
170703
171558
171034
166626
157401
152478
152039
152534
154068
155570
155887
155698
154798
153772
153314
153390
153605
153935
154883
156622
160910
4.87636e+07
1.31873e+06
112653
95307.9
87712.9
89446.7
95536.3
106321
119218
133440
149109
167808
187148
203677
210131
215929
215636
210050
202687
180408
123572
96771.3
98504.3
104965
113295
120701
126969
133164
139826
146755
153701
160407
166551
172056
177001
182605
191065
204028
214058
218249
209609
174787
130462
121353
121150
125106
131017
136673
141612
145602
148936
152425
156614
161447
166381
170440
173002
174384
175396
178496
187449
197569
203942
199876
171527
140895
134752
134326
138098
144065
149170
153301
155554
156896
158145
159511
161046
162795
164843
167626
170220
172777
174911
179196
187551
192398
195292
186544
163432
150920
148933
149238
150876
152179
152584
153250
155404
159289
164018
167893
169995
170635
170153
169361
169243
171061
175616
182350
187077
186482
181067
164797
147804
144249
144882
148120
152506
155785
157612
158751
159591
160392
161506
163140
164965
166117
166514
166606
166816
168318
172597
177716
179777
180130
173252
157466
149735
148797
149448
152074
155169
156679
157209
156817
156341
156390
157642
160367
163463
165711
167014
167708
167647
168545
170801
172014
171899
169725
160522
149508
147098
146720
147663
150135
153019
154755
155722
156231
156477
156865
157674
159255
161566
163773
164853
165226
165355
165807
167707
170550
171344
171593
168414
159055
152548
152384
153069
155136
157772
159071
159455
160002
160749
161612
162606
164163
166696
169233
170223
170212
170141
170571
171817
173875
175481
176075
175198
169611
159687
155512
155553
156381
157635
158625
158414
157562
156616
155932
155792
156559
158149
160702
163446
165169
165894
166349
167005
167869
168232
167899
166637
161685
153380
150041
149925
150740
152859
155363
156344
156750
156613
156298
156274
156308
156524
157394
159443
161629
162576
162391
162201
162290
163046
164403
165765
166758
166322
162782
155699
151607
150837
150975
152436
154216
154948
154806
154302
153469
152904
152778
153092
154233
156667
160162
163110
164767
165951
167367
169455
171266
171682
170933
166297
156968
152228
151891
152420
153668
154540
154499
153922
152769
151696
151188
151194
151272
151488
152469
154487
159060
4.87813e+07
1.30168e+06
113010
95843.8
88101.8
89876.1
96578.1
107061
119245
132718
147818
165779
184737
201509
208350
213914
214275
209044
201809
181462
127584
99949
101456
107674
114904
120863
125997
131409
137907
145742
154151
162290
169234
174272
177860
181825
188698
201137
211719
218060
210090
175600
130811
120641
120052
124235
130781
137178
142708
146390
148668
151007
154422
159520
165918
171688
175199
176827
177615
180020
187231
195163
200701
197097
169908
140550
134606
134071
137987
144589
150445
155328
157719
158753
159560
160667
162271
164379
167303
171003
174081
176033
176827
179414
186354
190530
193495
184383
161068
149259
147456
148128
150193
151877
152557
153369
155376
158843
163001
166416
168390
169068
168916
168547
168842
171022
175823
182861
187700
187222
182400
166519
149023
145340
145879
148625
152683
155746
157504
158603
159494
160484
161819
163692
165576
166583
166784
166767
167007
168469
172567
177356
179295
179172
172240
156757
149399
149073
150232
152980
155982
157229
157155
156448
155827
155816
157053
159567
162578
164979
167109
168420
169409
170612
172300
173151
171927
168971
159383
148285
146070
146696
148318
151340
154404
155811
156346
156282
156092
156221
157105
159055
161783
164277
165551
166228
166711
167558
169735
172593
173390
173369
169789
159693
152275
151650
151965
153858
156703
158596
159740
160813
161743
162485
163162
164445
166895
169307
170390
170330
170463
171391
172901
174795
176314
176025
174789
169863
160329
156027
155850
156718
157812
158593
158020
156768
155259
154078
153640
154441
156443
159605
162945
164910
165714
166112
166528
167108
167309
166557
164970
159887
151586
148252
148352
149308
151600
154323
155594
156029
155927
155787
155724
155835
156298
157592
160246
162851
163723
163559
163283
163328
163983
165209
166429
167276
166865
163276
155836
151489
150720
150664
151868
153472
154293
154130
153787
153286
153096
153187
153797
155213
157862
161354
164213
165860
167035
168375
170017
171110
171034
169911
164982
155941
151652
151394
151894
152947
153586
153367
152776
151709
150587
149947
149882
149921
150122
151203
153562
158284
4.87431e+07
1.32734e+06
113578
96631.8
88160.2
89784
96767.6
107313
119478
132415
146551
163379
182069
199119
207383
212694
213975
210114
203445
185852
134434
104100
104726
109829
116002
121380
125876
130395
136054
143761
153095
162481
170117
174947
177871
180782
186283
198018
209692
218018
211649
177827
131902
120581
119722
124117
131118
138050
143798
146868
148496
150040
152647
157512
164620
171919
176926
179169
179921
181409
187042
193426
197920
194295
168093
139947
134433
134039
138156
145133
151323
156433
158871
159668
160167
161011
162608
165310
169137
173275
176477
177913
178402
180649
186813
189953
191569
181416
157409
146870
145643
146839
149398
151485
152493
153351
154954
157653
161040
164123
166260
167405
167787
167995
168867
171260
176018
183099
187798
187428
183059
167646
149914
146186
146783
149034
152463
155111
156691
157874
159118
160598
162416
164526
166311
167170
167151
166971
167188
168813
172912
177400
179207
178217
170820
155615
148827
148985
150628
153501
156370
157491
157235
156405
155738
155722
156968
159346
162219
164552
167081
168862
170838
172395
173779
174406
172536
168748
159023
147678
145327
146377
148668
152206
155335
156755
156963
156508
155971
155878
156811
159148
162322
164996
166422
167399
168268
169471
171827
174442
175054
174727
170681
159849
151883
150799
150874
152552
155493
157869
159674
160977
162172
162726
163145
164340
166610
168556
169683
169883
170497
171797
173417
175016
176040
175229
173413
168602
159651
155402
155289
156552
157775
158419
157561
155938
154130
152774
152266
153140
155471
159147
162870
164862
165683
165970
166172
166566
166790
165899
164147
158870
150391
147008
147198
148341
150780
153625
155143
155595
155547
155368
155268
155446
156078
157686
160838
164031
165021
165085
164794
164723
165033
165922
166947
167523
167249
163762
156100
151641
150978
150849
151862
153341
154161
154040
153777
153510
153642
154081
155016
156722
159437
162785
165491
167054
168134
169193
170080
170567
170070
168462
162904
154166
150607
150531
151194
152625
153587
153483
152806
151451
150078
149468
149466
149614
149973
151259
153959
158454
4.87241e+07
1.31135e+06
114050
97016.2
87648.2
89057.1
95902.1
106464
118862
131870
145291
160905
178977
196378
207099
212398
215073
213953
208842
194213
143709
107981
107463
111210
116936
122180
126292
130092
134689
141268
150452
160659
169142
174123
176911
179362
184254
195660
208675
217833
213877
181392
133806
121258
120316
124890
132245
139295
144762
147188
148414
149523
151492
155853
162994
171204
177645
180644
181522
182467
187197
192914
196372
192348
166333
139150
134302
134258
138535
145538
151494
156365
158457
159211
159726
160575
162331
165565
170063
174313
177114
178178
178985
181948
187934
190470
190430
178280
153113
143911
143379
145031
148081
150565
151855
152795
154078
156093
158800
161621
163964
165678
166862
167857
169289
171801
176270
183077
187238
186591
182550
167735
149922
146223
146998
148910
151874
154277
155694
156927
158490
160445
162679
164995
166967
167749
167583
167358
167579
169303
173453
177604
179163
177313
169344
154302
148053
148419
150469
153455
156284
157370
157094
156346
155859
156049
157337
159763
162576
164849
167235
169290
171640
173512
175198
175786
173690
169427
159527
147885
145213
146295
148959
152866
155848
157111
157376
156815
156149
156005
157040
159659
163166
165995
167488
168614
169659
170942
173165
175466
175869
175176
170795
159691
151506
150203
150075
151624
154401
156953
158928
160366
161648
162082
162460
163678
165810
167599
168335
168791
169912
171462
172896
174039
174496
173323
171139
166372
157940
153261
153256
154832
156457
157479
156938
155359
153664
152385
151971
152973
155524
159516
163295
165047
165854
166007
166094
166487
166849
166020
164185
158730
150046
146538
146714
147961
150528
153489
155159
155647
155568
155230
155143
155388
156165
157976
161392
165151
166432
166795
166546
166337
166341
166866
167669
167944
167660
164139
156337
151950
151428
151330
152248
153698
154524
154451
154203
154206
154542
155293
156504
158295
160926
164165
166724
168106
168894
169424
169864
169762
168965
166632
160298
152351
149826
149999
150811
152660
154148
154260
153571
152095
150515
149827
149882
150224
150842
152346
155181
159099
4.86953e+07
1.34207e+06
115476
98399.5
87404.9
88068.9
93717.1
104138
116724
130258
143968
158594
175854
194385
207803
213460
217969
219559
216993
204871
154118
111170
109070
111927
117383
122674
126750
130165
133836
139025
146966
156878
166168
172042
175590
178334
183182
194161
208122
216846
215667
185742
136428
122604
121852
126601
134070
140803
145467
147401
148408
149325
150935
154814
161662
169998
177248
180820
181932
183098
188104
193823
196562
191767
164820
138346
134285
134707
139011
145568
151007
155086
156904
157694
158428
159521
161608
165166
169958
174268
176818
177841
178945
182833
189050
191133
189962
175738
149480
141270
141058
142864
146149
148912
150513
151667
152870
154494
156685
159225
161808
164222
166250
168095
170025
172470
176372
182421
185926
185065
181168
166942
149294
145737
146675
148556
151361
153630
154903
155944
157482
159674
162240
164802
167124
168216
168179
168019
168297
170093
174046
177587
178743
176406
168113
153260
147367
147773
149807
152635
155458
156702
156622
156134
155926
156496
158005
160666
163602
165846
167749
169678
171927
174050
176210
177015
175071
170938
160732
148831
145895
146894
149469
153216
156023
157096
157164
156814
156487
156619
157838
160585
164240
167180
168517
169432
170406
171607
173618
175588
175708
174828
170434
159452
151269
149975
149865
151188
153622
155975
157510
158813
159842
160426
161081
162694
164653
166169
166713
167368
168336
169540
170729
171599
171785
170608
168396
163985
155818
150444
150274
151663
153706
155660
156003
155038
153868
153013
152908
154142
156889
160997
164370
165609
166009
166098
166366
167031
167543
166861
165084
159501
150648
147049
147159
148395
151006
154007
155680
156172
156065
155605
155502
155829
156776
158722
162318
166411
168121
168707
168510
168186
167969
168229
168733
168783
168187
164151
156135
152152
151846
151886
152872
154401
155261
155261
155137
155252
155730
156583
157789
159476
161917
164831
167122
168450
169112
169343
169373
168829
167533
164689
158407
151565
149641
149853
150695
152776
154898
155484
155015
153798
152161
151213
151229
151698
152499
154119
156660
159908
4.86422e+07
1.39163e+06
118185
100547
88007.5
87164.3
91038.5
100301
112826
126999
141431
156528
173786
193761
209922
216505
222633
226495
226723
215099
164100
113730
109208
111850
117388
122833
126958
130115
133190
137189
143336
151949
161603
169173
174310
178170
183349
193988
207816
215431
216150
189835
139526
124338
124124
129056
136380
142455
146026
147535
148411
149240
150783
154445
160969
169016
176305
180267
181740
183562
189694
195848
197736
192083
163677
137679
134344
135195
139407
145152
149756
152821
154517
155555
156624
158156
160728
164541
169345
173495
175842
176851
178434
183121
189665
191237
189556
173932
147188
139710
139419
141022
144138
146861
148669
150149
151549
153130
155034
157313
159985
162988
166014
168612
170940
173048
176065
180818
183952
183112
179416
165794
148602
145144
146200
148343
151322
153648
154689
155250
156287
158245
161027
164102
166985
168614
168942
168973
169397
170974
174492
177305
177820
175562
167348
152662
146941
147313
148955
151540
154405
155911
156139
155967
156071
157006
158950
162027
165303
167472
168862
170234
171925
174166
176858
177837
176336
172779
162150
150213
147703
148357
150219
153255
155736
156632
156829
156838
156984
157552
159010
161773
165388
168058
169077
169768
170649
171662
173237
174737
174638
173707
169518
159096
151142
150054
150069
151225
153253
154864
155725
156393
157214
158044
159088
161007
163308
164778
165029
165493
165936
166460
167410
168240
168565
167631
165729
161717
154043
148401
147744
148511
150498
153132
154538
154668
154347
154250
154867
156425
159269
163215
165981
166650
166619
166553
167006
167987
168636
168316
166682
161108
152230
148513
148391
149437
151950
154948
156591
157066
157057
156607
156481
156801
157841
160028
163860
168204
170250
170845
170688
170191
169785
169803
169872
169705
168611
163823
155690
152325
152131
152263
153360
155116
156104
156256
156253
156419
156827
157489
158553
160175
162553
165226
167082
168135
168632
168743
168437
167595
166204
163554
157905
151643
149894
150054
150914
153017
155630
156847
156823
156226
155078
154050
153880
154316
155091
156458
158443
161157
4.85872e+07
1.42787e+06
121204
103068
88924.9
87004.7
88911.6
96186.1
107565
122055
137790
154481
173431
194741
213242
221405
228481
233532
235691
223399
172526
115915
108880
111281
116841
122447
126750
129880
132526
135598
140242
147426
156729
166091
173283
178806
184803
195037
208298
214120
215274
192626
142481
126029
126658
131739
138717
143977
146615
147726
148437
149212
150779
154477
160874
168443
175254
179385
181315
184146
191540
198305
199510
192990
162989
137190
134442
135574
139596
144481
147995
150212
151790
153168
154687
156746
159770
163791
168330
172014
174187
175298
177301
182744
189730
190807
188945
172626
145712
138909
138670
140090
142856
145242
147043
148826
150564
152228
153946
155928
158510
161940
165786
169109
171766
173399
175509
179125
182118
181369
178005
165265
148575
144963
145991
148125
151207
153553
154433
154685
155216
156627
159227
162795
166518
168946
169909
170237
170483
171587
174429
176753
176714
174842
166955
152523
146788
147025
148066
150262
153079
154846
155473
155735
156237
157467
159876
163395
167083
169301
170313
170939
171955
174038
176990
178106
177354
174315
163812
152182
150086
150078
151015
153148
155073
155781
156261
156788
157623
158721
160435
163099
166529
168790
169414
169754
170344
170974
172059
173181
172908
171996
168220
158700
151166
150260
150468
151441
152900
153629
153704
153687
154082
155031
156564
159140
161960
163309
163474
163489
163526
163782
164509
165231
165761
165102
163601
159802
152132
146739
145924
146201
147752
150442
152668
153995
154854
155826
157406
159471
162271
165758
167811
168095
167673
167389
167745
168758
169544
169796
168624
163418
154576
150672
150307
151065
153269
156011
157371
157821
157742
157504
157518
158038
159339
161895
166099
170595
172645
173026
172770
172152
171602
171370
171035
170745
169168
163336
155122
152538
152459
152926
154346
156334
157408
157584
157677
157797
158126
158515
159217
160543
162684
165027
166502
167136
167401
167462
167231
166717
165816
163708
158453
152231
150426
150438
151261
153302
156280
158170
158720
158710
158345
157763
157486
157691
158179
158987
160114
162126
4.85692e+07
1.45251e+06
122903
105040
89693.1
87444.3
87917.9
93444.6
103020
116649
133433
152645
174033
197025
216174
225615
232838
238850
242008
228835
178282
117355
108475
110782
116376
122092
126488
129615
132070
134597
138367
144369
152896
162948
172180
179689
186868
196906
209087
213290
213500
193743
144941
127704
129057
134042
140599
145120
147105
147861
148451
149230
150890
154615
160850
168114
174515
178494
180855
184520
193052
200449
201231
194043
162728
136896
134606
135909
139644
143720
146322
148007
149507
151170
153171
155752
159055
163097
167327
170689
172785
174056
176435
182305
189405
190131
188163
171703
145008
138436
138083
139316
141842
144003
145763
147715
149809
151703
153405
155202
157661
161335
165586
169522
172421
173704
175135
177958
180724
179852
176537
164176
147858
144271
145367
147677
151014
153520
154368
154361
154458
155392
157647
161435
165918
169219
170917
171514
171502
172007
173941
175967
175753
174310
166700
152641
146806
146830
147370
149269
151945
153850
154827
155534
156491
158148
160956
164800
168695
170902
171665
171718
172018
173702
176536
177832
178525
176240
165934
154413
152069
151227
151584
153001
154212
154797
155339
156471
158174
160122
162261
164896
167827
169228
169490
169479
169670
169994
170572
171341
170940
170043
166830
158416
151519
150481
150883
151660
152580
152598
152041
151450
151492
152536
154454
157565
160903
162498
162731
162425
162001
162010
162522
163211
163949
163576
162388
158692
150844
145466
144367
144153
145479
148144
150863
152950
155139
157238
159798
162184
164834
167681
169240
169344
168794
168410
168592
169700
170799
171689
170848
166053
157466
153243
152558
152919
154786
157216
158363
158924
158901
158849
158856
159291
160606
163386
167934
172548
174357
174613
174320
173835
173446
173151
172822
172234
169699
162420
154466
152616
152575
153360
155281
157798
159105
159553
159788
159667
159713
159635
159771
160501
162145
164047
165056
165440
165709
166070
166485
166564
166302
164588
159292
152868
150978
150818
151615
153653
156719
159039
160019
160389
160602
160625
160664
160953
161416
162043
162766
164110
4.85967e+07
1.45525e+06
123536
105919
89979.6
87621.9
87329.3
91933.1
100187
112417
129002
149993
173791
198230
218610
229472
236836
243557
247248
233556
182412
118471
108341
110327
115835
121545
126023
129219
131645
134096
137400
142797
150846
160868
170968
179926
188184
198562
210276
213843
213023
193974
146076
128574
130322
135385
141832
146159
147815
148261
148574
149279
150998
154740
160867
167871
173935
177867
180494
184773
194154
201861
202327
194608
162595
136677
134556
135994
139621
143279
145368
146628
147940
149704
151968
154843
158438
162611
166720
169969
172043
173480
176090
182112
189148
189675
187594
171042
144561
138119
137785
138900
141260
143263
144977
147014
149272
151312
153044
154807
157214
160964
165246
169471
172478
173795
175069
177516
180115
179103
175721
163515
147394
143859
145003
147429
150965
153600
154434
154266
154110
154755
156806
160454
165084
169028
171402
172182
172180
172395
173800
175605
175212
173908
166528
152654
146690
146639
146980
148613
151116
153072
154286
155347
156662
158616
161652
165659
169582
171958
172781
172663
172579
173680
176120
177476
179101
177288
167203
155932
153381
152251
152458
153465
154198
154506
154810
156041
158283
161012
163451
166109
168637
169493
169514
169181
169018
168965
169175
169775
169420
168625
165831
158060
151551
150517
151041
151687
152232
151875
150950
149995
149668
150515
152578
156083
159784
161726
162233
161928
161318
161111
161363
161964
162684
162478
161524
157864
149990
144744
143461
142989
144152
146674
149601
152339
155196
158169
161418
164095
166679
169220
170537
170379
169696
169163
169169
170165
171598
172824
172275
167884
159582
155134
154194
154234
155805
157896
158911
159572
159623
159707
159676
160076
161443
164491
169371
174053
175726
175828
175502
175138
174797
174449
174116
173272
169920
161595
154115
152713
152670
153695
156012
158879
160316
160993
161357
161199
160910
160526
160248
160464
161473
162801
163625
164084
164619
165464
166478
166950
166922
165380
160096
153612
151662
151403
152134
154166
157314
159898
161220
161907
162303
162546
162704
163140
163637
164264
164771
165588
)
;

boundaryField
{
    sides
    {
        type            zeroGradient;
    }
    inlet
    {
        type            fixedValue;
        value           uniform 100000;
    }
    outlet
    {
        type            zeroGradient;
    }
    empty
    {
        type            empty;
    }
}


// ************************************************************************* //
