/*--------------------------------*- C++ -*----------------------------------*\
| =========                 |                                                 |
| \\      /  F ield         | OpenFOAM: The Open Source CFD Toolbox           |
|  \\    /   O peration     | Version:  2306                                  |
|   \\  /    A nd           | Website:  www.openfoam.com                      |
|    \\/     M anipulation  |                                                 |
\*---------------------------------------------------------------------------*/
FoamFile
{
    version     2.0;
    format      ascii;
    arch        "LSB;label=32;scalar=64";
    class       volScalarField;
    location    "0.18";
    object      rho;
}
// * * * * * * * * * * * * * * * * * * * * * * * * * * * * * * * * * * * * * //

dimensions      [1 -3 0 0 0 0 0];

internalField   nonuniform List<scalar> 
6000
(
54.0377
1.54519
0.183281
0.1689
0.160691
0.159349
0.165049
0.176883
0.191665
0.210255
0.23502
0.269209
0.301448
0.315913
0.314681
0.3066
0.301279
0.30835
0.302675
0.235848
0.183956
0.176919
0.17905
0.182585
0.185459
0.188095
0.191443
0.196488
0.203695
0.212997
0.222874
0.231471
0.238388
0.244587
0.251729
0.261778
0.274025
0.281601
0.280126
0.270865
0.241426
0.186767
0.169852
0.172007
0.178405
0.186229
0.192114
0.195245
0.197102
0.199002
0.201465
0.204601
0.208069
0.211613
0.214964
0.218034
0.221002
0.224092
0.228135
0.233748
0.240028
0.241716
0.238526
0.227846
0.199073
0.183939
0.184276
0.188833
0.192349
0.194279
0.194538
0.193812
0.192795
0.192325
0.194448
0.199447
0.205977
0.211764
0.213806
0.213318
0.21161
0.210418
0.211166
0.21534
0.221586
0.224628
0.221953
0.208933
0.185594
0.175895
0.173843
0.17619
0.18156
0.186547
0.190287
0.191709
0.192049
0.192642
0.194321
0.197038
0.199948
0.201837
0.202589
0.20243
0.202134
0.202625
0.205117
0.210224
0.213208
0.21492
0.209211
0.193098
0.182814
0.181865
0.183673
0.187574
0.191073
0.192355
0.19206
0.190969
0.189671
0.188569
0.188077
0.188724
0.190948
0.194501
0.197873
0.20049
0.201864
0.203205
0.204684
0.205404
0.204629
0.20214
0.192045
0.181493
0.179065
0.179756
0.180331
0.181366
0.181588
0.18073
0.179297
0.178004
0.177468
0.178091
0.180101
0.183887
0.18861
0.192454
0.195394
0.197386
0.198579
0.199529
0.200273
0.199893
0.197504
0.192293
0.180445
0.17089
0.169564
0.17024
0.172269
0.1755
0.178177
0.179589
0.180345
0.18059
0.180504
0.180528
0.181199
0.182885
0.185009
0.186364
0.18699
0.187127
0.187014
0.187076
0.187455
0.187442
0.186446
0.184081
0.177151
0.168515
0.165893
0.164841
0.164682
0.165765
0.167375
0.168432
0.16906
0.170267
0.171802
0.173353
0.174858
0.175876
0.176572
0.177148
0.177527
0.177703
0.178066
0.178991
0.180762
0.18304
0.184287
0.18467
0.18293
0.176586
0.168684
0.166527
0.165868
0.166196
0.166841
0.166667
0.165425
0.1638
0.162196
0.160992
0.160436
0.160605
0.161532
0.163198
0.165351
0.167524
0.169406
0.170854
0.171922
0.172398
0.172101
0.171132
0.168676
0.162363
0.155399
0.153218
0.152539
0.152779
0.153909
0.155607
0.156678
0.157516
0.158164
0.158655
0.159266
0.159873
0.16052
0.161472
0.163079
0.165236
0.166963
0.167815
0.168327
0.168802
0.169142
0.169175
0.169149
0.168272
0.164855
0.157663
0.151733
0.150125
0.149168
0.148819
0.149353
0.150458
0.151295
0.151591
0.151794
0.152136
0.152433
0.152959
0.153732
0.15475
0.155712
0.156176
0.156155
0.155971
0.15569
0.155451
0.155232
0.154873
0.153994
0.152313
0.148543
0.143007
0.140041
0.13928
0.138973
0.139445
0.140354
0.140642
0.140395
0.139859
0.139072
0.138447
0.138108
0.137782
0.137579
0.137755
0.138601
0.141242
53.999
1.61238
0.183237
0.169051
0.160901
0.159516
0.165187
0.177013
0.192022
0.210794
0.235386
0.268315
0.299513
0.313579
0.312554
0.306093
0.301578
0.308278
0.303238
0.239269
0.184156
0.177183
0.178954
0.182514
0.185402
0.188026
0.191537
0.196965
0.204598
0.213866
0.222875
0.230016
0.235968
0.241967
0.249353
0.259389
0.271239
0.279635
0.27889
0.270411
0.244231
0.19013
0.171131
0.173199
0.179428
0.186971
0.192321
0.194967
0.196645
0.198611
0.201281
0.204582
0.208163
0.21156
0.214577
0.217369
0.220104
0.223166
0.22748
0.23369
0.241339
0.244267
0.24077
0.22974
0.199754
0.183753
0.183989
0.188423
0.19185
0.193644
0.193777
0.193072
0.192282
0.192194
0.194534
0.199612
0.205876
0.211206
0.213131
0.212816
0.211416
0.210575
0.211848
0.216371
0.222824
0.225788
0.222997
0.210004
0.186501
0.176451
0.174542
0.177117
0.1826
0.187677
0.191196
0.192114
0.192224
0.192664
0.194277
0.19702
0.200015
0.202148
0.203131
0.203307
0.203299
0.204051
0.206582
0.211427
0.213869
0.214893
0.208999
0.192693
0.182431
0.1817
0.183268
0.186772
0.19
0.191193
0.190962
0.189989
0.188905
0.188255
0.188396
0.189647
0.192179
0.195497
0.198299
0.200201
0.201182
0.202454
0.204262
0.205013
0.204745
0.202236
0.191942
0.180954
0.178627
0.179008
0.179721
0.181135
0.181729
0.181052
0.179851
0.178814
0.178463
0.179193
0.181227
0.184801
0.18919
0.192481
0.194614
0.196118
0.197129
0.198324
0.199391
0.1992
0.196905
0.191979
0.180692
0.17122
0.169889
0.170606
0.172555
0.175527
0.177894
0.178939
0.179512
0.179877
0.179997
0.180286
0.181181
0.183007
0.185191
0.186624
0.187096
0.187294
0.187407
0.187804
0.188327
0.188017
0.186882
0.184308
0.177218
0.168588
0.166048
0.165189
0.165225
0.166495
0.168206
0.16922
0.169846
0.170724
0.171686
0.172893
0.174078
0.175005
0.175899
0.176828
0.177494
0.177837
0.178258
0.179168
0.180963
0.183104
0.184002
0.184029
0.182031
0.175448
0.167664
0.165602
0.165056
0.165548
0.166534
0.16674
0.165895
0.164583
0.163288
0.16233
0.16194
0.162245
0.163193
0.164796
0.166846
0.168827
0.170384
0.171535
0.172433
0.172879
0.172588
0.171635
0.169222
0.163002
0.156127
0.154074
0.153518
0.153877
0.155179
0.157005
0.15805
0.158631
0.158892
0.159034
0.15936
0.159822
0.160451
0.161447
0.16314
0.165341
0.166944
0.167575
0.167828
0.168044
0.168296
0.168334
0.168228
0.167597
0.164845
0.158387
0.151977
0.150014
0.149231
0.149048
0.149678
0.150934
0.15186
0.152097
0.152207
0.1524
0.152587
0.152974
0.153606
0.154526
0.15553
0.156122
0.156167
0.155982
0.155691
0.155448
0.15519
0.15472
0.15381
0.152111
0.148358
0.142988
0.140272
0.139716
0.139611
0.140231
0.141258
0.141631
0.141327
0.140738
0.139864
0.139168
0.138775
0.138467
0.138296
0.138487
0.139328
0.141927
54.0847
1.54149
0.181748
0.168945
0.161368
0.160047
0.165727
0.177779
0.193173
0.212226
0.236273
0.266774
0.295937
0.309597
0.309455
0.305763
0.30264
0.306891
0.302196
0.244952
0.185266
0.178317
0.179078
0.182449
0.185411
0.188231
0.192369
0.198562
0.206703
0.215258
0.22223
0.227261
0.232165
0.238232
0.246255
0.256094
0.267057
0.276062
0.276506
0.269379
0.248324
0.196431
0.173574
0.175242
0.181033
0.187758
0.192134
0.194311
0.196017
0.198293
0.201351
0.204818
0.208212
0.211202
0.213804
0.216147
0.218522
0.221628
0.226387
0.233287
0.242353
0.247254
0.243503
0.23276
0.201413
0.183585
0.183523
0.187648
0.190884
0.192577
0.192689
0.19215
0.191754
0.192308
0.194896
0.1997
0.205267
0.209942
0.211944
0.212021
0.211104
0.210624
0.212444
0.217525
0.224323
0.227008
0.223803
0.211119
0.187479
0.177115
0.175734
0.178726
0.184317
0.189256
0.192078
0.192414
0.192283
0.192688
0.194256
0.197039
0.200234
0.202765
0.204132
0.2046
0.204762
0.205464
0.207991
0.212618
0.214451
0.21472
0.20862
0.192013
0.181993
0.181476
0.182708
0.185571
0.188323
0.189389
0.189272
0.188625
0.188063
0.188019
0.188923
0.190992
0.193882
0.196821
0.198869
0.199913
0.200437
0.201611
0.20401
0.204961
0.205016
0.202222
0.191829
0.180052
0.177723
0.17789
0.178846
0.180705
0.181863
0.181613
0.180803
0.18022
0.180249
0.181171
0.183267
0.186416
0.189859
0.192101
0.193387
0.194537
0.195518
0.196941
0.198205
0.198033
0.195858
0.191354
0.181028
0.171814
0.170482
0.171178
0.172826
0.175332
0.177215
0.177937
0.178375
0.178925
0.179435
0.180124
0.181261
0.18306
0.185118
0.186332
0.186759
0.187061
0.187574
0.188466
0.189416
0.189256
0.18788
0.184918
0.177433
0.168731
0.16636
0.165936
0.166261
0.167779
0.169713
0.17058
0.170872
0.171051
0.171429
0.171892
0.172701
0.173777
0.175115
0.176569
0.177664
0.178251
0.178699
0.179569
0.181264
0.183087
0.18369
0.183301
0.180916
0.17385
0.166176
0.164301
0.163913
0.16457
0.166024
0.166824
0.166485
0.165602
0.16473
0.164183
0.164105
0.164653
0.165649
0.16717
0.16908
0.170831
0.172014
0.172813
0.173435
0.173709
0.173287
0.172232
0.169832
0.163844
0.15712
0.155203
0.154855
0.155278
0.156709
0.158591
0.159438
0.159562
0.159391
0.159263
0.159281
0.159597
0.160224
0.161314
0.163203
0.165643
0.167099
0.167232
0.16706
0.166855
0.166841
0.166934
0.166704
0.166297
0.164459
0.159246
0.152639
0.150176
0.149503
0.149419
0.150183
0.15161
0.152651
0.152809
0.152821
0.152824
0.152805
0.152965
0.153361
0.154084
0.155067
0.155873
0.156105
0.155971
0.155721
0.155494
0.155211
0.15465
0.153709
0.151956
0.148169
0.143041
0.140687
0.140305
0.140327
0.141016
0.142132
0.142615
0.14233
0.14177
0.140936
0.140201
0.139818
0.139596
0.139513
0.139764
0.140644
0.143213
54.0241
1.60013
0.179826
0.169135
0.162396
0.160851
0.166795
0.179147
0.194931
0.214162
0.237364
0.264878
0.291483
0.305127
0.30625
0.305152
0.304296
0.306162
0.300646
0.250906
0.186355
0.178522
0.178499
0.181872
0.184986
0.188391
0.193412
0.200521
0.208986
0.21616
0.220652
0.223645
0.227322
0.233289
0.241723
0.251799
0.262357
0.271774
0.275055
0.269222
0.253068
0.204522
0.176932
0.177722
0.182863
0.188367
0.191692
0.193383
0.195152
0.197886
0.20151
0.205226
0.208417
0.210823
0.212749
0.214557
0.216672
0.219872
0.225125
0.232832
0.242969
0.249797
0.246391
0.236118
0.204374
0.183759
0.18319
0.186792
0.18973
0.191263
0.19133
0.191013
0.19108
0.19223
0.195035
0.19932
0.204011
0.207966
0.210131
0.210719
0.210511
0.21072
0.213289
0.218975
0.22593
0.228374
0.224801
0.212719
0.189208
0.178476
0.177803
0.181228
0.186824
0.19116
0.19287
0.192906
0.192576
0.192829
0.194374
0.197282
0.200758
0.203908
0.20578
0.206372
0.206334
0.206896
0.20945
0.21378
0.215024
0.21463
0.208115
0.191145
0.181474
0.181051
0.182193
0.184522
0.186857
0.187747
0.187592
0.187228
0.187206
0.187962
0.18983
0.192707
0.195834
0.198101
0.199092
0.199287
0.199539
0.200866
0.20372
0.205074
0.205484
0.202429
0.191981
0.179496
0.176666
0.176538
0.177714
0.180027
0.181841
0.182217
0.182025
0.181967
0.182466
0.183671
0.185677
0.188171
0.190385
0.191415
0.191854
0.192495
0.193446
0.194918
0.196502
0.19662
0.194763
0.19095
0.181718
0.172739
0.17128
0.171791
0.172955
0.175036
0.176583
0.177072
0.177448
0.178069
0.179072
0.180172
0.181549
0.183429
0.185345
0.186214
0.186314
0.186498
0.187229
0.188419
0.18981
0.190104
0.188837
0.185888
0.178179
0.16913
0.166762
0.166789
0.167455
0.16938
0.171533
0.172183
0.171959
0.171502
0.171086
0.171016
0.171525
0.172641
0.174363
0.176366
0.177878
0.178644
0.179127
0.179946
0.181463
0.182977
0.183263
0.182473
0.179675
0.17219
0.1647
0.163021
0.16282
0.163679
0.165618
0.167038
0.167194
0.166964
0.166726
0.166755
0.167203
0.168016
0.16907
0.170374
0.171888
0.173131
0.173826
0.174305
0.174756
0.174932
0.174417
0.173345
0.171023
0.165314
0.158733
0.156909
0.15673
0.157146
0.158567
0.160339
0.160918
0.160702
0.160149
0.159642
0.159405
0.159521
0.160018
0.161097
0.163089
0.165621
0.16675
0.166609
0.166063
0.165476
0.165256
0.16548
0.165511
0.165174
0.16386
0.159711
0.153259
0.150364
0.149887
0.150007
0.150972
0.15255
0.153543
0.153593
0.153394
0.153085
0.152839
0.152759
0.152897
0.15341
0.154385
0.155421
0.155941
0.155939
0.155766
0.155557
0.155251
0.154653
0.153717
0.151952
0.14818
0.143261
0.141219
0.141033
0.141142
0.14194
0.143207
0.143784
0.143579
0.143046
0.14235
0.141662
0.141332
0.141191
0.141168
0.14147
0.142381
0.144914
54.1741
1.43423
0.178703
0.170007
0.163983
0.161573
0.168013
0.180556
0.196676
0.21603
0.238351
0.262926
0.286687
0.30077
0.303888
0.304259
0.305261
0.30542
0.298619
0.255662
0.187944
0.177047
0.176635
0.179789
0.183483
0.187759
0.194277
0.202598
0.210958
0.216202
0.218599
0.220238
0.222901
0.228642
0.237509
0.24811
0.258321
0.267701
0.273838
0.269312
0.257246
0.213442
0.180672
0.180111
0.184418
0.188792
0.191298
0.192422
0.19412
0.197375
0.20168
0.205802
0.208838
0.210704
0.211894
0.213007
0.21466
0.217817
0.223336
0.231756
0.242758
0.25117
0.248814
0.239112
0.207921
0.18426
0.183014
0.18602
0.18872
0.190115
0.190167
0.19005
0.190618
0.192248
0.195036
0.19862
0.202328
0.205534
0.20772
0.208823
0.209348
0.210583
0.214225
0.220584
0.227706
0.229826
0.225904
0.214545
0.191381
0.180387
0.18065
0.184409
0.189445
0.192634
0.193416
0.193198
0.19281
0.193041
0.194674
0.197941
0.201974
0.205608
0.207567
0.207868
0.207535
0.207775
0.21023
0.2144
0.215479
0.214548
0.207643
0.190463
0.181007
0.180657
0.181755
0.183667
0.185587
0.186307
0.18617
0.186027
0.18656
0.188167
0.190968
0.194413
0.197446
0.198873
0.198904
0.198527
0.198504
0.200005
0.203102
0.205186
0.2062
0.203052
0.192603
0.179651
0.175887
0.175204
0.176495
0.179064
0.181374
0.182454
0.182986
0.183533
0.184562
0.186002
0.187752
0.189564
0.190523
0.190543
0.190287
0.190471
0.191215
0.192595
0.194662
0.195294
0.193975
0.190953
0.182697
0.173915
0.172209
0.172406
0.173125
0.174863
0.176126
0.17636
0.17665
0.177561
0.178827
0.180302
0.181711
0.183558
0.18529
0.185929
0.1859
0.185884
0.186468
0.187753
0.189423
0.19021
0.189282
0.186709
0.179293
0.169854
0.167396
0.167821
0.169128
0.17131
0.173359
0.173682
0.173025
0.171899
0.170971
0.170585
0.170855
0.171914
0.173835
0.176174
0.17798
0.178904
0.179423
0.180168
0.181491
0.182716
0.182707
0.181677
0.178636
0.171088
0.16377
0.162181
0.162108
0.163069
0.165266
0.167287
0.168037
0.16837
0.168665
0.169138
0.169834
0.170725
0.171703
0.172822
0.173898
0.174514
0.174744
0.174946
0.175302
0.175572
0.175229
0.174423
0.172416
0.167213
0.160766
0.158847
0.158693
0.159047
0.160377
0.161785
0.161918
0.161403
0.160607
0.159882
0.159487
0.159418
0.159831
0.160826
0.162741
0.165098
0.1659
0.165674
0.164891
0.164023
0.163548
0.163821
0.164266
0.164006
0.163178
0.159823
0.153787
0.150656
0.150384
0.150675
0.151819
0.153508
0.154254
0.154157
0.153716
0.153141
0.152651
0.152351
0.152272
0.152605
0.153551
0.154845
0.155759
0.15595
0.155842
0.155658
0.155363
0.154775
0.15388
0.152132
0.14832
0.14349
0.141719
0.141677
0.141852
0.142775
0.144176
0.144786
0.144699
0.144209
0.143629
0.142972
0.142726
0.142723
0.142829
0.143274
0.144266
0.146818
54.1704
1.43561
0.179305
0.171672
0.165533
0.161976
0.168772
0.181459
0.198019
0.217567
0.238959
0.260973
0.282133
0.296924
0.301352
0.304039
0.305466
0.304634
0.296222
0.258802
0.189123
0.173653
0.173566
0.177203
0.182003
0.187849
0.195637
0.20457
0.211982
0.215401
0.21647
0.217253
0.219505
0.225338
0.234772
0.245936
0.255878
0.264927
0.272747
0.269899
0.260549
0.221662
0.184576
0.182
0.18528
0.188963
0.190927
0.191597
0.193136
0.196737
0.201836
0.206621
0.209619
0.211006
0.21166
0.212229
0.213339
0.216005
0.221182
0.229779
0.241517
0.251226
0.25029
0.241593
0.211492
0.185008
0.183022
0.18538
0.187971
0.189357
0.189498
0.189641
0.190533
0.192386
0.194929
0.197765
0.200591
0.203127
0.205166
0.206645
0.207972
0.210235
0.214939
0.221882
0.229249
0.231287
0.22717
0.21655
0.19378
0.183086
0.183965
0.187452
0.191234
0.193338
0.193694
0.193271
0.192866
0.193272
0.195302
0.199097
0.203629
0.207276
0.208779
0.208784
0.208211
0.208283
0.210626
0.214604
0.215569
0.214422
0.207334
0.190166
0.180435
0.179993
0.181189
0.183044
0.184869
0.185585
0.18552
0.185599
0.186517
0.188708
0.192021
0.195541
0.198164
0.199017
0.19854
0.197751
0.197477
0.199052
0.202562
0.205529
0.20723
0.204166
0.193913
0.180383
0.175673
0.174445
0.175595
0.178039
0.180629
0.182515
0.183873
0.185192
0.186639
0.187969
0.189133
0.19008
0.190315
0.189825
0.189055
0.188692
0.189181
0.19051
0.192949
0.194222
0.193696
0.191248
0.183739
0.174889
0.172844
0.172506
0.17288
0.174355
0.175513
0.175789
0.176077
0.177166
0.17852
0.18027
0.18168
0.183337
0.184844
0.185357
0.185182
0.18507
0.18562
0.186744
0.188465
0.189534
0.18898
0.186933
0.180392
0.170902
0.168393
0.169109
0.170871
0.172992
0.174789
0.174923
0.17393
0.172477
0.171266
0.170698
0.170811
0.171787
0.173704
0.176096
0.178035
0.179046
0.17958
0.180159
0.181182
0.18215
0.182035
0.181056
0.178138
0.170812
0.163563
0.161996
0.161969
0.162911
0.165184
0.167603
0.168867
0.169581
0.17019
0.170924
0.171701
0.172513
0.173381
0.174344
0.175004
0.175129
0.175031
0.174992
0.175241
0.175628
0.175542
0.175225
0.173768
0.169138
0.162769
0.160568
0.160305
0.160488
0.161628
0.162777
0.162802
0.162155
0.161203
0.160283
0.159624
0.159321
0.15953
0.160293
0.161991
0.164081
0.164746
0.164529
0.163726
0.162804
0.162202
0.162457
0.163115
0.163024
0.162512
0.159804
0.154236
0.151072
0.150904
0.151347
0.152586
0.154195
0.154687
0.154433
0.153814
0.15296
0.152232
0.15173
0.1515
0.151758
0.152703
0.154246
0.155519
0.155917
0.155871
0.155732
0.155525
0.155027
0.154275
0.152593
0.148687
0.143823
0.142093
0.142049
0.142289
0.14344
0.145014
0.145644
0.145558
0.14509
0.144562
0.143962
0.143722
0.143786
0.144019
0.144613
0.145645
0.148067
54.2136
1.42896
0.182302
0.173132
0.166344
0.161958
0.168902
0.181862
0.198932
0.218448
0.238803
0.259311
0.278655
0.293898
0.299411
0.303516
0.304764
0.303172
0.293784
0.260326
0.189758
0.169305
0.169302
0.173546
0.17989
0.187616
0.196648
0.205937
0.211745
0.214097
0.214847
0.215595
0.217995
0.223916
0.233592
0.245081
0.254802
0.263566
0.27204
0.270451
0.263032
0.227926
0.187475
0.182953
0.185428
0.188736
0.190556
0.191025
0.192525
0.196413
0.201977
0.20739
0.210548
0.211626
0.211948
0.21216
0.21289
0.214967
0.219292
0.227455
0.239393
0.250551
0.251139
0.24364
0.214612
0.185737
0.182954
0.184688
0.187264
0.188908
0.189319
0.189766
0.1909
0.19278
0.194996
0.197137
0.199216
0.201197
0.202985
0.204627
0.206647
0.209894
0.215346
0.222548
0.230178
0.232493
0.228486
0.218697
0.196475
0.186424
0.187089
0.18945
0.192098
0.193511
0.193611
0.193134
0.192874
0.193752
0.196328
0.200548
0.205191
0.208335
0.209384
0.209042
0.208317
0.208313
0.210424
0.214407
0.215608
0.214149
0.207083
0.19022
0.179879
0.179278
0.180534
0.182547
0.184644
0.185599
0.18575
0.18605
0.187187
0.189578
0.192789
0.195969
0.198113
0.198603
0.197974
0.197146
0.196779
0.198311
0.202199
0.205898
0.20808
0.205591
0.19586
0.181672
0.176083
0.174426
0.175214
0.177332
0.180016
0.182158
0.184386
0.186245
0.187889
0.1889
0.189574
0.190045
0.190058
0.189467
0.188593
0.187988
0.188018
0.18918
0.191672
0.19318
0.193625
0.191784
0.184809
0.175733
0.173246
0.172388
0.172581
0.173831
0.174961
0.175393
0.17583
0.177059
0.178452
0.180204
0.181493
0.182903
0.184148
0.18459
0.184418
0.184247
0.184566
0.185487
0.187165
0.188396
0.188113
0.186607
0.181235
0.172367
0.169668
0.170415
0.172224
0.174109
0.17567
0.17573
0.174654
0.173149
0.171911
0.171307
0.171418
0.172332
0.174127
0.176447
0.178355
0.179244
0.179577
0.179903
0.180653
0.181577
0.181601
0.180919
0.178343
0.171407
0.164138
0.162552
0.162481
0.163289
0.165426
0.168017
0.169491
0.170236
0.170863
0.171565
0.172331
0.173143
0.173967
0.174763
0.175177
0.1751
0.174824
0.174692
0.174945
0.175486
0.175586
0.175735
0.174767
0.170589
0.164213
0.161628
0.161145
0.161265
0.162312
0.1633
0.163352
0.16272
0.161666
0.16057
0.159693
0.159216
0.159159
0.159675
0.161055
0.162894
0.163578
0.163376
0.162681
0.161905
0.161361
0.16162
0.162288
0.162276
0.161899
0.159648
0.154559
0.151443
0.151323
0.15178
0.15301
0.154453
0.154757
0.154431
0.153699
0.152572
0.151689
0.151038
0.150711
0.150921
0.151877
0.153588
0.15513
0.155749
0.155784
0.155719
0.155685
0.155383
0.154884
0.153394
0.149376
0.144254
0.142431
0.142307
0.142542
0.14374
0.145304
0.145917
0.145786
0.145363
0.144846
0.144334
0.144215
0.144345
0.144573
0.145106
0.146024
0.148265
54.069
1.60387
0.184532
0.173578
0.165738
0.161111
0.168395
0.181818
0.19942
0.218615
0.237942
0.257637
0.276672
0.292053
0.297872
0.3025
0.303241
0.300714
0.290914
0.260021
0.189846
0.165311
0.164876
0.169594
0.177563
0.187251
0.197428
0.206604
0.211141
0.21318
0.214275
0.215379
0.218167
0.224243
0.233818
0.244922
0.254425
0.263274
0.271845
0.270916
0.264527
0.231494
0.188841
0.182983
0.184601
0.187758
0.189936
0.190759
0.192417
0.196347
0.202072
0.207729
0.21117
0.212318
0.212544
0.212727
0.213321
0.214904
0.218276
0.225361
0.237069
0.24901
0.251328
0.244696
0.216824
0.186433
0.1827
0.183876
0.186507
0.188673
0.189619
0.190487
0.191795
0.193547
0.195335
0.196987
0.198543
0.20006
0.201588
0.203227
0.205611
0.209389
0.215379
0.222497
0.230046
0.232725
0.22942
0.220655
0.199401
0.189157
0.189335
0.190331
0.192091
0.193258
0.193179
0.192734
0.192879
0.194424
0.197712
0.202163
0.206395
0.208821
0.209386
0.208698
0.207801
0.207758
0.209904
0.214064
0.215778
0.214075
0.207153
0.19094
0.179649
0.17871
0.180029
0.18229
0.184844
0.186205
0.186707
0.187257
0.188504
0.190603
0.193312
0.19589
0.197602
0.197943
0.197405
0.196703
0.196428
0.197798
0.201886
0.206102
0.208467
0.206862
0.197977
0.183311
0.176984
0.174999
0.175367
0.177123
0.179629
0.181696
0.184402
0.186244
0.187753
0.188424
0.188945
0.189583
0.189877
0.189646
0.188862
0.188042
0.187582
0.188448
0.190823
0.192478
0.193655
0.192295
0.185592
0.176262
0.173424
0.172129
0.172175
0.173327
0.174515
0.175222
0.17588
0.177199
0.178596
0.180104
0.181236
0.182425
0.183532
0.184022
0.18392
0.183712
0.183737
0.184322
0.185739
0.187191
0.187024
0.18607
0.181899
0.173997
0.170898
0.171385
0.172978
0.174715
0.176132
0.176112
0.175134
0.173835
0.172755
0.172278
0.172446
0.173504
0.175311
0.177477
0.179106
0.179641
0.179685
0.179792
0.180421
0.181316
0.18138
0.181079
0.178984
0.172662
0.165411
0.16367
0.163491
0.164129
0.166028
0.168457
0.169782
0.170358
0.17096
0.171594
0.172276
0.173011
0.173808
0.174597
0.174967
0.174779
0.174311
0.174022
0.174209
0.174929
0.175375
0.175822
0.175115
0.171209
0.164775
0.161942
0.161311
0.161365
0.162333
0.163307
0.16341
0.162884
0.161845
0.160738
0.15977
0.159128
0.158847
0.159156
0.160264
0.161866
0.162594
0.162397
0.161832
0.161265
0.160934
0.161267
0.16183
0.161901
0.161549
0.159347
0.154617
0.15173
0.15154
0.151849
0.153006
0.154279
0.15453
0.154195
0.153411
0.152105
0.151103
0.150393
0.150014
0.150212
0.151186
0.153003
0.154677
0.155354
0.155508
0.155633
0.155851
0.155825
0.155608
0.154431
0.150538
0.145006
0.142814
0.142527
0.142659
0.143657
0.144993
0.145528
0.145341
0.144992
0.1445
0.144146
0.144107
0.144215
0.144388
0.144761
0.145414
0.147478
54.0505
1.63641
0.185776
0.172372
0.16351
0.159932
0.167482
0.181505
0.199361
0.217992
0.236383
0.256035
0.275598
0.291066
0.296589
0.301014
0.300821
0.297076
0.287496
0.258399
0.189726
0.162575
0.161826
0.166905
0.17631
0.18729
0.197946
0.206081
0.210722
0.213204
0.214901
0.216761
0.220094
0.226054
0.234837
0.244973
0.254277
0.263501
0.271916
0.271121
0.264928
0.232712
0.188833
0.182051
0.182943
0.186123
0.18906
0.190711
0.192751
0.196605
0.202108
0.207674
0.211299
0.212821
0.213372
0.21379
0.214534
0.215728
0.218115
0.223765
0.234892
0.246956
0.250607
0.244761
0.21768
0.187086
0.182265
0.183004
0.185809
0.18864
0.190334
0.191689
0.193133
0.194697
0.196142
0.197431
0.198627
0.199798
0.20112
0.202718
0.205243
0.209233
0.215046
0.221679
0.229283
0.232417
0.23035
0.222448
0.201767
0.190764
0.190426
0.190509
0.191903
0.192826
0.192652
0.192344
0.192988
0.195287
0.199092
0.203432
0.206905
0.208636
0.208812
0.207764
0.206821
0.207041
0.209483
0.213817
0.216037
0.214435
0.207898
0.192356
0.18008
0.178535
0.179911
0.182546
0.185544
0.187285
0.188095
0.188755
0.189865
0.191554
0.193545
0.195484
0.196918
0.19737
0.197043
0.196513
0.196299
0.197616
0.201689
0.20609
0.208367
0.207592
0.199723
0.184995
0.178205
0.176239
0.176352
0.177875
0.180163
0.182019
0.184393
0.185664
0.186792
0.187224
0.187906
0.189035
0.190047
0.190086
0.18936
0.188317
0.187724
0.188349
0.190553
0.192158
0.193618
0.192651
0.185895
0.176383
0.173363
0.171783
0.171733
0.172907
0.174295
0.175358
0.176263
0.177555
0.178874
0.17992
0.180842
0.181857
0.182996
0.183686
0.183738
0.183491
0.183252
0.183507
0.184719
0.186318
0.186284
0.185768
0.182512
0.175335
0.171675
0.171999
0.173299
0.17495
0.176248
0.176275
0.175467
0.174432
0.173609
0.17338
0.1739
0.175084
0.17681
0.178772
0.179968
0.180098
0.179906
0.179866
0.18041
0.181364
0.181571
0.181615
0.180018
0.174282
0.167149
0.165018
0.164752
0.165191
0.16682
0.16887
0.169862
0.170245
0.170523
0.170801
0.171266
0.17184
0.172588
0.173492
0.174003
0.173861
0.173411
0.173127
0.173343
0.174133
0.174619
0.175154
0.174617
0.170946
0.164491
0.16154
0.160833
0.160837
0.161799
0.162845
0.162956
0.162536
0.161655
0.160627
0.159781
0.159098
0.158692
0.158852
0.159817
0.161179
0.161879
0.161671
0.161219
0.160879
0.160808
0.16127
0.161692
0.161896
0.161457
0.159142
0.154481
0.151681
0.151461
0.151733
0.152893
0.154011
0.154172
0.15379
0.152976
0.151616
0.150535
0.149862
0.149472
0.149669
0.150672
0.152554
0.154297
0.15501
0.15523
0.155532
0.156115
0.156396
0.156428
0.155553
0.151924
0.145993
0.143178
0.142722
0.142782
0.143615
0.1447
0.145105
0.14489
0.14447
0.143797
0.143414
0.143336
0.143319
0.143361
0.143558
0.143972
0.145961
54.0799
1.63097
0.187264
0.171557
0.162027
0.159716
0.167343
0.181621
0.199061
0.216871
0.234727
0.254512
0.274694
0.29012
0.295222
0.299171
0.297839
0.292788
0.283408
0.256085
0.189804
0.161307
0.161095
0.166978
0.176925
0.187712
0.197704
0.205071
0.210162
0.213577
0.216508
0.21946
0.22333
0.228897
0.236341
0.244781
0.253602
0.263704
0.271957
0.271233
0.264633
0.232385
0.188145
0.180334
0.180821
0.184166
0.188014
0.190799
0.193419
0.197108
0.201998
0.206975
0.210878
0.213084
0.214441
0.215355
0.216265
0.217083
0.218488
0.222842
0.2332
0.244689
0.249326
0.244227
0.217678
0.187547
0.181929
0.182134
0.185158
0.188826
0.191454
0.193297
0.194817
0.19622
0.197515
0.198625
0.199614
0.200567
0.20165
0.203163
0.205546
0.209176
0.214238
0.220447
0.227952
0.231413
0.231024
0.22359
0.203231
0.191931
0.190736
0.190532
0.191554
0.192272
0.192139
0.192065
0.193213
0.196145
0.200317
0.204384
0.207087
0.208152
0.207735
0.206495
0.205677
0.206245
0.209114
0.213778
0.216523
0.215273
0.209269
0.194322
0.1811
0.178875
0.180069
0.182958
0.1863
0.188435
0.189403
0.190181
0.191109
0.192246
0.193552
0.195019
0.196308
0.196911
0.196836
0.196503
0.196339
0.1975
0.201432
0.205873
0.207857
0.207687
0.20077
0.186358
0.179392
0.177635
0.17769
0.179257
0.181465
0.183127
0.184627
0.185258
0.185673
0.185881
0.186707
0.188339
0.189958
0.190446
0.190146
0.189116
0.188421
0.188919
0.190939
0.192269
0.193501
0.19248
0.185625
0.1761
0.173129
0.171567
0.171565
0.172851
0.174556
0.175836
0.176942
0.178067
0.178988
0.179629
0.180323
0.181285
0.182597
0.183587
0.183792
0.183552
0.18319
0.183203
0.184289
0.186028
0.186136
0.185937
0.183251
0.176324
0.172145
0.172228
0.173238
0.174815
0.176114
0.176239
0.175642
0.174903
0.174489
0.174613
0.175366
0.176601
0.178236
0.180082
0.180939
0.180782
0.180368
0.180189
0.18071
0.181817
0.182307
0.182678
0.181452
0.176091
0.168917
0.166343
0.166114
0.166331
0.167648
0.169244
0.169711
0.169594
0.16933
0.169271
0.169467
0.169845
0.170519
0.171618
0.172479
0.172638
0.172424
0.172253
0.172524
0.173217
0.173557
0.173876
0.173238
0.169635
0.163307
0.160393
0.159724
0.159739
0.160748
0.161904
0.162062
0.161882
0.161251
0.160373
0.159724
0.159129
0.158742
0.158856
0.159709
0.160932
0.161535
0.161322
0.160914
0.160661
0.160782
0.161291
0.161745
0.162082
0.161602
0.159126
0.154379
0.151538
0.151124
0.151277
0.152308
0.153383
0.153561
0.153163
0.152364
0.151096
0.150045
0.149433
0.149082
0.149334
0.150414
0.152355
0.154069
0.154788
0.155087
0.155528
0.156388
0.157128
0.157334
0.156636
0.153232
0.14693
0.143546
0.142972
0.142968
0.143718
0.144546
0.14459
0.144275
0.143597
0.142691
0.142153
0.141927
0.141754
0.141641
0.141771
0.142244
0.144471
54.0133
1.69931
0.187652
0.171054
0.161147
0.160479
0.168104
0.182183
0.198706
0.215719
0.233242
0.253145
0.273236
0.288675
0.293518
0.297222
0.295046
0.288861
0.279611
0.253923
0.190406
0.161246
0.162056
0.168658
0.178592
0.188127
0.196288
0.203162
0.209029
0.213999
0.218588
0.222788
0.227239
0.232274
0.237924
0.244306
0.252491
0.263183
0.271209
0.271754
0.264294
0.231363
0.187578
0.178813
0.178634
0.182066
0.186822
0.19094
0.194301
0.197805
0.201695
0.205706
0.209616
0.212853
0.21535
0.217208
0.218366
0.218954
0.219674
0.222954
0.23216
0.242192
0.247327
0.242912
0.21696
0.187698
0.181737
0.181434
0.184604
0.189136
0.19271
0.195283
0.196938
0.198203
0.199376
0.200435
0.201384
0.202378
0.203503
0.205104
0.207225
0.209996
0.213465
0.218684
0.226252
0.230037
0.231208
0.223758
0.203528
0.192138
0.19037
0.190145
0.19108
0.191817
0.191822
0.191975
0.19346
0.196721
0.200984
0.204705
0.206681
0.207137
0.206418
0.205217
0.204668
0.205624
0.208895
0.213876
0.217133
0.216281
0.210945
0.19653
0.182391
0.179577
0.18033
0.183125
0.186678
0.189208
0.190486
0.191333
0.192007
0.192685
0.193547
0.194742
0.195997
0.196713
0.196814
0.196615
0.196519
0.197629
0.201341
0.205601
0.207285
0.207285
0.20106
0.187155
0.180204
0.178731
0.178873
0.180677
0.182974
0.184285
0.184821
0.185031
0.184793
0.184754
0.185563
0.187527
0.189629
0.190664
0.190899
0.19027
0.189596
0.190024
0.191865
0.192861
0.193427
0.191984
0.18473
0.175387
0.172806
0.171621
0.171815
0.173336
0.175327
0.17673
0.177711
0.178501
0.178925
0.179309
0.179844
0.18082
0.182313
0.183646
0.184088
0.183967
0.183633
0.183581
0.184697
0.186598
0.186843
0.186801
0.184172
0.177009
0.172233
0.172139
0.172812
0.174286
0.17574
0.176104
0.17584
0.175472
0.175446
0.17583
0.17654
0.17766
0.179362
0.181046
0.181654
0.181368
0.180934
0.180819
0.181357
0.182554
0.183398
0.183918
0.182915
0.177858
0.170211
0.167208
0.167188
0.167274
0.168167
0.169118
0.16916
0.168619
0.167959
0.167545
0.16741
0.167689
0.168407
0.169722
0.171053
0.171604
0.171633
0.171597
0.171857
0.172387
0.17253
0.172431
0.171497
0.167709
0.161352
0.158575
0.158049
0.158238
0.159419
0.160788
0.16107
0.161048
0.160619
0.159904
0.159477
0.15909
0.158867
0.159012
0.159931
0.161125
0.161632
0.161365
0.160981
0.16081
0.160983
0.161548
0.162098
0.162555
0.162023
0.159314
0.154337
0.151379
0.150717
0.150704
0.151605
0.152647
0.15283
0.152428
0.151691
0.150591
0.14968
0.149174
0.148916
0.149273
0.150497
0.152508
0.154182
0.154918
0.155308
0.155862
0.156861
0.157836
0.158044
0.157336
0.153936
0.147382
0.143731
0.143117
0.143059
0.143675
0.144278
0.144088
0.143546
0.142527
0.141425
0.140697
0.140309
0.140027
0.139812
0.139937
0.140532
0.142936
54.0017
1.70892
0.187629
0.17098
0.160641
0.16193
0.169474
0.183107
0.198633
0.214854
0.231877
0.251472
0.271017
0.286741
0.291541
0.295197
0.292845
0.286215
0.277026
0.252907
0.192328
0.162746
0.164472
0.171574
0.180693
0.188493
0.194817
0.200924
0.207385
0.213935
0.220249
0.226079
0.231148
0.235466
0.239205
0.243613
0.250727
0.261762
0.269725
0.272537
0.264
0.230867
0.187229
0.177629
0.176953
0.180435
0.185947
0.191064
0.195366
0.198694
0.201392
0.204246
0.207743
0.211772
0.215777
0.218878
0.220545
0.22117
0.221536
0.223876
0.231461
0.239831
0.244825
0.241038
0.215758
0.187539
0.181523
0.18089
0.184196
0.189563
0.194027
0.197534
0.199323
0.200291
0.201151
0.202086
0.203177
0.20449
0.206091
0.208337
0.210376
0.212341
0.213915
0.217365
0.22432
0.228231
0.230467
0.222835
0.202561
0.191304
0.189338
0.18944
0.190678
0.191615
0.191761
0.192103
0.193716
0.196895
0.200845
0.204015
0.205529
0.205807
0.20518
0.204187
0.203877
0.205256
0.208863
0.214179
0.217845
0.217188
0.212408
0.198367
0.183399
0.180129
0.180585
0.183302
0.187021
0.189715
0.191103
0.191889
0.192425
0.19293
0.193682
0.194838
0.196124
0.196835
0.19693
0.196796
0.196758
0.197808
0.20116
0.205104
0.206536
0.206627
0.200707
0.187276
0.180467
0.179441
0.179796
0.181838
0.184283
0.185317
0.185496
0.184896
0.184234
0.184011
0.184758
0.186748
0.189056
0.19065
0.191417
0.191639
0.191211
0.191612
0.193204
0.193948
0.193531
0.191432
0.183725
0.1745
0.172336
0.171836
0.172428
0.174322
0.176556
0.177835
0.178484
0.178763
0.178842
0.179032
0.179549
0.180674
0.18238
0.183983
0.184668
0.18476
0.184613
0.184694
0.18596
0.187963
0.188287
0.18816
0.185314
0.177623
0.172206
0.171833
0.172038
0.173395
0.175224
0.17599
0.176033
0.176171
0.17642
0.176779
0.177283
0.178234
0.179905
0.181555
0.182035
0.181771
0.18147
0.181575
0.182213
0.183418
0.184287
0.184462
0.183516
0.178969
0.171175
0.167766
0.167574
0.167889
0.168499
0.168984
0.168644
0.167692
0.166643
0.165831
0.165424
0.16565
0.166538
0.168224
0.170012
0.170967
0.171153
0.171142
0.171295
0.171646
0.17164
0.171068
0.169772
0.165825
0.159445
0.156728
0.156406
0.156739
0.15809
0.159704
0.160173
0.16025
0.159932
0.15945
0.159167
0.158936
0.158833
0.159192
0.160401
0.161698
0.162114
0.16173
0.161357
0.161191
0.161411
0.162002
0.162609
0.163045
0.162491
0.159666
0.154381
0.151178
0.150354
0.150174
0.150931
0.151934
0.152161
0.15176
0.151092
0.150215
0.149529
0.14915
0.149091
0.149602
0.151
0.153069
0.154718
0.155482
0.155923
0.156507
0.157527
0.158342
0.158273
0.157375
0.153829
0.147246
0.143752
0.143241
0.143229
0.143672
0.143873
0.143456
0.142653
0.141463
0.140336
0.139586
0.13917
0.138809
0.138518
0.13866
0.139443
0.142047
54.0252
1.69373
0.187891
0.171625
0.161201
0.162593
0.170948
0.184237
0.198966
0.214351
0.23069
0.249413
0.268572
0.28463
0.289892
0.293411
0.291722
0.28537
0.276228
0.254013
0.196768
0.166517
0.167959
0.174705
0.182482
0.188617
0.193692
0.198964
0.205274
0.212802
0.220664
0.227999
0.233944
0.237836
0.240196
0.242949
0.248587
0.259307
0.267816
0.272445
0.264518
0.231727
0.18764
0.176963
0.175914
0.179674
0.185819
0.191671
0.196551
0.199568
0.201242
0.202995
0.205754
0.210034
0.215417
0.220103
0.222642
0.223467
0.2236
0.22528
0.231319
0.237827
0.242106
0.238657
0.214304
0.18721
0.18137
0.180638
0.184082
0.190047
0.195212
0.199419
0.201335
0.202011
0.202457
0.203144
0.204285
0.205906
0.208272
0.211323
0.213776
0.215177
0.215545
0.217526
0.223301
0.226643
0.228922
0.220963
0.20046
0.189799
0.187997
0.188439
0.190075
0.191356
0.191733
0.192207
0.193717
0.196536
0.199972
0.202744
0.204182
0.204479
0.204092
0.203515
0.203566
0.205188
0.209008
0.214598
0.21836
0.217801
0.213517
0.199837
0.184475
0.181101
0.181469
0.183737
0.187157
0.189663
0.191
0.191758
0.192338
0.193
0.193951
0.195316
0.196651
0.197248
0.197194
0.196965
0.196954
0.19797
0.201168
0.204829
0.206172
0.205885
0.19992
0.186713
0.180249
0.17977
0.180538
0.182711
0.185076
0.185897
0.185597
0.184747
0.183962
0.183697
0.184448
0.186306
0.188574
0.190322
0.191798
0.192522
0.192935
0.193543
0.194671
0.195199
0.193938
0.191187
0.1831
0.173736
0.171744
0.172116
0.173285
0.175644
0.17801
0.178998
0.179277
0.179095
0.178839
0.178827
0.179386
0.180791
0.182822
0.184659
0.185498
0.185831
0.185954
0.186323
0.187765
0.189742
0.190072
0.189728
0.186523
0.178217
0.172018
0.171235
0.171141
0.172347
0.174358
0.175585
0.176195
0.176696
0.17708
0.177357
0.177606
0.178321
0.179942
0.181517
0.182068
0.181776
0.181647
0.182098
0.1829
0.183924
0.184775
0.184364
0.183085
0.179028
0.171521
0.168023
0.167666
0.168008
0.168491
0.16881
0.168182
0.166914
0.165437
0.164246
0.163653
0.163937
0.165116
0.167259
0.169513
0.170654
0.170881
0.170799
0.170774
0.170954
0.170885
0.17
0.168427
0.164355
0.157939
0.155241
0.15511
0.15554
0.157012
0.158788
0.159464
0.159541
0.159232
0.158884
0.158613
0.158472
0.158553
0.159215
0.160851
0.162448
0.162823
0.162466
0.162033
0.161817
0.161947
0.162461
0.163
0.163341
0.162795
0.159944
0.15443
0.151057
0.150234
0.149915
0.150491
0.151375
0.151686
0.151278
0.150725
0.150082
0.149668
0.149451
0.149607
0.150332
0.151872
0.153931
0.155518
0.156276
0.156716
0.15726
0.157993
0.158367
0.157997
0.156813
0.153069
0.146684
0.143516
0.14308
0.143058
0.143373
0.143417
0.142884
0.142086
0.140972
0.139827
0.139019
0.138584
0.138207
0.137899
0.138096
0.13911
0.141845
53.9803
1.71823
0.188358
0.172705
0.16142
0.16255
0.171258
0.184693
0.199478
0.214273
0.229514
0.246988
0.265914
0.282361
0.289175
0.2925
0.291635
0.286613
0.277946
0.258489
0.204309
0.171448
0.171837
0.177206
0.183706
0.189146
0.193502
0.197798
0.203233
0.210656
0.219526
0.228199
0.234914
0.238641
0.240345
0.242065
0.246418
0.256568
0.266106
0.27244
0.265949
0.233861
0.188799
0.176972
0.175657
0.179663
0.186276
0.192682
0.197768
0.200181
0.201211
0.202183
0.204153
0.208202
0.214257
0.220373
0.224311
0.225694
0.22577
0.226608
0.231219
0.236424
0.239814
0.236283
0.212698
0.186661
0.18123
0.18063
0.184263
0.190591
0.196088
0.200503
0.202439
0.202879
0.203033
0.203476
0.204603
0.20675
0.209909
0.213325
0.215861
0.216796
0.216902
0.218597
0.223712
0.226171
0.227301
0.218403
0.197213
0.187653
0.186369
0.187283
0.189388
0.191049
0.191724
0.19225
0.193427
0.195579
0.198339
0.200822
0.202438
0.203135
0.203163
0.203085
0.203583
0.205379
0.209174
0.214807
0.218449
0.217976
0.214063
0.200798
0.185264
0.181857
0.182269
0.184085
0.186942
0.189084
0.190274
0.191111
0.191996
0.193078
0.194425
0.195988
0.197235
0.197721
0.197504
0.197145
0.197132
0.198271
0.201455
0.204864
0.20611
0.205121
0.198775
0.185768
0.179802
0.179764
0.180943
0.18323
0.185491
0.186224
0.185794
0.184847
0.18403
0.183759
0.184523
0.186276
0.188432
0.19014
0.191985
0.193141
0.194381
0.195286
0.196175
0.196545
0.194798
0.191374
0.183126
0.173518
0.171433
0.172199
0.173951
0.176736
0.179143
0.180107
0.180106
0.179603
0.179047
0.178858
0.179449
0.181171
0.183564
0.185545
0.186508
0.187072
0.187482
0.188102
0.189635
0.191383
0.191575
0.190972
0.187338
0.178407
0.171699
0.170515
0.170262
0.171284
0.173369
0.174964
0.176065
0.176734
0.177329
0.177458
0.177504
0.178155
0.179654
0.180858
0.181393
0.181284
0.181562
0.182298
0.183177
0.183975
0.184465
0.183683
0.181974
0.177989
0.170863
0.167386
0.167104
0.16776
0.168334
0.168541
0.167682
0.166123
0.164414
0.163091
0.162457
0.162833
0.164286
0.166811
0.169343
0.170507
0.170742
0.170565
0.17038
0.170445
0.170424
0.169446
0.167728
0.16348
0.156906
0.154179
0.154134
0.154703
0.156281
0.158164
0.159015
0.159071
0.158786
0.158415
0.158138
0.158057
0.15826
0.15915
0.16114
0.163154
0.163623
0.16345
0.162999
0.162658
0.162533
0.16284
0.16328
0.16343
0.162959
0.160182
0.154537
0.151118
0.150378
0.150004
0.150449
0.151247
0.151563
0.151192
0.150697
0.150225
0.150043
0.150076
0.150473
0.151404
0.152982
0.154936
0.156416
0.157115
0.157493
0.157867
0.158137
0.158156
0.157456
0.15592
0.15179
0.145614
0.142955
0.142642
0.142708
0.143269
0.143527
0.143086
0.142237
0.140954
0.139681
0.138929
0.138551
0.138251
0.138042
0.138371
0.139635
0.142261
53.9636
1.69911
0.188573
0.173359
0.160913
0.161665
0.17017
0.183704
0.198856
0.213822
0.228361
0.244603
0.262938
0.279874
0.289272
0.292658
0.293028
0.290391
0.283473
0.266967
0.214377
0.176049
0.175113
0.178839
0.184765
0.190004
0.1939
0.1974
0.201689
0.207949
0.216732
0.226348
0.234005
0.237945
0.239556
0.24085
0.244625
0.254494
0.265254
0.27227
0.267918
0.23719
0.190767
0.177764
0.176373
0.180576
0.187576
0.194093
0.198893
0.200661
0.201276
0.201803
0.203136
0.206695
0.212795
0.219789
0.225059
0.22714
0.227321
0.227647
0.231429
0.236077
0.238563
0.234657
0.21116
0.185965
0.181162
0.180896
0.184697
0.191067
0.196341
0.20053
0.202134
0.202521
0.202679
0.203117
0.204378
0.206997
0.210747
0.214243
0.216407
0.217021
0.217431
0.219766
0.224713
0.226633
0.226372
0.215699
0.193384
0.184995
0.184358
0.185674
0.18826
0.190306
0.191248
0.191864
0.192773
0.194332
0.1965
0.198751
0.200546
0.201744
0.202463
0.203035
0.203982
0.20587
0.209399
0.214802
0.218012
0.217296
0.213633
0.200867
0.185274
0.181896
0.182456
0.18396
0.186395
0.188319
0.18937
0.190259
0.19142
0.192909
0.194615
0.196356
0.197742
0.198163
0.197854
0.197459
0.197458
0.198668
0.201882
0.205022
0.206074
0.204381
0.197555
0.184656
0.179152
0.179325
0.180865
0.18325
0.185474
0.186188
0.18576
0.184895
0.184246
0.184152
0.184967
0.186764
0.188876
0.190543
0.19229
0.193712
0.195296
0.196492
0.197641
0.197987
0.196074
0.192272
0.183859
0.173975
0.171628
0.17245
0.174547
0.177662
0.179957
0.180772
0.180804
0.180209
0.17953
0.179282
0.179948
0.181901
0.18456
0.186654
0.187661
0.188336
0.18887
0.189528
0.190902
0.192351
0.192354
0.191426
0.187502
0.178329
0.171402
0.170026
0.169614
0.170512
0.172449
0.174166
0.175379
0.17616
0.176828
0.176863
0.176877
0.177554
0.178939
0.18
0.180205
0.180274
0.180945
0.181897
0.182634
0.183108
0.183186
0.182134
0.180162
0.176189
0.169401
0.165578
0.165412
0.166333
0.167247
0.167722
0.167058
0.165556
0.163953
0.162705
0.16215
0.162617
0.164243
0.167
0.169555
0.17054
0.170768
0.170492
0.170222
0.170281
0.170361
0.16944
0.167663
0.16329
0.156567
0.153749
0.1537
0.154344
0.156009
0.157972
0.158917
0.158973
0.158663
0.158187
0.157922
0.157883
0.158182
0.15922
0.161405
0.163826
0.164501
0.164549
0.16412
0.163639
0.163305
0.163401
0.163718
0.163645
0.163131
0.160341
0.154616
0.151272
0.150645
0.15029
0.150678
0.151455
0.151771
0.151439
0.150961
0.150691
0.150658
0.150913
0.151512
0.152493
0.154006
0.155888
0.157276
0.157853
0.158036
0.158074
0.158093
0.157721
0.156783
0.154786
0.15019
0.144544
0.142585
0.142424
0.142576
0.143433
0.144065
0.143791
0.142947
0.141572
0.14017
0.13939
0.139068
0.13891
0.138887
0.139382
0.140747
0.143002
53.9306
1.73521
0.190108
0.175192
0.160688
0.160379
0.167332
0.180781
0.196296
0.212091
0.227219
0.242553
0.260043
0.278195
0.290421
0.294291
0.296361
0.295737
0.291704
0.277784
0.225491
0.179834
0.17712
0.179729
0.185286
0.190536
0.194338
0.197376
0.200636
0.205445
0.213014
0.222449
0.231058
0.236016
0.238441
0.240002
0.243681
0.253149
0.264807
0.271409
0.269507
0.241221
0.193448
0.179291
0.178127
0.182504
0.18959
0.195773
0.199769
0.201036
0.20141
0.201719
0.202684
0.205778
0.211622
0.218772
0.224809
0.227415
0.227801
0.22832
0.232351
0.236996
0.238838
0.234213
0.209841
0.185288
0.181234
0.181424
0.185267
0.191218
0.196007
0.199474
0.200834
0.201243
0.201589
0.202242
0.203794
0.206684
0.210676
0.214213
0.216158
0.216747
0.217432
0.22058
0.225719
0.227238
0.225998
0.213523
0.19015
0.182627
0.182301
0.18377
0.186601
0.188923
0.190161
0.19098
0.191832
0.193054
0.19477
0.196771
0.198768
0.200577
0.202029
0.203319
0.204684
0.20648
0.209492
0.214285
0.216996
0.216067
0.212474
0.200181
0.184727
0.181476
0.182161
0.183625
0.185914
0.187713
0.188639
0.189365
0.190503
0.192189
0.194188
0.196155
0.19785
0.19853
0.198323
0.197981
0.198016
0.199289
0.202344
0.204991
0.205719
0.203616
0.196509
0.183754
0.178562
0.178792
0.180355
0.182613
0.184837
0.185696
0.185441
0.18482
0.184415
0.184644
0.185683
0.187709
0.18995
0.191606
0.19295
0.194266
0.1958
0.197231
0.198767
0.199277
0.197503
0.193836
0.185208
0.175109
0.172517
0.17326
0.175264
0.17825
0.180426
0.181121
0.180995
0.180574
0.180174
0.18013
0.180932
0.182971
0.185727
0.187884
0.188739
0.189227
0.189685
0.190248
0.191424
0.192603
0.192367
0.191234
0.187284
0.178186
0.171246
0.169869
0.169439
0.170128
0.171754
0.173296
0.174149
0.174817
0.175296
0.175451
0.175664
0.176647
0.177907
0.178759
0.178824
0.179046
0.179584
0.180248
0.180794
0.181079
0.180979
0.179937
0.17795
0.174233
0.167633
0.163275
0.162992
0.163792
0.165075
0.166236
0.166194
0.165225
0.164029
0.163127
0.162817
0.163426
0.165181
0.167997
0.170225
0.170819
0.170767
0.170481
0.170351
0.170575
0.170721
0.169907
0.168202
0.163777
0.156949
0.154056
0.153951
0.154577
0.156265
0.158238
0.159172
0.159234
0.158916
0.158358
0.158068
0.158073
0.158484
0.159624
0.16195
0.164615
0.165592
0.165782
0.165368
0.164793
0.164332
0.164284
0.164398
0.164142
0.163383
0.160244
0.154382
0.151343
0.150888
0.150627
0.151061
0.151889
0.15223
0.151961
0.151589
0.151402
0.151469
0.151803
0.152389
0.153285
0.154665
0.15634
0.157564
0.158111
0.158224
0.1581
0.157848
0.157154
0.155895
0.153605
0.149063
0.144141
0.14259
0.142455
0.142652
0.143703
0.144774
0.144833
0.14418
0.142987
0.141537
0.140596
0.140269
0.1402
0.140312
0.140894
0.142049
0.143857
53.8797
1.79569
0.193461
0.177864
0.161329
0.159127
0.163869
0.175931
0.191561
0.208393
0.224704
0.240851
0.25841
0.277945
0.292896
0.297665
0.301281
0.302585
0.301176
0.288149
0.236102
0.182823
0.177426
0.179771
0.185338
0.190697
0.19448
0.197166
0.199755
0.20332
0.209094
0.217318
0.226435
0.233215
0.237283
0.239909
0.243838
0.252961
0.264601
0.270236
0.269942
0.24504
0.196595
0.181248
0.180658
0.185192
0.192096
0.197591
0.200487
0.201318
0.201538
0.201726
0.202602
0.205479
0.211039
0.217958
0.224078
0.227053
0.22775
0.228852
0.233876
0.238896
0.239978
0.23454
0.208848
0.184749
0.181396
0.182005
0.185774
0.190958
0.194993
0.197534
0.198781
0.199404
0.200044
0.201096
0.203084
0.206189
0.210173
0.213562
0.215336
0.215919
0.217023
0.220867
0.226286
0.227369
0.225675
0.21198
0.18814
0.181265
0.180867
0.182167
0.184861
0.187164
0.188606
0.189731
0.190771
0.191963
0.193426
0.19519
0.197262
0.199587
0.201906
0.203839
0.205531
0.207009
0.209251
0.212995
0.215439
0.214495
0.211021
0.199201
0.184122
0.180954
0.181728
0.183411
0.185845
0.187687
0.188408
0.188718
0.189422
0.190899
0.193079
0.195501
0.19773
0.198869
0.19892
0.198727
0.19886
0.199966
0.20268
0.204745
0.204947
0.202872
0.195821
0.183225
0.1782
0.17841
0.179659
0.181731
0.184024
0.185119
0.185125
0.184806
0.184677
0.185218
0.18664
0.189025
0.191565
0.193168
0.194098
0.194962
0.196073
0.197647
0.199603
0.200221
0.198815
0.195634
0.186718
0.176645
0.174414
0.174838
0.1762
0.178558
0.180454
0.181039
0.181049
0.180912
0.180889
0.181194
0.182197
0.184228
0.186916
0.18882
0.189389
0.189665
0.190035
0.190453
0.1913
0.192132
0.191707
0.19046
0.186617
0.177929
0.171197
0.169984
0.169596
0.170118
0.171379
0.172311
0.172643
0.172825
0.173147
0.17349
0.173996
0.1752
0.176713
0.177552
0.177434
0.177513
0.177619
0.177727
0.178105
0.17839
0.178407
0.177539
0.17577
0.172347
0.16615
0.161566
0.160885
0.161245
0.162492
0.164232
0.165
0.164821
0.164314
0.163994
0.164207
0.165086
0.166926
0.169561
0.171266
0.171427
0.171109
0.170754
0.170786
0.171196
0.171372
0.170829
0.16927
0.164881
0.158058
0.155052
0.154743
0.155225
0.156825
0.158796
0.159727
0.159795
0.159557
0.159006
0.158687
0.158671
0.159144
0.160464
0.162966
0.165803
0.166995
0.16716
0.166767
0.166091
0.165534
0.165326
0.165113
0.164671
0.163559
0.159916
0.153988
0.151397
0.151032
0.150844
0.151355
0.152338
0.152769
0.152618
0.152347
0.152203
0.152223
0.15242
0.152896
0.153736
0.155075
0.1566
0.157552
0.157939
0.157964
0.157775
0.157282
0.156389
0.155081
0.152932
0.148829
0.144312
0.142886
0.142718
0.142947
0.144042
0.145455
0.145937
0.145604
0.144847
0.143739
0.142744
0.142304
0.142215
0.142311
0.142729
0.143519
0.144977
53.8422
1.83975
0.196948
0.180825
0.162287
0.158821
0.16111
0.170699
0.185111
0.202614
0.22078
0.239089
0.258723
0.279547
0.296433
0.302434
0.307002
0.309477
0.309766
0.296498
0.244969
0.185334
0.177193
0.179282
0.184806
0.190267
0.194165
0.196751
0.198853
0.201453
0.205718
0.212569
0.221441
0.230115
0.236288
0.240535
0.245179
0.253879
0.265105
0.269176
0.269198
0.247656
0.199597
0.183152
0.18343
0.188091
0.194601
0.199242
0.20119
0.201611
0.201658
0.20177
0.202639
0.205542
0.210992
0.217499
0.223221
0.226385
0.227495
0.229473
0.235579
0.2411
0.241591
0.235353
0.208253
0.18437
0.181594
0.182476
0.186073
0.190454
0.193478
0.195245
0.196388
0.197319
0.198361
0.199887
0.202283
0.205577
0.209327
0.212305
0.213923
0.214596
0.216068
0.220564
0.226367
0.227044
0.225168
0.210864
0.18686
0.180598
0.180243
0.181373
0.183753
0.185762
0.187213
0.188625
0.18998
0.19125
0.192542
0.194037
0.196028
0.198732
0.201768
0.204326
0.206285
0.207341
0.208815
0.211623
0.213967
0.213087
0.209863
0.198757
0.184102
0.180794
0.18153
0.183194
0.185713
0.187571
0.188148
0.188187
0.188451
0.189454
0.191481
0.19434
0.197313
0.19915
0.199718
0.199743
0.199702
0.20041
0.202585
0.204297
0.204042
0.202208
0.195433
0.183092
0.178079
0.178177
0.178921
0.180675
0.182942
0.184285
0.184651
0.184701
0.184927
0.185753
0.187573
0.190326
0.1932
0.194826
0.195436
0.195714
0.196306
0.197814
0.199994
0.200683
0.199875
0.197116
0.188355
0.178598
0.176722
0.176554
0.177117
0.17871
0.180144
0.18057
0.18082
0.181091
0.181615
0.182352
0.183578
0.185538
0.188058
0.189587
0.189804
0.189785
0.18992
0.190056
0.190541
0.191081
0.190467
0.189173
0.185619
0.177625
0.171264
0.170206
0.169916
0.170244
0.17102
0.171245
0.170969
0.170633
0.170641
0.171055
0.17194
0.173653
0.175555
0.176323
0.176186
0.175914
0.17566
0.175543
0.175771
0.17602
0.176205
0.175519
0.174021
0.170762
0.16459
0.160176
0.159355
0.159352
0.160259
0.162071
0.163506
0.164245
0.164641
0.165126
0.166065
0.167354
0.16915
0.171369
0.172497
0.172392
0.171795
0.171334
0.171339
0.171721
0.17192
0.171792
0.170628
0.166537
0.159782
0.156612
0.156082
0.156339
0.157691
0.159475
0.160214
0.160283
0.15999
0.159584
0.159359
0.159477
0.160149
0.161744
0.164508
0.167431
0.168588
0.16858
0.168127
0.167399
0.166759
0.166352
0.165826
0.165288
0.163853
0.15952
0.153541
0.151501
0.151219
0.15127
0.152014
0.15315
0.153638
0.153515
0.153324
0.153151
0.153114
0.153119
0.153337
0.153966
0.155143
0.156456
0.157175
0.157318
0.157206
0.156949
0.156492
0.15584
0.1549
0.153124
0.149302
0.144834
0.143352
0.143075
0.143284
0.14435
0.146034
0.146964
0.147009
0.146667
0.146073
0.145355
0.144852
0.144645
0.144572
0.144632
0.144864
0.145858
53.8359
1.86683
0.198502
0.183011
0.163131
0.159341
0.159813
0.167183
0.179477
0.19618
0.21586
0.237323
0.259872
0.282453
0.299548
0.306367
0.31106
0.31458
0.315801
0.301854
0.250927
0.186964
0.176834
0.178818
0.184345
0.189881
0.193817
0.196349
0.198229
0.200268
0.203657
0.209337
0.217483
0.226927
0.235191
0.241403
0.247106
0.255539
0.265825
0.268517
0.267679
0.248684
0.20208
0.185003
0.185998
0.190529
0.196577
0.20045
0.201736
0.201806
0.20173
0.201829
0.202774
0.205699
0.210997
0.217237
0.22261
0.225656
0.227162
0.229871
0.236942
0.242979
0.243113
0.23627
0.20803
0.184147
0.181825
0.182869
0.186199
0.189819
0.19199
0.193271
0.194348
0.195544
0.197026
0.199025
0.201674
0.204993
0.208478
0.21117
0.212715
0.213524
0.215329
0.220193
0.226101
0.226509
0.224501
0.210074
0.186262
0.180211
0.17974
0.180702
0.182862
0.184671
0.186097
0.187674
0.189359
0.190834
0.192107
0.193433
0.195315
0.198238
0.20163
0.204715
0.206871
0.20762
0.208521
0.210669
0.212832
0.211843
0.208648
0.197832
0.18347
0.180176
0.180966
0.182781
0.185523
0.187514
0.188061
0.187887
0.187776
0.18836
0.190091
0.19315
0.19678
0.199371
0.200566
0.200798
0.200518
0.200708
0.20214
0.203659
0.203256
0.201734
0.195182
0.183185
0.178103
0.178024
0.178345
0.179846
0.181996
0.183465
0.184139
0.184571
0.185198
0.186405
0.188575
0.1916
0.194632
0.196231
0.196618
0.196433
0.196474
0.197683
0.199817
0.200612
0.200908
0.198811
0.190248
0.180631
0.178522
0.177628
0.17773
0.178724
0.179573
0.179884
0.180177
0.180957
0.18218
0.183591
0.185166
0.187125
0.189226
0.190041
0.189967
0.189648
0.189466
0.189352
0.189447
0.189725
0.188984
0.187666
0.184537
0.177414
0.171575
0.17041
0.170258
0.170373
0.170706
0.170403
0.169598
0.168805
0.168567
0.169071
0.170239
0.172365
0.17468
0.175648
0.175578
0.175067
0.174417
0.174107
0.174195
0.174456
0.174806
0.174296
0.173022
0.169849
0.163558
0.159134
0.158073
0.157694
0.158431
0.16023
0.162069
0.163415
0.164831
0.166168
0.167843
0.169366
0.171031
0.172743
0.173509
0.17329
0.172571
0.172054
0.171967
0.172402
0.172767
0.173089
0.172223
0.168455
0.161926
0.158504
0.157707
0.15767
0.158751
0.160303
0.160901
0.161059
0.160793
0.160505
0.160265
0.160321
0.161013
0.162778
0.165784
0.168761
0.169728
0.169635
0.169156
0.16854
0.168005
0.167525
0.166996
0.166258
0.164175
0.158868
0.153057
0.151526
0.151265
0.151546
0.152654
0.154156
0.154796
0.154862
0.154782
0.154437
0.154201
0.153884
0.153709
0.153922
0.15476
0.155785
0.156212
0.156209
0.156099
0.156021
0.155988
0.155758
0.155284
0.153816
0.14996
0.145338
0.143774
0.143378
0.14358
0.144654
0.146413
0.147634
0.147956
0.147872
0.14766
0.147332
0.147035
0.1469
0.146831
0.146791
0.146754
0.147298
53.8621
1.86964
0.198901
0.183958
0.163448
0.159569
0.159047
0.165234
0.175935
0.191078
0.210735
0.234433
0.259755
0.283866
0.302046
0.310035
0.314801
0.318995
0.320685
0.30633
0.255088
0.188197
0.176715
0.178334
0.183758
0.189279
0.19329
0.19588
0.197723
0.199692
0.202608
0.207681
0.215368
0.224824
0.234
0.241649
0.248343
0.257009
0.266865
0.269072
0.267294
0.248877
0.20321
0.185941
0.187332
0.191924
0.197836
0.201495
0.202444
0.202212
0.201872
0.201897
0.202885
0.205824
0.211023
0.217026
0.2221
0.225114
0.226865
0.230121
0.237916
0.244196
0.244071
0.236758
0.207915
0.18396
0.181805
0.182974
0.186207
0.18943
0.191119
0.192007
0.192915
0.19421
0.195938
0.198207
0.201127
0.20457
0.207953
0.210544
0.212067
0.213023
0.215034
0.22003
0.225884
0.226128
0.224016
0.209502
0.185865
0.179932
0.179483
0.180336
0.182345
0.184008
0.185396
0.187057
0.188894
0.190503
0.1918
0.193094
0.194931
0.197923
0.201347
0.20468
0.206926
0.207705
0.208473
0.210305
0.212329
0.211221
0.207969
0.197267
0.183062
0.179807
0.180638
0.182555
0.185472
0.18757
0.188108
0.187795
0.187464
0.18781
0.189358
0.192302
0.196063
0.199208
0.200979
0.201355
0.201072
0.201014
0.202001
0.203356
0.202816
0.201398
0.19503
0.183194
0.178006
0.177866
0.178019
0.179292
0.181293
0.182808
0.183686
0.18442
0.185353
0.186817
0.189184
0.192343
0.195395
0.197126
0.197551
0.197224
0.196966
0.197705
0.199534
0.200368
0.201384
0.199691
0.191326
0.181935
0.179653
0.178516
0.178494
0.179152
0.179602
0.179669
0.179761
0.180651
0.182311
0.184338
0.18615
0.188135
0.189912
0.190291
0.19003
0.18943
0.188958
0.188555
0.188367
0.188515
0.187805
0.186559
0.183754
0.177133
0.171614
0.170448
0.170386
0.170372
0.170401
0.169831
0.168714
0.167612
0.167099
0.167482
0.168752
0.171184
0.173797
0.175036
0.175177
0.174679
0.173862
0.173381
0.173298
0.173508
0.173836
0.173429
0.172342
0.169196
0.162888
0.158562
0.157343
0.156757
0.157382
0.15907
0.161082
0.162939
0.164871
0.166867
0.169051
0.170779
0.17238
0.173853
0.174465
0.174076
0.173223
0.172578
0.172374
0.172749
0.173332
0.173888
0.173254
0.169789
0.163489
0.159899
0.158903
0.158634
0.159487
0.160787
0.161295
0.161532
0.161309
0.161108
0.160835
0.160866
0.161596
0.163554
0.166791
0.169796
0.170658
0.170468
0.169965
0.169435
0.168923
0.168394
0.167867
0.166959
0.16432
0.158295
0.152801
0.151581
0.151316
0.15177
0.153163
0.154905
0.15563
0.155855
0.155864
0.155497
0.155021
0.154483
0.154029
0.153899
0.154295
0.154939
0.155249
0.155306
0.155377
0.155624
0.15598
0.156012
0.155733
0.154386
0.150531
0.145865
0.14425
0.143785
0.143949
0.14502
0.146839
0.148239
0.148784
0.1489
0.148812
0.148621
0.148399
0.148361
0.148315
0.148268
0.148096
0.148317
)
;

boundaryField
{
    sides
    {
        type            calculated;
        value           nonuniform List<scalar> 
600
(
54.0377
1.54519
0.183281
0.1689
0.160691
0.159349
0.165049
0.176883
0.191665
0.210255
0.23502
0.269209
0.301448
0.315913
0.314681
0.3066
0.301279
0.30835
0.302675
0.235848
0.183956
0.176919
0.17905
0.182585
0.185459
0.188095
0.191443
0.196488
0.203695
0.212997
0.222874
0.231471
0.238388
0.244587
0.251729
0.261778
0.274025
0.281601
0.280126
0.270865
0.241426
0.186767
0.169852
0.172007
0.178405
0.186229
0.192114
0.195245
0.197102
0.199002
0.201465
0.204601
0.208069
0.211613
0.214964
0.218034
0.221002
0.224092
0.228135
0.233748
0.240028
0.241716
0.238526
0.227846
0.199073
0.183939
0.184276
0.188833
0.192349
0.194279
0.194538
0.193812
0.192795
0.192325
0.194448
0.199447
0.205977
0.211764
0.213806
0.213318
0.21161
0.210418
0.211166
0.21534
0.221586
0.224628
0.221953
0.208933
0.185594
0.175895
0.173843
0.17619
0.18156
0.186547
0.190287
0.191709
0.192049
0.192642
0.194321
0.197038
0.199948
0.201837
0.202589
0.20243
0.202134
0.202625
0.205117
0.210224
0.213208
0.21492
0.209211
0.193098
0.182814
0.181865
0.183673
0.187574
0.191073
0.192355
0.19206
0.190969
0.189671
0.188569
0.188077
0.188724
0.190948
0.194501
0.197873
0.20049
0.201864
0.203205
0.204684
0.205404
0.204629
0.20214
0.192045
0.181493
0.179065
0.179756
0.180331
0.181366
0.181588
0.18073
0.179297
0.178004
0.177468
0.178091
0.180101
0.183887
0.18861
0.192454
0.195394
0.197386
0.198579
0.199529
0.200273
0.199893
0.197504
0.192293
0.180445
0.17089
0.169564
0.17024
0.172269
0.1755
0.178177
0.179589
0.180345
0.18059
0.180504
0.180528
0.181199
0.182885
0.185009
0.186364
0.18699
0.187127
0.187014
0.187076
0.187455
0.187442
0.186446
0.184081
0.177151
0.168515
0.165893
0.164841
0.164682
0.165765
0.167375
0.168432
0.16906
0.170267
0.171802
0.173353
0.174858
0.175876
0.176572
0.177148
0.177527
0.177703
0.178066
0.178991
0.180762
0.18304
0.184287
0.18467
0.18293
0.176586
0.168684
0.166527
0.165868
0.166196
0.166841
0.166667
0.165425
0.1638
0.162196
0.160992
0.160436
0.160605
0.161532
0.163198
0.165351
0.167524
0.169406
0.170854
0.171922
0.172398
0.172101
0.171132
0.168676
0.162363
0.155399
0.153218
0.152539
0.152779
0.153909
0.155607
0.156678
0.157516
0.158164
0.158655
0.159266
0.159873
0.16052
0.161472
0.163079
0.165236
0.166963
0.167815
0.168327
0.168802
0.169142
0.169175
0.169149
0.168272
0.164855
0.157663
0.151733
0.150125
0.149168
0.148819
0.149353
0.150458
0.151295
0.151591
0.151794
0.152136
0.152433
0.152959
0.153732
0.15475
0.155712
0.156176
0.156155
0.155971
0.15569
0.155451
0.155232
0.154873
0.153994
0.152313
0.148543
0.143007
0.140041
0.13928
0.138973
0.139445
0.140354
0.140642
0.140395
0.139859
0.139072
0.138447
0.138108
0.137782
0.137579
0.137755
0.138601
0.141242
53.8621
1.86964
0.198901
0.183958
0.163448
0.159569
0.159047
0.165234
0.175935
0.191078
0.210735
0.234433
0.259755
0.283866
0.302046
0.310035
0.314801
0.318995
0.320685
0.30633
0.255088
0.188197
0.176715
0.178334
0.183758
0.189279
0.19329
0.19588
0.197723
0.199692
0.202608
0.207681
0.215368
0.224824
0.234
0.241649
0.248343
0.257009
0.266865
0.269072
0.267294
0.248877
0.20321
0.185941
0.187332
0.191924
0.197836
0.201495
0.202444
0.202212
0.201872
0.201897
0.202885
0.205824
0.211023
0.217026
0.2221
0.225114
0.226865
0.230121
0.237916
0.244196
0.244071
0.236758
0.207915
0.18396
0.181805
0.182974
0.186207
0.18943
0.191119
0.192007
0.192915
0.19421
0.195938
0.198207
0.201127
0.20457
0.207953
0.210544
0.212067
0.213023
0.215034
0.22003
0.225884
0.226128
0.224016
0.209502
0.185865
0.179932
0.179483
0.180336
0.182345
0.184008
0.185396
0.187057
0.188894
0.190503
0.1918
0.193094
0.194931
0.197923
0.201347
0.20468
0.206926
0.207705
0.208473
0.210305
0.212329
0.211221
0.207969
0.197267
0.183062
0.179807
0.180638
0.182555
0.185472
0.18757
0.188108
0.187795
0.187464
0.18781
0.189358
0.192302
0.196063
0.199208
0.200979
0.201355
0.201072
0.201014
0.202001
0.203356
0.202816
0.201398
0.19503
0.183194
0.178006
0.177866
0.178019
0.179292
0.181293
0.182808
0.183686
0.18442
0.185353
0.186817
0.189184
0.192343
0.195395
0.197126
0.197551
0.197224
0.196966
0.197705
0.199534
0.200368
0.201384
0.199691
0.191326
0.181935
0.179653
0.178516
0.178494
0.179152
0.179602
0.179669
0.179761
0.180651
0.182311
0.184338
0.18615
0.188135
0.189912
0.190291
0.19003
0.18943
0.188958
0.188555
0.188367
0.188515
0.187805
0.186559
0.183754
0.177133
0.171614
0.170448
0.170386
0.170372
0.170401
0.169831
0.168714
0.167612
0.167099
0.167482
0.168752
0.171184
0.173797
0.175036
0.175177
0.174679
0.173862
0.173381
0.173298
0.173508
0.173836
0.173429
0.172342
0.169196
0.162888
0.158562
0.157343
0.156757
0.157382
0.15907
0.161082
0.162939
0.164871
0.166867
0.169051
0.170779
0.17238
0.173853
0.174465
0.174076
0.173223
0.172578
0.172374
0.172749
0.173332
0.173888
0.173254
0.169789
0.163489
0.159899
0.158903
0.158634
0.159487
0.160787
0.161295
0.161532
0.161309
0.161108
0.160835
0.160866
0.161596
0.163554
0.166791
0.169796
0.170658
0.170468
0.169965
0.169435
0.168923
0.168394
0.167867
0.166959
0.16432
0.158295
0.152801
0.151581
0.151316
0.15177
0.153163
0.154905
0.15563
0.155855
0.155864
0.155497
0.155021
0.154483
0.154029
0.153899
0.154295
0.154939
0.155249
0.155306
0.155377
0.155624
0.15598
0.156012
0.155733
0.154386
0.150531
0.145865
0.14425
0.143785
0.143949
0.14502
0.146839
0.148239
0.148784
0.1489
0.148812
0.148621
0.148399
0.148361
0.148315
0.148268
0.148096
0.148317
)
;
    }
    inlet
    {
        type            calculated;
        value           nonuniform List<scalar> 
20
(
0.110781
0.110755
0.110718
0.110659
0.110594
0.110527
0.110546
0.110579
0.110644
0.110702
0.110723
0.110742
0.11075
0.110745
0.110753
0.110751
0.110767
0.110815
0.110844
0.110835
)
;
    }
    outlet
    {
        type            calculated;
        value           nonuniform List<scalar> 
20
(
0.141242
0.141927
0.143213
0.144914
0.146818
0.148067
0.148265
0.147478
0.145961
0.144471
0.142936
0.142047
0.141845
0.142261
0.143002
0.143857
0.144977
0.145858
0.147298
0.148317
)
;
    }
    empty
    {
        type            empty;
    }
}


// ************************************************************************* //
