/*--------------------------------*- C++ -*----------------------------------*\
| =========                 |                                                 |
| \\      /  F ield         | OpenFOAM: The Open Source CFD Toolbox           |
|  \\    /   O peration     | Version:  2306                                  |
|   \\  /    A nd           | Website:  www.openfoam.com                      |
|    \\/     M anipulation  |                                                 |
\*---------------------------------------------------------------------------*/
FoamFile
{
    version     2.0;
    format      ascii;
    arch        "LSB;label=32;scalar=64";
    class       volScalarField;
    location    "0.18";
    object      T;
}
// * * * * * * * * * * * * * * * * * * * * * * * * * * * * * * * * * * * * * //

dimensions      [0 0 0 1 0 0 0];

internalField   nonuniform List<scalar> 
6000
(
3144.11
2645.07
2038.16
1900.78
1883.31
1901.73
1938.04
1992.22
2058.56
2140.89
2246.59
2386.43
2518.94
2599.4
2625.89
2610.36
2605.55
2641.06
2632.39
2386.56
2126.92
2097.03
2117.07
2146.18
2173
2199.89
2231.09
2270.63
2319.78
2376.86
2434.03
2484.14
2528.47
2572.19
2620.38
2680.1
2752.17
2806
2816.35
2802.69
2699.34
2437.01
2337.72
2355.98
2400.37
2451.15
2491.39
2517.16
2535.75
2553.97
2574.78
2598.96
2624.56
2650.11
2673.93
2695.4
2715.48
2735.72
2761.09
2795.18
2831.86
2844.39
2836.43
2795.04
2655.34
2570.34
2577.18
2609.22
2634.36
2651.61
2659.33
2660.98
2661.79
2665.05
2683.09
2717.9
2759.13
2794.99
2812.55
2816.33
2812.08
2810.57
2816.78
2842.43
2879.36
2898.93
2887.82
2822.54
2693.45
2636.7
2626.47
2643.04
2678.3
2710.74
2735.87
2747.9
2753.74
2761.44
2776.56
2798.39
2821.39
2838.45
2849.17
2854.66
2859.45
2868.78
2889.58
2926.25
2951.96
2968.34
2942.53
2856.82
2799.29
2800.21
2819.84
2850.7
2877.95
2892.84
2897.8
2897.07
2896.16
2895.75
2898.63
2909.1
2928.66
2955.48
2981.03
3002.43
3016.81
3030.22
3042.8
3050.43
3051.68
3044.4
2987.43
2922.32
2909.29
2917.7
2926.38
2938.59
2944.23
2942.08
2938.65
2935.99
2937.62
2948.03
2967.61
2997.33
3032.86
3063.35
3089.33
3110.49
3126.15
3138.13
3146.39
3148.43
3142.14
3117.66
3045.89
2984.03
2978.4
2987.97
3008.44
3036.07
3059.83
3074.99
3085.08
3090.86
3094.08
3098.72
3108.97
3125.98
3144.52
3157.09
3165.04
3170.34
3174.68
3180.33
3186.45
3188.71
3186.31
3174.98
3130.64
3072.33
3057.53
3053.69
3056.36
3068.77
3084.82
3097.55
3107.1
3121.08
3137.94
3155.16
3171.52
3184.12
3195.32
3207.18
3217.51
3224.49
3231.79
3242.64
3260.44
3284.19
3300.37
3308.15
3300.36
3259.54
3205.73
3194.74
3194.1
3201.92
3211.81
3215.43
3212.62
3206.23
3200.1
3197.49
3198.7
3206.11
3221.29
3240.73
3263.67
3287.87
3310.52
3329.38
3344.53
3353.31
3355.37
3355.96
3345.46
3301.71
3250.93
3238.98
3238.63
3247.46
3265.91
3289.05
3307.22
3323.29
3338.09
3351.4
3365.26
3379.32
3394.78
3414.12
3440.06
3471.3
3498.28
3516.37
3531.31
3547.56
3564.61
3579.71
3592.22
3597.35
3582.56
3530.34
3487.49
3484.87
3487.78
3496.88
3514.25
3535.66
3554.88
3569.24
3583.42
3599.87
3615.06
3631.28
3649.57
3670.96
3692.99
3710.86
3724.02
3735.68
3746.27
3756.83
3767.63
3777.36
3783.09
3783.45
3762.81
3721.02
3703.84
3707.73
3719.38
3741.48
3768.3
3788.76
3802.79
3813.93
3821.94
3831.46
3844.24
3856.69
3870.94
3890.55
3916.37
3955.14
3144.86
2674.19
2038.67
1902.95
1884.98
1902.96
1939.17
1993.43
2060.94
2143.97
2248.82
2383.99
2513.22
2592.08
2618.42
2608.41
2606.55
2640.61
2634.3
2401.99
2128.73
2098.35
2116.95
2146.34
2173.22
2199.88
2231.7
2273.01
2324.22
2381.21
2434.62
2478.86
2519.42
2562.25
2611.26
2671.19
2742.21
2799.07
2811.28
2799.92
2711.24
2456.43
2344.72
2362.47
2405.91
2455.14
2492.6
2515.86
2533.47
2552.08
2574.03
2599.07
2625.34
2650.22
2672.44
2692.64
2711.71
2731.96
2758.66
2795.47
2838.9
2857.76
2847.74
2804.87
2659.98
2569.81
2575.9
2607.27
2631.92
2648.48
2655.54
2657.28
2659.08
2664.6
2684.29
2719.11
2758.83
2792.41
2809.4
2813.99
2811.21
2811.84
2820.94
2848.41
2886.35
2905.47
2893.81
2828.89
2699.37
2640.65
2631.28
2649.17
2684.98
2717.85
2741.72
2750.97
2755.55
2762.37
2777.14
2799.05
2822.31
2840.42
2852.46
2860.09
2866.52
2877.55
2898.11
2933.11
2955.62
2968.17
2941.94
2854.99
2797.04
2799
2817.32
2845.59
2871.27
2885.52
2890.7
2890.73
2890.92
2893.19
2900.46
2914.7
2935.64
2960.87
2982.94
3000.12
3012.19
3025.2
3039.68
3047.67
3052.07
3044.35
2986.24
2918.29
2905.84
2912.23
2921.77
2936.64
2944.86
2943.75
2941.94
2940.83
2943.67
2955.32
2974.98
3003.3
3036.7
3063.7
3084.54
3102.42
3116.81
3130.6
3141.19
3144.25
3138.25
3115.53
3047.52
2986.35
2980.66
2990.52
3010.33
3036.2
3057.98
3070.66
3079.41
3085.9
3090.42
3096.74
3108.37
3126.41
3145.75
3159.12
3165.9
3171.25
3176.64
3184.62
3191.95
3192.25
3189.12
3176.15
3130.68
3072.52
3058.18
3055.75
3060.07
3073.93
3090.74
3103.03
3112.59
3124.42
3137.22
3151.81
3165.73
3177.75
3190.44
3204.56
3216.75
3225.2
3233.07
3243.91
3262.17
3285.13
3298.3
3303.24
3294.32
3251.54
3198.29
3187.63
3187.72
3196.97
3210.07
3216.78
3216.08
3212.69
3209.23
3208.3
3210.81
3219.92
3235.04
3253.93
3276.16
3298.84
3318.79
3335.22
3349.08
3357.83
3360.16
3360.89
3350.85
3307.98
3258.14
3247.06
3247.71
3258.04
3277.72
3301.7
3319.53
3333.54
3345.08
3355.35
3366.83
3379.82
3395.2
3414.86
3441.31
3472.51
3498.36
3514.81
3527.93
3541.97
3557.48
3571.83
3584.12
3591.56
3581.94
3536.77
3489.73
3483.71
3487.91
3498.7
3516.98
3539.71
3559.9
3573.8
3586.98
3601.79
3615.64
3630.76
3647.87
3668.41
3690.71
3709.76
3723.53
3734.86
3745.31
3755.8
3766.14
3774.93
3780.55
3780.73
3760
3719.63
3704.54
3710.73
3725.49
3749.35
3777.32
3798.6
3811.82
3822.55
3829.76
3838.51
3850.69
3863.58
3878.41
3898.25
3923.98
3962.24
3145.92
2655.34
2038.51
1904.73
1890.4
1908.25
1943.59
1998.87
2068.34
2152.51
2254.97
2380.88
2503.06
2579.78
2607.51
2605.82
2608.91
2635.13
2630.45
2425.94
2136.42
2104.44
2118.78
2147.55
2174.73
2202.16
2236.6
2281.38
2334.89
2388.58
2433.3
2469.29
2506.13
2549.42
2600.85
2659.98
2727.62
2786.14
2801.18
2793.47
2727.8
2491.02
2357.83
2373.36
2414.49
2459.39
2491.83
2512.63
2530.39
2550.75
2574.89
2600.95
2626.52
2649.61
2670.02
2688.29
2705.94
2726.76
2755.73
2795.66
2846.19
2874.99
2862.83
2821.15
2671.11
2570.02
2574.35
2603.99
2627.65
2643.66
2650.71
2653.29
2657.16
2666.55
2687.68
2720.61
2756.53
2786.86
2804.03
2810.53
2810.22
2812.96
2825.87
2856.16
2895.73
2913.35
2899.67
2836.65
2706.89
2646.19
2639.98
2660.43
2696.75
2728.76
2748.83
2754.92
2758.02
2764.48
2778.8
2800.88
2825.13
2845.34
2859.35
2868.6
2876.19
2886.84
2907.03
2940.27
2959.03
2967.57
2941.22
2851.93
2794.74
2797.46
2813.43
2837.45
2860.21
2873.41
2879.09
2881.11
2884.09
2890.38
2902.9
2921.38
2944.03
2966.59
2984.02
2996.45
3005.86
3018.06
3036.25
3046.11
3052.21
3042
2983.34
2910.6
2898.19
2903.13
2914.37
2931.9
2944.37
2946.73
2947.1
2948.65
2954.54
2967.75
2987.47
3013.19
3040.85
3061.55
3076.97
3092.13
3105.99
3121.87
3134.44
3137.19
3131.35
3111.01
3049.57
2990.34
2984.51
2994.4
3011.99
3034.75
3053.4
3063.73
3071.35
3079.11
3086.2
3094.93
3107.72
3125.5
3144.44
3156.82
3163.22
3168.9
3176.69
3187.75
3197.85
3199.75
3195.01
3179.19
3131.09
3072.73
3058.93
3059.5
3066.76
3082.44
3101.06
3112.37
3119.6
3126.6
3135.23
3144.2
3155.51
3168.8
3184.7
3202.16
3217
3227.27
3235.66
3246.95
3265.19
3285.87
3296.13
3297.79
3287.12
3240.65
3187.94
3178.12
3179.21
3190.21
3207.45
3219.08
3221.73
3221.73
3221.88
3223.62
3229.24
3241.12
3256.04
3274.33
3295.89
3316.83
3333.48
3346.89
3358.83
3366.66
3368.35
3368.74
3358.95
3317.96
3269.56
3259.42
3262
3273.65
3293.94
3317.98
3334.1
3344.34
3351.91
3359.63
3368.6
3380.81
3396.43
3416.61
3443.82
3476.07
3500.4
3513.09
3523.23
3534.01
3546.06
3559.07
3570.17
3580.06
3577.68
3544.52
3495.69
3484.42
3489.28
3501.11
3520.44
3544.81
3566.31
3579.65
3591.57
3603.79
3615.75
3628.7
3643.89
3662.8
3684.71
3705.42
3720.75
3732.25
3742.89
3753.55
3763.57
3771.32
3776.75
3776.41
3754.93
3716.71
3704.66
3713.44
3730.97
3755.49
3784.44
3806.47
3819.57
3830.87
3838.84
3847.11
3859.32
3873.68
3890
3910.58
3936.67
3974.49
3147.59
2678.67
2031.07
1907.83
1900.44
1917.4
1952.37
2008.71
2079.99
2164.73
2263.53
2377.59
2490.25
2564.69
2594.28
2601.99
2612.55
2633.02
2625.76
2451.69
2147.36
2107.9
2118.85
2147.86
2175.63
2205.6
2243.99
2292.72
2347.19
2394.37
2428.42
2456.37
2488.85
2532.38
2585.6
2645.28
2709.93
2769.47
2796.13
2789.56
2745.72
2533.37
2375.64
2386.2
2424
2462.58
2489.62
2507.85
2526.03
2549.06
2576.45
2604.14
2628.99
2649.51
2667.17
2683.21
2700.06
2721.84
2753.41
2796.98
2853.46
2891.26
2880.05
2840.22
2690.09
2573.2
2574.16
2600.92
2623.09
2638.16
2644.95
2648.72
2655.41
2668.48
2690.5
2720.25
2751.55
2778.21
2795.39
2804.53
2808.66
2814.59
2832.85
2866.23
2906.53
2922.91
2907.48
2847.99
2719.76
2656.69
2654.68
2677.99
2714.24
2742.88
2757.11
2761.52
2762.87
2768.17
2782.09
2804.58
2830.39
2854.07
2870.71
2880.63
2887.44
2897.49
2917.43
2947.9
2962.76
2967.93
2940.2
2847.76
2792
2794.7
2809.33
2829.67
2849.84
2861.51
2866.59
2870.33
2876.82
2888.32
2905.91
2928.56
2951.9
2970.19
2982.09
2989.62
2997.13
3010.05
3031.26
3044.21
3051.94
3039.2
2980.44
2904.03
2888.8
2891.45
2904.36
2924.32
2941.61
2949.57
2953.26
2958.47
2967.99
2981.88
3000.7
3022.88
3043.52
3057.03
3066.87
3078.2
3091.51
3108.14
3123.96
3128.96
3123.98
3107.73
3053.46
2996.18
2989.5
2998.36
3012.63
3032.54
3048.73
3057
3063.99
3072.55
3083.19
3094.26
3107.81
3125.64
3143.96
3154.33
3158.51
3163.16
3172.42
3185.05
3198.91
3204.26
3199.04
3183.83
3134.58
3074
3059.9
3063.56
3073.82
3092.57
3113.29
3123.41
3126.93
3129.37
3131.89
3136.82
3146.85
3160.86
3179.19
3199.77
3217
3228.68
3238.13
3250.32
3267.84
3285.64
3293.05
3292.21
3279.12
3229.79
3178.46
3169.9
3172.4
3185.25
3206.1
3222.97
3230.23
3234.8
3239.57
3246.22
3256.82
3269.94
3284.9
3302.19
3321.56
3338.71
3350.99
3361.3
3371.82
3379.65
3381.71
3382.6
3373.66
3334.94
3287.75
3278.39
3283.14
3295.43
3315.29
3338.48
3352.18
3358.87
3363.1
3367.58
3374.18
3384.9
3399.91
3419.44
3446.17
3478.14
3499.05
3509.23
3517.25
3525.14
3534.49
3547.02
3559.15
3569.39
3571.79
3549.09
3501.42
3484.88
3490.9
3504.83
3525.52
3551.46
3572.88
3585.06
3594.42
3603.69
3612.93
3623.18
3636.55
3653.93
3675.46
3697.48
3715.16
3728.08
3739.15
3750.08
3759.92
3767.11
3772.41
3771.8
3750.29
3714
3704.75
3716.45
3735.8
3761.14
3791.49
3814
3827.59
3839.47
3849.53
3858.52
3871.31
3887.01
3904.47
3925.69
3952.16
3989.46
3149.44
2620.97
2030.22
1914.24
1912.51
1926.17
1962.89
2019.91
2092.34
2176.96
2271.47
2373.81
2475.7
2547.76
2580.58
2598.01
2616.84
2630.18
2619.81
2473.86
2164.59
2105.81
2114.75
2142.62
2172.86
2206.67
2252.01
2305.61
2358.41
2396.25
2421.32
2443.96
2472.81
2516.14
2571.28
2632.4
2694.11
2752.89
2791.39
2787.2
2760.5
2577.63
2395.47
2398.23
2431.78
2464.56
2487.49
2502.77
2520.73
2546.83
2578.13
2608.33
2632.82
2651.03
2665.46
2678.85
2693.94
2716.15
2749.3
2796.44
2857.41
2903.55
2896.47
2858.68
2712.59
2579.46
2575.54
2598.87
2619.93
2634.01
2640.49
2645.92
2655.64
2671.14
2692.9
2718.65
2744.63
2767.41
2784.56
2796.1
2804.25
2815.6
2839.56
2877.16
2918.65
2933.28
2916.27
2861.04
2735.88
2671.18
2674.56
2700.17
2733.06
2755.73
2765.01
2767.74
2768.62
2773.64
2787.97
2811.98
2840.55
2866.7
2883.75
2892.22
2897.37
2905.69
2925.01
2953.6
2966.52
2968.89
2939.11
2844.58
2789.51
2791.9
2805.42
2822.89
2840.43
2850.75
2855.27
2860.36
2870.37
2886.82
2909.24
2934.31
2956.52
2970.99
2978.12
2981.23
2986.26
3000.43
3023.29
3041.19
3052.32
3038.16
2980
2901.75
2880.57
2879.97
2893.31
2915.29
2935.67
2948.5
2957.31
2966.58
2978.94
2993.62
3010.66
3029.5
3043.6
3050.58
3055.65
3063.16
3074.93
3090.98
3111.96
3121.96
3118.42
3106.63
3058.64
3003.09
2995.07
3001.96
3013.61
3031.16
3044.71
3050.23
3056.3
3067.48
3080.61
3094.26
3107.42
3124.39
3141.08
3149.58
3153.05
3156.45
3163.84
3177.06
3193.94
3203.11
3199.88
3187.09
3140.31
3077.09
3062.37
3069.19
3084.25
3105.03
3125.87
3133.73
3133.19
3131.26
3130.54
3133.05
3141.31
3155.89
3175.37
3197.33
3216.06
3229.21
3239.95
3252.68
3269.3
3284.05
3288.57
3287.19
3273
3223.52
3173.74
3166.02
3169.58
3183.3
3205.96
3227.83
3240.23
3249.6
3258.85
3269.06
3280.51
3293.54
3308.28
3325.35
3342.39
3354.75
3362.75
3370.14
3379.58
3389.04
3393.92
3397.1
3390.91
3356.44
3310.08
3300.14
3306.06
3318.46
3337.87
3358.58
3368.2
3371.33
3373.52
3376.15
3381.14
3389.96
3404.24
3422.55
3447.84
3477.39
3494.61
3503.67
3510.09
3515.7
3522.07
3533.83
3548.55
3558.95
3565.8
3550.32
3506.57
3486.53
3493.41
3509.02
3530.86
3557.94
3576.97
3587.26
3594.71
3601.05
3607.04
3615.03
3626.52
3642.93
3663.9
3687.48
3708.51
3723.42
3735.06
3746.27
3756.39
3763.97
3770.03
3769.5
3747.26
3711.03
3704.52
3718.48
3738.2
3764.2
3795.57
3818.11
3832.82
3845.35
3857.29
3866.98
3880.82
3898.42
3917.46
3940.1
3967.71
4005.19
3151.33
2645.39
2037
1925.92
1923.55
1931.39
1970.6
2028.59
2102.25
2186.53
2276.2
2368.88
2460.88
2531.56
2565.97
2594.04
2617.29
2627.3
2613.26
2490.06
2182.36
2096.05
2105.8
2135.64
2170.8
2211.88
2262.7
2318.05
2365.34
2394.25
2413.53
2432.64
2460.26
2504.4
2561.87
2624.75
2684.27
2741.2
2786.66
2787.34
2771.42
2615.88
2416.28
2407.48
2435.82
2465.15
2485.37
2498.35
2515.63
2543.87
2579.65
2613.64
2638.38
2654.68
2666.63
2677.62
2690.92
2711.54
2743.41
2791.68
2856.23
2909.48
2909.02
2875.64
2735.24
2587.48
2578.6
2597.94
2618.36
2632.38
2639.31
2646.01
2657.56
2674.27
2694.56
2716.33
2737.44
2756.54
2772.92
2786.32
2798.68
2815.69
2845.43
2886.62
2929.5
2943.47
2925.61
2874.79
2753.09
2690.61
2697.62
2721.51
2747.42
2764.8
2771.76
2772.8
2773.98
2780.34
2797.05
2823.66
2854.22
2879.74
2894.53
2901.93
2905.01
2911.32
2929.36
2956.92
2969.28
2970.02
2938.42
2843.47
2786.3
2787.26
2800.7
2817.62
2834.45
2844.77
2849.68
2855.72
2867.53
2886.55
2911.38
2936.81
2957.92
2969.02
2971.79
2972.92
2975.75
2989.82
3015.77
3039.4
3054.33
3040.18
2983.79
2903.34
2876.71
2871.91
2883.79
2905.4
2927.84
2945.73
2960.16
2974.28
2989.06
3002.86
3016.32
3030.65
3040.53
3044.07
3046.58
3050.21
3059.41
3075.22
3099.73
3114.91
3116.28
3107.61
3063.71
3007.81
2998.1
3001.53
3011.08
3026.32
3038.23
3043.54
3049.31
3061.77
3076.01
3092.06
3104.97
3120.17
3134.79
3142.17
3144.8
3147.6
3154.28
3166.17
3183.64
3195.75
3195.34
3186.62
3146.19
3082.68
3067.52
3076.91
3095.38
3115.83
3135.39
3141.94
3138.39
3134.18
3132.24
3133.78
3140.62
3155.13
3174.44
3196.21
3215.55
3229.58
3241.08
3253.12
3267.77
3280.23
3283.79
3283.49
3270.49
3222.72
3173.67
3166.46
3170.76
3184.86
3208.58
3234.01
3250.94
3263.87
3275.92
3288.02
3299.65
3311.99
3326.44
3343.41
3357.94
3366.28
3370.99
3375.61
3383.94
3395.16
3403.59
3410.3
3407.86
3378.43
3332.65
3320.83
3326.59
3338.21
3356.9
3375.43
3383.19
3384.62
3385.05
3385.9
3388.86
3395.4
3407.4
3423.91
3446.96
3473.52
3488.8
3497.38
3503.15
3507.97
3512.76
3523.58
3539.5
3551.13
3560.49
3550.12
3510.7
3489.46
3496.72
3513.54
3536
3562.3
3578.7
3587.07
3592.62
3595.39
3598.91
3604.86
3614.92
3630.79
3651.68
3677.02
3700.94
3717.91
3730.61
3742.42
3753.71
3762.75
3770.46
3770.47
3747.14
3709.88
3703.76
3718.05
3737.96
3765.67
3798.63
3821.4
3836.15
3848.79
3861.4
3872.1
3886.45
3904.96
3924.92
3948.8
3977.07
4013.59
3150.81
2624.59
2051.18
1936.97
1929.96
1932.63
1973.09
2032.59
2107.82
2190.97
2276.12
2363.43
2447.74
2516.72
2553.51
2588.36
2613.33
2621.09
2605.87
2500.23
2197.37
2081.78
2091.02
2123.63
2165.91
2215.54
2271.18
2327
2366
2389.66
2407.21
2426.36
2454.75
2499.29
2557.68
2621.62
2679.65
2735.09
2783.31
2787.42
2778.49
2642.37
2432.26
2412.17
2435.85
2463.72
2483.2
2495.25
2512.52
2542.56
2580.95
2618.25
2644
2659.2
2670.02
2679.28
2690.94
2709.05
2737.69
2784.26
2850.25
2910.5
2918.33
2890.32
2755.08
2595.41
2581.54
2596.86
2617.27
2632.5
2640.74
2648.94
2661.64
2678.49
2696.9
2714.73
2731.99
2748.1
2763.13
2777.26
2793.3
2815.65
2849.4
2892.13
2936.66
2952.09
2934.66
2888.59
2771.27
2713.07
2719.08
2736.71
2756.7
2770.44
2775.73
2776.49
2778.97
2788.74
2808.49
2836.96
2867.24
2889.68
2902.5
2907.58
2908.88
2913.73
2930.3
2958.3
2972.25
2970.12
2937.78
2844.36
2783.08
2782.41
2795.75
2813.45
2831.8
2843.4
2849.63
2856.45
2868.59
2887.79
2911.67
2935.69
2955.01
2963.61
2964.3
2965.17
2967.19
2980.94
3009.51
3037.48
3055.02
3044.23
2991.41
2907.91
2876.71
2868.97
2877.5
2896.85
2920.33
2940.18
2960.43
2978.18
2994.54
3006.52
3016.86
3028.03
3036.29
3040.02
3042.57
3044.84
3050.03
3064.35
3088.72
3107.02
3115.88
3109.22
3068.62
3011.07
2999.11
2999.26
3006.55
3019.66
3030.98
3037.44
3044
3057.14
3071.57
3087.58
3099.29
3112.37
3125.28
3132.51
3135.37
3137.93
3143.15
3153.44
3170.16
3183.7
3186.13
3182.31
3150.54
3091.48
3075.12
3085.04
3103.83
3122.83
3140.79
3146.65
3142.69
3138.33
3136.71
3138.16
3145.05
3159.19
3177.5
3198.49
3217.54
3230.89
3241.2
3251.58
3264.03
3276.47
3281.7
3283.35
3273.19
3228.39
3178.98
3172
3176.83
3190.77
3214.15
3241.26
3260.45
3274.32
3287.11
3299.39
3311.38
3324.02
3338.42
3354.45
3366.89
3373.18
3376.62
3380.17
3388.06
3401.25
3412.85
3423.15
3423.15
3397.65
3352.21
3337.96
3342.54
3353.73
3371.63
3387.69
3394.4
3395.05
3394.31
3393.89
3395.68
3400.95
3410.37
3424.85
3444.68
3468.59
3483.79
3491.83
3497.56
3502.78
3507.74
3518.65
3534.31
3546.13
3555.64
3548.54
3513.2
3492.01
3499.56
3516.2
3538.58
3563.51
3577.75
3584.52
3588.08
3588.09
3590.08
3594.48
3603.24
3618.41
3639.29
3665.85
3691.81
3710.89
3725.12
3738.17
3751.56
3762.85
3772.74
3774.19
3750.05
3710.03
3703.14
3717.02
3737.61
3765.96
3798.4
3820.89
3835.39
3848.61
3861.31
3873.01
3888.93
3908.27
3927.63
3950.5
3977.62
4012.41
3149.85
2685.28
2063.45
1941.97
1928.56
1929.04
1971.12
2032.5
2109.18
2190.76
2272.35
2356.34
2437.23
2504.7
2542.73
2581.43
2606.08
2609.85
2596.31
2503
2207.77
2068.66
2074.86
2109.84
2159.5
2217.3
2277.28
2331.66
2364.1
2385.72
2404.7
2425.82
2456.21
2501.27
2558.85
2620.69
2677.38
2732.93
2781.6
2787.27
2780.93
2655.16
2439.24
2411.62
2431.18
2458.4
2479.73
2493.69
2511.96
2542.43
2581.76
2620.21
2647.28
2663.02
2673.98
2683.78
2694.89
2710.82
2734.91
2776.71
2841.89
2906.94
2923.76
2898.6
2769.26
2602.96
2583.56
2595.41
2616.28
2634.04
2644.87
2655.58
2668.99
2684.9
2700.78
2715.52
2729.8
2743.93
2757.62
2771.57
2789.43
2814.6
2851.25
2893.74
2937.81
2954.8
2941.03
2900.77
2789.66
2731.05
2734.82
2745.09
2760.46
2772.21
2776.18
2777.69
2783
2797.41
2820.84
2849.95
2877.6
2896.89
2906.46
2908.57
2908.95
2913.02
2930.45
2959.67
2975.6
2970.95
2938.52
2848.87
2781.93
2779.12
2791.91
2811.03
2831.72
2845.18
2852.79
2860.46
2872.62
2889.92
2910.87
2931.44
2947.96
2955.86
2956.89
2957.96
2960.58
2973.71
3003.27
3034.32
3053.25
3047.36
2999.9
2914.29
2878.95
2869.95
2875.63
2892.71
2915.03
2934.33
2957.79
2976.04
2991.79
3001.64
3010.64
3022.15
3032.7
3039.34
3042.13
3043.77
3045.99
3057.15
3079.87
3099.8
3114.24
3110.41
3071.59
3012.71
2998.85
2995.44
3000.51
3012.65
3024.3
3032.83
3040.96
3054.25
3068.04
3081.79
3092.23
3103.54
3115.5
3123.44
3126.97
3129.49
3133.15
3141.2
3155.41
3170.68
3175.27
3175.73
3153.19
3101.26
3082.47
3090.71
3108.08
3126.5
3143.22
3148.24
3145.87
3143.45
3142.83
3145.16
3152.98
3168.06
3186.09
3205.79
3223.09
3234.3
3242.52
3251.06
3262.48
3275.01
3281.41
3286.15
3279.85
3240.24
3190.44
3182.24
3187.16
3200.22
3222.13
3248.66
3267.45
3280.32
3292.29
3304.01
3315.73
3328.16
3342.42
3358.26
3370.24
3375.83
3378.71
3381.91
3389.78
3405.01
3420
3432.78
3434.52
3411.57
3365.5
3349.38
3352.52
3361.95
3377.82
3392.84
3400.14
3401.86
3401.09
3401.03
3402.92
3407.21
3414.07
3425.85
3443.23
3465.29
3480.81
3488.49
3494.17
3499.71
3506.27
3518.47
3533.6
3545.07
3553.09
3545.63
3513.15
3494.19
3501.07
3516.06
3537.64
3560.79
3573.87
3579.8
3582.5
3580.8
3581.56
3585.18
3592.7
3606.97
3627.75
3655.39
3682.66
3702.1
3717.56
3733.14
3749.55
3763.73
3775.51
3779.04
3756.72
3713.08
3703.25
3715.74
3735.51
3761.9
3791.4
3812.95
3827.14
3841.25
3853.73
3866.86
3883.67
3902.27
3920.67
3941.9
3966.74
4000.06
3148
2682.68
2071.62
1939.24
1917.91
1923.01
1966.01
2029.07
2106.47
2186.26
2265.08
2348.41
2428.89
2495.81
2533.65
2573.61
2596.37
2594.68
2584.45
2500.33
2215.08
2061.18
2065.09
2100.72
2156.36
2219.53
2281.16
2330.02
2362.4
2385.56
2407.2
2431.97
2465.14
2509.36
2562.91
2620.13
2675.46
2732.38
2780.45
2785.98
2779.21
2656.66
2438.7
2406.15
2421.6
2449.46
2474.75
2493.21
2513.72
2543.84
2582.05
2619.84
2647.57
2665.05
2678
2689.93
2702.86
2717.39
2736.33
2771.27
2833.75
2900.41
2923.77
2901.52
2775.7
2609.85
2584.56
2593.41
2615.42
2636.85
2651.93
2665.21
2679.12
2693.71
2707.49
2720.07
2731.91
2743.91
2756.39
2770.09
2788.71
2815.23
2851.28
2891.49
2935.62
2954.38
2947.02
2911.55
2804.21
2742.1
2743.29
2748.51
2761.57
2771.6
2774.91
2777.72
2786.43
2805.27
2831.47
2859.74
2883.48
2899.45
2906.34
2905.56
2906.23
2911.03
2930.14
2960.58
2978.73
2973.84
2942.85
2857.26
2785.2
2778.64
2790.68
2811.53
2834.08
2849.22
2858.44
2866.46
2877.44
2892.24
2909.07
2925.7
2940.06
2948.34
2950.99
2952.56
2955.78
2968.5
2997.76
3030.35
3049.18
3048.13
3006.59
2921.16
2883.43
2874.8
2879.56
2895.41
2915.92
2933.68
2955.33
2970
2983.18
2991.31
3001.39
3015.96
3031.55
3040.13
3042.44
3042.77
3044.74
3054.24
3075.32
3094.16
3110.9
3109.76
3070.77
3010.92
2995.91
2990.02
2994
3006.31
3019.35
3030.33
3040.07
3052.5
3065.11
3075.39
3084.37
3094.43
3106.4
3115.74
3120.22
3122.41
3124.79
3130.83
3143.54
3159.78
3166.18
3170.63
3154.96
3108.57
3086.26
3093.5
3109.41
3127.79
3143.68
3148.86
3148.38
3148.39
3149.11
3153.44
3164.8
3180.17
3197.18
3215.86
3231.03
3239.71
3245.66
3252.45
3263.05
3276.39
3285.12
3292.96
3289.84
3255.32
3206.52
3195.25
3199.68
3211.31
3231.73
3256.01
3272.32
3282.75
3292.01
3301.49
3312.42
3324.18
3337.88
3354.12
3367.07
3373.41
3377.17
3381.38
3390.34
3406.47
3421.88
3435.2
3438.01
3416.72
3370.19
3353.12
3355.36
3363.46
3378.49
3394.09
3402.48
3406.14
3406.44
3406.7
3409.56
3413.43
3418.67
3428.3
3444.28
3464.47
3479.74
3487.15
3492.82
3498.8
3507.45
3521.76
3536.01
3547.23
3552.8
3543.84
3511.77
3493.97
3500.59
3514.74
3535.77
3556.67
3568.34
3573.9
3576.36
3574.2
3574.08
3577.69
3584.34
3597.55
3618.05
3646.59
3674.93
3694.52
3710.14
3727.4
3747.76
3765.07
3777.84
3782.69
3763.57
3717.68
3702.56
3712.37
3730.03
3754.19
3780.86
3801.09
3814.89
3827.59
3837.22
3849.56
3865.79
3882.33
3899.03
3918.68
3942.06
3975.79
3146.35
2664.22
2081.1
1939.22
1909.62
1919.53
1961.98
2025.3
2101.36
2178.75
2256.46
2340
2421.87
2488.84
2525.83
2564.88
2584.78
2579.53
2570.4
2494.52
2221.23
2059.63
2065.14
2103.96
2161.54
2223.42
2281.12
2325.91
2359.86
2386.93
2413.89
2443.59
2478.91
2520.88
2568.24
2618
2670.65
2730.94
2778.78
2784.52
2774.66
2651
2434.24
2396.47
2408.98
2438.27
2468.55
2493.17
2516.98
2546.28
2581.25
2615.82
2644.52
2665.16
2682.28
2697.64
2712.47
2725.83
2740.72
2769.03
2827.41
2891.9
2921.11
2901.36
2777.22
2614.77
2585.37
2590.96
2614.3
2640.51
2660.96
2677
2691.09
2704.39
2717.05
2728.64
2739.3
2749.37
2760.21
2773.4
2791.29
2815.92
2848.3
2886.43
2930.2
2950.82
2951.77
2918.76
2813.22
2750.33
2746.64
2749.56
2760.53
2769.34
2772.79
2777.35
2789.51
2811.9
2840.16
2867.04
2886.84
2898.61
2901.96
2900.74
2901.27
2907.51
2929.12
2961.76
2982.62
2979.2
2950.85
2869.16
2792.17
2781.14
2791.37
2812.94
2836.9
2853.95
2864.09
2872.85
2882.57
2893.84
2906.45
2920.18
2933.26
2942.31
2946.85
2949.49
2953.14
2964.55
2992.93
3026.02
3043.09
3046.03
3010.01
2926.6
2887.94
2881.09
2885.6
2901.44
2920.8
2937.18
2953.51
2964.18
2972.73
2979.57
2991.09
3008.88
3027.68
3039.27
3044.26
3043.78
3045.76
3055.01
3074.72
3091.14
3106.27
3105
3065.14
3004.73
2989.75
2983.91
2988.33
3001.9
3017.2
3029.29
3040
3051.08
3060.99
3068.49
3076.01
3085.76
3098.54
3109.4
3114.8
3117.12
3119.42
3124.71
3137.4
3154.57
3162.18
3168.74
3157.08
3113.41
3087.86
3093.8
3108.25
3126.7
3142.62
3148.54
3150.21
3152.37
3155.74
3163.59
3177.25
3192.2
3208.58
3227.91
3241.58
3247.71
3252.01
3257.03
3267.08
3282.14
3294.21
3304.52
3303.25
3272.04
3223.68
3209.23
3213.82
3223.94
3242.46
3263.18
3274.17
3280.08
3286.03
3294.06
3304.77
3316.02
3328.79
3345.35
3360.69
3369.91
3375.45
3381.34
3391.49
3406.85
3420.84
3432.28
3434.29
3413.28
3367.88
3351.2
3353.72
3361.9
3377.2
3393.63
3402.77
3408.36
3410.19
3410.96
3414.66
3418.96
3424.18
3433.37
3448.4
3467.02
3480.8
3487.45
3492.61
3498.6
3509.07
3524.38
3539.16
3550.84
3554.86
3544.08
3511.11
3493.65
3498.54
3510.6
3529.71
3549.32
3560.86
3566.65
3569.43
3567.92
3567.94
3572
3578.49
3591.51
3612.49
3641.79
3669.93
3689.4
3705.38
3723.34
3745.4
3766.36
3779.76
3784.92
3768.71
3721.13
3700.14
3707.23
3722.66
3745.68
3769.37
3785.24
3797.6
3806.72
3813.2
3823.59
3838.06
3852.49
3867.47
3887
3911.92
3948.92
3145.77
2688.88
2087.25
1940.17
1904.1
1919.89
1961.3
2022.95
2095.45
2170.8
2248.07
2332.3
2414.21
2481.85
2518.31
2556.4
2573.85
2566.15
2557.73
2488.13
2227.5
2062.01
2072.21
2114.89
2172.19
2227.25
2275.68
2317.8
2354.99
2388.84
2422.95
2457.6
2494.67
2533.81
2573.59
2614.67
2663.64
2724.76
2773.22
2786.88
2769.12
2642.24
2430
2387.31
2395.59
2425.71
2460.95
2492.61
2520.67
2549.11
2578.84
2608.33
2636.81
2662.33
2685.2
2705.72
2722.7
2735.83
2748.24
2771.47
2823.76
2881.02
2913.28
2896.77
2774.57
2617.07
2585.99
2588.68
2612.9
2643.95
2669.77
2689.98
2704.6
2716.71
2728.43
2739.79
2750.38
2760.67
2771.39
2784.79
2801.19
2821.06
2844.87
2877.95
2922.06
2944.88
2954.14
2920.25
2815.42
2752.28
2745.27
2747.74
2758.22
2767.1
2771.4
2777.47
2792.19
2816.35
2844.83
2869.85
2886.46
2894.53
2894.93
2894.78
2896.17
2904.5
2928.39
2963.33
2986.83
2985.36
2960.65
2882.55
2800.6
2785.77
2792.83
2813.43
2838.21
2857.3
2869.28
2878.59
2886.68
2894.85
2904.55
2916.76
2929.72
2939.56
2945.27
2948.61
2952.55
2963.65
2990.63
3022.26
3037.56
3041.58
3009.99
2929.4
2890.31
2885.8
2891.06
2907.96
2927.16
2940.91
2950.8
2958.76
2963.24
2968.95
2980.88
3000.46
3020.82
3034.61
3043.17
3045.99
3049.09
3058.11
3075.8
3089.74
3100.74
3097.48
3054.99
2995.18
2982.16
2978.72
2984.57
2999.89
3017.1
3029.83
3039.65
3048.53
3054.96
3060.67
3067.32
3077.22
3090.95
3103.86
3111.04
3114.87
3118.09
3123.83
3137.09
3155.39
3163.99
3171.1
3160.46
3116.42
3086.98
3092.06
3104.62
3122.62
3139.85
3148.18
3152.61
3156.9
3163.9
3175.01
3187.49
3201.36
3219.4
3238.95
3251.05
3255.86
3259.48
3264.28
3274.89
3291.31
3306.26
3317.43
3317.3
3288.6
3237.6
3220.22
3226.14
3235.35
3251.38
3266.4
3272.38
3275.57
3279.19
3284.44
3292.76
3304.73
3318.06
3335.25
3353.6
3366.57
3375.11
3383.07
3393.92
3407.23
3418.13
3426.21
3427.57
3405.69
3360.03
3344.06
3347.32
3356.83
3373.24
3391.54
3401.57
3407.89
3410.79
3412.44
3417.55
3423.14
3429.42
3438.83
3454.74
3473.01
3485.38
3490.8
3495.27
3501.23
3512.25
3528.4
3544.34
3556.61
3559.65
3546.66
3511.48
3493.45
3496.17
3505.72
3523.27
3541.78
3553.19
3559.34
3562.7
3562.23
3563.47
3568.63
3575.83
3589.34
3611.21
3641.24
3669
3688.28
3704.53
3722.61
3744.71
3767.03
3780.93
3786.34
3770.24
3719.86
3695.05
3700.22
3713.77
3735.02
3755.69
3768.3
3777.95
3782.98
3787.16
3795.43
3807.8
3820.81
3834.93
3855.08
3881.89
3921.09
3145.23
2687.81
2091.26
1941.55
1901.83
1923.98
1963.49
2022.45
2090.52
2163.25
2239.81
2324.27
2405.21
2474.1
2510.47
2547.79
2564.76
2556.19
2548.4
2484.62
2237.9
2071.1
2086.06
2130.87
2183.9
2230.38
2270.04
2308.44
2348.41
2389.32
2430.67
2471.31
2509.69
2545.11
2577.33
2610.81
2654.27
2714.86
2764.22
2789.27
2765.48
2637.01
2427.03
2379.58
2384.68
2415.02
2454.14
2491.54
2524.73
2552.39
2575.86
2599.36
2625.83
2655.36
2685.74
2712.27
2732.23
2746.27
2757.65
2777.06
2820.77
2869.31
2901.44
2888.29
2769.04
2616.78
2585.62
2586.48
2611.39
2647.09
2677.84
2703.13
2718.25
2728.45
2738.4
2749.28
2760.84
2772.9
2785.97
2802.45
2818.25
2834.1
2847.99
2871.47
2912.16
2936.23
2951.47
2915.82
2810.24
2747.81
2739.8
2743.92
2756.03
2766.23
2771.49
2778.63
2794.21
2817.83
2844.42
2866.38
2880.9
2887.84
2888.48
2889.01
2891.4
2902.81
2928.65
2965.46
2991.13
2990.65
2969.14
2893.64
2807.06
2789.29
2794.45
2814.54
2840.29
2860.15
2872.67
2881.58
2888.76
2895.67
2904.45
2916.42
2929.71
2939.51
2945.11
2948.75
2953.04
2963.82
2988.51
3017.98
3031.8
3036.43
3006.64
2928.66
2889.95
2888.27
2895.17
2912.96
2932.8
2944.81
2951.93
2954.13
2955.75
2960.25
2971.9
2991.04
3011.58
3027.46
3039.03
3048.13
3053.83
3063.78
3079.21
3089.18
3093.75
3088.13
3043.21
2984.24
2973
2973.99
2982.83
2999.81
3018.75
3031.04
3038.89
3044.06
3047.51
3051.83
3058.74
3070.16
3085.59
3100.48
3109.35
3114.84
3119.75
3126.9
3141.2
3160.42
3169.65
3176.41
3165.43
3118.98
3085.47
3088.84
3099.03
3116.32
3136.19
3148.24
3155.07
3163.42
3173.69
3184.25
3194.73
3208.11
3227.35
3246.69
3257.08
3261.6
3265.65
3272.01
3284.35
3301.86
3316.66
3324.72
3325.21
3300.94
3249.33
3228.68
3233.22
3244.34
3258.52
3269.57
3271.8
3272.68
3273.5
3275.17
3280.27
3291.94
3307.64
3327.35
3348.55
3364.96
3376.07
3385.55
3395.85
3406.44
3413.94
3418.55
3418.76
3396.12
3350.59
3334.47
3338.75
3349.77
3367.83
3388.41
3399.83
3407.01
3410.8
3414.23
3419.76
3425.49
3432.45
3443.74
3462.29
3481.6
3493.03
3497.31
3501.3
3506.82
3518.37
3534.72
3550.69
3562.42
3565.21
3551.08
3512.83
3492.96
3494.27
3501.66
3517.81
3535.4
3546.89
3552.99
3557.07
3558.51
3561.7
3567.8
3576.57
3590.89
3613.8
3644.48
3672.01
3691.09
3707.11
3724.78
3746.83
3767.37
3778.19
3783.15
3765.4
3713.06
3688.44
3693.44
3706.58
3725.44
3741.33
3751.22
3758.24
3761.44
3765.02
3772.61
3784
3795.82
3809.23
3829.97
3858.85
3900.24
3145.01
2676.85
2094.95
1945.13
1903.63
1925.34
1967.79
2024.04
2087.5
2156.58
2231.83
2315.12
2395.84
2465.92
2503.34
2539.38
2558.39
2551.49
2544.7
2488.25
2258.42
2090.66
2103.96
2146.7
2193.21
2231.91
2265.75
2300.46
2340
2385.47
2433.21
2479.27
2519.64
2552.2
2579.15
2606.78
2643.95
2701.73
2753.51
2787.79
2766.39
2639.44
2428.19
2374.53
2377.02
2408.37
2451.43
2492.83
2528.93
2554.97
2573.13
2591.05
2614.11
2645.39
2682.74
2716.93
2740.87
2756.12
2766.76
2783.31
2819.22
2858.25
2887.41
2876.54
2761.51
2614.97
2585.01
2585.18
2610.9
2649.96
2684.33
2712.99
2728.53
2737.23
2745.08
2754.77
2766.74
2780.62
2797.92
2818.52
2836.33
2849.47
2857.42
2872.82
2906.78
2928.09
2944.05
2906.47
2798.62
2739.12
2731.96
2737.99
2752.25
2764.48
2771.4
2779.28
2793.7
2815.08
2839.13
2858.97
2872.51
2879.91
2882.77
2884.62
2888.94
2903.1
2930.06
2967.97
2994.01
2994.06
2975.48
2902.37
2813.71
2795.29
2799.97
2817.47
2841.51
2860.2
2872.24
2880.86
2888.3
2896.26
2906.05
2919.13
2932.69
2941.59
2945.95
2949.05
2953.47
2964.05
2987.89
3015.91
3029.03
3031.17
3000.83
2924.27
2886.95
2888.33
2898.39
2916.31
2935.54
2945.96
2949.32
2949.55
2950.38
2954.43
2965.76
2983.18
3002.92
3019.28
3034.72
3047.04
3058.38
3070.41
3082.82
3089.67
3087.77
3078.34
3031.91
2972.83
2962.4
2968.66
2981.24
3001.13
3021.2
3031.9
3037.57
3039.41
3040.07
3042.78
3050.46
3064.33
3082.27
3098.62
3108.54
3115.66
3122.65
3132.3
3148.63
3168.28
3177.38
3182.75
3170.6
3121.04
3083.34
3084.71
3092.8
3109.43
3130.39
3146.07
3157.8
3169.99
3181.41
3191.03
3199.83
3212.04
3230.54
3248.79
3259.68
3263.77
3268.64
3278.29
3292.67
3310.19
3323.58
3325.55
3325.26
3304.77
3255.79
3234.4
3237.62
3249.02
3262.34
3272.29
3272.61
3271.37
3268.79
3267.46
3269.98
3281.33
3300.13
3323.7
3348.13
3365.86
3377.76
3387.5
3396.49
3404.72
3410.2
3412.54
3411.59
3388.41
3342.98
3326.26
3331.31
3343.54
3363.03
3385.16
3398.57
3406.42
3410.79
3415.19
3419.63
3425.12
3433.55
3447.59
3470
3491.73
3502.35
3506.51
3509.95
3515.62
3526.87
3542.01
3556.37
3567
3570.17
3555.66
3514.8
3493.04
3494.36
3500.49
3514.98
3531.33
3542.95
3548.73
3553.84
3557.44
3562.87
3570.17
3580.62
3596.18
3620.44
3651.06
3677.83
3696.69
3712.44
3729.26
3748.16
3763.37
3770.49
3774.02
3754.15
3702.91
3680.54
3685.48
3698.23
3715.66
3730.05
3738.61
3745.14
3748.38
3751.1
3756.89
3767.03
3778.32
3791.8
3813.66
3844.92
3886.76
3145.15
2690.69
2100.26
1948.85
1902.31
1923.87
1968.08
2023.79
2086.2
2152.45
2224.05
2304
2384.83
2456.25
2497.9
2532.76
2555.57
2553.42
2549.47
2504.32
2291.83
2114.86
2122.75
2158.76
2199.42
2235.18
2265.81
2296.16
2331.76
2377.01
2429.06
2480.01
2522.34
2553.44
2577.7
2601.27
2633.09
2688.22
2744.68
2787.31
2771.93
2648.53
2433.42
2373.22
2373.96
2406.24
2451.7
2495.5
2532.56
2555.46
2570.55
2584.79
2604.33
2635.07
2676.17
2717.25
2747.29
2765.08
2775.74
2788.35
2817.61
2849.62
2874.62
2864.13
2752.65
2611.4
2583.7
2584.68
2611.53
2652.33
2687.92
2717.51
2733.48
2741.24
2747.71
2756.18
2768.19
2784.96
2806.54
2829.17
2847.6
2858.39
2864.84
2878.43
2908.58
2925.33
2935.53
2893.22
2780.07
2726.1
2721.95
2730.91
2747.62
2761.77
2770.36
2778.32
2790.29
2807.65
2828.07
2846.57
2860.61
2870.44
2876.59
2881.26
2889.14
2904.45
2930.98
2968.95
2994.36
2994.94
2978.61
2908.02
2818.48
2799.89
2804.96
2819.87
2840.67
2857.27
2868.33
2877.32
2886.62
2897.16
2909.64
2923.94
2936.97
2944.9
2947.79
2949.99
2954
2965.58
2989.6
3016.15
3028.45
3026.24
2993.22
2917.73
2883.04
2886.71
2899.53
2917.95
2936.25
2945.68
2947.69
2947.15
2947.61
2951.67
2962.95
2979.53
2998.55
3014.36
3031.25
3045.23
3061.21
3074.8
3085.44
3090.75
3085.04
3071.28
3024.64
2964.38
2952.67
2960.79
2976.82
2999.65
3020.19
3031.49
3035.52
3035.19
3034.17
3035.57
3043.69
3059.67
3080.01
3097.34
3107.98
3116.79
3126.12
3138.11
3156
3174.76
3182.71
3186.8
3173.39
3120.77
3081.1
3080.35
3086.46
3102.18
3123.95
3142.75
3158.82
3172.56
3185.38
3193.92
3201.33
3213
3230.2
3246.17
3258.24
3264.03
3270.81
3282.44
3297.49
3313.47
3324.02
3322.78
3319.22
3299.39
3254.53
3233.71
3236.81
3250.39
3264.6
3273.9
3272.86
3269.53
3265.21
3262.75
3264.58
3275.76
3296.2
3323.06
3349.96
3367.78
3379.88
3389.25
3397.06
3403.81
3408.81
3410.16
3408.71
3384.87
3338.46
3321.08
3326.34
3339.84
3360.49
3383.13
3398.28
3406.98
3412.02
3416.1
3419.88
3425.55
3435.06
3451.05
3476.58
3501.79
3512.86
3517.91
3521.45
3527.29
3536.64
3549.01
3561.3
3570.3
3574.79
3560.92
3518.31
3495.14
3496.97
3502.71
3515.79
3531.31
3542.79
3548.7
3554.27
3559.24
3566.63
3576.04
3588.25
3605.43
3630.04
3659.53
3685.16
3703.41
3718.43
3732.98
3746.13
3756.4
3762.11
3763.27
3738.1
3687.65
3669.51
3675.72
3690.22
3710.55
3727.21
3736.19
3741.89
3742.48
3742.34
3747.32
3757.5
3769.35
3784.14
3807.5
3840.38
3879.55
3144.9
2688.18
2106.58
1949.23
1897.21
1918.74
1962.95
2018.59
2081.94
2148.12
2216.07
2291.25
2370.87
2443.96
2493.65
2527.87
2556.47
2566.26
2566.08
2533.86
2334.91
2136.38
2137.49
2165.93
2204.4
2239.75
2268.62
2295.46
2326.02
2366.2
2417.9
2472.26
2517.62
2548.85
2572.25
2593.86
2623.5
2677.87
2740.14
2786.69
2780.53
2663.71
2443.07
2375.92
2376.04
2408.98
2455.64
2499.7
2535.12
2554.9
2568.29
2580.75
2597.57
2626.34
2667.93
2713.14
2749.28
2770.1
2781.34
2791.8
2817.37
2846.25
2867.08
2855.09
2743.66
2606.24
2582.14
2585.08
2612.54
2653.11
2687.49
2715.97
2730.45
2738.21
2744.93
2753.57
2766.5
2785.93
2810.69
2833.91
2850.66
2859.68
2867.21
2883.7
2913
2927.3
2930.06
2878.85
2757.76
2709.56
2708.86
2720.66
2739.7
2755.72
2765.64
2773.84
2783.93
2797.72
2814.84
2832.39
2847.73
2860.42
2870.62
2879.59
2890.69
2906.68
2932.02
2968.66
2991.42
2990.9
2976.3
2908.57
2818.49
2799.99
2806.19
2819.45
2837.99
2853.45
2863.68
2872.88
2883.89
2896.92
2911.51
2926.78
2941.01
2948.5
2950.2
2952.1
2956.02
2968.24
2992.6
3017.28
3028.22
3021.79
2985.69
2910.54
2878.46
2882.79
2897.71
2916.76
2934.91
2943.97
2945.59
2945.28
2946.44
2951.53
2962.78
2979.52
2998.1
3013.41
3029.25
3043.96
3061.18
3075.74
3087.55
3092.52
3085.45
3069.24
3022.14
2960.74
2947
2954.82
2972.48
2996.96
3016.45
3027.19
3031.75
3030.92
3029.47
3030.86
3039.68
3057.19
3079.33
3097.59
3108.65
3118.35
3128.8
3141.51
3159.47
3177.34
3184.58
3187.41
3172.74
3119.05
3078.77
3077
3081.85
3097.25
3118.55
3138.85
3156.37
3170.81
3184.07
3192
3199.19
3210.87
3227.52
3243.1
3253.66
3261.23
3270.7
3283.27
3297.36
3310.57
3317.85
3314.59
3308.64
3289.02
3247.43
3223.97
3227.1
3242.25
3258.37
3270.35
3272.09
3268.56
3264.49
3262.15
3264.43
3276.53
3298.17
3326.98
3354.48
3370.91
3382.84
3391.46
3398.62
3405.47
3411.26
3412.79
3410.83
3385.81
3338
3319.72
3324.77
3339.04
3360.7
3384.22
3400.72
3410.22
3415.12
3417.97
3421.79
3428.04
3438.67
3455.88
3482.79
3511.25
3523.96
3530.62
3534.57
3540.52
3547.85
3556.96
3567.14
3574.58
3579.8
3565.58
3521.86
3498.69
3501.17
3507.19
3519.37
3534.65
3546.28
3552.36
3557.88
3564.33
3572.88
3584.17
3597.85
3615.62
3639.58
3668
3692.32
3709.31
3722.41
3733.19
3742.43
3748.98
3753.71
3749.65
3717.5
3671.22
3659.98
3668.34
3684.28
3707.15
3726.85
3736.69
3741.97
3742
3740.15
3743.88
3753.95
3766.77
3782.89
3807.05
3840.3
3875.15
3144.96
2693.94
2115.7
1956.33
1894.6
1912.66
1950.76
2006.41
2071.16
2139.17
2206.92
2277.42
2355.44
2433.75
2492.23
2526.41
2561.76
2585.89
2591
2568.84
2380.61
2153.19
2144.89
2169.11
2206.61
2242.54
2271.72
2297.02
2323.41
2357.01
2403.1
2456.38
2504.9
2538.96
2564.97
2588.11
2618.33
2671.47
2737.49
2782.85
2787.26
2682
2456.42
2381.83
2382.69
2416.18
2463.09
2505.09
2536.3
2553.82
2566.48
2578.4
2593.79
2620.45
2660.79
2706.56
2746.19
2769.43
2781.75
2793.21
2819.8
2848.58
2866.55
2851.84
2735.8
2600.67
2580.78
2586.19
2613.46
2651.56
2683.42
2708.02
2721.2
2729.34
2737.35
2747.32
2762.07
2783.41
2809.9
2833.58
2849.17
2857.86
2866.56
2887.03
2917.24
2929.66
2927.69
2866.71
2738.1
2694.31
2695.08
2707.77
2728
2745.42
2756.87
2766.09
2775.66
2787.39
2802
2818.49
2835.41
2851.76
2866.24
2879.66
2893.3
2909.38
2932.42
2965.16
2984.37
2983.31
2969.88
2904.74
2814.98
2797.15
2804.56
2817.87
2835.74
2850.66
2860.17
2868.36
2879.34
2893.81
2910.05
2926.37
2942.16
2951.24
2953.68
2955.96
2960.32
2972.81
2995.96
3017.45
3026.34
3017.63
2979.76
2905.07
2874.59
2878.79
2893.14
2911.3
2929.46
2939.23
2941.78
2942.47
2945.01
2952.11
2963.89
2981.29
2999.94
3014.81
3028.16
3042.23
3058.42
3073.71
3087.82
3093.99
3087.49
3071.64
3022.79
2960.38
2945.59
2953.03
2970.47
2993.91
3012
3021.06
3024.48
3024.78
3025.18
3028.47
3038.52
3056.94
3080.11
3099.25
3109.9
3118.72
3129.08
3141.81
3159.1
3175.38
3181.44
3184.26
3169.72
3116.87
3076.77
3075.17
3080.71
3095.32
3115.37
3134.96
3150.3
3164.21
3176.01
3184.81
3193.92
3207.96
3223.6
3237.79
3247.19
3255.89
3264.93
3276.16
3289.18
3300.72
3306.14
3302.5
3296.07
3278.22
3237.58
3209.37
3211.31
3225.16
3243.19
3261.5
3269.52
3268.35
3267.32
3267.12
3271.11
3285.2
3308.23
3337.95
3363.27
3376.85
3386.04
3393.54
3401.6
3410.73
3418.24
3420.64
3418.53
3392.14
3343.24
3324.65
3329.41
3343.78
3365.86
3389.96
3406.67
3416.11
3420.61
3422.54
3426.53
3433.64
3445.54
3463.41
3491.01
3521.09
3536.28
3544.55
3549.26
3554.8
3560.17
3566.73
3574.92
3581.57
3585.5
3568
3522.63
3501.7
3505.22
3512.19
3524.84
3540.68
3552.43
3558.72
3564.61
3571.66
3581.06
3592.76
3606.49
3623.76
3646.38
3672.25
3694.37
3710.84
3722.78
3730.79
3737.4
3741.85
3743.12
3734.42
3701.42
3662.49
3655.31
3663.97
3679.47
3703
3726.66
3739.23
3744.83
3746.45
3744.54
3746.11
3755.25
3768.75
3785.61
3810.01
3841.33
3871.71
3144.5
2699.33
2127.81
1969
1900.08
1907.92
1935.05
1985.76
2051.47
2122.67
2192.3
2263.64
2342.45
2428.13
2496.37
2533.4
2573.84
2607.2
2622.04
2600.08
2420.88
2166.76
2143.88
2167.1
2206.09
2243.53
2273.79
2298.58
2322.42
2350.19
2387.69
2435.37
2485.82
2526.62
2558.7
2586.73
2619.03
2671.07
2735.59
2776.7
2789
2698.38
2472
2389.44
2393.1
2427.28
2472.84
2511.17
2536.92
2552.57
2564.92
2576.83
2592.24
2618.01
2656.71
2700.96
2740.5
2765.37
2779.43
2793.79
2825.09
2855.44
2869.98
2852.57
2729.75
2595.67
2579.6
2587.27
2613.75
2647.57
2675.03
2694.66
2707.49
2717.15
2727.07
2739.35
2756.64
2779.53
2806.46
2829.61
2844.28
2852.85
2863.74
2887.82
2919.39
2929.58
2925.62
2857.92
2724.92
2684.59
2684.89
2696.39
2715.81
2733.05
2745.55
2756.45
2766.97
2778.47
2791.76
2807.19
2824.88
2844.37
2863.9
2881.14
2896.88
2911.67
2930.69
2956.9
2974.01
2973.47
2961.42
2898.96
2811.13
2793.8
2802.15
2817.13
2836.06
2851.38
2859.72
2865.38
2873.81
2887.28
2904.89
2923.67
2941.5
2953.17
2958.16
2961.59
2967.02
2978.08
2998.68
3016.28
3022.06
3014.2
2976.63
2902.09
2872.11
2875.97
2887.82
2904.44
2922.47
2933.52
2937.73
2939.55
2943.56
2952.54
2966.34
2985.61
3005.58
3019.75
3030.22
3041.31
3054.12
3069.28
3086.19
3093.69
3089.27
3076.17
3024.78
2961.9
2949.66
2955.53
2969.49
2989.5
3005.99
3013.5
3017.13
3019.6
3022.79
3028.63
3039.81
3058.54
3081.92
3100.1
3109.53
3117.69
3127.76
3139.42
3154.2
3167.73
3172.96
3176.71
3163.94
3114.41
3075.05
3074.7
3082.04
3096.26
3114.69
3130.41
3141.77
3151.91
3162.57
3172.99
3184.65
3200.91
3218.86
3232.5
3239.57
3247.23
3253.99
3262.27
3273.94
3284.91
3290.94
3288.7
3284.12
3268.25
3229.27
3199.28
3198.59
3208.03
3225.98
3247.68
3262.24
3268.52
3271.81
3276.13
3284.96
3300.36
3323.32
3352.72
3375.6
3386.01
3391.67
3397.38
3405.98
3417.8
3427.47
3431.84
3429.82
3403.38
3354.66
3336.2
3340.1
3353.21
3374.82
3398.68
3414.71
3423.62
3428.53
3430.55
3434.66
3442.04
3454.58
3473.62
3502.2
3533.52
3550.99
3559.86
3564.96
3569.05
3572.53
3577.4
3583.48
3589.57
3590.67
3568.19
3521.58
3504.43
3508.42
3515.84
3529.21
3546.59
3559.13
3566.11
3572.37
3579.57
3588.44
3598.92
3611.95
3628.97
3651.05
3674.95
3693.76
3707.94
3718.31
3725.22
3730.12
3732.67
3732.89
3725
3695.49
3660.03
3653.93
3662.12
3677.21
3700.12
3726.73
3743.47
3751.47
3756.71
3757.85
3758.98
3766.41
3779.44
3795.87
3818.11
3845.27
3871.79
3143.14
2703.29
2143.53
1985.3
1908.55
1908.08
1922.2
1962.66
2023.96
2098.22
2173.81
2250.5
2334.83
2426.42
2505.6
2549.88
2592.22
2628.34
2650.16
2624.37
2453.05
2178.45
2140.26
2161.96
2202.14
2241.54
2273.74
2299.26
2321.31
2344.46
2374.48
2415.68
2465.22
2514
2554.33
2589.21
2625.36
2675.81
2736.73
2770.67
2785.38
2709.13
2486.37
2396.74
2405.06
2439.55
2482.84
2516.96
2538.25
2552.15
2563.85
2575.8
2591.67
2617.74
2655.73
2697.49
2734.61
2759.95
2776.04
2795.09
2831.96
2864.83
2876.39
2856.13
2726.04
2591.77
2578.69
2587.83
2613.09
2642.31
2664.28
2679.72
2692.12
2703.73
2716.19
2731.34
2751.05
2775.1
2800.91
2822.08
2836.1
2845.24
2858.15
2885.84
2919.35
2927.17
2922.77
2851.46
2716.08
2679.04
2679.71
2690.28
2707.86
2723.33
2735.74
2748.17
2760.43
2772.41
2784.88
2799
2816.44
2838.23
2861.93
2882.75
2900.23
2912.9
2927.53
2948.21
2964.63
2964.63
2954.34
2896.16
2810.94
2792.8
2801.18
2816.31
2835.93
2851.39
2858.93
2863.01
2868.81
2879.57
2896.38
2917.72
2939.47
2954.83
2963.22
2968.56
2973.45
2982.15
2999
3013.48
3016.58
3011.7
2975.54
2901.55
2871.06
2874.11
2882.41
2896.77
2914.5
2926.68
2932.71
2936.86
2942.7
2952.7
2968.77
2990.23
3012.24
3026.75
3035.33
3042.17
3051.02
3064.44
3082.44
3091.23
3090.62
3080.19
3029.22
2967.9
2958.11
2960.77
2969.77
2984.87
2998.34
3004.91
3010.02
3015.64
3022.96
3031.71
3043.99
3061.83
3084.34
3101
3108.91
3115.47
3124.05
3133.38
3145.24
3156.8
3161.97
3166.81
3156.59
3111.98
3074.35
3074.91
3084.42
3098.39
3114.05
3124.78
3131.36
3137.17
3145.08
3156.81
3171.6
3191.99
3213.35
3226.01
3231.78
3237.07
3242.48
3249.71
3259.92
3269.59
3276.62
3276.37
3274.51
3259.53
3219.45
3190.89
3189.52
3195.62
3211.25
3233.17
3252.21
3265.73
3276.03
3286.91
3301.46
3319.02
3341.44
3369.04
3388.47
3396.26
3399.53
3402.87
3410.03
3422.99
3434.95
3442.6
3442.18
3417.86
3369.6
3350.99
3354.22
3365.6
3385.4
3407.44
3421.27
3429.58
3434.14
3437.69
3442.84
3451.68
3465.48
3486.34
3516.76
3548.91
3566.89
3574.95
3579.27
3581.96
3584.22
3588.15
3592.5
3598.08
3596.06
3566.41
3518.95
3506.92
3511.65
3521.21
3536.51
3555.49
3568.54
3575.41
3581.97
3588.75
3597.1
3605.82
3616.65
3631.87
3652.4
3673.89
3689.76
3700.45
3708.97
3716.39
3722.12
3726.18
3728.55
3723.86
3696.57
3660.97
3654.95
3662.33
3676.98
3699.08
3727.48
3748.67
3760.55
3769.09
3775.71
3780.41
3786.87
3797.24
3810.93
3828.77
3849.75
3871.55
3142.34
2710.06
2156.57
1999.13
1915.07
1911.48
1916.15
1946.82
1999.29
2071.06
2153.06
2240.31
2332.58
2429.63
2513.63
2565.01
2607.2
2644.58
2669.19
2640.52
2474.71
2186.28
2136.62
2157.86
2198.85
2239.6
2273.11
2299.27
2320.61
2340.92
2366.44
2402.1
2448.69
2501.08
2549.91
2592.65
2633.99
2683.9
2739.66
2766.7
2778.11
2713.58
2498.22
2404.31
2416.78
2450.43
2491.22
2521.66
2539.86
2552.01
2563.17
2575.34
2591.87
2618.08
2655.26
2695.46
2730.57
2755.12
2773.05
2795.91
2837.89
2873.42
2883.03
2860.57
2724.58
2589.35
2578.55
2588.64
2612.21
2637.2
2654.57
2667.36
2679.46
2692.68
2707.8
2725.79
2747.02
2771.21
2795.55
2815.39
2829.26
2839.26
2853.95
2883.76
2917.78
2923.7
2919.3
2846.89
2711.64
2675.66
2675.83
2685.36
2701.74
2716.05
2728.19
2741.47
2755.61
2768.86
2781.37
2794.67
2811.59
2834.7
2860.44
2884.29
2903.04
2914.1
2925.4
2942.25
2957.63
2957.1
2947.03
2890.54
2806.99
2789
2797.9
2814.14
2835.19
2851.65
2859.05
2861.58
2865.07
2873.46
2888.6
2911.17
2936.81
2956.3
2968.2
2975.13
2979.05
2985
2997.18
3009.48
3011.77
3009.58
2974.81
2902.31
2871.02
2872.76
2878.14
2890.89
2907.96
2920.85
2928.64
2935.11
2943.19
2955.09
2972.94
2995.9
3018.92
3033.5
3041.04
3044.85
3049.54
3060.55
3077.27
3087.58
3095.04
3087.64
3037.95
2977.52
2966.95
2965.4
2970.7
2981.79
2991.17
2997.33
3002.93
3011.76
3024.12
3037.84
3052.23
3069.32
3089.19
3101.62
3107.64
3112.65
3119.15
3126.99
3136.06
3145.57
3150.51
3156.01
3148.88
3110.11
3075.93
3075.75
3086.72
3100.51
3113.24
3119.14
3122.51
3124.98
3130.27
3142.44
3160.11
3184.01
3208.38
3222.33
3228.23
3231.56
3235.14
3241.08
3249.69
3258.56
3266.76
3268.87
3269.01
3254.29
3212.33
3183.93
3181.09
3184.01
3198.33
3220.36
3242.24
3260.03
3278.28
3295.9
3316.14
3335.39
3356.87
3381.01
3397.39
3403.77
3406.84
3409.32
3414.73
3428.49
3443.4
3454.9
3455.27
3433.41
3387.15
3367.49
3369.36
3378.13
3396.09
3416.02
3428.16
3436.9
3442.1
3447.14
3452.47
3460.71
3474.29
3496.11
3528.26
3561.25
3578.09
3585.3
3589.43
3592.51
3595.88
3600.06
3604.59
3608.29
3600.29
3560.97
3515.15
3508.14
3513.26
3524.78
3543.02
3565.37
3580.05
3588.59
3595.74
3601.02
3607.61
3613.27
3620.44
3631.95
3649.29
3667.8
3680.28
3688.91
3697.5
3707.43
3717.48
3724.73
3730.2
3727.02
3699.83
3663.52
3657.6
3663.84
3677.99
3699.77
3728.25
3752.17
3767.04
3777.93
3788.36
3797.36
3805.93
3816.29
3829.08
3845.01
3863.11
3880.64
3142.59
2711.08
2163.32
2005.49
1917.47
1912.61
1912.48
1937.92
1983.45
2049.2
2132.18
2228.52
2330.39
2432.32
2520.93
2578
2620.45
2659.38
2685.46
2655.61
2490.74
2192.63
2135.44
2154.82
2195.62
2236.66
2270.93
2297.73
2319.06
2338.94
2362.08
2394.9
2439.6
2492.24
2544.85
2593.42
2639.33
2690.98
2744.49
2768.16
2775.89
2714.7
2503.79
2408.48
2423.09
2457
2497.09
2526.53
2543.18
2553.78
2563.48
2575.33
2592.3
2618.61
2655.23
2694.18
2727.73
2752.05
2771.14
2796.71
2842.42
2879.23
2887.36
2862.99
2723.86
2587.84
2577.87
2588.77
2611.67
2634.49
2649.28
2659.9
2671.06
2684.89
2701.46
2721.04
2743.81
2768.67
2792.46
2811.84
2825.72
2836.53
2852.28
2882.84
2916.62
2921.58
2916.78
2843.66
2709.05
2673.67
2673.89
2682.76
2698.3
2711.81
2723.72
2737.46
2752.48
2766.54
2779.27
2792.45
2809.15
2832.67
2858.58
2883.92
2903.24
2914.44
2924.98
2940.02
2954.64
2953.45
2943
2887.14
2804.45
2786.73
2795.96
2812.89
2835.05
2852.27
2859.56
2861.21
2863.37
2870.06
2884.31
2906.24
2932.73
2955.39
2970.5
2978.44
2982.6
2987.19
2996.81
3007.76
3009.01
3007.67
2974.05
2902.43
2870.31
2871.57
2875.79
2887.1
2903.31
2916.52
2925.6
2934
2943.94
2957.29
2976.19
2999.87
3022.95
3038.4
3046.36
3049.33
3051.84
3059.83
3074.36
3085.13
3097.69
3092.32
3043.94
2985.26
2973.73
2970.62
2975.03
2983.69
2990.41
2995.27
2999.63
3008.6
3024.03
3042.34
3058.35
3075.3
3092.89
3102.4
3107.03
3110.77
3115.53
3121.21
3128.2
3136.84
3142.11
3148.24
3143.35
3108.02
3075.88
3075.81
3087.62
3101.09
3111.69
3114.83
3116.36
3116.98
3119.73
3130.22
3149.26
3175.82
3202.25
3218.24
3225.72
3228.83
3231.77
3236.58
3243.21
3251.35
3259.64
3263.15
3264.46
3249.79
3207.28
3179.55
3175.77
3177.15
3190.3
3211.66
3234.84
3256.49
3278.71
3301.52
3325.83
3346.77
3367.9
3390.27
3404.67
3409.12
3412.16
3414.17
3418.31
3430.99
3448.25
3461.79
3463.41
3444
3399.84
3379.28
3379.86
3386.49
3402.68
3420.47
3431.59
3440.82
3446.69
3452.78
3457.98
3465.98
3479.77
3503.03
3536.97
3570.41
3586.52
3592.62
3596.55
3600.31
3604.21
3608.34
3612.74
3614.79
3601.79
3555.69
3513.02
3509.09
3514.26
3527.26
3547.86
3572.43
3587.94
3597.91
3605.82
3610.79
3615.41
3619.32
3623.72
3631.66
3645.11
3659.84
3670.99
3679.96
3690.25
3703.32
3717.53
3727.29
3733.34
3731.12
3704.42
3668.09
3662.04
3667.61
3681.13
3702.75
3731.56
3757.03
3774.22
3787.32
3798.85
3809.42
3818.84
3830.07
3842.91
3858.86
3875.27
3888.69
)
;

boundaryField
{
    sides
    {
        type            zeroGradient;
    }
    inlet
    {
        type            zeroGradient;
    }
    outlet
    {
        type            zeroGradient;
    }
    empty
    {
        type            empty;
    }
}


// ************************************************************************* //
