/*--------------------------------*- C++ -*----------------------------------*\
| =========                 |                                                 |
| \\      /  F ield         | OpenFOAM: The Open Source CFD Toolbox           |
|  \\    /   O peration     | Version:  2306                                  |
|   \\  /    A nd           | Website:  www.openfoam.com                      |
|    \\/     M anipulation  |                                                 |
\*---------------------------------------------------------------------------*/
FoamFile
{
    version     2.0;
    format      ascii;
    arch        "LSB;label=32;scalar=64";
    class       volScalarField;
    location    "0.03";
    object      p;
}
// * * * * * * * * * * * * * * * * * * * * * * * * * * * * * * * * * * * * * //

dimensions      [1 -1 -2 0 0 0 0];

internalField   nonuniform List<scalar> 
6000
(
556770
556770
556770
556770
556770
556770
556770
556770
556770
556771
556773
556785
556831
556984
557392
558143
558754
558813
558679
558167
557155
555746
554172
552697
551501
550617
549990
549555
549227
548975
548765
548584
548437
548315
548212
548129
548054
547982
547919
547875
547861
547861
547863
547870
547887
547914
547950
547989
548023
548053
548076
548096
548115
548133
548149
548163
548173
548182
548189
548196
548202
548206
548208
548211
548214
548218
548219
548219
548218
548215
548208
548197
548184
548169
548154
548139
548125
548112
548099
548088
548079
548072
548064
548058
548055
548055
548056
548060
548068
548080
548093
548104
548113
548120
548126
548132
548139
548144
548149
548152
548155
548159
548163
548166
548170
548173
548178
548186
548197
548213
548224
548225
548223
548216
548200
548178
548156
548141
548131
548125
548119
548112
548105
548097
548088
548080
548074
548068
548063
548061
548062
548062
548065
548070
548078
548088
548098
548108
548116
548124
548131
548139
548144
548147
548151
548153
548155
548156
548158
548161
548165
548168
548170
548173
548179
548187
548200
548218
548232
548235
548233
548224
548206
548181
548158
548139
548126
548116
548109
548104
548100
548094
548089
548083
548078
548071
548064
548058
548053
548053
548053
548055
548060
548069
548081
548094
548106
548116
548125
548133
548138
548143
548146
548150
548153
548155
548156
548158
548161
548165
548170
548175
548179
548185
548192
548202
548217
548236
548255
548261
548255
548236
548208
548179
548155
548137
548124
548114
548110
548102
548093
548085
548078
548072
548066
548056
548049
548044
548037
548174
548108
547701
547750
547764
547791
547860
547997
548225
548819
548981
548668
548437
548190
548013
547912
547870
547833
547571
547463
547654
547833
548139
548583
549011
549254
549134
548904
548616
548137
547783
547684
547626
547551
547423
547441
547645
547973
548722
549221
549297
549275
549133
548633
547709
547296
547142
547083
547094
547135
547182
547341
547901
548837
549361
549519
549552
549462
548765
547480
547076
546969
546940
547052
547150
547224
547384
547913
549307
549348
547477
556770
556770
556770
556770
556770
556770
556770
556770
556770
556771
556773
556785
556831
556984
557392
558143
558754
558813
558678
558167
557156
555743
554169
552702
551503
550612
549988
549559
549231
548976
548764
548581
548437
548317
548214
548129
548053
547981
547919
547876
547862
547861
547862
547870
547887
547914
547950
547989
548023
548052
548076
548096
548115
548133
548149
548163
548173
548182
548189
548195
548201
548205
548208
548211
548214
548218
548219
548219
548218
548215
548208
548197
548184
548169
548154
548139
548125
548112
548099
548088
548079
548072
548064
548058
548056
548055
548056
548060
548068
548080
548093
548104
548113
548120
548126
548132
548139
548144
548149
548152
548156
548159
548162
548166
548170
548173
548178
548186
548197
548213
548224
548225
548223
548216
548200
548178
548156
548141
548131
548125
548119
548112
548105
548097
548088
548080
548074
548068
548063
548062
548062
548062
548065
548070
548078
548088
548098
548108
548116
548124
548131
548138
548143
548147
548151
548153
548155
548157
548159
548161
548164
548167
548170
548173
548179
548187
548200
548218
548233
548235
548233
548224
548206
548181
548158
548139
548126
548117
548110
548104
548100
548094
548089
548083
548078
548071
548065
548058
548053
548053
548053
548055
548060
548069
548081
548094
548106
548116
548125
548133
548138
548143
548146
548151
548154
548155
548156
548158
548161
548165
548170
548175
548179
548185
548192
548202
548217
548236
548255
548261
548255
548236
548208
548179
548155
548137
548124
548114
548110
548102
548093
548085
548078
548072
548066
548056
548049
548044
548037
548174
548108
547701
547750
547764
547791
547860
547997
548225
548819
548981
548668
548437
548190
548013
547912
547870
547833
547571
547463
547654
547833
548139
548583
549011
549254
549134
548904
548616
548137
547783
547684
547626
547551
547423
547441
547645
547973
548722
549221
549297
549275
549133
548633
547709
547296
547142
547083
547094
547135
547182
547341
547901
548837
549361
549519
549552
549462
548765
547480
547076
546969
546940
547052
547150
547224
547384
547913
549307
549348
547477
556770
556770
556770
556770
556770
556770
556770
556770
556770
556771
556773
556785
556831
556984
557392
558143
558754
558813
558678
558167
557156
555741
554170
552701
551504
550608
549990
549560
549229
548976
548763
548582
548438
548317
548213
548129
548053
547981
547919
547876
547862
547861
547862
547870
547887
547914
547950
547989
548023
548052
548076
548096
548115
548133
548149
548163
548174
548182
548189
548195
548201
548205
548208
548211
548214
548218
548219
548219
548218
548215
548208
548197
548184
548169
548154
548139
548125
548111
548099
548088
548079
548071
548064
548058
548056
548055
548056
548060
548068
548079
548093
548104
548113
548120
548126
548132
548139
548144
548149
548152
548156
548159
548162
548166
548170
548173
548178
548186
548197
548213
548224
548225
548223
548216
548200
548178
548156
548141
548131
548125
548119
548113
548105
548097
548088
548080
548073
548067
548063
548062
548062
548063
548065
548069
548077
548088
548098
548108
548116
548124
548132
548138
548143
548147
548150
548153
548155
548157
548159
548161
548164
548167
548170
548173
548179
548187
548200
548217
548233
548235
548233
548224
548206
548181
548157
548139
548126
548117
548110
548105
548100
548094
548089
548083
548078
548071
548065
548058
548053
548053
548053
548055
548060
548069
548081
548094
548106
548116
548125
548133
548138
548143
548147
548151
548154
548155
548156
548158
548161
548165
548170
548175
548179
548185
548192
548202
548217
548236
548255
548261
548255
548236
548208
548179
548155
548137
548124
548114
548110
548102
548093
548085
548078
548072
548066
548056
548049
548044
548037
548174
548108
547701
547750
547764
547791
547860
547997
548225
548819
548981
548668
548437
548190
548013
547912
547870
547833
547571
547463
547654
547833
548139
548583
549011
549254
549134
548904
548616
548137
547783
547684
547626
547551
547423
547441
547645
547973
548722
549221
549297
549275
549133
548633
547709
547296
547142
547083
547094
547135
547182
547341
547901
548837
549361
549519
549552
549462
548765
547480
547076
546969
546940
547052
547150
547224
547384
547913
549307
549348
547477
556770
556770
556770
556770
556770
556770
556770
556770
556770
556771
556773
556785
556831
556984
557392
558143
558754
558813
558678
558167
557157
555740
554172
552701
551505
550605
549993
549559
549229
548977
548763
548582
548439
548316
548213
548129
548053
547981
547919
547876
547862
547861
547862
547870
547887
547914
547950
547988
548022
548052
548076
548096
548115
548133
548149
548163
548174
548182
548189
548195
548201
548205
548208
548211
548214
548218
548219
548219
548219
548215
548209
548198
548184
548169
548154
548139
548125
548111
548099
548088
548079
548071
548064
548058
548056
548056
548057
548060
548068
548079
548092
548104
548113
548120
548126
548132
548139
548144
548149
548152
548156
548159
548162
548166
548170
548173
548178
548186
548197
548213
548224
548225
548223
548216
548200
548178
548156
548141
548131
548125
548119
548113
548105
548097
548088
548080
548073
548067
548063
548062
548062
548063
548065
548069
548077
548088
548098
548108
548117
548125
548132
548138
548142
548146
548150
548153
548156
548158
548160
548162
548164
548167
548169
548173
548179
548187
548200
548217
548233
548235
548233
548224
548206
548181
548157
548139
548126
548117
548110
548105
548100
548094
548088
548083
548077
548072
548065
548058
548053
548052
548053
548055
548060
548069
548081
548094
548106
548116
548125
548132
548138
548142
548147
548151
548154
548155
548156
548158
548161
548165
548170
548175
548180
548185
548192
548202
548217
548236
548255
548261
548255
548236
548208
548179
548155
548137
548124
548114
548110
548102
548093
548085
548078
548072
548066
548056
548049
548044
548037
548174
548108
547701
547750
547764
547791
547860
547997
548225
548819
548981
548668
548437
548190
548013
547912
547870
547833
547571
547463
547654
547833
548139
548583
549011
549254
549134
548904
548616
548137
547783
547684
547626
547551
547423
547441
547645
547973
548722
549221
549297
549275
549133
548633
547709
547296
547142
547083
547094
547135
547182
547341
547901
548837
549361
549519
549552
549462
548765
547480
547076
546969
546940
547052
547150
547224
547384
547913
549307
549348
547477
556770
556770
556770
556770
556770
556770
556770
556770
556770
556771
556773
556785
556831
556984
557392
558143
558754
558813
558678
558167
557156
555740
554173
552701
551504
550604
549995
549558
549229
548978
548762
548582
548440
548316
548213
548130
548053
547981
547920
547876
547862
547861
547862
547870
547887
547914
547950
547988
548022
548052
548076
548096
548115
548133
548149
548163
548174
548182
548189
548195
548201
548205
548208
548210
548214
548218
548219
548219
548219
548215
548209
548198
548184
548169
548153
548139
548124
548111
548099
548088
548079
548071
548064
548058
548056
548056
548057
548060
548068
548079
548092
548104
548113
548120
548127
548132
548139
548144
548149
548153
548156
548159
548162
548166
548169
548173
548178
548186
548198
548213
548224
548225
548223
548216
548200
548178
548156
548141
548131
548125
548119
548113
548105
548097
548088
548080
548073
548067
548063
548062
548062
548063
548065
548069
548077
548088
548098
548108
548118
548125
548132
548137
548142
548145
548149
548153
548156
548158
548160
548162
548164
548167
548169
548173
548179
548187
548200
548217
548233
548235
548233
548224
548206
548181
548157
548139
548126
548117
548110
548105
548099
548094
548088
548083
548077
548072
548065
548059
548054
548052
548053
548055
548060
548069
548082
548094
548106
548116
548125
548132
548138
548142
548147
548151
548154
548155
548156
548158
548161
548165
548170
548175
548180
548185
548192
548202
548217
548236
548255
548261
548255
548236
548208
548179
548155
548137
548124
548114
548110
548102
548093
548085
548078
548072
548066
548056
548049
548044
548037
548174
548108
547701
547750
547764
547791
547860
547997
548225
548819
548981
548668
548437
548190
548013
547912
547870
547833
547571
547463
547654
547833
548139
548583
549011
549254
549134
548904
548616
548137
547783
547684
547626
547551
547423
547441
547645
547973
548722
549221
549297
549275
549133
548633
547709
547296
547142
547083
547094
547135
547182
547341
547901
548837
549361
549519
549552
549462
548765
547480
547076
546969
546940
547052
547150
547224
547384
547913
549307
549348
547477
556770
556770
556770
556770
556770
556770
556770
556770
556770
556771
556773
556785
556831
556984
557392
558143
558754
558813
558678
558167
557156
555740
554173
552700
551503
550604
549996
549556
549229
548978
548761
548583
548440
548316
548213
548130
548053
547981
547920
547876
547862
547861
547862
547870
547887
547914
547950
547988
548022
548052
548076
548096
548115
548133
548149
548163
548174
548182
548189
548195
548200
548204
548207
548210
548214
548218
548219
548219
548219
548216
548209
548198
548184
548169
548153
548138
548124
548111
548099
548088
548079
548072
548064
548058
548056
548056
548057
548060
548068
548079
548092
548104
548113
548120
548127
548133
548139
548144
548149
548152
548156
548159
548162
548166
548169
548173
548178
548186
548198
548213
548224
548225
548223
548216
548200
548178
548156
548141
548131
548125
548119
548113
548105
548097
548088
548080
548073
548067
548063
548062
548062
548063
548064
548069
548077
548088
548099
548109
548118
548125
548132
548137
548141
548145
548149
548154
548157
548158
548160
548162
548164
548167
548169
548173
548178
548187
548200
548218
548233
548235
548233
548224
548206
548181
548157
548139
548126
548117
548110
548105
548099
548094
548088
548083
548077
548072
548066
548059
548054
548052
548052
548054
548060
548069
548082
548095
548106
548116
548125
548132
548138
548142
548147
548151
548154
548155
548156
548158
548161
548165
548170
548175
548180
548185
548192
548202
548217
548236
548255
548261
548255
548236
548208
548179
548155
548137
548124
548114
548110
548102
548093
548085
548078
548072
548066
548056
548049
548044
548037
548174
548108
547701
547750
547764
547791
547860
547997
548225
548819
548981
548668
548437
548190
548013
547912
547870
547833
547571
547463
547654
547833
548139
548583
549011
549254
549134
548904
548616
548137
547783
547684
547626
547551
547423
547441
547645
547973
548722
549221
549297
549275
549133
548633
547709
547296
547142
547083
547094
547135
547182
547341
547901
548837
549361
549519
549552
549462
548765
547480
547076
546969
546940
547052
547150
547224
547384
547913
549307
549348
547477
556770
556770
556770
556770
556770
556770
556770
556770
556770
556771
556773
556785
556831
556984
557392
558143
558754
558813
558678
558167
557156
555740
554173
552700
551502
550605
549996
549556
549230
548978
548761
548583
548440
548315
548214
548130
548052
547981
547920
547876
547862
547861
547862
547871
547887
547914
547950
547988
548022
548052
548075
548096
548115
548133
548150
548163
548174
548182
548189
548195
548200
548204
548207
548210
548214
548217
548219
548220
548219
548216
548209
548198
548184
548169
548153
548138
548124
548111
548098
548088
548079
548072
548064
548058
548056
548056
548057
548060
548068
548079
548092
548104
548113
548120
548127
548133
548139
548145
548149
548152
548156
548159
548162
548166
548169
548173
548178
548186
548198
548213
548224
548225
548223
548215
548200
548178
548156
548141
548131
548125
548119
548113
548105
548097
548088
548080
548073
548067
548063
548062
548062
548062
548064
548069
548077
548088
548099
548110
548118
548125
548131
548137
548141
548145
548149
548154
548157
548158
548160
548162
548164
548167
548169
548172
548178
548187
548200
548218
548233
548235
548233
548224
548206
548181
548157
548139
548126
548117
548111
548105
548099
548094
548088
548083
548077
548072
548066
548059
548054
548052
548052
548054
548060
548069
548082
548095
548106
548116
548125
548132
548138
548142
548146
548151
548154
548155
548156
548158
548161
548165
548170
548175
548180
548185
548192
548202
548217
548236
548255
548261
548255
548236
548208
548179
548155
548137
548124
548114
548110
548102
548093
548085
548078
548072
548066
548056
548049
548044
548037
548174
548108
547701
547750
547764
547791
547860
547997
548225
548819
548981
548668
548437
548190
548013
547912
547870
547833
547571
547463
547654
547833
548139
548583
549011
549254
549134
548904
548616
548137
547783
547684
547626
547551
547423
547441
547645
547973
548722
549221
549297
549275
549133
548633
547709
547296
547142
547083
547094
547135
547182
547341
547901
548837
549361
549519
549552
549462
548765
547480
547076
546969
546940
547052
547150
547224
547384
547913
549307
549348
547477
556770
556770
556770
556770
556770
556770
556770
556770
556770
556771
556773
556785
556831
556984
557392
558143
558754
558813
558678
558167
557155
555740
554173
552701
551501
550606
549997
549555
549231
548978
548760
548584
548441
548315
548214
548129
548052
547981
547920
547876
547862
547861
547863
547870
547887
547914
547950
547988
548022
548051
548075
548096
548115
548134
548150
548163
548174
548182
548189
548195
548200
548204
548207
548210
548214
548217
548219
548220
548219
548216
548209
548198
548184
548169
548153
548138
548124
548111
548098
548088
548080
548072
548064
548058
548056
548056
548056
548060
548068
548079
548092
548104
548113
548120
548127
548133
548140
548145
548149
548152
548156
548159
548162
548166
548169
548173
548178
548186
548198
548214
548224
548225
548223
548215
548199
548177
548156
548141
548131
548125
548119
548113
548105
548097
548088
548080
548073
548067
548063
548062
548062
548062
548064
548069
548077
548088
548100
548110
548118
548125
548131
548137
548141
548145
548149
548154
548157
548158
548160
548162
548164
548167
548169
548173
548178
548186
548199
548217
548233
548235
548233
548225
548206
548181
548157
548139
548126
548117
548111
548105
548099
548093
548088
548082
548077
548072
548066
548059
548054
548052
548052
548054
548060
548069
548081
548094
548106
548116
548125
548132
548138
548142
548146
548151
548154
548155
548156
548158
548161
548165
548170
548175
548180
548185
548192
548202
548217
548236
548255
548261
548255
548236
548208
548179
548155
548137
548124
548114
548110
548102
548093
548085
548078
548072
548066
548056
548049
548044
548037
548174
548108
547701
547750
547764
547791
547860
547997
548225
548819
548981
548668
548437
548190
548013
547912
547870
547833
547571
547463
547654
547833
548139
548583
549011
549254
549134
548904
548616
548137
547783
547684
547626
547551
547423
547441
547645
547973
548722
549221
549297
549275
549133
548633
547709
547296
547142
547083
547094
547135
547182
547341
547901
548837
549361
549519
549552
549462
548765
547480
547076
546969
546940
547052
547150
547224
547384
547913
549307
549348
547477
556770
556770
556770
556770
556770
556770
556770
556770
556770
556771
556773
556785
556831
556984
557392
558143
558754
558813
558678
558167
557155
555740
554173
552702
551498
550607
549997
549554
549233
548977
548759
548586
548440
548315
548215
548129
548051
547982
547920
547876
547862
547861
547863
547870
547886
547914
547950
547988
548022
548051
548075
548096
548115
548134
548150
548163
548174
548182
548189
548195
548201
548204
548207
548210
548214
548217
548219
548220
548219
548216
548209
548198
548184
548169
548153
548138
548124
548110
548098
548088
548080
548072
548064
548058
548056
548055
548056
548060
548068
548079
548092
548104
548113
548120
548127
548134
548140
548145
548149
548152
548155
548159
548162
548166
548169
548173
548178
548186
548198
548214
548224
548225
548223
548215
548199
548177
548156
548141
548131
548125
548119
548113
548106
548097
548088
548080
548073
548067
548063
548062
548061
548062
548064
548069
548077
548088
548100
548110
548118
548125
548131
548137
548141
548145
548149
548153
548156
548158
548160
548162
548165
548167
548170
548173
548178
548186
548199
548217
548233
548236
548234
548225
548206
548181
548157
548138
548126
548117
548111
548105
548099
548093
548088
548082
548077
548072
548066
548059
548054
548053
548053
548054
548060
548069
548081
548094
548106
548116
548125
548133
548138
548142
548146
548151
548154
548155
548156
548158
548161
548165
548170
548175
548180
548185
548192
548202
548217
548236
548255
548261
548255
548236
548208
548179
548155
548137
548124
548114
548110
548102
548093
548085
548078
548072
548066
548056
548049
548044
548037
548174
548108
547701
547750
547764
547791
547860
547997
548225
548819
548981
548668
548437
548190
548013
547912
547870
547833
547571
547463
547654
547833
548139
548583
549011
549254
549134
548904
548616
548137
547783
547684
547626
547551
547423
547441
547645
547973
548722
549221
549297
549275
549133
548633
547709
547296
547142
547083
547094
547135
547182
547341
547901
548837
549361
549519
549552
549462
548765
547480
547076
546969
546940
547052
547150
547224
547384
547913
549307
549348
547477
556770
556770
556770
556770
556770
556770
556770
556770
556770
556771
556773
556785
556831
556984
557392
558143
558754
558813
558678
558167
557155
555740
554173
552704
551495
550610
549996
549554
549234
548974
548760
548588
548438
548315
548215
548127
548051
547984
547920
547876
547863
547861
547863
547870
547887
547914
547950
547988
548022
548051
548075
548096
548116
548135
548150
548163
548174
548182
548189
548195
548201
548204
548207
548210
548213
548217
548219
548220
548219
548216
548209
548198
548184
548169
548153
548138
548124
548110
548098
548088
548080
548072
548064
548059
548056
548055
548056
548060
548068
548079
548092
548103
548113
548120
548127
548134
548140
548145
548149
548152
548155
548159
548162
548166
548169
548173
548178
548186
548198
548214
548224
548225
548223
548215
548199
548177
548156
548141
548131
548125
548119
548113
548106
548097
548088
548080
548073
548067
548063
548061
548061
548062
548064
548069
548077
548088
548100
548110
548118
548125
548131
548137
548141
548145
548149
548153
548156
548158
548160
548162
548165
548167
548170
548173
548178
548186
548199
548216
548232
548236
548234
548225
548206
548181
548157
548138
548126
548117
548111
548106
548100
548094
548088
548082
548077
548072
548065
548059
548054
548053
548053
548054
548060
548069
548081
548094
548106
548116
548125
548133
548138
548143
548146
548150
548154
548155
548156
548158
548161
548165
548170
548175
548179
548185
548192
548202
548217
548236
548255
548261
548255
548236
548208
548179
548155
548137
548124
548114
548110
548102
548093
548085
548078
548072
548066
548056
548049
548044
548037
548174
548108
547701
547750
547764
547791
547860
547997
548225
548819
548981
548668
548437
548190
548013
547912
547870
547833
547571
547463
547654
547833
548139
548583
549011
549254
549134
548904
548616
548137
547783
547684
547626
547551
547423
547441
547645
547973
548722
549221
549297
549275
549133
548633
547709
547296
547142
547083
547094
547135
547182
547341
547901
548837
549361
549519
549552
549462
548765
547480
547076
546969
546940
547052
547150
547224
547384
547913
549307
549348
547477
556770
556770
556770
556770
556770
556770
556770
556770
556770
556771
556773
556785
556831
556984
557392
558143
558754
558813
558678
558167
557155
555740
554173
552704
551492
550614
549992
549557
549234
548972
548763
548588
548437
548317
548214
548126
548053
547983
547919
547877
547862
547861
547863
547870
547887
547915
547950
547988
548022
548051
548075
548096
548116
548135
548150
548163
548173
548182
548189
548196
548201
548204
548207
548210
548213
548217
548220
548221
548219
548216
548209
548197
548184
548169
548153
548139
548124
548110
548098
548088
548080
548072
548065
548059
548056
548055
548056
548060
548068
548079
548092
548103
548113
548120
548127
548134
548140
548145
548149
548152
548155
548159
548162
548166
548169
548173
548178
548186
548198
548214
548225
548225
548223
548215
548199
548177
548156
548140
548131
548124
548119
548113
548106
548097
548088
548080
548073
548067
548063
548061
548061
548062
548064
548069
548078
548088
548100
548110
548117
548125
548131
548137
548141
548145
548150
548154
548156
548158
548160
548162
548165
548167
548170
548173
548178
548186
548199
548216
548232
548236
548234
548225
548207
548181
548157
548138
548125
548117
548111
548106
548100
548094
548087
548082
548077
548071
548065
548059
548054
548053
548053
548054
548060
548069
548081
548094
548106
548116
548125
548133
548138
548143
548146
548150
548154
548155
548156
548158
548161
548165
548170
548175
548179
548185
548192
548202
548217
548236
548255
548261
548255
548236
548208
548179
548155
548137
548124
548114
548110
548102
548093
548085
548078
548072
548066
548056
548049
548044
548037
548174
548108
547701
547750
547764
547791
547860
547997
548225
548819
548981
548668
548437
548190
548013
547912
547870
547833
547571
547463
547654
547833
548139
548583
549011
549254
549134
548904
548616
548137
547783
547684
547626
547551
547423
547441
547645
547973
548722
549221
549297
549275
549133
548633
547709
547296
547142
547083
547094
547135
547182
547341
547901
548837
549361
549519
549552
549462
548765
547480
547076
546969
546940
547052
547150
547224
547384
547913
549307
549348
547477
556770
556770
556770
556770
556770
556770
556770
556770
556770
556771
556773
556785
556831
556984
557392
558143
558754
558813
558678
558167
557154
555741
554175
552702
551492
550615
549991
549559
549231
548972
548766
548585
548438
548317
548213
548127
548054
547982
547920
547876
547862
547861
547862
547870
547887
547914
547950
547988
548022
548051
548075
548096
548117
548134
548150
548163
548173
548182
548189
548196
548201
548204
548207
548209
548213
548217
548220
548220
548219
548216
548209
548197
548184
548169
548154
548139
548124
548110
548098
548088
548080
548072
548065
548059
548056
548055
548056
548060
548068
548079
548092
548103
548113
548120
548127
548134
548140
548145
548149
548152
548155
548159
548162
548166
548169
548173
548178
548186
548198
548214
548225
548225
548223
548215
548199
548177
548156
548140
548131
548124
548118
548113
548106
548097
548088
548081
548073
548067
548063
548061
548061
548062
548064
548069
548078
548088
548100
548109
548117
548125
548131
548137
548141
548145
548150
548154
548156
548158
548160
548162
548165
548167
548170
548173
548178
548186
548199
548216
548232
548236
548234
548225
548207
548181
548157
548138
548125
548116
548111
548106
548101
548095
548088
548082
548077
548071
548065
548059
548054
548053
548053
548055
548060
548069
548081
548094
548106
548116
548125
548133
548138
548143
548146
548150
548154
548155
548156
548158
548161
548165
548170
548175
548179
548185
548192
548202
548217
548236
548255
548261
548255
548236
548208
548179
548155
548137
548124
548114
548110
548102
548093
548085
548078
548072
548066
548056
548049
548044
548037
548174
548108
547701
547750
547764
547791
547860
547997
548225
548819
548981
548668
548437
548190
548013
547912
547870
547833
547571
547463
547654
547833
548139
548583
549011
549254
549134
548904
548616
548137
547783
547684
547626
547551
547423
547441
547645
547973
548722
549221
549297
549275
549133
548633
547709
547296
547142
547083
547094
547135
547182
547341
547901
548837
549361
549519
549552
549462
548765
547480
547076
546969
546940
547052
547150
547224
547384
547913
549307
549348
547477
556770
556770
556770
556770
556770
556770
556770
556770
556770
556771
556773
556785
556831
556984
557392
558143
558754
558813
558679
558168
557154
555742
554176
552697
551498
550613
549993
549560
549228
548976
548765
548583
548439
548316
548212
548129
548053
547981
547920
547876
547862
547861
547863
547871
547887
547914
547950
547988
548021
548051
548075
548097
548116
548134
548149
548163
548173
548182
548190
548196
548201
548204
548207
548209
548213
548217
548220
548220
548219
548216
548208
548197
548184
548169
548154
548139
548124
548110
548097
548088
548080
548072
548064
548058
548056
548055
548056
548060
548068
548079
548092
548103
548113
548120
548127
548134
548140
548145
548149
548152
548155
548159
548162
548166
548169
548173
548178
548186
548198
548214
548224
548225
548223
548215
548199
548177
548156
548140
548131
548124
548118
548113
548106
548097
548088
548081
548074
548067
548063
548061
548061
548062
548064
548069
548078
548088
548100
548109
548117
548125
548131
548137
548141
548145
548150
548154
548156
548158
548160
548162
548165
548167
548170
548173
548178
548186
548199
548217
548232
548235
548234
548225
548206
548181
548157
548138
548125
548116
548110
548105
548100
548095
548088
548082
548076
548071
548065
548059
548054
548053
548053
548055
548060
548069
548081
548094
548106
548117
548125
548133
548138
548143
548146
548150
548154
548155
548156
548158
548161
548165
548170
548175
548179
548185
548192
548202
548217
548236
548255
548261
548255
548236
548208
548179
548155
548137
548124
548114
548110
548102
548093
548085
548078
548072
548066
548056
548049
548044
548037
548174
548108
547701
547750
547764
547791
547860
547997
548225
548819
548981
548668
548437
548190
548013
547912
547870
547833
547571
547463
547654
547833
548139
548583
549011
549254
549134
548904
548616
548137
547783
547684
547626
547551
547423
547441
547645
547973
548722
549221
549297
549275
549133
548633
547709
547296
547142
547083
547094
547135
547182
547341
547901
548837
549361
549519
549552
549462
548765
547480
547076
546969
546940
547052
547150
547224
547384
547913
549307
549348
547477
556770
556770
556770
556770
556770
556770
556770
556770
556770
556771
556773
556785
556831
556984
557392
558143
558754
558813
558679
558167
557154
555742
554176
552695
551502
550609
549995
549558
549228
548978
548763
548583
548440
548316
548212
548130
548053
547981
547920
547876
547862
547861
547863
547871
547887
547913
547950
547987
548022
548052
548076
548096
548116
548133
548149
548163
548174
548183
548190
548196
548201
548204
548207
548210
548213
548218
548220
548220
548219
548215
548208
548198
548184
548169
548154
548139
548124
548110
548097
548088
548080
548072
548064
548058
548056
548055
548056
548060
548068
548080
548092
548104
548113
548120
548127
548134
548140
548145
548149
548152
548156
548159
548162
548166
548169
548173
548178
548186
548198
548214
548224
548225
548223
548215
548199
548177
548156
548140
548131
548124
548118
548113
548105
548097
548088
548080
548074
548067
548063
548061
548061
548062
548064
548069
548078
548088
548100
548110
548117
548125
548131
548137
548141
548145
548150
548154
548156
548158
548160
548162
548165
548167
548170
548173
548178
548187
548199
548217
548232
548235
548233
548225
548206
548181
548158
548139
548125
548116
548110
548105
548100
548095
548089
548083
548076
548071
548065
548058
548054
548053
548053
548055
548060
548069
548081
548094
548106
548117
548125
548133
548138
548143
548146
548150
548154
548155
548156
548158
548161
548165
548170
548175
548179
548185
548192
548202
548217
548236
548255
548261
548255
548236
548208
548179
548155
548137
548124
548114
548110
548102
548093
548085
548078
548072
548066
548056
548049
548044
548037
548174
548108
547701
547750
547764
547791
547860
547997
548225
548819
548981
548668
548437
548190
548013
547912
547870
547833
547571
547463
547654
547833
548139
548583
549011
549254
549134
548904
548616
548137
547783
547684
547626
547551
547423
547441
547645
547973
548722
549221
549297
549275
549133
548633
547709
547296
547142
547083
547094
547135
547182
547341
547901
548837
549361
549519
549552
549462
548765
547480
547076
546969
546940
547052
547150
547224
547384
547913
549307
549348
547477
556770
556770
556770
556770
556770
556770
556770
556770
556770
556771
556773
556785
556831
556984
557392
558143
558754
558813
558679
558167
557155
555742
554174
552697
551504
550607
549997
549556
549229
548979
548761
548583
548440
548315
548213
548130
548052
547981
547920
547876
547862
547861
547863
547871
547887
547913
547950
547988
548022
548052
548076
548096
548115
548133
548149
548163
548174
548183
548190
548196
548200
548204
548207
548210
548214
548218
548219
548220
548219
548215
548208
548198
548184
548169
548154
548139
548124
548110
548098
548088
548080
548072
548064
548058
548056
548055
548057
548060
548068
548080
548092
548104
548113
548120
548127
548133
548139
548144
548149
548152
548156
548159
548162
548166
548169
548173
548178
548186
548198
548214
548224
548225
548223
548215
548199
548178
548156
548140
548131
548124
548118
548113
548105
548097
548088
548080
548074
548067
548063
548062
548062
548062
548064
548069
548077
548088
548099
548109
548118
548125
548131
548137
548141
548145
548149
548153
548156
548158
548160
548162
548165
548167
548169
548173
548178
548187
548200
548218
548233
548235
548233
548224
548206
548181
548158
548139
548126
548116
548110
548105
548100
548094
548089
548083
548077
548071
548065
548058
548054
548053
548053
548055
548060
548069
548081
548094
548106
548116
548125
548133
548138
548143
548146
548150
548154
548155
548156
548158
548161
548165
548170
548175
548179
548185
548192
548202
548217
548236
548255
548261
548255
548236
548208
548179
548155
548137
548124
548114
548110
548102
548093
548085
548078
548072
548066
548056
548049
548044
548037
548174
548108
547701
547750
547764
547791
547860
547997
548225
548819
548981
548668
548437
548190
548013
547912
547870
547833
547571
547463
547654
547833
548139
548583
549011
549254
549134
548904
548616
548137
547783
547684
547626
547551
547423
547441
547645
547973
548722
549221
549297
549275
549133
548633
547709
547296
547142
547083
547094
547135
547182
547341
547901
548837
549361
549519
549552
549462
548765
547480
547076
546969
546940
547052
547150
547224
547384
547913
549307
549348
547477
556770
556770
556770
556770
556770
556770
556770
556770
556770
556771
556773
556785
556831
556984
557392
558143
558754
558813
558678
558167
557156
555741
554173
552700
551504
550606
549997
549555
549230
548978
548760
548583
548440
548315
548214
548130
548052
547981
547920
547876
547862
547861
547862
547870
547887
547913
547950
547988
548022
548052
548075
548096
548115
548133
548150
548163
548174
548182
548190
548195
548200
548204
548207
548210
548214
548218
548219
548219
548218
548215
548208
548198
548184
548169
548154
548139
548124
548111
548098
548088
548080
548072
548064
548058
548056
548055
548057
548061
548068
548080
548092
548104
548113
548120
548127
548133
548139
548144
548149
548152
548156
548159
548163
548166
548170
548173
548178
548186
548198
548213
548224
548225
548223
548215
548200
548178
548156
548141
548131
548124
548118
548112
548105
548097
548088
548080
548073
548068
548063
548062
548062
548063
548064
548069
548077
548088
548099
548109
548118
548125
548132
548137
548142
548146
548150
548153
548156
548158
548160
548162
548164
548167
548169
548173
548178
548187
548200
548218
548233
548235
548233
548224
548206
548181
548158
548139
548126
548116
548109
548104
548100
548094
548089
548083
548077
548071
548065
548058
548053
548053
548053
548055
548060
548069
548081
548094
548106
548116
548125
548133
548138
548143
548146
548150
548154
548155
548156
548158
548161
548165
548170
548175
548179
548185
548192
548202
548217
548236
548255
548261
548255
548236
548208
548179
548155
548137
548124
548114
548110
548102
548093
548085
548078
548072
548066
548056
548049
548044
548037
548174
548108
547701
547750
547764
547791
547860
547997
548225
548819
548981
548668
548437
548190
548013
547912
547870
547833
547571
547463
547654
547833
548139
548583
549011
549254
549134
548904
548616
548137
547783
547684
547626
547551
547423
547441
547645
547973
548722
549221
549297
549275
549133
548633
547709
547296
547142
547083
547094
547135
547182
547341
547901
548837
549361
549519
549552
549462
548765
547480
547076
546969
546940
547052
547150
547224
547384
547913
549307
549348
547477
556770
556770
556770
556770
556770
556770
556770
556770
556770
556771
556773
556785
556831
556984
557392
558143
558754
558813
558678
558167
557156
555740
554173
552701
551504
550605
549997
549556
549230
548978
548760
548583
548440
548315
548214
548130
548052
547981
547920
547876
547862
547860
547862
547870
547887
547914
547950
547988
548023
548052
548075
548096
548115
548133
548150
548163
548173
548182
548189
548195
548201
548205
548208
548210
548214
548218
548219
548219
548218
548215
548208
548198
548184
548169
548154
548139
548124
548111
548098
548088
548080
548072
548064
548058
548056
548055
548057
548061
548068
548080
548092
548104
548113
548120
548126
548133
548139
548144
548149
548152
548156
548159
548163
548166
548170
548173
548178
548186
548198
548213
548224
548225
548223
548215
548200
548178
548157
548141
548131
548124
548118
548112
548105
548097
548088
548080
548073
548068
548063
548062
548062
548063
548064
548069
548077
548088
548099
548109
548117
548125
548132
548137
548142
548146
548150
548153
548156
548158
548160
548162
548165
548167
548169
548173
548178
548187
548200
548218
548233
548235
548233
548224
548206
548181
548158
548139
548126
548117
548109
548104
548099
548094
548089
548083
548078
548072
548065
548058
548053
548053
548053
548055
548060
548069
548081
548094
548106
548116
548125
548133
548138
548143
548146
548150
548154
548155
548156
548158
548161
548165
548170
548175
548180
548185
548192
548202
548217
548236
548255
548261
548255
548236
548208
548179
548155
548137
548124
548114
548110
548102
548093
548085
548078
548072
548066
548056
548049
548044
548037
548174
548108
547701
547750
547764
547791
547860
547997
548225
548819
548981
548668
548437
548190
548013
547912
547870
547833
547571
547463
547654
547833
548139
548583
549011
549254
549134
548904
548616
548137
547783
547684
547626
547551
547423
547441
547645
547973
548722
549221
549297
549275
549133
548633
547709
547296
547142
547083
547094
547135
547182
547341
547901
548837
549361
549519
549552
549462
548765
547480
547076
546969
546940
547052
547150
547224
547384
547913
549307
549348
547477
556770
556770
556770
556770
556770
556770
556770
556770
556770
556771
556773
556785
556831
556984
557392
558143
558754
558813
558678
558167
557157
555740
554171
552701
551505
550605
549995
549557
549230
548978
548761
548583
548440
548315
548213
548129
548052
547981
547920
547876
547862
547860
547862
547870
547887
547914
547951
547988
548023
548052
548075
548095
548115
548134
548150
548163
548173
548182
548189
548196
548202
548205
548208
548210
548214
548217
548219
548220
548219
548215
548208
548197
548184
548169
548154
548139
548125
548111
548098
548088
548080
548072
548064
548058
548055
548055
548057
548061
548069
548080
548092
548104
548113
548120
548126
548133
548139
548144
548149
548152
548156
548159
548163
548166
548170
548173
548178
548186
548197
548213
548224
548225
548223
548215
548200
548178
548157
548141
548131
548124
548118
548112
548105
548097
548088
548080
548073
548067
548063
548062
548062
548063
548065
548069
548077
548088
548099
548108
548117
548124
548131
548138
548143
548147
548150
548153
548155
548157
548159
548162
548165
548167
548170
548173
548178
548187
548200
548218
548233
548235
548233
548224
548205
548181
548158
548139
548126
548117
548110
548104
548099
548094
548088
548083
548078
548072
548065
548058
548053
548052
548053
548055
548060
548069
548082
548094
548106
548116
548125
548133
548138
548143
548147
548151
548154
548155
548156
548158
548161
548165
548170
548175
548180
548185
548192
548202
548217
548236
548255
548261
548255
548236
548208
548179
548155
548137
548124
548114
548110
548102
548093
548085
548078
548072
548066
548056
548049
548044
548037
548174
548108
547701
547750
547764
547791
547860
547997
548225
548819
548981
548668
548437
548190
548013
547912
547870
547833
547571
547463
547654
547833
548139
548583
549011
549254
549134
548904
548616
548137
547783
547684
547626
547551
547423
547441
547645
547973
548722
549221
549297
549275
549133
548633
547709
547296
547142
547083
547094
547135
547182
547341
547901
548837
549361
549519
549552
549462
548765
547480
547076
546969
546940
547052
547150
547224
547384
547913
549307
549348
547477
556770
556770
556770
556770
556770
556770
556770
556770
556770
556771
556773
556785
556831
556984
557392
558143
558754
558813
558678
558167
557157
555742
554169
552702
551505
550608
549992
549559
549231
548978
548762
548582
548439
548316
548214
548129
548052
547981
547920
547876
547862
547860
547862
547870
547886
547914
547951
547989
548023
548051
548075
548096
548116
548134
548150
548162
548173
548181
548189
548196
548202
548205
548208
548210
548214
548217
548219
548220
548219
548215
548208
548197
548184
548169
548154
548139
548125
548111
548098
548088
548080
548072
548064
548058
548055
548055
548056
548061
548069
548080
548093
548104
548113
548120
548126
548133
548139
548144
548148
548152
548156
548159
548163
548167
548170
548173
548178
548186
548197
548213
548224
548225
548223
548215
548199
548178
548157
548141
548131
548124
548118
548112
548105
548097
548088
548080
548073
548067
548063
548062
548062
548063
548065
548070
548078
548088
548099
548108
548116
548124
548131
548138
548143
548147
548151
548153
548155
548157
548159
548162
548165
548167
548170
548173
548178
548187
548200
548218
548233
548235
548233
548224
548205
548181
548157
548139
548126
548117
548110
548104
548099
548094
548088
548083
548077
548072
548065
548059
548053
548052
548053
548055
548060
548069
548082
548094
548106
548116
548125
548132
548138
548143
548147
548151
548154
548155
548156
548158
548161
548165
548170
548175
548180
548185
548192
548202
548217
548236
548255
548261
548255
548236
548208
548179
548155
548137
548124
548114
548110
548102
548093
548085
548078
548072
548066
548056
548049
548044
548037
548174
548108
547701
547750
547764
547791
547860
547997
548225
548819
548981
548668
548437
548190
548013
547912
547870
547833
547571
547463
547654
547833
548139
548583
549011
549254
549134
548904
548616
548137
547783
547684
547626
547551
547423
547441
547645
547973
548722
549221
549297
549275
549133
548633
547709
547296
547142
547083
547094
547135
547182
547341
547901
548837
549361
549519
549552
549462
548765
547480
547076
546969
546940
547052
547150
547224
547384
547913
549307
549348
547477
556770
556770
556770
556770
556770
556770
556770
556770
556770
556771
556773
556785
556831
556984
557392
558143
558754
558813
558679
558167
557156
555745
554170
552697
551505
550613
549990
549554
549228
548978
548763
548584
548437
548314
548213
548130
548052
547982
547919
547876
547861
547861
547862
547870
547886
547914
547951
547989
548023
548052
548075
548096
548116
548134
548149
548162
548172
548181
548189
548197
548202
548205
548208
548210
548214
548217
548219
548220
548219
548215
548207
548197
548183
548169
548154
548140
548125
548111
548098
548088
548080
548072
548064
548058
548055
548055
548056
548061
548069
548080
548093
548104
548113
548120
548126
548133
548139
548144
548148
548152
548155
548159
548163
548167
548170
548173
548178
548185
548197
548213
548224
548225
548223
548215
548199
548178
548157
548141
548131
548124
548118
548112
548105
548097
548088
548080
548073
548067
548063
548062
548062
548063
548065
548070
548078
548088
548098
548108
548116
548123
548131
548139
548143
548147
548151
548153
548155
548157
548159
548162
548165
548167
548170
548173
548178
548187
548200
548217
548233
548235
548233
548224
548205
548181
548157
548139
548126
548117
548110
548105
548099
548094
548088
548083
548077
548072
548066
548059
548054
548052
548053
548055
548060
548069
548082
548095
548106
548116
548125
548132
548138
548143
548147
548151
548154
548155
548156
548158
548161
548165
548170
548175
548180
548185
548192
548202
548217
548236
548255
548261
548255
548236
548208
548179
548155
548137
548124
548114
548110
548102
548093
548085
548078
548072
548066
548056
548049
548044
548037
548174
548108
547701
547750
547764
547791
547860
547997
548225
548819
548981
548668
548437
548190
548013
547912
547870
547833
547571
547463
547654
547833
548139
548583
549011
549254
549134
548904
548616
548137
547783
547684
547626
547551
547423
547441
547645
547973
548722
549221
549297
549275
549133
548633
547709
547296
547142
547083
547094
547135
547182
547341
547901
548837
549361
549519
549552
549462
548765
547480
547076
546969
546940
547052
547150
547224
547384
547913
549307
549348
547477
)
;

boundaryField
{
    sides
    {
        type            zeroGradient;
    }
    inlet
    {
        type            zeroGradient;
    }
    outlet
    {
        type            zeroGradient;
    }
    empty
    {
        type            empty;
    }
}


// ************************************************************************* //
