/*--------------------------------*- C++ -*----------------------------------*\
| =========                 |                                                 |
| \\      /  F ield         | OpenFOAM: The Open Source CFD Toolbox           |
|  \\    /   O peration     | Version:  2306                                  |
|   \\  /    A nd           | Website:  www.openfoam.com                      |
|    \\/     M anipulation  |                                                 |
\*---------------------------------------------------------------------------*/
FoamFile
{
    version     2.0;
    format      ascii;
    arch        "LSB;label=32;scalar=64";
    class       volScalarField;
    location    "0.03";
    object      T;
}
// * * * * * * * * * * * * * * * * * * * * * * * * * * * * * * * * * * * * * //

dimensions      [0 0 0 1 0 0 0];

internalField   nonuniform List<scalar> 
6000
(
532.368
532.368
532.368
532.368
532.368
532.368
532.368
532.368
532.368
532.368
532.369
532.372
532.385
532.426
532.538
532.743
532.909
532.926
532.889
532.749
532.473
532.088
531.657
531.252
530.923
530.68
530.507
530.387
530.297
530.227
530.169
530.119
530.078
530.045
530.016
529.993
529.972
529.953
529.935
529.923
529.919
529.919
529.92
529.922
529.926
529.934
529.944
529.954
529.964
529.972
529.978
529.984
529.989
529.994
529.999
530.003
530.005
530.008
530.01
530.012
530.013
530.014
530.015
530.016
530.017
530.018
530.018
530.018
530.018
530.017
530.015
530.012
530.008
530.004
530
529.996
529.992
529.988
529.985
529.982
529.979
529.977
529.975
529.974
529.973
529.973
529.973
529.974
529.976
529.98
529.983
529.986
529.989
529.991
529.992
529.994
529.996
529.997
529.999
530
530.001
530.001
530.003
530.004
530.004
530.006
530.007
530.009
530.012
530.016
530.019
530.02
530.019
530.017
530.013
530.007
530.001
529.996
529.994
529.992
529.99
529.989
529.987
529.984
529.982
529.98
529.978
529.976
529.975
529.975
529.975
529.975
529.975
529.977
529.979
529.982
529.985
529.987
529.99
529.992
529.994
529.996
529.997
529.998
529.999
530
530
530.001
530.001
530.002
530.003
530.004
530.005
530.006
530.007
530.009
530.013
530.018
530.022
530.023
530.022
530.019
530.014
530.008
530.001
529.996
529.992
529.99
529.988
529.987
529.985
529.984
529.982
529.981
529.979
529.977
529.975
529.974
529.972
529.972
529.972
529.973
529.974
529.977
529.98
529.984
529.987
529.99
529.992
529.995
529.996
529.997
529.998
529.999
530
530
530.001
530.002
530.003
530.004
530.005
530.006
530.007
530.009
530.011
530.014
530.018
530.024
530.027
530.029
530.028
530.024
530.017
530.009
530.002
529.995
529.984
529.969
529.95
529.937
529.933
529.935
529.946
529.98
530.075
530.327
530.991
532.679
536.7
544.699
554.525
559.135
559.644
559.645
559.604
559.479
559.199
558.608
557.678
556.717
556.227
556.087
556.063
556.069
556.136
556.331
556.693
557.13
557.552
557.854
557.994
558.052
558.078
558.074
557.957
557.628
557.243
556.908
556.636
556.526
556.512
556.523
556.585
556.736
557.022
557.382
557.72
558.038
558.164
558.159
558.073
557.856
557.456
556.939
556.607
556.418
556.346
556.34
556.369
556.464
556.7
557.151
557.702
558.061
558.212
558.253
558.228
557.957
557.409
557.091
556.857
556.633
556.493
556.409
556.373
556.385
556.553
557.225
557.371
557.131
532.368
532.368
532.368
532.368
532.368
532.368
532.368
532.368
532.368
532.368
532.369
532.372
532.385
532.426
532.538
532.743
532.909
532.926
532.889
532.749
532.473
532.087
531.656
531.253
530.924
530.678
530.506
530.388
530.298
530.227
530.169
530.118
530.078
530.045
530.017
529.993
529.972
529.952
529.935
529.923
529.919
529.919
529.919
529.922
529.926
529.934
529.944
529.954
529.964
529.972
529.978
529.984
529.989
529.994
529.999
530.003
530.005
530.008
530.01
530.012
530.013
530.014
530.015
530.016
530.017
530.018
530.018
530.018
530.018
530.017
530.015
530.012
530.008
530.004
530
529.996
529.992
529.988
529.985
529.982
529.979
529.977
529.975
529.974
529.973
529.973
529.973
529.974
529.976
529.98
529.983
529.986
529.989
529.991
529.993
529.994
529.996
529.997
529.999
530
530.001
530.001
530.002
530.004
530.004
530.006
530.007
530.009
530.012
530.016
530.019
530.02
530.019
530.017
530.013
530.007
530.001
529.996
529.994
529.992
529.99
529.989
529.987
529.984
529.982
529.98
529.978
529.976
529.975
529.975
529.975
529.975
529.975
529.977
529.979
529.982
529.985
529.987
529.99
529.992
529.994
529.996
529.997
529.998
529.999
530
530
530.001
530.001
530.002
530.003
530.004
530.005
530.005
530.007
530.009
530.013
530.018
530.022
530.023
530.022
530.02
530.014
530.008
530.001
529.996
529.992
529.99
529.988
529.987
529.985
529.984
529.982
529.981
529.979
529.977
529.975
529.974
529.972
529.972
529.972
529.973
529.974
529.977
529.98
529.984
529.987
529.99
529.992
529.995
529.996
529.997
529.998
529.999
530
530
530.001
530.002
530.003
530.004
530.005
530.006
530.007
530.009
530.011
530.014
530.018
530.024
530.027
530.029
530.028
530.024
530.017
530.009
530.002
529.995
529.984
529.969
529.95
529.937
529.933
529.935
529.946
529.98
530.075
530.327
530.991
532.679
536.7
544.699
554.525
559.135
559.644
559.645
559.604
559.479
559.199
558.608
557.678
556.717
556.227
556.087
556.063
556.069
556.136
556.331
556.693
557.13
557.552
557.854
557.994
558.052
558.078
558.074
557.957
557.628
557.243
556.908
556.636
556.526
556.512
556.523
556.585
556.736
557.022
557.382
557.72
558.038
558.164
558.159
558.073
557.856
557.456
556.939
556.607
556.418
556.346
556.34
556.369
556.464
556.7
557.151
557.702
558.061
558.212
558.253
558.228
557.957
557.409
557.091
556.857
556.633
556.493
556.409
556.373
556.385
556.553
557.225
557.371
557.131
532.368
532.368
532.368
532.368
532.368
532.368
532.368
532.368
532.368
532.368
532.369
532.372
532.385
532.426
532.538
532.743
532.909
532.926
532.889
532.749
532.473
532.087
531.656
531.253
530.924
530.677
530.507
530.388
530.297
530.227
530.168
530.118
530.079
530.045
530.016
529.993
529.972
529.952
529.935
529.923
529.919
529.919
529.919
529.922
529.926
529.934
529.944
529.954
529.964
529.972
529.978
529.984
529.989
529.994
529.999
530.003
530.006
530.008
530.01
530.012
530.013
530.014
530.015
530.016
530.017
530.018
530.018
530.018
530.018
530.017
530.015
530.012
530.008
530.004
530
529.996
529.992
529.988
529.985
529.982
529.979
529.977
529.975
529.974
529.973
529.973
529.973
529.974
529.976
529.98
529.983
529.986
529.989
529.991
529.993
529.994
529.996
529.997
529.999
530
530.001
530.001
530.002
530.004
530.004
530.005
530.007
530.009
530.012
530.016
530.019
530.02
530.019
530.017
530.013
530.007
530.001
529.996
529.994
529.992
529.99
529.989
529.987
529.984
529.982
529.98
529.978
529.976
529.975
529.975
529.975
529.975
529.976
529.977
529.979
529.982
529.985
529.987
529.99
529.992
529.994
529.996
529.997
529.998
529.999
530
530.001
530.001
530.002
530.002
530.003
530.004
530.004
530.005
530.007
530.009
530.013
530.018
530.022
530.023
530.022
530.02
530.014
530.008
530.001
529.996
529.992
529.99
529.988
529.987
529.985
529.984
529.982
529.981
529.979
529.977
529.976
529.974
529.972
529.972
529.972
529.973
529.974
529.977
529.98
529.984
529.987
529.99
529.992
529.995
529.996
529.997
529.998
529.999
530
530
530.001
530.001
530.003
530.004
530.005
530.006
530.007
530.009
530.011
530.014
530.018
530.024
530.027
530.029
530.028
530.024
530.017
530.009
530.002
529.995
529.984
529.969
529.95
529.937
529.933
529.935
529.946
529.98
530.075
530.327
530.991
532.679
536.7
544.699
554.525
559.135
559.644
559.645
559.604
559.479
559.199
558.608
557.678
556.717
556.227
556.087
556.063
556.069
556.136
556.331
556.693
557.13
557.552
557.854
557.994
558.052
558.078
558.074
557.957
557.628
557.243
556.908
556.636
556.526
556.512
556.523
556.585
556.736
557.022
557.382
557.72
558.038
558.164
558.159
558.073
557.856
557.456
556.939
556.607
556.418
556.346
556.34
556.369
556.464
556.7
557.151
557.702
558.061
558.212
558.253
558.228
557.957
557.409
557.091
556.857
556.633
556.493
556.409
556.373
556.385
556.553
557.225
557.371
557.131
532.368
532.368
532.368
532.368
532.368
532.368
532.368
532.368
532.368
532.368
532.369
532.372
532.385
532.426
532.538
532.743
532.909
532.926
532.889
532.749
532.474
532.086
531.657
531.253
530.924
530.676
530.508
530.388
530.297
530.227
530.168
530.118
530.079
530.045
530.016
529.993
529.972
529.952
529.935
529.923
529.919
529.919
529.919
529.922
529.926
529.934
529.944
529.954
529.964
529.972
529.978
529.984
529.989
529.994
529.999
530.003
530.006
530.008
530.01
530.012
530.013
530.014
530.015
530.016
530.017
530.018
530.018
530.018
530.018
530.017
530.015
530.012
530.008
530.004
530
529.996
529.992
529.988
529.985
529.982
529.979
529.977
529.975
529.974
529.973
529.973
529.973
529.974
529.976
529.979
529.983
529.986
529.989
529.991
529.993
529.994
529.996
529.997
529.999
530
530.001
530.002
530.002
530.003
530.004
530.005
530.007
530.009
530.012
530.016
530.019
530.02
530.019
530.017
530.013
530.007
530.001
529.996
529.994
529.992
529.99
529.989
529.987
529.984
529.982
529.98
529.978
529.976
529.975
529.975
529.975
529.975
529.976
529.977
529.979
529.982
529.985
529.987
529.99
529.992
529.994
529.996
529.997
529.998
529.999
530
530.001
530.001
530.002
530.002
530.003
530.004
530.004
530.005
530.007
530.009
530.013
530.018
530.022
530.023
530.022
530.02
530.014
530.008
530.001
529.996
529.992
529.99
529.988
529.987
529.985
529.984
529.982
529.981
529.979
529.977
529.976
529.974
529.972
529.972
529.972
529.973
529.974
529.977
529.98
529.984
529.987
529.99
529.992
529.995
529.996
529.997
529.998
529.999
530
530
530.001
530.001
530.003
530.004
530.005
530.006
530.007
530.009
530.011
530.014
530.018
530.024
530.027
530.029
530.028
530.024
530.017
530.009
530.002
529.995
529.984
529.969
529.95
529.937
529.933
529.935
529.946
529.98
530.075
530.327
530.991
532.679
536.7
544.699
554.525
559.135
559.644
559.645
559.604
559.479
559.199
558.608
557.678
556.717
556.227
556.087
556.063
556.069
556.136
556.331
556.693
557.13
557.552
557.854
557.994
558.052
558.078
558.074
557.957
557.628
557.243
556.908
556.636
556.526
556.512
556.523
556.585
556.736
557.022
557.382
557.72
558.038
558.164
558.159
558.073
557.856
557.456
556.939
556.607
556.418
556.346
556.34
556.369
556.464
556.7
557.151
557.702
558.061
558.212
558.253
558.228
557.957
557.409
557.091
556.857
556.633
556.493
556.409
556.373
556.385
556.553
557.225
557.371
557.131
532.368
532.368
532.368
532.368
532.368
532.368
532.368
532.368
532.368
532.368
532.369
532.372
532.385
532.426
532.538
532.743
532.909
532.926
532.889
532.749
532.473
532.086
531.657
531.253
530.924
530.676
530.508
530.388
530.297
530.228
530.168
530.118
530.079
530.045
530.016
529.993
529.972
529.952
529.935
529.923
529.919
529.919
529.919
529.922
529.926
529.934
529.944
529.954
529.964
529.972
529.978
529.984
529.989
529.994
529.999
530.003
530.006
530.008
530.01
530.012
530.013
530.014
530.015
530.016
530.017
530.018
530.018
530.018
530.018
530.017
530.015
530.012
530.008
530.004
530
529.996
529.992
529.988
529.985
529.982
529.979
529.977
529.975
529.974
529.973
529.973
529.973
529.974
529.976
529.979
529.983
529.986
529.989
529.991
529.993
529.994
529.996
529.997
529.999
530
530.001
530.002
530.002
530.003
530.004
530.005
530.007
530.009
530.012
530.016
530.019
530.02
530.019
530.017
530.013
530.007
530.001
529.996
529.994
529.992
529.991
529.989
529.987
529.984
529.982
529.98
529.978
529.976
529.975
529.975
529.975
529.975
529.975
529.977
529.979
529.982
529.985
529.988
529.99
529.992
529.994
529.996
529.997
529.998
529.999
530
530.001
530.001
530.002
530.002
530.003
530.004
530.004
530.005
530.007
530.009
530.013
530.018
530.022
530.023
530.022
530.02
530.014
530.008
530.001
529.996
529.992
529.99
529.988
529.987
529.985
529.984
529.982
529.98
529.979
529.977
529.976
529.974
529.972
529.972
529.972
529.973
529.974
529.977
529.98
529.984
529.987
529.99
529.992
529.995
529.996
529.997
529.998
529.999
530
530
530.001
530.001
530.003
530.004
530.005
530.006
530.007
530.009
530.011
530.014
530.018
530.024
530.027
530.029
530.028
530.024
530.017
530.009
530.002
529.995
529.984
529.969
529.95
529.937
529.933
529.935
529.946
529.98
530.075
530.327
530.991
532.679
536.7
544.699
554.525
559.135
559.644
559.645
559.604
559.479
559.199
558.608
557.678
556.717
556.227
556.087
556.063
556.069
556.136
556.331
556.693
557.13
557.552
557.854
557.994
558.052
558.078
558.074
557.957
557.628
557.243
556.908
556.636
556.526
556.512
556.523
556.585
556.736
557.022
557.382
557.72
558.038
558.164
558.159
558.073
557.856
557.456
556.939
556.607
556.418
556.346
556.34
556.369
556.464
556.7
557.151
557.702
558.061
558.212
558.253
558.228
557.957
557.409
557.091
556.857
556.633
556.493
556.409
556.373
556.385
556.553
557.225
557.371
557.131
532.368
532.368
532.368
532.368
532.368
532.368
532.368
532.368
532.368
532.368
532.369
532.372
532.385
532.426
532.538
532.743
532.909
532.926
532.889
532.749
532.473
532.086
531.657
531.253
530.924
530.676
530.509
530.387
530.297
530.228
530.168
530.119
530.079
530.045
530.016
529.993
529.972
529.952
529.935
529.923
529.919
529.919
529.92
529.922
529.926
529.934
529.944
529.954
529.964
529.972
529.978
529.984
529.989
529.994
529.999
530.003
530.006
530.008
530.01
530.012
530.013
530.014
530.015
530.016
530.017
530.018
530.018
530.018
530.018
530.017
530.015
530.012
530.008
530.004
530
529.996
529.992
529.988
529.985
529.982
529.979
529.977
529.975
529.974
529.973
529.973
529.973
529.974
529.976
529.979
529.983
529.986
529.989
529.991
529.993
529.994
529.996
529.997
529.999
530
530.001
530.001
530.002
530.003
530.004
530.005
530.007
530.009
530.012
530.016
530.019
530.02
530.019
530.017
530.013
530.007
530.001
529.996
529.994
529.992
529.991
529.989
529.987
529.984
529.982
529.98
529.978
529.976
529.975
529.975
529.975
529.975
529.975
529.977
529.979
529.982
529.985
529.988
529.99
529.992
529.994
529.995
529.997
529.998
529.999
530
530.001
530.001
530.002
530.002
530.003
530.004
530.004
530.005
530.007
530.009
530.013
530.018
530.022
530.023
530.022
530.02
530.014
530.008
530.001
529.996
529.992
529.99
529.988
529.987
529.985
529.984
529.982
529.98
529.979
529.977
529.976
529.974
529.972
529.972
529.972
529.973
529.974
529.977
529.98
529.984
529.987
529.99
529.992
529.994
529.996
529.997
529.998
529.999
530
530
530.001
530.001
530.003
530.004
530.005
530.006
530.007
530.009
530.011
530.014
530.018
530.024
530.027
530.029
530.028
530.024
530.017
530.009
530.002
529.995
529.984
529.969
529.95
529.937
529.933
529.935
529.946
529.98
530.075
530.327
530.991
532.679
536.7
544.699
554.525
559.135
559.644
559.645
559.604
559.479
559.199
558.608
557.678
556.717
556.227
556.087
556.063
556.069
556.136
556.331
556.693
557.13
557.552
557.854
557.994
558.052
558.078
558.074
557.957
557.628
557.243
556.908
556.636
556.526
556.512
556.523
556.585
556.736
557.022
557.382
557.72
558.038
558.164
558.159
558.073
557.856
557.456
556.939
556.607
556.418
556.346
556.34
556.369
556.464
556.7
557.151
557.702
558.061
558.212
558.253
558.228
557.957
557.409
557.091
556.857
556.633
556.493
556.409
556.373
556.385
556.553
557.225
557.371
557.131
532.368
532.368
532.368
532.368
532.368
532.368
532.368
532.368
532.368
532.368
532.369
532.372
532.385
532.426
532.538
532.743
532.909
532.926
532.889
532.749
532.473
532.086
531.657
531.253
530.923
530.676
530.509
530.387
530.297
530.228
530.168
530.119
530.079
530.045
530.017
529.993
529.972
529.952
529.935
529.923
529.919
529.919
529.92
529.922
529.926
529.934
529.944
529.954
529.964
529.972
529.978
529.984
529.989
529.994
529.999
530.003
530.006
530.008
530.01
530.012
530.013
530.014
530.015
530.016
530.017
530.018
530.018
530.018
530.018
530.017
530.015
530.012
530.008
530.004
530
529.996
529.992
529.988
529.985
529.982
529.98
529.977
529.975
529.974
529.973
529.973
529.973
529.974
529.976
529.979
529.983
529.986
529.989
529.991
529.993
529.994
529.996
529.998
529.999
530
530.001
530.001
530.002
530.003
530.004
530.005
530.007
530.009
530.012
530.017
530.019
530.02
530.019
530.017
530.013
530.007
530.001
529.996
529.994
529.992
529.991
529.989
529.987
529.984
529.982
529.98
529.978
529.976
529.975
529.975
529.975
529.975
529.975
529.977
529.979
529.982
529.985
529.988
529.99
529.992
529.994
529.995
529.997
529.998
529.999
530
530.001
530.001
530.002
530.002
530.003
530.004
530.004
530.005
530.007
530.009
530.013
530.018
530.022
530.023
530.022
530.02
530.014
530.008
530.001
529.996
529.992
529.99
529.988
529.987
529.985
529.984
529.982
529.98
529.979
529.977
529.976
529.974
529.972
529.972
529.972
529.973
529.974
529.977
529.98
529.984
529.987
529.99
529.992
529.995
529.996
529.997
529.998
529.999
530
530
530.001
530.001
530.003
530.004
530.005
530.006
530.007
530.009
530.011
530.014
530.018
530.024
530.027
530.029
530.028
530.024
530.017
530.009
530.002
529.995
529.984
529.969
529.95
529.937
529.933
529.935
529.946
529.98
530.075
530.327
530.991
532.679
536.7
544.699
554.525
559.135
559.644
559.645
559.604
559.479
559.199
558.608
557.678
556.717
556.227
556.087
556.063
556.069
556.136
556.331
556.693
557.13
557.552
557.854
557.994
558.052
558.078
558.074
557.957
557.628
557.243
556.908
556.636
556.526
556.512
556.523
556.585
556.736
557.022
557.382
557.72
558.038
558.164
558.159
558.073
557.856
557.456
556.939
556.607
556.418
556.346
556.34
556.369
556.464
556.7
557.151
557.702
558.061
558.212
558.253
558.228
557.957
557.409
557.091
556.857
556.633
556.493
556.409
556.373
556.385
556.553
557.225
557.371
557.131
532.368
532.368
532.368
532.368
532.368
532.368
532.368
532.368
532.368
532.368
532.369
532.372
532.385
532.426
532.538
532.743
532.909
532.926
532.889
532.749
532.473
532.086
531.657
531.253
530.923
530.677
530.509
530.387
530.298
530.228
530.168
530.119
530.079
530.045
530.017
529.993
529.972
529.952
529.936
529.923
529.919
529.919
529.92
529.922
529.926
529.934
529.944
529.954
529.964
529.972
529.978
529.984
529.989
529.995
529.999
530.003
530.006
530.008
530.01
530.011
530.013
530.014
530.015
530.016
530.017
530.018
530.018
530.018
530.018
530.017
530.015
530.012
530.008
530.004
530
529.996
529.992
529.988
529.985
529.982
529.98
529.977
529.975
529.974
529.973
529.973
529.973
529.974
529.976
529.979
529.983
529.986
529.989
529.991
529.993
529.994
529.996
529.998
529.999
530
530.001
530.001
530.002
530.003
530.004
530.005
530.007
530.009
530.012
530.017
530.02
530.02
530.019
530.017
530.013
530.007
530.001
529.996
529.994
529.992
529.99
529.989
529.987
529.984
529.982
529.98
529.978
529.976
529.975
529.975
529.975
529.975
529.975
529.977
529.979
529.982
529.985
529.988
529.99
529.992
529.994
529.995
529.997
529.998
529.999
530
530.001
530.001
530.002
530.002
530.003
530.004
530.004
530.005
530.007
530.009
530.013
530.018
530.022
530.023
530.022
530.02
530.015
530.008
530.001
529.996
529.992
529.99
529.988
529.987
529.985
529.984
529.982
529.98
529.979
529.977
529.976
529.974
529.973
529.972
529.972
529.973
529.974
529.977
529.98
529.984
529.987
529.99
529.992
529.995
529.996
529.997
529.998
529.999
530
530
530.001
530.001
530.003
530.004
530.005
530.006
530.007
530.009
530.011
530.014
530.018
530.024
530.027
530.029
530.028
530.024
530.017
530.009
530.002
529.995
529.984
529.969
529.95
529.937
529.933
529.935
529.946
529.98
530.075
530.327
530.991
532.679
536.7
544.699
554.525
559.135
559.644
559.645
559.604
559.479
559.199
558.608
557.678
556.717
556.227
556.087
556.063
556.069
556.136
556.331
556.693
557.13
557.552
557.854
557.994
558.052
558.078
558.074
557.957
557.628
557.243
556.908
556.636
556.526
556.512
556.523
556.585
556.736
557.022
557.382
557.72
558.038
558.164
558.159
558.073
557.856
557.456
556.939
556.607
556.418
556.346
556.34
556.369
556.464
556.7
557.151
557.702
558.061
558.212
558.253
558.228
557.957
557.409
557.091
556.857
556.633
556.493
556.409
556.373
556.385
556.553
557.225
557.371
557.131
532.368
532.368
532.368
532.368
532.368
532.368
532.368
532.368
532.368
532.368
532.369
532.372
532.385
532.426
532.538
532.743
532.909
532.926
532.889
532.749
532.473
532.086
531.657
531.253
530.922
530.677
530.509
530.387
530.298
530.227
530.167
530.12
530.079
530.045
530.017
529.993
529.972
529.953
529.936
529.923
529.92
529.919
529.92
529.922
529.926
529.934
529.944
529.954
529.964
529.972
529.978
529.984
529.989
529.995
529.999
530.003
530.006
530.008
530.01
530.011
530.013
530.014
530.015
530.016
530.017
530.018
530.018
530.018
530.018
530.017
530.015
530.012
530.008
530.004
530
529.996
529.992
529.988
529.985
529.982
529.98
529.978
529.975
529.974
529.973
529.973
529.973
529.974
529.976
529.979
529.983
529.986
529.989
529.991
529.993
529.994
529.996
529.998
529.999
530
530.001
530.001
530.002
530.003
530.004
530.005
530.007
530.009
530.012
530.017
530.02
530.02
530.019
530.017
530.013
530.007
530.001
529.996
529.994
529.992
529.99
529.989
529.987
529.984
529.982
529.98
529.978
529.976
529.975
529.975
529.975
529.975
529.975
529.977
529.979
529.982
529.985
529.988
529.99
529.992
529.994
529.995
529.997
529.998
529.999
530
530.001
530.001
530.002
530.002
530.003
530.004
530.004
530.005
530.007
530.009
530.013
530.018
530.022
530.023
530.022
530.02
530.015
530.008
530.001
529.996
529.992
529.99
529.988
529.987
529.985
529.983
529.982
529.98
529.979
529.977
529.976
529.974
529.973
529.972
529.972
529.973
529.974
529.977
529.98
529.984
529.987
529.99
529.992
529.995
529.996
529.997
529.998
529.999
530
530
530.001
530.002
530.003
530.004
530.005
530.006
530.007
530.009
530.011
530.014
530.018
530.024
530.027
530.029
530.028
530.024
530.017
530.009
530.002
529.995
529.984
529.969
529.95
529.937
529.933
529.935
529.946
529.98
530.075
530.327
530.991
532.679
536.7
544.699
554.525
559.135
559.644
559.645
559.604
559.479
559.199
558.608
557.678
556.717
556.227
556.087
556.063
556.069
556.136
556.331
556.693
557.13
557.552
557.854
557.994
558.052
558.078
558.074
557.957
557.628
557.243
556.908
556.636
556.526
556.512
556.523
556.585
556.736
557.022
557.382
557.72
558.038
558.164
558.159
558.073
557.856
557.456
556.939
556.607
556.418
556.346
556.34
556.369
556.464
556.7
557.151
557.702
558.061
558.212
558.253
558.228
557.957
557.409
557.091
556.857
556.633
556.493
556.409
556.373
556.385
556.553
557.225
557.371
557.131
532.368
532.368
532.368
532.368
532.368
532.368
532.368
532.368
532.368
532.368
532.369
532.372
532.385
532.426
532.538
532.743
532.909
532.926
532.889
532.749
532.473
532.086
531.657
531.254
530.921
530.678
530.509
530.387
530.298
530.227
530.167
530.12
530.079
530.045
530.017
529.993
529.972
529.953
529.935
529.923
529.92
529.919
529.92
529.922
529.926
529.934
529.944
529.954
529.964
529.972
529.978
529.984
529.99
529.995
529.999
530.003
530.006
530.008
530.01
530.012
530.013
530.014
530.015
530.016
530.017
530.018
530.018
530.018
530.018
530.017
530.015
530.012
530.008
530.004
530
529.996
529.992
529.988
529.985
529.982
529.98
529.978
529.975
529.974
529.973
529.973
529.973
529.974
529.976
529.979
529.983
529.986
529.989
529.991
529.993
529.995
529.996
529.998
529.999
530
530.001
530.001
530.002
530.003
530.004
530.005
530.007
530.009
530.012
530.017
530.02
530.02
530.019
530.017
530.013
530.007
530.001
529.996
529.994
529.992
529.99
529.989
529.987
529.984
529.982
529.98
529.978
529.976
529.975
529.975
529.975
529.975
529.975
529.977
529.979
529.982
529.985
529.988
529.99
529.992
529.994
529.995
529.997
529.998
529.999
530
530.001
530.001
530.002
530.002
530.003
530.004
530.004
530.005
530.007
530.009
530.013
530.017
530.022
530.023
530.022
530.02
530.015
530.008
530.001
529.996
529.992
529.99
529.988
529.987
529.985
529.984
529.982
529.98
529.979
529.977
529.976
529.974
529.973
529.972
529.972
529.973
529.974
529.977
529.98
529.984
529.987
529.99
529.992
529.995
529.996
529.997
529.998
529.999
530
530
530.001
530.002
530.003
530.004
530.005
530.006
530.007
530.009
530.011
530.014
530.018
530.024
530.027
530.029
530.028
530.024
530.017
530.009
530.002
529.995
529.984
529.969
529.95
529.937
529.933
529.935
529.946
529.98
530.075
530.327
530.991
532.679
536.7
544.699
554.525
559.135
559.644
559.645
559.604
559.479
559.199
558.608
557.678
556.717
556.227
556.087
556.063
556.069
556.136
556.331
556.693
557.13
557.552
557.854
557.994
558.052
558.078
558.074
557.957
557.628
557.243
556.908
556.636
556.526
556.512
556.523
556.585
556.736
557.022
557.382
557.72
558.038
558.164
558.159
558.073
557.856
557.456
556.939
556.607
556.418
556.346
556.34
556.369
556.464
556.7
557.151
557.702
558.061
558.212
558.253
558.228
557.957
557.409
557.091
556.857
556.633
556.493
556.409
556.373
556.385
556.553
557.225
557.371
557.131
532.368
532.368
532.368
532.368
532.368
532.368
532.368
532.368
532.368
532.368
532.369
532.372
532.385
532.426
532.538
532.743
532.909
532.926
532.889
532.749
532.473
532.086
531.657
531.254
530.921
530.679
530.508
530.387
530.298
530.226
530.168
530.12
530.078
530.045
530.017
529.992
529.972
529.953
529.935
529.923
529.919
529.919
529.92
529.922
529.926
529.934
529.944
529.954
529.964
529.972
529.978
529.984
529.99
529.995
529.999
530.003
530.005
530.008
530.01
530.012
530.013
530.014
530.015
530.015
530.017
530.018
530.018
530.019
530.018
530.017
530.015
530.012
530.008
530.004
530
529.996
529.992
529.988
529.985
529.982
529.98
529.978
529.975
529.974
529.973
529.973
529.973
529.974
529.976
529.98
529.983
529.986
529.989
529.991
529.993
529.995
529.996
529.998
529.999
530
530.001
530.001
530.002
530.003
530.004
530.005
530.007
530.009
530.012
530.017
530.02
530.02
530.019
530.017
530.013
530.007
530.001
529.996
529.994
529.992
529.99
529.989
529.987
529.984
529.982
529.98
529.978
529.976
529.975
529.974
529.975
529.975
529.975
529.977
529.979
529.982
529.985
529.988
529.99
529.992
529.994
529.995
529.997
529.998
529.999
530
530.001
530.001
530.002
530.002
530.003
530.004
530.005
530.005
530.007
530.009
530.013
530.017
530.022
530.023
530.022
530.02
530.015
530.008
530.001
529.996
529.992
529.99
529.988
529.987
529.985
529.984
529.982
529.98
529.979
529.977
529.976
529.974
529.973
529.972
529.972
529.973
529.974
529.977
529.98
529.984
529.987
529.99
529.992
529.995
529.996
529.997
529.998
529.999
530
530
530.001
530.002
530.003
530.004
530.005
530.006
530.007
530.009
530.011
530.014
530.018
530.024
530.027
530.029
530.028
530.024
530.017
530.009
530.002
529.995
529.984
529.969
529.95
529.937
529.933
529.935
529.946
529.98
530.075
530.327
530.991
532.679
536.7
544.699
554.525
559.135
559.644
559.645
559.604
559.479
559.199
558.608
557.678
556.717
556.227
556.087
556.063
556.069
556.136
556.331
556.693
557.13
557.552
557.854
557.994
558.052
558.078
558.074
557.957
557.628
557.243
556.908
556.636
556.526
556.513
556.523
556.585
556.736
557.022
557.382
557.72
558.038
558.164
558.159
558.073
557.856
557.456
556.939
556.607
556.418
556.346
556.34
556.369
556.464
556.7
557.151
557.702
558.061
558.212
558.253
558.228
557.957
557.409
557.091
556.857
556.633
556.493
556.409
556.373
556.385
556.553
557.225
557.371
557.131
532.368
532.368
532.368
532.368
532.368
532.368
532.368
532.368
532.368
532.368
532.369
532.372
532.385
532.426
532.538
532.743
532.909
532.926
532.889
532.749
532.473
532.086
531.657
531.253
530.921
530.679
530.507
530.388
530.298
530.226
530.169
530.119
530.079
530.045
530.016
529.993
529.972
529.953
529.935
529.923
529.919
529.919
529.92
529.922
529.926
529.934
529.944
529.954
529.964
529.972
529.978
529.984
529.99
529.995
529.999
530.003
530.005
530.008
530.01
530.012
530.013
530.014
530.015
530.015
530.016
530.018
530.018
530.019
530.018
530.017
530.015
530.012
530.008
530.004
530
529.996
529.992
529.988
529.985
529.982
529.98
529.978
529.975
529.974
529.973
529.973
529.973
529.974
529.976
529.98
529.983
529.986
529.989
529.991
529.993
529.995
529.996
529.998
529.999
530
530.001
530.001
530.002
530.003
530.004
530.005
530.007
530.009
530.012
530.017
530.02
530.02
530.019
530.017
530.013
530.007
530.001
529.996
529.994
529.992
529.99
529.989
529.987
529.984
529.982
529.98
529.978
529.976
529.975
529.974
529.975
529.975
529.975
529.977
529.979
529.982
529.985
529.988
529.99
529.992
529.994
529.995
529.997
529.998
529.999
530
530.001
530.001
530.002
530.002
530.003
530.004
530.005
530.005
530.007
530.009
530.013
530.017
530.022
530.023
530.022
530.02
530.015
530.008
530.001
529.996
529.992
529.99
529.988
529.987
529.986
529.984
529.982
529.98
529.979
529.977
529.976
529.974
529.973
529.972
529.972
529.973
529.974
529.977
529.98
529.984
529.987
529.99
529.993
529.995
529.996
529.997
529.998
529.999
530
530
530.001
530.002
530.003
530.004
530.005
530.006
530.007
530.009
530.011
530.014
530.018
530.024
530.027
530.029
530.028
530.024
530.017
530.009
530.002
529.995
529.984
529.969
529.95
529.937
529.933
529.935
529.946
529.98
530.075
530.327
530.991
532.679
536.7
544.699
554.525
559.135
559.644
559.645
559.604
559.479
559.199
558.608
557.678
556.717
556.227
556.087
556.063
556.069
556.136
556.331
556.693
557.13
557.552
557.854
557.994
558.052
558.078
558.074
557.957
557.628
557.243
556.908
556.636
556.526
556.513
556.523
556.585
556.736
557.022
557.382
557.72
558.038
558.164
558.159
558.073
557.856
557.456
556.939
556.607
556.418
556.346
556.34
556.369
556.464
556.7
557.151
557.702
558.061
558.212
558.253
558.228
557.957
557.409
557.091
556.857
556.633
556.493
556.409
556.373
556.385
556.553
557.225
557.371
557.131
532.368
532.368
532.368
532.368
532.368
532.368
532.368
532.368
532.368
532.368
532.369
532.372
532.385
532.426
532.538
532.743
532.909
532.926
532.889
532.749
532.473
532.087
531.658
531.252
530.922
530.678
530.508
530.388
530.297
530.227
530.169
530.119
530.079
530.045
530.016
529.993
529.972
529.952
529.935
529.923
529.919
529.919
529.92
529.922
529.926
529.934
529.944
529.954
529.963
529.972
529.978
529.984
529.99
529.995
529.999
530.003
530.005
530.008
530.01
530.012
530.013
530.014
530.015
530.015
530.016
530.018
530.018
530.018
530.018
530.017
530.015
530.012
530.008
530.004
530
529.996
529.992
529.988
529.985
529.982
529.98
529.978
529.975
529.974
529.973
529.973
529.973
529.974
529.976
529.98
529.983
529.986
529.989
529.991
529.993
529.995
529.996
529.998
529.999
530
530.001
530.001
530.002
530.003
530.004
530.005
530.007
530.009
530.012
530.017
530.02
530.02
530.019
530.017
530.013
530.007
530.001
529.996
529.994
529.992
529.99
529.989
529.987
529.984
529.982
529.98
529.978
529.976
529.975
529.974
529.975
529.975
529.975
529.977
529.979
529.982
529.985
529.988
529.99
529.992
529.994
529.995
529.997
529.998
529.999
530
530.001
530.001
530.002
530.002
530.003
530.004
530.004
530.005
530.007
530.009
530.013
530.018
530.022
530.023
530.022
530.02
530.015
530.008
530.001
529.996
529.992
529.99
529.988
529.987
529.985
529.984
529.982
529.98
529.979
529.977
529.976
529.974
529.973
529.972
529.972
529.973
529.974
529.977
529.98
529.984
529.987
529.99
529.993
529.995
529.996
529.997
529.998
529.999
530
530
530.001
530.002
530.003
530.004
530.005
530.006
530.007
530.009
530.011
530.014
530.018
530.024
530.027
530.029
530.028
530.024
530.017
530.009
530.002
529.995
529.984
529.969
529.95
529.937
529.933
529.935
529.946
529.98
530.075
530.327
530.991
532.679
536.7
544.699
554.525
559.135
559.644
559.645
559.604
559.479
559.199
558.608
557.678
556.717
556.227
556.087
556.063
556.069
556.136
556.331
556.693
557.13
557.552
557.854
557.994
558.052
558.078
558.074
557.957
557.628
557.243
556.908
556.636
556.526
556.513
556.523
556.585
556.736
557.022
557.382
557.72
558.038
558.164
558.159
558.073
557.856
557.456
556.939
556.607
556.418
556.346
556.34
556.369
556.464
556.7
557.151
557.702
558.061
558.212
558.253
558.228
557.957
557.409
557.091
556.857
556.633
556.493
556.409
556.373
556.385
556.553
557.225
557.371
557.131
532.368
532.368
532.368
532.368
532.368
532.368
532.368
532.368
532.368
532.368
532.369
532.372
532.385
532.426
532.538
532.743
532.909
532.926
532.889
532.749
532.473
532.087
531.658
531.251
530.923
530.677
530.508
530.388
530.297
530.228
530.168
530.119
530.079
530.045
530.016
529.993
529.972
529.952
529.935
529.923
529.919
529.919
529.92
529.922
529.926
529.934
529.944
529.954
529.964
529.972
529.979
529.984
529.99
529.994
529.999
530.003
530.006
530.008
530.01
530.012
530.013
530.014
530.015
530.015
530.017
530.018
530.018
530.018
530.018
530.017
530.015
530.012
530.008
530.004
530
529.996
529.992
529.988
529.985
529.982
529.98
529.978
529.975
529.974
529.973
529.973
529.973
529.974
529.976
529.98
529.983
529.986
529.989
529.991
529.993
529.994
529.996
529.998
529.999
530
530.001
530.001
530.002
530.003
530.004
530.005
530.007
530.009
530.012
530.017
530.02
530.02
530.019
530.017
530.013
530.007
530.001
529.996
529.994
529.992
529.99
529.989
529.987
529.984
529.982
529.98
529.978
529.976
529.975
529.975
529.975
529.975
529.975
529.977
529.979
529.982
529.985
529.988
529.99
529.992
529.994
529.995
529.997
529.998
529.999
530
530.001
530.001
530.002
530.002
530.003
530.004
530.004
530.005
530.007
530.009
530.013
530.018
530.022
530.023
530.022
530.02
530.015
530.008
530.001
529.996
529.992
529.99
529.988
529.987
529.985
529.984
529.982
529.98
529.979
529.977
529.976
529.974
529.973
529.972
529.972
529.973
529.974
529.977
529.98
529.984
529.987
529.99
529.993
529.995
529.996
529.997
529.998
529.999
530
530
530.001
530.002
530.003
530.004
530.005
530.006
530.007
530.009
530.011
530.014
530.018
530.024
530.027
530.029
530.028
530.024
530.017
530.009
530.002
529.995
529.984
529.969
529.95
529.937
529.933
529.935
529.946
529.98
530.075
530.327
530.991
532.679
536.7
544.699
554.525
559.135
559.644
559.645
559.604
559.479
559.199
558.608
557.678
556.717
556.227
556.087
556.063
556.069
556.136
556.331
556.693
557.13
557.552
557.854
557.994
558.052
558.078
558.074
557.957
557.628
557.243
556.908
556.636
556.526
556.512
556.523
556.585
556.736
557.022
557.382
557.72
558.038
558.164
558.159
558.073
557.856
557.456
556.939
556.607
556.418
556.346
556.34
556.369
556.464
556.7
557.151
557.702
558.061
558.212
558.253
558.228
557.957
557.409
557.091
556.857
556.633
556.493
556.409
556.373
556.385
556.553
557.225
557.371
557.131
532.368
532.368
532.368
532.368
532.368
532.368
532.368
532.368
532.368
532.368
532.369
532.372
532.385
532.426
532.538
532.743
532.909
532.926
532.889
532.749
532.473
532.087
531.657
531.252
530.924
530.677
530.509
530.387
530.297
530.228
530.168
530.119
530.079
530.045
530.016
529.993
529.972
529.952
529.935
529.923
529.919
529.919
529.92
529.922
529.926
529.934
529.944
529.954
529.964
529.972
529.978
529.984
529.989
529.994
529.999
530.003
530.006
530.008
530.01
530.012
530.013
530.014
530.015
530.016
530.017
530.018
530.018
530.018
530.018
530.017
530.015
530.012
530.008
530.004
530
529.996
529.992
529.988
529.985
529.982
529.98
529.977
529.975
529.974
529.973
529.973
529.973
529.974
529.976
529.98
529.983
529.986
529.989
529.991
529.993
529.994
529.996
529.997
529.999
530
530.001
530.001
530.002
530.003
530.004
530.005
530.007
530.009
530.012
530.017
530.02
530.02
530.019
530.017
530.013
530.007
530.001
529.996
529.994
529.992
529.99
529.989
529.987
529.984
529.982
529.98
529.978
529.976
529.975
529.975
529.975
529.975
529.975
529.977
529.979
529.982
529.985
529.988
529.99
529.992
529.994
529.995
529.997
529.998
529.999
530
530.001
530.001
530.002
530.002
530.003
530.004
530.004
530.005
530.007
530.009
530.013
530.018
530.022
530.023
530.022
530.02
530.014
530.008
530.001
529.996
529.992
529.99
529.988
529.987
529.985
529.984
529.982
529.981
529.979
529.977
529.975
529.974
529.972
529.972
529.972
529.973
529.974
529.977
529.98
529.984
529.987
529.99
529.993
529.995
529.996
529.997
529.998
529.999
530
530
530.001
530.002
530.003
530.004
530.005
530.006
530.007
530.009
530.011
530.014
530.018
530.024
530.027
530.029
530.028
530.024
530.017
530.009
530.002
529.995
529.984
529.969
529.95
529.937
529.933
529.935
529.946
529.98
530.075
530.327
530.991
532.679
536.7
544.699
554.525
559.135
559.644
559.645
559.604
559.479
559.199
558.608
557.678
556.717
556.227
556.087
556.063
556.069
556.136
556.331
556.693
557.13
557.552
557.854
557.994
558.052
558.078
558.074
557.957
557.628
557.243
556.908
556.636
556.526
556.512
556.523
556.585
556.736
557.022
557.382
557.72
558.038
558.164
558.159
558.073
557.856
557.456
556.939
556.607
556.418
556.346
556.34
556.369
556.464
556.7
557.151
557.702
558.061
558.212
558.253
558.228
557.957
557.409
557.091
556.857
556.633
556.493
556.409
556.373
556.385
556.553
557.225
557.371
557.131
532.368
532.368
532.368
532.368
532.368
532.368
532.368
532.368
532.368
532.368
532.369
532.372
532.385
532.426
532.538
532.743
532.909
532.926
532.889
532.749
532.473
532.086
531.657
531.253
530.924
530.677
530.509
530.387
530.297
530.228
530.168
530.119
530.079
530.045
530.017
529.993
529.972
529.952
529.935
529.923
529.919
529.919
529.92
529.922
529.926
529.934
529.944
529.954
529.964
529.972
529.978
529.984
529.989
529.994
529.999
530.003
530.006
530.008
530.01
530.012
530.013
530.014
530.015
530.016
530.017
530.018
530.018
530.018
530.018
530.017
530.015
530.012
530.008
530.004
530
529.996
529.992
529.988
529.985
529.982
529.98
529.977
529.975
529.974
529.973
529.973
529.973
529.974
529.976
529.98
529.983
529.986
529.989
529.991
529.993
529.994
529.996
529.997
529.999
530
530.001
530.002
530.003
530.004
530.004
530.005
530.007
530.009
530.012
530.017
530.019
530.02
530.019
530.017
530.013
530.007
530.001
529.996
529.994
529.992
529.99
529.989
529.987
529.984
529.982
529.98
529.978
529.976
529.975
529.975
529.975
529.975
529.975
529.977
529.979
529.982
529.985
529.988
529.99
529.992
529.994
529.995
529.997
529.998
529.999
530
530.001
530.001
530.002
530.002
530.003
530.004
530.004
530.005
530.007
530.009
530.013
530.018
530.022
530.023
530.022
530.02
530.014
530.008
530.001
529.996
529.992
529.99
529.988
529.987
529.985
529.984
529.982
529.981
529.979
529.977
529.975
529.974
529.972
529.972
529.972
529.973
529.974
529.977
529.98
529.984
529.987
529.99
529.993
529.995
529.996
529.997
529.998
529.999
530
530
530.001
530.002
530.003
530.004
530.005
530.006
530.007
530.009
530.011
530.014
530.018
530.024
530.027
530.029
530.028
530.024
530.017
530.009
530.002
529.995
529.984
529.969
529.95
529.937
529.933
529.935
529.946
529.98
530.075
530.327
530.991
532.679
536.7
544.699
554.525
559.135
559.644
559.645
559.604
559.479
559.199
558.608
557.678
556.717
556.227
556.087
556.063
556.069
556.136
556.331
556.693
557.13
557.552
557.854
557.994
558.052
558.078
558.074
557.957
557.628
557.243
556.908
556.636
556.526
556.512
556.523
556.585
556.736
557.022
557.382
557.72
558.038
558.164
558.159
558.073
557.856
557.456
556.939
556.607
556.418
556.346
556.34
556.369
556.464
556.7
557.151
557.702
558.061
558.212
558.253
558.228
557.957
557.409
557.091
556.857
556.633
556.493
556.409
556.373
556.385
556.553
557.225
557.371
557.131
532.368
532.368
532.368
532.368
532.368
532.368
532.368
532.368
532.368
532.368
532.369
532.372
532.385
532.426
532.538
532.743
532.909
532.926
532.889
532.749
532.473
532.086
531.657
531.253
530.924
530.676
530.509
530.387
530.297
530.228
530.168
530.119
530.079
530.045
530.017
529.993
529.972
529.952
529.935
529.923
529.919
529.919
529.919
529.922
529.926
529.934
529.944
529.954
529.964
529.972
529.978
529.984
529.989
529.994
529.999
530.003
530.005
530.008
530.01
530.012
530.013
530.014
530.015
530.016
530.017
530.018
530.018
530.018
530.018
530.017
530.015
530.012
530.008
530.004
530
529.996
529.992
529.988
529.985
529.982
529.98
529.977
529.975
529.974
529.973
529.973
529.973
529.974
529.976
529.98
529.983
529.986
529.989
529.991
529.993
529.994
529.996
529.997
529.999
530
530.001
530.002
530.003
530.004
530.004
530.005
530.007
530.009
530.012
530.017
530.019
530.02
530.019
530.017
530.013
530.007
530.001
529.996
529.994
529.992
529.99
529.989
529.987
529.984
529.982
529.98
529.978
529.976
529.975
529.975
529.975
529.975
529.975
529.977
529.979
529.982
529.985
529.988
529.99
529.992
529.994
529.996
529.997
529.998
529.999
530
530.001
530.001
530.002
530.002
530.003
530.004
530.004
530.005
530.007
530.009
530.013
530.018
530.022
530.023
530.022
530.019
530.014
530.008
530.001
529.996
529.992
529.99
529.988
529.987
529.985
529.984
529.982
529.981
529.979
529.977
529.976
529.974
529.972
529.972
529.972
529.973
529.974
529.977
529.98
529.984
529.987
529.99
529.992
529.995
529.996
529.997
529.998
529.999
530
530
530.001
530.002
530.003
530.004
530.005
530.006
530.007
530.009
530.011
530.014
530.018
530.024
530.027
530.029
530.028
530.024
530.017
530.009
530.002
529.995
529.984
529.969
529.95
529.937
529.933
529.935
529.946
529.98
530.075
530.327
530.991
532.679
536.7
544.699
554.525
559.135
559.644
559.645
559.604
559.479
559.199
558.608
557.678
556.717
556.227
556.087
556.063
556.069
556.136
556.331
556.693
557.13
557.552
557.854
557.994
558.052
558.078
558.074
557.957
557.628
557.243
556.908
556.636
556.526
556.512
556.523
556.585
556.736
557.022
557.382
557.72
558.038
558.164
558.159
558.073
557.856
557.456
556.939
556.607
556.418
556.346
556.34
556.369
556.464
556.7
557.151
557.702
558.061
558.212
558.253
558.228
557.957
557.409
557.091
556.857
556.633
556.493
556.409
556.373
556.385
556.553
557.225
557.371
557.131
532.368
532.368
532.368
532.368
532.368
532.368
532.368
532.368
532.368
532.368
532.369
532.372
532.385
532.426
532.538
532.743
532.909
532.926
532.889
532.749
532.474
532.086
531.656
531.253
530.924
530.676
530.508
530.388
530.297
530.228
530.168
530.119
530.079
530.045
530.017
529.993
529.972
529.952
529.935
529.923
529.919
529.919
529.919
529.922
529.926
529.934
529.944
529.954
529.964
529.972
529.978
529.984
529.989
529.995
529.999
530.003
530.005
530.008
530.01
530.012
530.013
530.014
530.015
530.016
530.017
530.018
530.018
530.018
530.018
530.017
530.015
530.012
530.008
530.004
530
529.996
529.992
529.988
529.985
529.982
529.98
529.977
529.975
529.974
529.973
529.973
529.973
529.974
529.977
529.98
529.983
529.986
529.989
529.991
529.993
529.994
529.996
529.997
529.999
530
530.001
530.002
530.003
530.004
530.004
530.005
530.007
530.009
530.012
530.017
530.019
530.02
530.019
530.017
530.013
530.007
530.001
529.997
529.994
529.992
529.99
529.989
529.987
529.984
529.982
529.98
529.978
529.976
529.975
529.975
529.975
529.975
529.975
529.977
529.979
529.982
529.985
529.988
529.99
529.992
529.994
529.996
529.997
529.998
529.999
530
530.001
530.001
530.002
530.002
530.003
530.004
530.004
530.005
530.007
530.009
530.013
530.018
530.022
530.023
530.022
530.019
530.014
530.008
530.001
529.996
529.992
529.99
529.988
529.987
529.985
529.984
529.982
529.981
529.979
529.977
529.976
529.974
529.972
529.972
529.972
529.973
529.974
529.977
529.98
529.984
529.987
529.99
529.992
529.995
529.996
529.997
529.998
529.999
530
530
530.001
530.002
530.003
530.004
530.005
530.006
530.007
530.009
530.011
530.014
530.018
530.024
530.027
530.029
530.028
530.024
530.017
530.009
530.002
529.995
529.984
529.969
529.95
529.937
529.933
529.935
529.946
529.98
530.075
530.327
530.991
532.679
536.7
544.699
554.525
559.135
559.644
559.645
559.604
559.479
559.199
558.608
557.678
556.717
556.227
556.087
556.063
556.069
556.136
556.331
556.693
557.13
557.552
557.854
557.994
558.052
558.078
558.074
557.957
557.628
557.243
556.908
556.636
556.526
556.512
556.523
556.585
556.736
557.022
557.382
557.72
558.038
558.164
558.159
558.073
557.856
557.456
556.939
556.607
556.418
556.346
556.34
556.369
556.464
556.7
557.151
557.702
558.061
558.212
558.253
558.228
557.957
557.409
557.091
556.857
556.633
556.493
556.409
556.373
556.385
556.553
557.225
557.371
557.131
532.368
532.368
532.368
532.368
532.368
532.368
532.368
532.368
532.368
532.368
532.369
532.372
532.385
532.426
532.538
532.743
532.909
532.926
532.889
532.749
532.474
532.087
531.656
531.253
530.924
530.677
530.507
530.388
530.298
530.228
530.168
530.118
530.079
530.045
530.017
529.993
529.972
529.952
529.935
529.923
529.919
529.919
529.919
529.922
529.926
529.934
529.944
529.954
529.964
529.972
529.978
529.984
529.99
529.995
529.999
530.002
530.005
530.008
530.01
530.012
530.013
530.014
530.015
530.016
530.017
530.018
530.018
530.018
530.018
530.017
530.015
530.012
530.008
530.004
530
529.996
529.992
529.988
529.985
529.982
529.98
529.977
529.975
529.974
529.973
529.973
529.973
529.974
529.977
529.98
529.983
529.986
529.989
529.991
529.993
529.994
529.996
529.997
529.999
530
530.001
530.002
530.003
530.004
530.005
530.005
530.007
530.009
530.012
530.017
530.019
530.02
530.019
530.017
530.013
530.007
530.001
529.997
529.994
529.992
529.99
529.989
529.987
529.984
529.982
529.98
529.978
529.976
529.975
529.975
529.975
529.975
529.976
529.977
529.979
529.982
529.985
529.987
529.99
529.992
529.994
529.996
529.997
529.998
529.999
530
530.001
530.001
530.002
530.002
530.003
530.004
530.004
530.005
530.007
530.009
530.013
530.018
530.022
530.023
530.022
530.02
530.014
530.008
530.001
529.996
529.992
529.99
529.988
529.987
529.985
529.984
529.982
529.98
529.979
529.977
529.976
529.974
529.972
529.972
529.972
529.973
529.974
529.977
529.98
529.984
529.987
529.99
529.992
529.995
529.996
529.997
529.998
529.999
530
530
530.001
530.001
530.003
530.004
530.005
530.006
530.007
530.009
530.011
530.014
530.018
530.024
530.027
530.029
530.028
530.024
530.017
530.009
530.002
529.995
529.984
529.969
529.95
529.937
529.933
529.935
529.946
529.98
530.075
530.327
530.991
532.679
536.7
544.699
554.525
559.135
559.644
559.645
559.604
559.479
559.199
558.608
557.678
556.717
556.227
556.087
556.063
556.069
556.136
556.331
556.693
557.13
557.552
557.854
557.994
558.052
558.078
558.074
557.957
557.628
557.243
556.908
556.636
556.526
556.512
556.523
556.585
556.736
557.022
557.382
557.72
558.038
558.164
558.159
558.073
557.856
557.456
556.939
556.607
556.418
556.346
556.34
556.369
556.464
556.7
557.151
557.702
558.061
558.212
558.253
558.228
557.957
557.409
557.091
556.857
556.633
556.493
556.409
556.373
556.385
556.553
557.225
557.371
557.131
532.368
532.368
532.368
532.368
532.368
532.368
532.368
532.368
532.368
532.368
532.369
532.372
532.385
532.426
532.538
532.743
532.909
532.926
532.889
532.749
532.473
532.088
531.656
531.252
530.924
530.679
530.507
530.387
530.297
530.228
530.168
530.119
530.078
530.044
530.017
529.993
529.972
529.953
529.935
529.923
529.919
529.919
529.92
529.922
529.926
529.934
529.944
529.954
529.964
529.972
529.978
529.984
529.99
529.995
529.999
530.002
530.005
530.008
530.01
530.012
530.013
530.014
530.015
530.016
530.017
530.018
530.018
530.018
530.018
530.017
530.015
530.012
530.008
530.004
530
529.996
529.992
529.988
529.985
529.982
529.98
529.977
529.975
529.974
529.973
529.973
529.973
529.974
529.977
529.98
529.983
529.986
529.989
529.991
529.993
529.994
529.996
529.997
529.999
530
530.001
530.002
530.003
530.004
530.005
530.005
530.007
530.009
530.012
530.017
530.019
530.02
530.019
530.017
530.013
530.007
530.001
529.997
529.994
529.992
529.99
529.989
529.987
529.984
529.982
529.98
529.978
529.976
529.975
529.975
529.975
529.975
529.976
529.977
529.979
529.982
529.985
529.987
529.99
529.992
529.994
529.996
529.997
529.998
529.999
530
530
530.001
530.001
530.002
530.003
530.004
530.005
530.005
530.007
530.009
530.013
530.018
530.022
530.023
530.022
530.02
530.014
530.007
530.001
529.996
529.992
529.99
529.988
529.987
529.985
529.984
529.982
529.98
529.979
529.977
529.976
529.974
529.972
529.972
529.972
529.973
529.974
529.977
529.98
529.984
529.987
529.99
529.992
529.994
529.996
529.997
529.998
529.999
530
530
530.001
530.001
530.003
530.004
530.005
530.006
530.007
530.009
530.011
530.014
530.018
530.024
530.027
530.029
530.028
530.024
530.017
530.009
530.002
529.995
529.984
529.969
529.95
529.937
529.933
529.935
529.946
529.98
530.075
530.327
530.991
532.679
536.7
544.699
554.525
559.135
559.644
559.645
559.604
559.479
559.199
558.608
557.678
556.717
556.227
556.087
556.063
556.069
556.136
556.331
556.693
557.13
557.552
557.854
557.994
558.052
558.078
558.074
557.957
557.628
557.243
556.908
556.636
556.526
556.512
556.523
556.585
556.736
557.022
557.382
557.72
558.038
558.164
558.159
558.073
557.856
557.456
556.939
556.607
556.418
556.346
556.34
556.369
556.464
556.7
557.151
557.702
558.061
558.212
558.253
558.228
557.957
557.409
557.091
556.857
556.633
556.493
556.409
556.373
556.385
556.553
557.225
557.371
557.131
)
;

boundaryField
{
    sides
    {
        type            zeroGradient;
    }
    inlet
    {
        type            zeroGradient;
    }
    outlet
    {
        type            zeroGradient;
    }
    empty
    {
        type            empty;
    }
}


// ************************************************************************* //
